100
0 1 46 61
0 2 23 31
0 3 31 50
0 4 89 89
0 5 30 22
0 6 51 36
0 7 53 38
0 8 62 69
0 9 30 22
0 10 10 14
0 11 60 66
0 12 54 60
0 13 59 64
0 14 44 59
0 15 21 25
0 16 12 18
0 17 9 24
0 18 99 71
0 19 70 74
0 20 60 64
0 21 13 11
0 22 76 75
0 23 27 38
0 24 83 71
0 25 73 63
0 26 4 6
0 27 40 57
0 28 57 44
0 29 45 35
0 30 8 35
0 31 60 46
0 32 46 48
0 33 90 64
0 34 23 27
0 35 36 27
0 36 57 63
0 37 39 47
0 38 34 40
0 39 5 9
0 40 82 62
0 41 76 54
0 42 46 34
0 43 49 52
0 44 42 40
0 45 71 66
0 46 56 54
0 47 11 18
0 48 44 43
0 49 55 46
0 50 15 13
0 51 85 87
0 52 77 64
0 53 69 53
0 54 88 82
0 55 17 22
0 56 30 49
0 57 31 24
0 58 61 55
0 59 77 61
0 60 23 41
0 61 9 31
0 62 96 82
0 63 30 50
0 64 3 21
0 65 38 37
0 66 71 78
0 67 61 67
0 68 45 35
0 69 60 49
0 70 10 16
0 71 77 70
0 72 40 51
0 73 43 33
0 74 37 27
0 75 64 62
0 76 94 92
0 77 85 65
0 78 47 46
0 79 26 26
0 80 75 82
0 81 12 15
0 82 21 32
0 83 81 72
0 84 61 43
0 85 50 54
0 86 66 65
0 87 40 29
0 88 4 17
0 89 19 17
0 90 62 51
0 91 58 54
0 92 15 24
0 93 30 43
0 94 34 43
0 95 30 46
0 96 57 56
0 97 87 80
0 98 80 56
0 99 83 59
1 2 55 44
1 3 7 27
1 4 16 18
1 5 23 37
1 6 71 51
1 7 98 70
1 8 66 53
1 9 72 74
1 10 0 5
1 11 98 97
1 12 91 92
1 13 56 49
1 14 5 18
1 15 60 42
1 16 1 12
1 17 91 65
1 18 78 69
1 19 30 38
1 20 88 91
1 21 54 63
1 22 48 35
1 23 34 35
1 24 70 75
1 25 71 58
1 26 68 76
1 27 95 86
1 28 83 66
1 29 89 73
1 30 1 16
1 31 99 71
1 32 66 52
1 33 58 43
1 34 83 70
1 35 56 52
1 36 2 18
1 37 92 79
1 38 24 22
1 39 65 51
1 40 88 69
1 41 94 94
1 42 79 59
1 43 37 26
1 44 23 17
1 45 44 54
1 46 60 43
1 47 72 62
1 48 72 60
1 49 38 36
1 50 2 10
1 51 50 57
1 52 39 43
1 53 15 31
1 54 15 18
1 55 8 18
1 56 68 75
1 57 61 51
1 58 84 79
1 59 20 41
1 60 57 58
1 61 98 92
1 62 40 32
1 63 50 47
1 64 88 62
1 65 37 43
1 66 52 66
1 67 37 34
1 68 82 83
1 69 13 29
1 70 95 96
1 71 18 25
1 72 74 57
1 73 45 40
1 74 67 65
1 75 63 56
1 76 78 82
1 77 71 66
1 78 17 24
1 79 86 67
1 80 17 22
1 81 14 28
1 82 27 27
1 83 96 78
1 84 35 53
1 85 60 42
1 86 80 78
1 87 63 52
1 88 71 68
1 89 89 75
1 90 37 56
1 91 74 67
1 92 96 94
1 93 45 46
1 94 71 50
1 95 63 67
1 96 59 69
1 97 11 10
1 98 57 56
1 99 80 73
2 3 93 74
2 4 91 91
2 5 93 73
2 6 74 65
2 7 79 69
2 8 75 78
2 9 24 33
2 10 6 18
2 11 93 67
2 12 0 8
2 13 15 33
2 14 55 57
2 15 35 54
2 16 83 70
2 17 94 80
2 18 5 27
2 19 74 56
2 20 83 87
2 21 94 68
2 22 78 63
2 23 26 33
2 24 75 60
2 25 0 1
2 26 96 83
2 27 11 23
2 28 16 37
2 29 74 56
2 30 46 36
2 31 43 56
2 32 24 21
2 33 67 74
2 34 68 70
2 35 17 19
2 36 8 26
2 37 15 29
2 38 19 27
2 39 94 91
2 40 65 63
2 41 40 51
2 42 11 12
2 43 78 67
2 44 59 51
2 45 8 12
2 46 61 46
2 47 0 15
2 48 21 23
2 49 30 26
2 50 99 89
2 51 14 31
2 52 68 51
2 53 39 54
2 54 55 46
2 55 90 84
2 56 46 52
2 57 18 21
2 58 19 40
2 59 65 61
2 60 30 50
2 61 62 63
2 62 4 29
2 63 80 86
2 64 59 45
2 65 9 11
2 66 47 45
2 67 82 61
2 68 28 42
2 69 7 12
2 70 12 15
2 71 10 33
2 72 41 34
2 73 15 12
2 74 12 12
2 75 92 86
2 76 62 48
2 77 84 73
2 78 59 47
2 79 8 34
2 80 62 64
2 81 20 21
2 82 98 95
2 83 63 70
2 84 54 47
2 85 28 36
2 86 76 72
2 87 42 48
2 88 48 40
2 89 11 9
2 90 97 89
2 91 37 41
2 92 92 79
2 93 67 64
2 94 43 52
2 95 80 81
2 96 87 68
2 97 13 27
2 98 38 34
2 99 93 93
3 4 85 61
3 5 25 31
3 6 25 37
3 7 26 34
3 8 43 52
3 9 90 79
3 10 57 63
3 11 10 16
3 12 31 47
3 13 81 74
3 14 68 71
3 15 55 48
3 16 63 61
3 17 90 71
3 18 0 19
3 19 46 33
3 20 59 49
3 21 13 26
3 22 53 54
3 23 25 31
3 24 42 58
3 25 2 1
3 26 40 38
3 27 51 37
3 28 1 1
3 29 33 25
3 30 29 29
3 31 75 67
3 32 85 60
3 33 98 93
3 34 7 18
3 35 97 84
3 36 96 71
3 37 27 37
3 38 18 16
3 39 12 12
3 40 99 89
3 41 38 40
3 42 38 36
3 43 31 24
3 44 98 71
3 45 8 32
3 46 16 24
3 47 87 75
3 48 11 36
3 49 87 79
3 50 63 70
3 51 98 84
3 52 6 17
3 53 39 47
3 54 24 24
3 55 4 7
3 56 80 83
3 57 94 77
3 58 96 70
3 59 90 86
3 60 7 24
3 61 79 76
3 62 80 84
3 63 96 72
3 64 25 26
3 65 75 63
3 66 43 50
3 67 25 29
3 68 50 46
3 69 34 37
3 70 90 68
3 71 18 30
3 72 56 65
3 73 43 56
3 74 9 7
3 75 52 54
3 76 81 67
3 77 13 20
3 78 35 35
3 79 58 53
3 80 69 62
3 81 33 25
3 82 49 55
3 83 23 17
3 84 95 92
3 85 89 81
3 86 10 19
3 87 39 36
3 88 68 60
3 89 96 85
3 90 11 25
3 91 23 26
3 92 9 20
3 93 50 53
3 94 43 52
3 95 13 28
3 96 36 27
3 97 56 63
3 98 98 73
3 99 12 18
4 5 33 27
4 6 51 57
4 7 85 84
4 8 92 79
4 9 16 19
4 10 65 49
4 11 92 78
4 12 79 83
4 13 38 47
4 14 7 31
4 15 43 50
4 16 15 24
4 17 58 70
4 18 21 24
4 19 27 32
4 20 72 66
4 21 44 52
4 22 55 58
4 23 44 48
4 24 80 73
4 25 57 48
4 26 89 73
4 27 99 84
4 28 95 91
4 29 29 42
4 30 43 31
4 31 51 47
4 32 91 72
4 33 19 28
4 34 33 48
4 35 47 58
4 36 93 66
4 37 24 43
4 38 25 21
4 39 90 77
4 40 35 40
4 41 25 25
4 42 53 60
4 43 99 99
4 44 0 19
4 45 65 62
4 46 36 53
4 47 30 27
4 48 4 22
4 49 80 75
4 50 84 64
4 51 90 87
4 52 41 37
4 53 94 88
4 54 93 66
4 55 18 39
4 56 28 43
4 57 11 32
4 58 69 77
4 59 96 80
4 60 21 41
4 61 89 85
4 62 50 63
4 63 96 86
4 64 48 58
4 65 39 52
4 66 17 27
4 67 75 78
4 68 38 48
4 69 32 52
4 70 47 42
4 71 19 38
4 72 73 61
4 73 64 60
4 74 90 69
4 75 52 57
4 76 16 20
4 77 17 36
4 78 87 83
4 79 31 32
4 80 28 39
4 81 65 64
4 82 30 25
4 83 66 60
4 84 68 62
4 85 27 38
4 86 64 71
4 87 5 33
4 88 63 50
4 89 7 11
4 90 34 24
4 91 66 52
4 92 92 65
4 93 61 72
4 94 72 78
4 95 72 69
4 96 1 3
4 97 78 79
4 98 78 74
4 99 40 39
5 6 96 90
5 7 95 87
5 8 55 44
5 9 49 57
5 10 44 45
5 11 28 22
5 12 56 59
5 13 43 32
5 14 6 20
5 15 35 35
5 16 60 44
5 17 9 20
5 18 49 54
5 19 9 20
5 20 57 46
5 21 60 44
5 22 47 46
5 23 82 75
5 24 69 78
5 25 73 62
5 26 1 22
5 27 88 67
5 28 0 10
5 29 30 44
5 30 39 45
5 31 0 13
5 32 86 85
5 33 97 92
5 34 14 15
5 35 13 39
5 36 38 55
5 37 83 73
5 38 45 37
5 39 78 66
5 40 33 31
5 41 54 48
5 42 70 73
5 43 36 29
5 44 97 73
5 45 58 59
5 46 56 66
5 47 50 54
5 48 51 62
5 49 9 29
5 50 32 48
5 51 78 56
5 52 9 7
5 53 72 51
5 54 50 51
5 55 12 17
5 56 32 35
5 57 11 32
5 58 38 51
5 59 13 29
5 60 66 68
5 61 37 39
5 62 26 39
5 63 20 30
5 64 16 14
5 65 29 36
5 66 72 52
5 67 83 70
5 68 47 49
5 69 7 20
5 70 43 49
5 71 87 81
5 72 95 74
5 73 36 35
5 74 48 38
5 75 26 30
5 76 31 37
5 77 18 42
5 78 38 38
5 79 44 57
5 80 45 33
5 81 72 60
5 82 4 16
5 83 51 49
5 84 85 71
5 85 56 45
5 86 76 79
5 87 78 59
5 88 73 69
5 89 1 26
5 90 74 76
5 91 60 64
5 92 95 77
5 93 6 12
5 94 12 25
5 95 31 37
5 96 92 83
5 97 65 50
5 98 36 33
5 99 52 62
6 7 21 24
6 8 87 63
6 9 36 45
6 10 66 57
6 11 12 25
6 12 23 24
6 13 26 23
6 14 52 61
6 15 19 33
6 16 66 46
6 17 38 35
6 18 79 78
6 19 63 51
6 20 92 71
6 21 20 17
6 22 30 32
6 23 80 61
6 24 47 59
6 25 8 17
6 26 38 38
6 27 37 48
6 28 82 65
6 29 31 51
6 30 80 70
6 31 36 35
6 32 11 34
6 33 37 48
6 34 6 7
6 35 85 70
6 36 9 27
6 37 32 51
6 38 75 71
6 39 26 30
6 40 22 31
6 41 29 37
6 42 59 64
6 43 36 29
6 44 88 70
6 45 67 64
6 46 93 85
6 47 33 25
6 48 24 34
6 49 48 36
6 50 67 66
6 51 73 64
6 52 88 75
6 53 42 50
6 54 15 14
6 55 57 54
6 56 73 71
6 57 4 3
6 58 87 70
6 59 3 16
6 60 86 90
6 61 15 23
6 62 28 20
6 63 34 37
6 64 73 68
6 65 50 37
6 66 51 43
6 67 85 67
6 68 84 63
6 69 24 38
6 70 31 24
6 71 29 21
6 72 45 61
6 73 40 37
6 74 50 65
6 75 64 62
6 76 50 49
6 77 1 1
6 78 50 38
6 79 23 40
6 80 67 57
6 81 50 47
6 82 45 41
6 83 41 30
6 84 79 68
6 85 76 81
6 86 89 79
6 87 91 74
6 88 87 79
6 89 64 53
6 90 27 19
6 91 61 70
6 92 83 75
6 93 21 18
6 94 9 36
6 95 23 18
6 96 11 19
6 97 26 25
6 98 53 59
6 99 78 61
7 8 24 26
7 9 23 40
7 10 5 13
7 11 15 34
7 12 95 89
7 13 94 77
7 14 78 83
7 15 97 89
7 16 53 64
7 17 96 69
7 18 50 47
7 19 83 75
7 20 45 60
7 21 82 86
7 22 37 41
7 23 89 82
7 24 15 14
7 25 3 23
7 26 45 36
7 27 28 44
7 28 16 12
7 29 37 34
7 30 52 65
7 31 44 56
7 32 36 44
7 33 36 54
7 34 68 67
7 35 44 55
7 36 89 85
7 37 56 60
7 38 25 44
7 39 20 14
7 40 63 68
7 41 60 55
7 42 26 48
7 43 58 44
7 44 49 58
7 45 78 61
7 46 43 31
7 47 98 93
7 48 39 49
7 49 17 37
7 50 15 19
7 51 77 61
7 52 89 75
7 53 86 60
7 54 58 47
7 55 21 39
7 56 78 62
7 57 73 66
7 58 36 29
7 59 82 83
7 60 49 45
7 61 88 69
7 62 44 32
7 63 54 39
7 64 53 45
7 65 10 11
7 66 71 57
7 67 23 28
7 68 23 35
7 69 98 75
7 70 67 62
7 71 95 84
7 72 40 38
7 73 29 39
7 74 21 42
7 75 65 52
7 76 39 44
7 77 85 68
7 78 4 16
7 79 33 46
7 80 90 85
7 81 90 72
7 82 11 33
7 83 42 37
7 84 70 51
7 85 53 57
7 86 11 15
7 87 25 18
7 88 67 71
7 89 74 63
7 90 29 27
7 91 81 85
7 92 18 20
7 93 85 82
7 94 35 29
7 95 22 22
7 96 57 43
7 97 11 10
7 98 8 5
7 99 70 57
8 9 97 95
8 10 56 55
8 11 42 37
8 12 95 86
8 13 45 59
8 14 14 38
8 15 67 61
8 16 44 38
8 17 30 27
8 18 30 42
8 19 76 59
8 20 59 48
8 21 69 53
8 22 18 17
8 23 49 48
8 24 31 46
8 25 19 17
8 26 24 31
8 27 72 72
8 28 29 43
8 29 72 73
8 30 28 32
8 31 81 74
8 32 49 47
8 33 17 36
8 34 21 27
8 35 83 67
8 36 62 56
8 37 68 64
8 38 10 16
8 39 60 50
8 40 14 23
8 41 29 42
8 42 47 33
8 43 64 60
8 44 23 26
8 45 40 29
8 46 83 83
8 47 94 77
8 48 5 18
8 49 45 38
8 50 92 73
8 51 3 18
8 52 50 47
8 53 50 42
8 54 52 51
8 55 90 84
8 56 81 78
8 57 53 53
8 58 76 81
8 59 81 75
8 60 40 31
8 61 81 63
8 62 87 90
8 63 7 7
8 64 58 57
8 65 63 69
8 66 4 17
8 67 45 40
8 68 54 66
8 69 40 31
8 70 66 69
8 71 44 52
8 72 6 7
8 73 98 74
8 74 86 75
8 75 92 83
8 76 57 61
8 77 66 61
8 78 12 17
8 79 1 25
8 80 78 66
8 81 36 30
8 82 78 84
8 83 56 48
8 84 18 33
8 85 19 42
8 86 48 39
8 87 86 64
8 88 88 82
8 89 29 42
8 90 91 76
8 91 14 19
8 92 80 62
8 93 78 81
8 94 14 11
8 95 48 35
8 96 43 52
8 97 4 7
8 98 78 67
8 99 17 19
9 10 62 69
9 11 81 68
9 12 17 35
9 13 77 75
9 14 59 63
9 15 49 39
9 16 41 50
9 17 90 79
9 18 65 69
9 19 77 63
9 20 27 35
9 21 95 95
9 22 15 17
9 23 67 76
9 24 7 28
9 25 54 44
9 26 27 35
9 27 75 76
9 28 83 87
9 29 41 37
9 30 77 77
9 31 83 80
9 32 73 74
9 33 27 27
9 34 24 18
9 35 79 57
9 36 38 37
9 37 46 55
9 38 7 27
9 39 0 18
9 40 42 41
9 41 95 79
9 42 41 40
9 43 98 84
9 44 42 31
9 45 34 43
9 46 23 45
9 47 50 44
9 48 6 10
9 49 56 58
9 50 77 58
9 51 98 83
9 52 12 23
9 53 37 46
9 54 39 29
9 55 26 37
9 56 53 37
9 57 46 50
9 58 83 66
9 59 45 36
9 60 75 73
9 61 50 50
9 62 54 54
9 63 60 55
9 64 96 73
9 65 87 82
9 66 12 30
9 67 8 21
9 68 24 41
9 69 65 73
9 70 33 50
9 71 70 54
9 72 72 77
9 73 79 67
9 74 91 79
9 75 50 47
9 76 90 66
9 77 36 53
9 78 37 28
9 79 99 81
9 80 80 66
9 81 57 40
9 82 27 37
9 83 4 3
9 84 26 44
9 85 31 42
9 86 47 45
9 87 25 48
9 88 14 23
9 89 96 95
9 90 16 12
9 91 50 61
9 92 49 46
9 93 67 70
9 94 65 49
9 95 40 35
9 96 78 72
9 97 93 82
9 98 93 72
9 99 2 3
10 11 86 76
10 12 79 82
10 13 51 63
10 14 75 81
10 15 30 32
10 16 8 7
10 17 59 56
10 18 74 72
10 19 88 90
10 20 39 36
10 21 28 33
10 22 34 35
10 23 14 11
10 24 97 79
10 25 87 72
10 26 10 31
10 27 99 97
10 28 1 29
10 29 40 58
10 30 33 39
10 31 75 68
10 32 82 84
10 33 7 20
10 34 97 84
10 35 22 24
10 36 45 35
10 37 9 9
10 38 90 70
10 39 84 76
10 40 83 70
10 41 91 71
10 42 94 78
10 43 72 79
10 44 75 57
10 45 81 76
10 46 18 29
10 47 96 70
10 48 75 58
10 49 28 45
10 50 43 49
10 51 62 66
10 52 11 14
10 53 26 22
10 54 20 42
10 55 91 76
10 56 26 18
10 57 35 53
10 58 19 38
10 59 78 65
10 60 53 64
10 61 78 66
10 62 27 26
10 63 84 82
10 64 55 59
10 65 39 41
10 66 56 67
10 67 54 62
10 68 41 46
10 69 7 35
10 70 38 38
10 71 17 28
10 72 36 41
10 73 88 82
10 74 46 60
10 75 86 72
10 76 89 90
10 77 73 79
10 78 36 41
10 79 51 51
10 80 48 57
10 81 71 77
10 82 81 65
10 83 90 66
10 84 26 21
10 85 8 23
10 86 29 34
10 87 14 33
10 88 0 8
10 89 6 13
10 90 10 11
10 91 65 65
10 92 50 52
10 93 92 65
10 94 75 65
10 95 55 57
10 96 71 69
10 97 79 71
10 98 35 41
10 99 78 81
11 12 18 41
11 13 93 69
11 14 20 24
11 15 36 27
11 16 30 46
11 17 47 57
11 18 75 79
11 19 4 19
11 20 6 26
11 21 19 16
11 22 95 86
11 23 81 64
11 24 51 53
11 25 84 85
11 26 72 67
11 27 40 43
11 28 98 74
11 29 74 67
11 30 83 61
11 31 27 28
11 32 11 21
11 33 45 35
11 34 96 91
11 35 14 38
11 36 91 73
11 37 3 24
11 38 6 15
11 39 69 64
11 40 73 52
11 41 53 51
11 42 88 75
11 43 96 96
11 44 71 60
11 45 33 30
11 46 20 22
11 47 61 46
11 48 5 17
11 49 28 37
11 50 33 36
11 51 27 38
11 52 30 44
11 53 38 46
11 54 31 36
11 55 62 45
11 56 14 14
11 57 59 64
11 58 39 48
11 59 51 37
11 60 70 61
11 61 80 70
11 62 8 9
11 63 66 54
11 64 98 96
11 65 1 25
11 66 90 70
11 67 57 56
11 68 6 29
11 69 42 35
11 70 35 27
11 71 59 51
11 72 67 64
11 73 46 42
11 74 94 93
11 75 81 86
11 76 42 48
11 77 96 83
11 78 5 13
11 79 76 71
11 80 37 31
11 81 21 44
11 82 55 59
11 83 70 58
11 84 4 24
11 85 88 69
11 86 85 67
11 87 8 21
11 88 19 37
11 89 56 45
11 90 72 66
11 91 38 26
11 92 33 48
11 93 69 74
11 94 10 10
11 95 55 43
11 96 5 4
11 97 52 48
11 98 53 43
11 99 14 15
12 13 78 71
12 14 79 58
12 15 78 71
12 16 42 44
12 17 17 26
12 18 99 70
12 19 68 72
12 20 67 69
12 21 93 88
12 22 51 52
12 23 18 34
12 24 32 36
12 25 16 24
12 26 24 45
12 27 27 23
12 28 31 35
12 29 23 23
12 30 90 85
12 31 39 41
12 32 90 67
12 33 1 13
12 34 42 39
12 35 54 59
12 36 69 77
12 37 57 63
12 38 29 37
12 39 39 35
12 40 93 87
12 41 46 53
12 42 50 62
12 43 20 22
12 44 35 33
12 45 75 59
12 46 18 14
12 47 7 12
12 48 60 50
12 49 77 79
12 50 24 44
12 51 71 68
12 52 10 32
12 53 94 79
12 54 41 57
12 55 83 78
12 56 39 47
12 57 30 36
12 58 86 61
12 59 37 45
12 60 7 12
12 61 87 80
12 62 15 17
12 63 82 58
12 64 89 89
12 65 80 66
12 66 8 19
12 67 44 59
12 68 44 41
12 69 38 50
12 70 66 61
12 71 20 32
12 72 48 55
12 73 0 5
12 74 96 79
12 75 73 56
12 76 6 28
12 77 14 14
12 78 5 7
12 79 39 40
12 80 94 72
12 81 94 95
12 82 11 16
12 83 54 63
12 84 17 41
12 85 43 31
12 86 14 24
12 87 70 73
12 88 41 35
12 89 14 10
12 90 25 33
12 91 83 69
12 92 75 52
12 93 14 36
12 94 86 68
12 95 78 56
12 96 73 59
12 97 77 68
12 98 37 28
12 99 95 67
13 14 91 94
13 15 92 79
13 16 18 29
13 17 17 39
13 18 92 89
13 19 37 55
13 20 28 29
13 21 71 58
13 22 81 87
13 23 63 69
13 24 57 45
13 25 57 60
13 26 57 41
13 27 71 55
13 28 51 52
13 29 15 32
13 30 7 28
13 31 41 38
13 32 88 68
13 33 87 65
13 34 55 41
13 35 17 39
13 36 57 54
13 37 49 55
13 38 9 11
13 39 22 25
13 40 69 58
13 41 21 15
13 42 56 47
13 43 13 33
13 44 87 71
13 45 68 54
13 46 51 57
13 47 53 66
13 48 91 78
13 49 59 52
13 50 93 89
13 51 23 35
13 52 20 15
13 53 66 55
13 54 25 38
13 55 53 43
13 56 9 27
13 57 50 60
13 58 47 49
13 59 51 61
13 60 78 84
13 61 35 47
13 62 64 51
13 63 53 63
13 64 90 65
13 65 30 26
13 66 92 66
13 67 33 27
13 68 3 9
13 69 10 34
13 70 77 70
13 71 74 58
13 72 22 34
13 73 77 79
13 74 55 49
13 75 41 50
13 76 4 28
13 77 97 76
13 78 72 55
13 79 21 24
13 80 4 32
13 81 13 36
13 82 72 71
13 83 2 10
13 84 68 57
13 85 95 91
13 86 38 54
13 87 6 13
13 88 49 64
13 89 16 16
13 90 56 53
13 91 50 54
13 92 32 28
13 93 68 50
13 94 9 13
13 95 48 59
13 96 12 10
13 97 97 85
13 98 36 40
13 99 31 38
14 15 92 84
14 16 98 93
14 17 23 21
14 18 88 66
14 19 72 59
14 20 30 37
14 21 3 20
14 22 96 77
14 23 8 35
14 24 10 34
14 25 24 29
14 26 56 53
14 27 17 30
14 28 81 70
14 29 51 53
14 30 94 90
14 31 7 23
14 32 27 46
14 33 62 69
14 34 61 72
14 35 40 41
14 36 56 50
14 37 60 46
14 38 85 74
14 39 99 84
14 40 11 28
14 41 71 55
14 42 91 64
14 43 69 69
14 44 41 56
14 45 38 32
14 46 52 38
14 47 84 80
14 48 56 65
14 49 57 62
14 50 59 52
14 51 91 77
14 52 58 59
14 53 57 69
14 54 94 76
14 55 81 70
14 56 43 51
14 57 34 33
14 58 74 69
14 59 44 31
14 60 94 94
14 61 21 23
14 62 32 37
14 63 54 57
14 64 51 64
14 65 84 87
14 66 93 72
14 67 35 26
14 68 72 52
14 69 88 83
14 70 83 81
14 71 68 54
14 72 16 30
14 73 18 34
14 74 44 55
14 75 34 30
14 76 28 19
14 77 77 57
14 78 66 65
14 79 52 54
14 80 93 79
14 81 47 45
14 82 7 29
14 83 30 45
14 84 75 69
14 85 36 47
14 86 95 70
14 87 94 75
14 88 69 52
14 89 94 66
14 90 13 25
14 91 22 18
14 92 41 32
14 93 4 31
14 94 65 67
14 95 77 63
14 96 23 22
14 97 96 90
14 98 33 40
14 99 6 24
15 16 4 12
15 17 10 36
15 18 92 89
15 19 68 54
15 20 56 58
15 21 0 9
15 22 36 46
15 23 92 85
15 24 44 44
15 25 59 46
15 26 89 84
15 27 30 42
15 28 28 23
15 29 91 82
15 30 49 45
15 31 79 73
15 32 17 22
15 33 58 50
15 34 97 71
15 35 2 13
15 36 69 74
15 37 10 28
15 38 49 63
15 39 27 36
15 40 49 34
15 41 80 59
15 42 99 70
15 43 28 34
15 44 64 69
15 45 42 33
15 46 67 73
15 47 44 47
15 48 84 63
15 49 79 67
15 50 98 87
15 51 96 83
15 52 75 66
15 53 72 55
15 54 78 73
15 55 38 54
15 56 10 23
15 57 86 82
15 58 94 86
15 59 65 53
15 60 88 75
15 61 15 17
15 62 24 17
15 63 34 49
15 64 2 15
15 65 25 45
15 66 7 15
15 67 16 30
15 68 63 44
15 69 97 75
15 70 45 45
15 71 57 46
15 72 12 36
15 73 11 10
15 74 81 63
15 75 89 87
15 76 75 53
15 77 8 21
15 78 31 35
15 79 29 23
15 80 83 79
15 81 90 75
15 82 47 50
15 83 29 43
15 84 8 34
15 85 64 67
15 86 34 41
15 87 28 35
15 88 34 30
15 89 45 46
15 90 27 48
15 91 68 69
15 92 85 75
15 93 1 28
15 94 52 57
15 95 40 31
15 96 89 62
15 97 8 24
15 98 12 10
15 99 66 50
16 17 67 55
16 18 61 56
16 19 5 21
16 20 11 31
16 21 91 79
16 22 26 30
16 23 5 9
16 24 5 24
16 25 32 45
16 26 19 27
16 27 94 94
16 28 42 50
16 29 53 63
16 30 73 65
16 31 32 52
16 32 39 38
16 33 58 63
16 34 23 19
16 35 63 56
16 36 12 20
16 37 16 11
16 38 2 22
16 39 38 30
16 40 10 26
16 41 19 17
16 42 18 34
16 43 48 46
16 44 97 98
16 45 75 66
16 46 93 73
16 47 18 17
16 48 17 33
16 49 52 41
16 50 28 25
16 51 56 68
16 52 28 43
16 53 69 50
16 54 86 81
16 55 84 66
16 56 95 94
16 57 38 46
16 58 9 32
16 59 50 41
16 60 15 17
16 61 77 58
16 62 70 63
16 63 32 50
16 64 21 39
16 65 61 55
16 66 16 36
16 67 98 78
16 68 24 29
16 69 97 91
16 70 56 51
16 71 10 28
16 72 79 84
16 73 82 71
16 74 68 60
16 75 33 38
16 76 53 66
16 77 22 33
16 78 59 48
16 79 79 76
16 80 36 35
16 81 58 53
16 82 0 24
16 83 92 85
16 84 1 23
16 85 17 25
16 86 22 44
16 87 13 14
16 88 29 46
16 89 80 60
16 90 16 21
16 91 52 36
16 92 66 68
16 93 28 23
16 94 71 76
16 95 16 25
16 96 24 18
16 97 13 25
16 98 81 82
16 99 52 49
17 18 25 33
17 19 56 61
17 20 54 40
17 21 1 12
17 22 78 61
17 23 55 56
17 24 64 46
17 25 58 43
17 26 61 58
17 27 32 37
17 28 51 53
17 29 53 66
17 30 98 80
17 31 86 62
17 32 10 26
17 33 70 76
17 34 85 83
17 35 77 62
17 36 59 59
17 37 62 52
17 38 66 47
17 39 87 61
17 40 77 78
17 41 4 14
17 42 94 71
17 43 20 20
17 44 99 80
17 45 54 59
17 46 0 19
17 47 17 21
17 48 60 58
17 49 53 48
17 50 52 58
17 51 14 17
17 52 38 32
17 53 4 10
17 54 67 59
17 55 91 89
17 56 36 28
17 57 63 66
17 58 4 30
17 59 10 24
17 60 36 42
17 61 79 67
17 62 27 37
17 63 90 71
17 64 38 31
17 65 58 62
17 66 27 30
17 67 4 20
17 68 53 62
17 69 39 30
17 70 50 56
17 71 64 58
17 72 85 79
17 73 8 28
17 74 53 57
17 75 21 28
17 76 64 63
17 77 85 60
17 78 1 3
17 79 71 76
17 80 50 35
17 81 90 79
17 82 6 12
17 83 35 50
17 84 82 77
17 85 15 34
17 86 24 31
17 87 47 57
17 88 47 58
17 89 27 37
17 90 99 82
17 91 99 72
17 92 7 15
17 93 50 37
17 94 19 43
17 95 52 47
17 96 8 25
17 97 15 23
17 98 76 83
17 99 46 39
18 19 64 68
18 20 80 62
18 21 59 47
18 22 88 76
18 23 75 63
18 24 73 75
18 25 3 14
18 26 32 32
18 27 44 32
18 28 40 55
18 29 93 71
18 30 54 60
18 31 12 18
18 32 75 55
18 33 77 75
18 34 1 24
18 35 63 47
18 36 87 78
18 37 21 34
18 38 12 37
18 39 89 80
18 40 51 54
18 41 98 71
18 42 37 35
18 43 18 17
18 44 61 68
18 45 17 38
18 46 96 79
18 47 12 38
18 48 44 42
18 49 36 34
18 50 53 53
18 51 76 54
18 52 64 52
18 53 5 31
18 54 75 71
18 55 47 44
18 56 24 34
18 57 40 39
18 58 37 48
18 59 57 46
18 60 94 84
18 61 2 4
18 62 94 68
18 63 45 47
18 64 32 24
18 65 56 41
18 66 82 60
18 67 96 69
18 68 20 23
18 69 66 57
18 70 25 42
18 71 47 35
18 72 33 28
18 73 19 20
18 74 26 30
18 75 13 20
18 76 99 94
18 77 79 64
18 78 66 69
18 79 5 22
18 80 31 50
18 81 98 92
18 82 82 76
18 83 49 54
18 84 4 29
18 85 22 41
18 86 51 43
18 87 15 21
18 88 55 58
18 89 9 35
18 90 33 50
18 91 24 29
18 92 84 60
18 93 8 9
18 94 41 58
18 95 15 21
18 96 87 84
18 97 39 32
18 98 69 57
18 99 96 78
19 20 87 70
19 21 69 56
19 22 87 70
19 23 76 81
19 24 56 49
19 25 52 52
19 26 79 74
19 27 35 49
19 28 2 7
19 29 44 37
19 30 69 48
19 31 6 28
19 32 54 53
19 33 96 73
19 34 81 80
19 35 14 15
19 36 18 18
19 37 45 47
19 38 9 19
19 39 67 65
19 40 28 33
19 41 26 22
19 42 85 71
19 43 90 71
19 44 51 46
19 45 7 10
19 46 76 56
19 47 43 41
19 48 50 38
19 49 65 72
19 50 84 67
19 51 96 85
19 52 70 70
19 53 92 70
19 54 40 33
19 55 71 51
19 56 35 36
19 57 14 26
19 58 43 45
19 59 23 22
19 60 1 8
19 61 44 55
19 62 59 46
19 63 1 7
19 64 66 46
19 65 35 46
19 66 22 20
19 67 48 55
19 68 58 46
19 69 59 64
19 70 21 27
19 71 72 52
19 72 36 44
19 73 1 7
19 74 55 57
19 75 52 61
19 76 98 77
19 77 70 69
19 78 12 34
19 79 74 62
19 80 22 44
19 81 41 58
19 82 26 24
19 83 50 45
19 84 3 8
19 85 27 30
19 86 93 78
19 87 37 49
19 88 74 59
19 89 46 46
19 90 78 83
19 91 71 70
19 92 69 59
19 93 31 39
19 94 59 47
19 95 19 20
19 96 46 55
19 97 62 56
19 98 18 42
19 99 70 72
20 21 79 66
20 22 66 54
20 23 4 31
20 24 30 48
20 25 44 58
20 26 4 16
20 27 60 52
20 28 12 10
20 29 31 39
20 30 28 49
20 31 80 63
20 32 8 8
20 33 53 40
20 34 43 46
20 35 27 20
20 36 10 22
20 37 19 20
20 38 47 59
20 39 33 39
20 40 51 52
20 41 46 62
20 42 98 77
20 43 79 70
20 44 56 67
20 45 63 62
20 46 57 47
20 47 59 64
20 48 15 34
20 49 87 61
20 50 93 71
20 51 5 20
20 52 1 26
20 53 48 37
20 54 51 46
20 55 39 44
20 56 59 56
20 57 13 26
20 58 63 69
20 59 20 20
20 60 17 28
20 61 81 57
20 62 93 93
20 63 61 50
20 64 39 30
20 65 69 73
20 66 79 68
20 67 80 68
20 68 92 73
20 69 62 66
20 70 24 40
20 71 30 26
20 72 26 22
20 73 12 19
20 74 67 55
20 75 47 61
20 76 16 26
20 77 31 33
20 78 52 52
20 79 95 83
20 80 46 41
20 81 0 8
20 82 63 66
20 83 36 41
20 84 68 62
20 85 10 11
20 86 2 20
20 87 2 24
20 88 24 43
20 89 32 46
20 90 47 58
20 91 85 75
20 92 29 25
20 93 73 59
20 94 78 56
20 95 84 61
20 96 59 70
20 97 83 78
20 98 37 45
20 99 12 25
21 22 71 72
21 23 38 29
21 24 43 33
21 25 14 22
21 26 62 61
21 27 54 58
21 28 40 50
21 29 34 49
21 30 68 61
21 31 94 68
21 32 8 19
21 33 55 56
21 34 38 33
21 35 18 18
21 36 33 47
21 37 52 56
21 38 84 84
21 39 33 25
21 40 99 91
21 41 8 19
21 42 93 72
21 43 0 19
21 44 16 18
21 45 69 76
21 46 34 52
21 47 90 84
21 48 22 25
21 49 89 68
21 50 74 76
21 51 16 19
21 52 27 26
21 53 77 70
21 54 7 5
21 55 58 57
21 56 46 55
21 57 32 29
21 58 71 59
21 59 5 26
21 60 66 72
21 61 24 18
21 62 73 64
21 63 22 25
21 64 26 23
21 65 24 42
21 66 34 37
21 67 90 72
21 68 44 32
21 69 82 67
21 70 35 47
21 71 5 31
21 72 99 91
21 73 12 11
21 74 43 49
21 75 10 27
21 76 82 60
21 77 93 89
21 78 34 41
21 79 27 45
21 80 62 58
21 81 13 32
21 82 97 94
21 83 41 47
21 84 23 16
21 85 51 65
21 86 83 68
21 87 64 52
21 88 28 37
21 89 45 36
21 90 22 38
21 91 25 39
21 92 79 75
21 93 58 61
21 94 84 61
21 95 83 79
21 96 81 83
21 97 11 21
21 98 63 70
21 99 83 63
22 23 53 48
22 24 7 6
22 25 52 42
22 26 86 65
22 27 22 31
22 28 4 30
22 29 41 52
22 30 18 15
22 31 27 40
22 32 2 9
22 33 72 54
22 34 98 79
22 35 94 71
22 36 57 47
22 37 27 30
22 38 30 23
22 39 15 29
22 40 68 51
22 41 51 37
22 42 95 95
22 43 43 39
22 44 20 28
22 45 49 51
22 46 11 21
22 47 63 64
22 48 91 87
22 49 77 73
22 50 3 15
22 51 80 75
22 52 71 58
22 53 61 63
22 54 3 20
22 55 4 17
22 56 16 33
22 57 28 36
22 58 62 60
22 59 22 27
22 60 50 50
22 61 65 55
22 62 93 90
22 63 37 35
22 64 71 60
22 65 92 68
22 66 96 86
22 67 38 35
22 68 49 41
22 69 57 49
22 70 78 65
22 71 81 86
22 72 17 21
22 73 82 79
22 74 19 21
22 75 50 59
22 76 22 18
22 77 48 55
22 78 92 88
22 79 44 45
22 80 82 86
22 81 10 29
22 82 7 20
22 83 46 34
22 84 89 69
22 85 37 41
22 86 96 74
22 87 82 66
22 88 24 21
22 89 86 64
22 90 88 83
22 91 83 59
22 92 35 29
22 93 38 38
22 94 29 21
22 95 80 74
22 96 83 63
22 97 35 49
22 98 75 60
22 99 51 63
23 24 21 44
23 25 64 62
23 26 60 49
23 27 29 30
23 28 50 65
23 29 46 48
23 30 66 60
23 31 32 51
23 32 94 66
23 33 44 60
23 34 26 21
23 35 22 23
23 36 42 52
23 37 94 66
23 38 24 22
23 39 22 28
23 40 26 42
23 41 32 42
23 42 23 42
23 43 22 19
23 44 18 13
23 45 97 95
23 46 45 50
23 47 97 68
23 48 92 83
23 49 58 41
23 50 78 75
23 51 34 38
23 52 63 70
23 53 39 55
23 54 15 22
23 55 10 34
23 56 90 65
23 57 15 37
23 58 15 25
23 59 40 50
23 60 38 44
23 61 73 63
23 62 80 78
23 63 52 37
23 64 36 49
23 65 56 59
23 66 37 35
23 67 20 22
23 68 0 7
23 69 1 17
23 70 46 39
23 71 62 55
23 72 81 81
23 73 27 28
23 74 23 27
23 75 86 80
23 76 16 22
23 77 56 59
23 78 6 28
23 79 58 52
23 80 70 67
23 81 20 14
23 82 45 55
23 83 5 29
23 84 43 47
23 85 72 63
23 86 3 9
23 87 27 31
23 88 59 44
23 89 15 19
23 90 35 31
23 91 58 52
23 92 58 43
23 93 14 34
23 94 80 81
23 95 92 70
23 96 7 30
23 97 62 63
23 98 79 71
23 99 57 61
24 25 0 9
24 26 52 61
24 27 77 73
24 28 57 55
24 29 18 30
24 30 85 74
24 31 45 32
24 32 14 27
24 33 48 63
24 34 55 40
24 35 92 82
24 36 30 37
24 37 90 70
24 38 17 25
24 39 17 36
24 40 34 52
24 41 39 47
24 42 36 34
24 43 52 55
24 44 48 38
24 45 37 40
24 46 56 55
24 47 64 71
24 48 17 28
24 49 33 46
24 50 90 92
24 51 83 84
24 52 18 17
24 53 58 54
24 54 83 74
24 55 50 50
24 56 59 59
24 57 63 64
24 58 42 34
24 59 50 52
24 60 9 7
24 61 2 14
24 62 75 57
24 63 44 33
24 64 55 47
24 65 66 55
24 66 67 76
24 67 89 79
24 68 24 25
24 69 88 79
24 70 1 27
24 71 95 79
24 72 11 34
24 73 84 88
24 74 67 62
24 75 10 14
24 76 49 59
24 77 42 38
24 78 53 43
24 79 0 10
24 80 15 27
24 81 90 91
24 82 6 13
24 83 84 81
24 84 82 73
24 85 83 77
24 86 37 43
24 87 4 3
24 88 47 62
24 89 8 7
24 90 39 54
24 91 47 59
24 92 37 29
24 93 82 64
24 94 28 33
24 95 30 48
24 96 55 40
24 97 69 71
24 98 63 68
24 99 61 47
25 26 51 36
25 27 36 42
25 28 10 16
25 29 85 81
25 30 45 41
25 31 58 57
25 32 36 43
25 33 27 40
25 34 75 68
25 35 33 26
25 36 2 29
25 37 98 76
25 38 10 28
25 39 46 50
25 40 91 74
25 41 26 23
25 42 36 50
25 43 59 51
25 44 98 93
25 45 1 8
25 46 77 82
25 47 64 49
25 48 10 31
25 49 53 57
25 50 76 76
25 51 7 24
25 52 78 63
25 53 44 33
25 54 75 82
25 55 35 47
25 56 85 74
25 57 77 61
25 58 46 45
25 59 4 15
25 60 36 42
25 61 86 68
25 62 14 24
25 63 56 50
25 64 39 35
25 65 39 52
25 66 88 67
25 67 90 82
25 68 42 45
25 69 54 48
25 70 74 61
25 71 92 87
25 72 35 33
25 73 40 55
25 74 66 74
25 75 12 17
25 76 79 60
25 77 46 35
25 78 77 74
25 79 82 86
25 80 15 39
25 81 53 40
25 82 4 6
25 83 46 43
25 84 25 35
25 85 15 33
25 86 53 41
25 87 23 18
25 88 2 10
25 89 38 48
25 90 34 34
25 91 28 36
25 92 5 16
25 93 80 81
25 94 7 7
25 95 28 32
25 96 82 76
25 97 56 41
25 98 41 41
25 99 81 77
26 27 28 45
26 28 60 49
26 29 67 68
26 30 86 86
26 31 57 49
26 32 46 50
26 33 66 55
26 34 97 68
26 35 84 66
26 36 5 11
26 37 42 55
26 38 10 26
26 39 63 73
26 40 5 13
26 41 83 86
26 42 22 20
26 43 36 36
26 44 81 65
26 45 77 68
26 46 29 42
26 47 75 69
26 48 48 42
26 49 79 76
26 50 72 69
26 51 8 11
26 52 94 88
26 53 60 57
26 54 87 68
26 55 32 51
26 56 36 45
26 57 81 74
26 58 96 82
26 59 39 52
26 60 80 74
26 61 3 7
26 62 67 67
26 63 17 20
26 64 21 26
26 65 76 55
26 66 66 74
26 67 96 74
26 68 8 10
26 69 13 14
26 70 74 61
26 71 97 84
26 72 65 73
26 73 2 19
26 74 43 40
26 75 71 77
26 76 61 47
26 77 46 40
26 78 98 85
26 79 68 60
26 80 34 39
26 81 69 49
26 82 81 63
26 83 64 64
26 84 79 74
26 85 13 39
26 86 0 20
26 87 75 56
26 88 20 26
26 89 32 25
26 90 51 48
26 91 56 48
26 92 52 45
26 93 5 12
26 94 33 25
26 95 58 70
26 96 55 42
26 97 93 65
26 98 68 60
26 99 89 76
27 28 69 68
27 29 83 77
27 30 28 35
27 31 70 70
27 32 11 31
27 33 95 68
27 34 94 77
27 35 69 59
27 36 67 70
27 37 86 78
27 38 94 86
27 39 27 34
27 40 54 49
27 41 56 61
27 42 96 80
27 43 55 58
27 44 46 46
27 45 68 74
27 46 99 86
27 47 57 60
27 48 76 73
27 49 7 22
27 50 8 17
27 51 30 36
27 52 80 57
27 53 91 67
27 54 21 21
27 55 27 35
27 56 1 11
27 57 12 28
27 58 50 45
27 59 84 81
27 60 98 78
27 61 20 40
27 62 22 30
27 63 14 38
27 64 92 83
27 65 50 46
27 66 59 61
27 67 86 89
27 68 15 21
27 69 43 34
27 70 97 87
27 71 31 35
27 72 2 27
27 73 6 15
27 74 98 85
27 75 25 30
27 76 54 50
27 77 87 81
27 78 79 71
27 79 7 12
27 80 80 70
27 81 6 8
27 82 16 15
27 83 90 66
27 84 20 41
27 85 28 30
27 86 40 37
27 87 58 61
27 88 94 88
27 89 98 85
27 90 54 44
27 91 61 64
27 92 38 36
27 93 9 25
27 94 87 79
27 95 65 54
27 96 94 78
27 97 33 50
27 98 69 60
27 99 18 17
28 29 23 17
28 30 83 78
28 31 29 47
28 32 63 55
28 33 93 66
28 34 16 38
28 35 59 58
28 36 76 69
28 37 54 39
28 38 72 54
28 39 39 45
28 40 34 42
28 41 65 69
28 42 49 48
28 43 75 74
28 44 64 53
28 45 46 53
28 46 60 68
28 47 66 72
28 48 58 69
28 49 36 44
28 50 54 61
28 51 73 65
28 52 33 42
28 53 42 50
28 54 87 67
28 55 35 47
28 56 79 72
28 57 52 56
28 58 25 35
28 59 15 18
28 60 46 48
28 61 1 10
28 62 11 20
28 63 37 51
28 64 73 53
28 65 36 47
28 66 85 85
28 67 97 73
28 68 25 34
28 69 41 58
28 70 86 70
28 71 94 73
28 72 30 50
28 73 43 33
28 74 10 30
28 75 93 69
28 76 41 34
28 77 13 25
28 78 75 79
28 79 86 65
28 80 82 86
28 81 17 22
28 82 64 71
28 83 58 64
28 84 41 42
28 85 0 15
28 86 71 77
28 87 35 47
28 88 43 53
28 89 21 44
28 90 84 70
28 91 80 78
28 92 8 20
28 93 81 71
28 94 36 42
28 95 47 46
28 96 49 41
28 97 30 37
28 98 86 81
28 99 42 35
29 30 41 53
29 31 69 75
29 32 21 39
29 33 27 34
29 34 30 23
29 35 41 34
29 36 53 55
29 37 9 20
29 38 20 23
29 39 64 74
29 40 25 37
29 41 87 68
29 42 65 72
29 43 26 46
29 44 27 29
29 45 10 26
29 46 75 58
29 47 94 87
29 48 2 2
29 49 42 59
29 50 36 46
29 51 67 70
29 52 17 14
29 53 94 88
29 54 80 65
29 55 10 32
29 56 34 47
29 57 99 77
29 58 37 31
29 59 34 46
29 60 31 29
29 61 71 72
29 62 23 32
29 63 9 7
29 64 55 52
29 65 91 83
29 66 60 53
29 67 15 22
29 68 66 58
29 69 33 28
29 70 80 77
29 71 34 26
29 72 81 64
29 73 87 75
29 74 79 64
29 75 84 60
29 76 14 14
29 77 44 38
29 78 70 52
29 79 92 84
29 80 56 56
29 81 96 71
29 82 81 80
29 83 29 28
29 84 34 52
29 85 76 73
29 86 67 57
29 87 40 50
29 88 96 86
29 89 71 59
29 90 2 11
29 91 18 37
29 92 92 91
29 93 48 59
29 94 94 73
29 95 87 78
29 96 18 14
29 97 48 50
29 98 93 79
29 99 19 15
30 31 59 52
30 32 95 92
30 33 60 44
30 34 36 35
30 35 10 24
30 36 61 46
30 37 74 66
30 38 64 49
30 39 75 73
30 40 79 81
30 41 68 61
30 42 97 73
30 43 64 57
30 44 51 48
30 45 86 76
30 46 4 30
30 47 81 59
30 48 86 80
30 49 58 45
30 50 95 86
30 51 68 55
30 52 79 80
30 53 46 41
30 54 63 67
30 55 76 80
30 56 83 64
30 57 69 60
30 58 53 46
30 59 85 68
30 60 56 57
30 61 87 66
30 62 37 39
30 63 1 19
30 64 42 56
30 65 95 77
30 66 71 53
30 67 32 36
30 68 51 55
30 69 93 79
30 70 34 51
30 71 54 56
30 72 21 23
30 73 32 39
30 74 52 57
30 75 32 30
30 76 59 51
30 77 37 55
30 78 47 49
30 79 75 69
30 80 81 62
30 81 60 56
30 82 81 59
30 83 23 21
30 84 32 23
30 85 72 67
30 86 19 29
30 87 57 50
30 88 54 53
30 89 64 71
30 90 73 55
30 91 37 46
30 92 44 48
30 93 31 41
30 94 99 70
30 95 92 93
30 96 4 25
30 97 8 27
30 98 37 27
30 99 40 42
31 32 13 23
31 33 89 67
31 34 24 31
31 35 40 54
31 36 68 73
31 37 62 64
31 38 54 57
31 39 4 6
31 40 49 38
31 41 36 46
31 42 42 32
31 43 47 56
31 44 12 35
31 45 19 33
31 46 92 91
31 47 61 62
31 48 1 27
31 49 30 41
31 50 5 23
31 51 80 61
31 52 21 27
31 53 1 23
31 54 57 57
31 55 35 43
31 56 66 47
31 57 49 54
31 58 77 66
31 59 55 55
31 60 90 70
31 61 21 35
31 62 87 84
31 63 2 20
31 64 56 55
31 65 74 68
31 66 95 82
31 67 89 86
31 68 19 30
31 69 38 41
31 70 51 36
31 71 6 9
31 72 41 35
31 73 98 92
31 74 23 30
31 75 30 21
31 76 39 50
31 77 40 52
31 78 97 90
31 79 11 10
31 80 11 21
31 81 4 27
31 82 69 49
31 83 29 29
31 84 85 80
31 85 94 79
31 86 92 91
31 87 46 52
31 88 6 17
31 89 49 53
31 90 31 23
31 91 42 35
31 92 3 6
31 93 3 30
31 94 43 48
31 95 81 58
31 96 91 93
31 97 68 57
31 98 2 29
31 99 13 30
32 33 37 39
32 34 26 21
32 35 87 72
32 36 61 72
32 37 47 40
32 38 69 62
32 39 56 47
32 40 50 56
32 41 90 84
32 42 74 80
32 43 14 14
32 44 22 17
32 45 2 18
32 46 25 38
32 47 19 30
32 48 72 75
32 49 77 67
32 50 28 38
32 51 71 71
32 52 12 13
32 53 1 10
32 54 68 58
32 55 56 53
32 56 70 71
32 57 11 29
32 58 24 46
32 59 90 75
32 60 0 3
32 61 25 37
32 62 65 51
32 63 35 41
32 64 72 77
32 65 1 23
32 66 11 17
32 67 62 67
32 68 3 23
32 69 2 16
32 70 17 41
32 71 96 73
32 72 32 43
32 73 97 80
32 74 6 9
32 75 82 62
32 76 27 41
32 77 67 57
32 78 21 35
32 79 61 51
32 80 66 67
32 81 64 70
32 82 27 25
32 83 68 49
32 84 87 63
32 85 54 66
32 86 24 31
32 87 69 51
32 88 0 6
32 89 41 37
32 90 82 79
32 91 24 25
32 92 92 89
32 93 52 65
32 94 39 38
32 95 27 27
32 96 17 40
32 97 20 29
32 98 0 20
32 99 60 61
33 34 3 3
33 35 46 49
33 36 85 85
33 37 54 67
33 38 50 51
33 39 80 61
33 40 26 42
33 41 17 25
33 42 20 40
33 43 56 66
33 44 87 84
33 45 79 80
33 46 96 73
33 47 68 60
33 48 62 57
33 49 65 64
33 50 33 28
33 51 89 80
33 52 4 29
33 53 78 83
33 54 52 49
33 55 10 34
33 56 74 72
33 57 37 35
33 58 53 52
33 59 59 50
33 60 85 75
33 61 47 34
33 62 66 75
33 63 42 36
33 64 36 41
33 65 52 56
33 66 34 30
33 67 69 71
33 68 12 22
33 69 13 28
33 70 54 40
33 71 60 53
33 72 50 39
33 73 45 46
33 74 1 28
33 75 6 30
33 76 40 38
33 77 99 89
33 78 51 37
33 79 58 55
33 80 87 76
33 81 69 56
33 82 96 92
33 83 71 61
33 84 72 68
33 85 53 42
33 86 22 24
33 87 56 68
33 88 91 70
33 89 80 75
33 90 85 83
33 91 89 69
33 92 40 57
33 93 6 8
33 94 29 25
33 95 45 56
33 96 8 6
33 97 50 55
33 98 42 42
33 99 96 73
34 35 26 47
34 36 85 60
34 37 35 25
34 38 26 23
34 39 3 16
34 40 69 64
34 41 30 33
34 42 27 19
34 43 58 64
34 44 75 69
34 45 38 35
34 46 32 28
34 47 28 31
34 48 22 44
34 49 86 88
34 50 92 75
34 51 94 68
34 52 14 12
34 53 9 26
34 54 69 74
34 55 76 62
34 56 14 10
34 57 73 79
34 58 94 66
34 59 83 70
34 60 70 63
34 61 1 20
34 62 84 85
34 63 71 53
34 64 2 25
34 65 76 80
34 66 18 23
34 67 13 25
34 68 98 82
34 69 97 68
34 70 15 14
34 71 22 23
34 72 49 55
34 73 22 36
34 74 99 86
34 75 58 64
34 76 35 42
34 77 63 52
34 78 71 76
34 79 80 58
34 80 77 79
34 81 54 45
34 82 7 23
34 83 49 58
34 84 91 78
34 85 1 19
34 86 57 64
34 87 73 67
34 88 22 39
34 89 98 85
34 90 86 85
34 91 55 45
34 92 7 7
34 93 27 27
34 94 86 75
34 95 88 74
34 96 8 10
34 97 66 73
34 98 75 78
34 99 34 44
35 36 40 31
35 37 8 9
35 38 62 71
35 39 51 56
35 40 96 69
35 41 98 89
35 42 15 31
35 43 83 69
35 44 65 64
35 45 33 41
35 46 68 60
35 47 46 39
35 48 23 31
35 49 5 31
35 50 44 53
35 51 29 35
35 52 63 50
35 53 5 4
35 54 25 47
35 55 48 43
35 56 72 68
35 57 84 73
35 58 38 49
35 59 42 53
35 60 25 25
35 61 73 73
35 62 74 58
35 63 38 49
35 64 30 34
35 65 26 34
35 66 61 47
35 67 75 79
35 68 77 70
35 69 29 29
35 70 83 77
35 71 34 44
35 72 82 74
35 73 41 57
35 74 95 95
35 75 8 28
35 76 15 37
35 77 83 60
35 78 58 50
35 79 65 56
35 80 8 13
35 81 32 43
35 82 66 62
35 83 75 66
35 84 64 53
35 85 58 57
35 86 7 15
35 87 83 77
35 88 71 64
35 89 8 22
35 90 37 56
35 91 85 78
35 92 24 37
35 93 30 48
35 94 40 46
35 95 85 86
35 96 91 85
35 97 20 15
35 98 48 48
35 99 52 39
36 37 62 48
36 38 62 46
36 39 86 65
36 40 17 30
36 41 96 89
36 42 19 23
36 43 95 78
36 44 39 57
36 45 35 33
36 46 42 58
36 47 25 45
36 48 92 89
36 49 76 58
36 50 43 30
36 51 69 74
36 52 19 23
36 53 51 38
36 54 74 59
36 55 71 54
36 56 14 17
36 57 9 9
36 58 97 70
36 59 61 67
36 60 28 44
36 61 27 43
36 62 0 27
36 63 32 24
36 64 15 32
36 65 69 68
36 66 43 54
36 67 90 76
36 68 73 75
36 69 53 40
36 70 17 34
36 71 83 60
36 72 46 53
36 73 25 40
36 74 17 31
36 75 60 69
36 76 90 71
36 77 49 46
36 78 63 44
36 79 23 36
36 80 6 5
36 81 56 41
36 82 41 31
36 83 81 73
36 84 28 42
36 85 56 62
36 86 36 38
36 87 84 82
36 88 9 10
36 89 8 27
36 90 42 39
36 91 40 44
36 92 30 40
36 93 13 34
36 94 21 25
36 95 69 55
36 96 28 44
36 97 40 38
36 98 96 91
36 99 70 63
37 38 15 35
37 39 49 38
37 40 56 59
37 41 81 61
37 42 51 45
37 43 83 64
37 44 37 38
37 45 4 27
37 46 35 41
37 47 92 91
37 48 0 3
37 49 65 63
37 50 44 60
37 51 79 82
37 52 51 37
37 53 88 86
37 54 47 37
37 55 65 57
37 56 25 23
37 57 38 31
37 58 12 23
37 59 88 89
37 60 8 22
37 61 1 10
37 62 80 71
37 63 68 54
37 64 33 32
37 65 4 13
37 66 22 21
37 67 82 60
37 68 55 53
37 69 57 41
37 70 38 45
37 71 53 47
37 72 86 75
37 73 87 68
37 74 40 50
37 75 81 74
37 76 15 25
37 77 78 75
37 78 63 48
37 79 70 64
37 80 64 66
37 81 91 67
37 82 29 21
37 83 30 23
37 84 82 73
37 85 32 42
37 86 46 59
37 87 50 48
37 88 82 57
37 89 54 59
37 90 56 58
37 91 96 72
37 92 73 53
37 93 70 49
37 94 54 60
37 95 59 44
37 96 90 83
37 97 70 55
37 98 80 64
37 99 77 71
38 39 19 34
38 40 44 38
38 41 7 20
38 42 93 67
38 43 90 71
38 44 39 47
38 45 20 40
38 46 51 41
38 47 9 27
38 48 59 65
38 49 70 57
38 50 7 24
38 51 62 70
38 52 65 61
38 53 46 59
38 54 87 73
38 55 21 37
38 56 95 74
38 57 58 60
38 58 93 93
38 59 56 63
38 60 1 29
38 61 27 31
38 62 7 14
38 63 10 30
38 64 93 81
38 65 14 36
38 66 63 59
38 67 12 18
38 68 41 48
38 69 28 48
38 70 93 70
38 71 80 56
38 72 97 97
38 73 36 46
38 74 89 66
38 75 94 76
38 76 71 76
38 77 73 53
38 78 9 7
38 79 37 34
38 80 29 36
38 81 91 64
38 82 87 62
38 83 81 86
38 84 21 15
38 85 94 79
38 86 21 16
38 87 99 72
38 88 85 72
38 89 74 77
38 90 21 34
38 91 29 45
38 92 25 19
38 93 17 36
38 94 15 22
38 95 12 13
38 96 24 46
38 97 12 38
38 98 92 79
38 99 3 10
39 40 76 65
39 41 4 30
39 42 66 67
39 43 60 67
39 44 22 35
39 45 43 57
39 46 17 34
39 47 15 28
39 48 11 11
39 49 13 25
39 50 61 66
39 51 81 66
39 52 67 55
39 53 5 8
39 54 77 67
39 55 5 9
39 56 82 78
39 57 30 41
39 58 49 51
39 59 24 46
39 60 28 44
39 61 85 79
39 62 22 21
39 63 67 70
39 64 37 52
39 65 47 53
39 66 11 24
39 67 51 51
39 68 82 74
39 69 95 77
39 70 94 80
39 71 56 64
39 72 85 89
39 73 48 44
39 74 4 24
39 75 77 59
39 76 10 31
39 77 21 16
39 78 25 22
39 79 34 28
39 80 62 57
39 81 70 68
39 82 38 31
39 83 36 52
39 84 68 66
39 85 11 26
39 86 72 61
39 87 32 50
39 88 23 35
39 89 93 71
39 90 68 77
39 91 77 81
39 92 4 9
39 93 73 77
39 94 51 51
39 95 76 67
39 96 97 86
39 97 24 23
39 98 9 23
39 99 35 41
40 41 97 72
40 42 90 93
40 43 71 75
40 44 26 43
40 45 2 10
40 46 4 14
40 47 10 34
40 48 29 46
40 49 84 86
40 50 0 1
40 51 11 13
40 52 82 75
40 53 81 83
40 54 48 49
40 55 18 15
40 56 61 64
40 57 88 62
40 58 71 53
40 59 44 56
40 60 30 49
40 61 21 31
40 62 88 73
40 63 6 18
40 64 80 73
40 65 83 77
40 66 68 69
40 67 9 32
40 68 6 15
40 69 82 82
40 70 46 46
40 71 35 48
40 72 44 60
40 73 65 59
40 74 69 75
40 75 84 65
40 76 10 22
40 77 53 57
40 78 22 37
40 79 48 35
40 80 15 14
40 81 22 19
40 82 82 82
40 83 76 78
40 84 87 82
40 85 62 58
40 86 21 34
40 87 25 42
40 88 62 60
40 89 5 12
40 90 97 85
40 91 71 68
40 92 46 35
40 93 12 39
40 94 75 81
40 95 15 16
40 96 16 33
40 97 47 60
40 98 16 19
40 99 30 28
41 42 72 77
41 43 89 73
41 44 15 18
41 45 96 73
41 46 96 89
41 47 85 75
41 48 48 60
41 49 95 94
41 50 79 64
41 51 24 34
41 52 77 56
41 53 54 50
41 54 77 68
41 55 29 35
41 56 85 63
41 57 34 48
41 58 38 52
41 59 18 24
41 60 99 70
41 61 44 32
41 62 59 46
41 63 40 39
41 64 59 56
41 65 63 48
41 66 65 54
41 67 40 58
41 68 4 18
41 69 75 67
41 70 99 72
41 71 92 67
41 72 86 84
41 73 51 36
41 74 78 70
41 75 81 79
41 76 57 44
41 77 3 11
41 78 2 22
41 79 5 11
41 80 7 9
41 81 86 70
41 82 68 55
41 83 30 38
41 84 26 27
41 85 33 42
41 86 82 61
41 87 58 65
41 88 94 72
41 89 30 31
41 90 83 72
41 91 53 63
41 92 85 71
41 93 38 38
41 94 53 52
41 95 89 68
41 96 12 11
41 97 86 75
41 98 51 55
41 99 13 33
42 43 47 34
42 44 53 49
42 45 22 32
42 46 42 50
42 47 64 47
42 48 65 50
42 49 27 39
42 50 8 12
42 51 11 34
42 52 38 45
42 53 96 91
42 54 91 85
42 55 11 20
42 56 22 26
42 57 57 69
42 58 40 36
42 59 7 18
42 60 39 32
42 61 96 92
42 62 71 51
42 63 95 90
42 64 53 41
42 65 98 86
42 66 15 26
42 67 45 38
42 68 38 32
42 69 86 74
42 70 1 7
42 71 68 66
42 72 40 46
42 73 30 33
42 74 86 73
42 75 61 56
42 76 78 74
42 77 80 69
42 78 31 31
42 79 96 73
42 80 4 22
42 81 62 73
42 82 83 68
42 83 6 9
42 84 26 40
42 85 35 44
42 86 45 51
42 87 79 59
42 88 92 88
42 89 28 38
42 90 92 65
42 91 25 38
42 92 23 34
42 93 57 51
42 94 22 27
42 95 72 77
42 96 5 16
42 97 36 45
42 98 12 12
42 99 70 61
43 44 97 72
43 45 94 92
43 46 30 47
43 47 45 35
43 48 70 64
43 49 91 88
43 50 69 52
43 51 82 81
43 52 11 28
43 53 86 68
43 54 6 27
43 55 73 78
43 56 51 46
43 57 24 25
43 58 97 72
43 59 98 72
43 60 62 45
43 61 35 34
43 62 95 95
43 63 36 36
43 64 85 67
43 65 37 30
43 66 17 23
43 67 48 45
43 68 89 91
43 69 63 51
43 70 41 32
43 71 30 22
43 72 66 59
43 73 61 55
43 74 86 70
43 75 38 45
43 76 12 33
43 77 37 45
43 78 59 70
43 79 49 42
43 80 99 73
43 81 78 74
43 82 67 75
43 83 79 59
43 84 0 22
43 85 36 49
43 86 60 71
43 87 24 21
43 88 51 57
43 89 40 54
43 90 90 85
43 91 62 66
43 92 93 76
43 93 77 60
43 94 50 62
43 95 99 78
43 96 61 56
43 97 54 50
43 98 26 46
43 99 68 63
44 45 42 48
44 46 92 76
44 47 46 35
44 48 72 69
44 49 31 26
44 50 10 29
44 51 48 35
44 52 57 62
44 53 75 57
44 54 60 61
44 55 64 70
44 56 86 63
44 57 3 29
44 58 84 65
44 59 9 7
44 60 77 65
44 61 24 34
44 62 12 15
44 63 64 55
44 64 32 47
44 65 56 61
44 66 27 30
44 67 6 13
44 68 89 71
44 69 50 59
44 70 42 59
44 71 63 47
44 72 75 65
44 73 32 43
44 74 61 59
44 75 29 27
44 76 79 82
44 77 3 15
44 78 48 45
44 79 86 83
44 80 49 41
44 81 46 59
44 82 27 31
44 83 47 44
44 84 83 64
44 85 94 73
44 86 47 58
44 87 27 19
44 88 37 42
44 89 63 47
44 90 13 37
44 91 65 70
44 92 44 44
44 93 62 72
44 94 84 78
44 95 41 43
44 96 92 88
44 97 62 60
44 98 58 53
44 99 71 64
45 46 50 56
45 47 38 46
45 48 98 90
45 49 8 20
45 50 99 77
45 51 33 25
45 52 39 32
45 53 97 70
45 54 9 16
45 55 25 39
45 56 30 25
45 57 74 77
45 58 4 18
45 59 47 48
45 60 51 38
45 61 97 84
45 62 82 76
45 63 53 51
45 64 37 34
45 65 70 72
45 66 17 25
45 67 91 80
45 68 56 53
45 69 59 53
45 70 60 60
45 71 44 55
45 72 54 47
45 73 80 73
45 74 87 61
45 75 32 39
45 76 88 83
45 77 3 26
45 78 17 14
45 79 28 27
45 80 44 35
45 81 66 48
45 82 26 20
45 83 64 65
45 84 77 65
45 85 75 81
45 86 83 63
45 87 31 42
45 88 95 72
45 89 78 77
45 90 29 49
45 91 98 71
45 92 84 69
45 93 70 55
45 94 8 10
45 95 36 38
45 96 25 25
45 97 92 93
45 98 29 29
45 99 93 75
46 47 42 35
46 48 37 48
46 49 23 20
46 50 54 44
46 51 11 20
46 52 82 82
46 53 0 3
46 54 52 46
46 55 41 57
46 56 86 77
46 57 14 15
46 58 71 68
46 59 22 20
46 60 94 69
46 61 52 37
46 62 72 73
46 63 32 42
46 64 14 25
46 65 50 51
46 66 35 38
46 67 47 41
46 68 16 23
46 69 40 39
46 70 4 29
46 71 79 63
46 72 72 79
46 73 21 36
46 74 52 44
46 75 57 41
46 76 66 64
46 77 72 75
46 78 18 40
46 79 41 46
46 80 63 67
46 81 40 49
46 82 83 58
46 83 75 54
46 84 16 12
46 85 60 65
46 86 48 54
46 87 66 73
46 88 29 30
46 89 10 17
46 90 30 41
46 91 83 71
46 92 22 21
46 93 20 35
46 94 10 31
46 95 5 11
46 96 56 68
46 97 98 81
46 98 79 62
46 99 16 20
47 48 49 36
47 49 82 62
47 50 95 87
47 51 59 44
47 52 97 77
47 53 61 48
47 54 7 25
47 55 2 27
47 56 19 23
47 57 76 66
47 58 14 28
47 59 98 85
47 60 68 59
47 61 6 11
47 62 88 91
47 63 31 44
47 64 96 74
47 65 30 44
47 66 99 78
47 67 35 45
47 68 46 61
47 69 64 56
47 70 72 73
47 71 94 86
47 72 49 53
47 73 49 59
47 74 97 79
47 75 51 39
47 76 9 30
47 77 50 52
47 78 92 91
47 79 83 79
47 80 6 31
47 81 56 57
47 82 94 73
47 83 17 28
47 84 86 86
47 85 11 31
47 86 93 86
47 87 51 60
47 88 62 63
47 89 40 53
47 90 85 86
47 91 65 72
47 92 85 78
47 93 35 43
47 94 46 43
47 95 14 36
47 96 69 69
47 97 12 17
47 98 77 76
47 99 11 18
48 49 79 66
48 50 53 63
48 51 29 38
48 52 56 42
48 53 82 69
48 54 8 33
48 55 83 78
48 56 18 22
48 57 63 59
48 58 11 21
48 59 45 47
48 60 72 74
48 61 47 47
48 62 64 48
48 63 42 44
48 64 67 55
48 65 50 57
48 66 84 63
48 67 21 41
48 68 24 44
48 69 32 49
48 70 33 41
48 71 91 65
48 72 91 76
48 73 70 59
48 74 73 74
48 75 16 35
48 76 67 50
48 77 41 53
48 78 13 14
48 79 96 81
48 80 70 67
48 81 87 63
48 82 78 68
48 83 99 72
48 84 32 41
48 85 86 77
48 86 44 34
48 87 24 43
48 88 90 92
48 89 54 46
48 90 61 62
48 91 83 74
48 92 69 74
48 93 82 74
48 94 65 57
48 95 86 82
48 96 94 73
48 97 74 79
48 98 48 54
48 99 40 30
49 50 83 73
49 51 11 21
49 52 14 39
49 53 86 63
49 54 96 97
49 55 18 28
49 56 70 71
49 57 18 24
49 58 4 4
49 59 41 43
49 60 27 47
49 61 31 45
49 62 41 57
49 63 36 40
49 64 16 39
49 65 13 16
49 66 14 23
49 67 65 53
49 68 89 72
49 69 79 79
49 70 88 67
49 71 77 81
49 72 31 39
49 73 18 22
49 74 21 22
49 75 6 32
49 76 58 42
49 77 71 63
49 78 21 23
49 79 54 50
49 80 10 21
49 81 74 61
49 82 56 56
49 83 71 67
49 84 5 25
49 85 56 66
49 86 41 49
49 87 31 28
49 88 45 56
49 89 87 68
49 90 0 11
49 91 10 34
49 92 50 40
49 93 61 47
49 94 80 85
49 95 25 36
49 96 7 17
49 97 43 57
49 98 98 74
49 99 61 72
50 51 12 16
50 52 39 32
50 53 20 36
50 54 85 89
50 55 55 45
50 56 49 59
50 57 76 71
50 58 92 80
50 59 70 69
50 60 31 28
50 61 28 45
50 62 74 66
50 63 41 32
50 64 88 80
50 65 85 68
50 66 38 28
50 67 4 24
50 68 23 37
50 69 27 28
50 70 62 73
50 71 15 35
50 72 86 87
50 73 87 75
50 74 67 65
50 75 89 63
50 76 32 39
50 77 22 32
50 78 67 77
50 79 10 31
50 80 49 42
50 81 46 37
50 82 12 33
50 83 88 91
50 84 94 83
50 85 14 29
50 86 6 8
50 87 19 24
50 88 28 35
50 89 26 34
50 90 84 63
50 91 33 46
50 92 1 12
50 93 61 69
50 94 57 40
50 95 76 70
50 96 4 26
50 97 79 67
50 98 6 10
50 99 8 21
51 52 14 39
51 53 84 68
51 54 36 26
51 55 56 60
51 56 32 26
51 57 31 32
51 58 43 58
51 59 99 94
51 60 23 20
51 61 82 72
51 62 86 72
51 63 86 64
51 64 27 38
51 65 22 24
51 66 61 59
51 67 36 50
51 68 64 57
51 69 50 42
51 70 15 11
51 71 86 68
51 72 90 79
51 73 13 32
51 74 87 70
51 75 15 38
51 76 57 46
51 77 72 74
51 78 36 42
51 79 55 44
51 80 8 15
51 81 2 30
51 82 45 51
51 83 53 43
51 84 8 23
51 85 49 35
51 86 32 42
51 87 90 79
51 88 53 60
51 89 66 67
51 90 28 42
51 91 63 65
51 92 52 55
51 93 83 70
51 94 43 44
51 95 58 56
51 96 52 60
51 97 85 87
51 98 93 89
51 99 43 33
52 53 83 72
52 54 30 41
52 55 69 61
52 56 92 73
52 57 12 36
52 58 17 37
52 59 21 43
52 60 81 71
52 61 71 54
52 62 26 33
52 63 2 26
52 64 6 6
52 65 43 55
52 66 56 50
52 67 1 11
52 68 84 60
52 69 56 53
52 70 50 48
52 71 55 53
52 72 25 38
52 73 28 26
52 74 92 81
52 75 80 76
52 76 46 40
52 77 72 55
52 78 3 15
52 79 96 70
52 80 4 14
52 81 11 16
52 82 13 37
52 83 51 56
52 84 10 35
52 85 19 16
52 86 49 55
52 87 93 66
52 88 63 54
52 89 77 73
52 90 56 43
52 91 81 82
52 92 24 31
52 93 11 31
52 94 45 46
52 95 32 42
52 96 16 25
52 97 53 60
52 98 45 46
52 99 76 60
53 54 3 18
53 55 76 58
53 56 51 44
53 57 52 62
53 58 8 19
53 59 11 13
53 60 43 34
53 61 49 60
53 62 3 23
53 63 8 8
53 64 60 69
53 65 63 68
53 66 30 27
53 67 72 54
53 68 43 39
53 69 51 46
53 70 16 21
53 71 89 92
53 72 63 58
53 73 1 29
53 74 81 59
53 75 59 63
53 76 16 17
53 77 77 64
53 78 52 50
53 79 87 76
53 80 15 30
53 81 52 49
53 82 52 51
53 83 60 71
53 84 53 44
53 85 34 28
53 86 81 74
53 87 45 41
53 88 79 71
53 89 90 74
53 90 90 86
53 91 22 19
53 92 37 51
53 93 38 34
53 94 34 35
53 95 84 81
53 96 53 38
53 97 71 63
53 98 11 36
53 99 16 19
54 55 38 37
54 56 93 71
54 57 70 70
54 58 35 52
54 59 86 63
54 60 7 21
54 61 55 56
54 62 49 60
54 63 64 62
54 64 54 47
54 65 6 28
54 66 36 26
54 67 95 70
54 68 36 27
54 69 19 23
54 70 98 72
54 71 6 10
54 72 25 36
54 73 2 2
54 74 15 37
54 75 54 54
54 76 9 17
54 77 4 21
54 78 76 61
54 79 63 50
54 80 1 3
54 81 73 74
54 82 33 50
54 83 53 62
54 84 45 49
54 85 26 23
54 86 35 31
54 87 64 65
54 88 84 82
54 89 31 22
54 90 91 83
54 91 71 76
54 92 27 27
54 93 8 23
54 94 79 70
54 95 95 74
54 96 61 43
54 97 15 33
54 98 52 63
54 99 8 9
55 56 3 28
55 57 36 34
55 58 12 16
55 59 57 40
55 60 74 67
55 61 78 65
55 62 22 17
55 63 17 24
55 64 67 57
55 65 47 59
55 66 23 32
55 67 95 79
55 68 36 33
55 69 79 57
55 70 78 68
55 71 78 74
55 72 6 19
55 73 97 83
55 74 14 32
55 75 43 45
55 76 14 34
55 77 19 19
55 78 30 46
55 79 74 72
55 80 62 47
55 81 71 78
55 82 97 87
55 83 3 30
55 84 3 18
55 85 50 38
55 86 54 64
55 87 16 16
55 88 74 81
55 89 40 43
55 90 71 52
55 91 42 52
55 92 30 33
55 93 58 69
55 94 43 56
55 95 53 67
55 96 35 33
55 97 12 9
55 98 81 85
55 99 76 60
56 57 78 82
56 58 65 49
56 59 16 15
56 60 37 30
56 61 27 45
56 62 0 10
56 63 98 89
56 64 37 32
56 65 36 31
56 66 24 32
56 67 77 71
56 68 57 45
56 69 35 48
56 70 10 36
56 71 83 60
56 72 59 60
56 73 89 92
56 74 27 47
56 75 89 69
56 76 50 49
56 77 52 55
56 78 65 58
56 79 34 42
56 80 87 86
56 81 84 68
56 82 68 65
56 83 92 92
56 84 92 93
56 85 79 65
56 86 36 41
56 87 39 35
56 88 68 71
56 89 87 90
56 90 13 31
56 91 82 60
56 92 23 20
56 93 36 31
56 94 19 39
56 95 10 33
56 96 46 51
56 97 51 55
56 98 3 2
56 99 61 58
57 58 58 70
57 59 7 9
57 60 90 75
57 61 67 70
57 62 29 48
57 63 2 31
57 64 76 62
57 65 2 12
57 66 32 24
57 67 31 41
57 68 34 51
57 69 29 39
57 70 1 28
57 71 18 40
57 72 73 66
57 73 59 61
57 74 55 55
57 75 99 89
57 76 29 45
57 77 14 33
57 78 42 42
57 79 25 22
57 80 47 51
57 81 31 42
57 82 15 38
57 83 17 31
57 84 48 57
57 85 55 66
57 86 90 71
57 87 56 60
57 88 15 35
57 89 26 30
57 90 96 94
57 91 15 17
57 92 52 52
57 93 35 37
57 94 67 50
57 95 24 25
57 96 10 27
57 97 55 47
57 98 93 66
57 99 58 66
58 59 79 56
58 60 59 63
58 61 15 28
58 62 21 29
58 63 36 34
58 64 16 21
58 65 61 55
58 66 98 91
58 67 43 46
58 68 38 29
58 69 9 12
58 70 2 24
58 71 50 35
58 72 69 75
58 73 74 71
58 74 16 11
58 75 49 37
58 76 63 61
58 77 14 32
58 78 20 23
58 79 6 18
58 80 68 68
58 81 22 18
58 82 21 22
58 83 99 77
58 84 24 42
58 85 22 23
58 86 1 19
58 87 17 35
58 88 65 59
58 89 3 29
58 90 9 30
58 91 45 58
58 92 25 43
58 93 71 71
58 94 20 25
58 95 88 85
58 96 36 48
58 97 63 49
58 98 13 38
58 99 24 27
59 60 6 13
59 61 62 68
59 62 41 46
59 63 12 13
59 64 51 57
59 65 74 73
59 66 31 42
59 67 83 81
59 68 46 42
59 69 41 41
59 70 74 64
59 71 13 16
59 72 81 75
59 73 0 7
59 74 69 65
59 75 12 14
59 76 51 44
59 77 87 63
59 78 40 35
59 79 73 61
59 80 91 75
59 81 4 29
59 82 56 65
59 83 74 54
59 84 29 41
59 85 42 56
59 86 1 22
59 87 44 32
59 88 33 51
59 89 82 76
59 90 16 31
59 91 41 52
59 92 20 38
59 93 94 91
59 94 77 62
59 95 19 23
59 96 95 71
59 97 38 41
59 98 29 46
59 99 16 27
60 61 39 49
60 62 73 78
60 63 30 25
60 64 93 74
60 65 63 65
60 66 9 33
60 67 43 41
60 68 15 27
60 69 16 30
60 70 83 78
60 71 92 71
60 72 34 40
60 73 13 38
60 74 87 86
60 75 28 31
60 76 68 77
60 77 48 39
60 78 70 53
60 79 79 69
60 80 9 30
60 81 41 52
60 82 93 77
60 83 5 21
60 84 99 83
60 85 68 53
60 86 92 83
60 87 88 72
60 88 53 60
60 89 24 18
60 90 32 35
60 91 94 76
60 92 48 36
60 93 69 70
60 94 87 61
60 95 95 92
60 96 58 52
60 97 84 76
60 98 17 15
60 99 73 70
61 62 68 75
61 63 85 86
61 64 17 16
61 65 98 74
61 66 42 53
61 67 35 42
61 68 7 31
61 69 26 30
61 70 41 41
61 71 22 24
61 72 49 35
61 73 32 30
61 74 11 28
61 75 79 71
61 76 43 54
61 77 0 13
61 78 21 33
61 79 97 81
61 80 18 24
61 81 35 40
61 82 75 75
61 83 69 77
61 84 12 30
61 85 53 37
61 86 61 71
61 87 23 28
61 88 35 31
61 89 55 50
61 90 67 66
61 91 89 69
61 92 94 85
61 93 50 44
61 94 43 54
61 95 89 68
61 96 88 77
61 97 82 79
61 98 5 16
61 99 65 72
62 63 89 86
62 64 18 16
62 65 73 56
62 66 6 15
62 67 47 48
62 68 9 25
62 69 70 62
62 70 74 63
62 71 22 19
62 72 35 28
62 73 11 30
62 74 69 64
62 75 43 35
62 76 9 31
62 77 36 37
62 78 36 31
62 79 62 71
62 80 77 82
62 81 3 18
62 82 77 56
62 83 54 45
62 84 2 10
62 85 11 23
62 86 75 78
62 87 44 33
62 88 62 60
62 89 18 28
62 90 0 4
62 91 92 69
62 92 97 69
62 93 82 68
62 94 36 35
62 95 78 83
62 96 80 63
62 97 49 42
62 98 33 50
62 99 42 33
63 64 46 39
63 65 19 32
63 66 84 62
63 67 77 55
63 68 8 21
63 69 47 52
63 70 38 37
63 71 89 88
63 72 37 52
63 73 19 27
63 74 96 78
63 75 46 54
63 76 73 57
63 77 55 63
63 78 45 47
63 79 48 46
63 80 74 65
63 81 99 92
63 82 69 58
63 83 45 54
63 84 48 46
63 85 76 68
63 86 24 21
63 87 88 73
63 88 52 40
63 89 52 39
63 90 67 59
63 91 77 77
63 92 31 33
63 93 62 60
63 94 12 38
63 95 29 39
63 96 31 32
63 97 3 3
63 98 23 16
63 99 99 76
64 65 78 82
64 66 0 13
64 67 52 51
64 68 74 59
64 69 84 80
64 70 78 68
64 71 4 17
64 72 33 26
64 73 24 34
64 74 20 29
64 75 71 56
64 76 50 37
64 77 58 63
64 78 63 48
64 79 12 21
64 80 53 65
64 81 62 46
64 82 64 47
64 83 48 47
64 84 65 65
64 85 68 57
64 86 26 27
64 87 16 12
64 88 69 59
64 89 47 54
64 90 64 65
64 91 48 53
64 92 30 26
64 93 14 22
64 94 22 16
64 95 55 60
64 96 91 72
64 97 29 20
64 98 23 34
64 99 48 40
65 66 87 70
65 67 20 15
65 68 51 51
65 69 14 14
65 70 32 52
65 71 27 48
65 72 70 61
65 73 11 14
65 74 9 31
65 75 28 31
65 76 81 65
65 77 21 32
65 78 12 21
65 79 17 31
65 80 85 65
65 81 82 81
65 82 75 74
65 83 91 70
65 84 47 34
65 85 13 12
65 86 36 48
65 87 80 78
65 88 94 95
65 89 9 29
65 90 39 35
65 91 6 29
65 92 67 54
65 93 12 15
65 94 71 74
65 95 67 62
65 96 49 46
65 97 5 9
65 98 54 50
65 99 48 36
66 67 1 9
66 68 46 59
66 69 10 36
66 70 63 60
66 71 17 18
66 72 81 75
66 73 82 77
66 74 3 19
66 75 65 46
66 76 80 59
66 77 66 62
66 78 9 15
66 79 91 85
66 80 88 85
66 81 91 85
66 82 49 63
66 83 74 53
66 84 3 32
66 85 16 35
66 86 8 10
66 87 87 64
66 88 94 75
66 89 35 38
66 90 76 62
66 91 31 50
66 92 70 67
66 93 61 63
66 94 53 44
66 95 53 58
66 96 14 25
66 97 85 70
66 98 68 52
66 99 9 21
67 68 19 25
67 69 60 52
67 70 52 37
67 71 75 63
67 72 13 34
67 73 68 66
67 74 5 32
67 75 6 12
67 76 37 27
67 77 7 8
67 78 8 15
67 79 29 39
67 80 62 45
67 81 56 55
67 82 86 88
67 83 57 52
67 84 83 64
67 85 75 54
67 86 20 15
67 87 12 38
67 88 87 72
67 89 21 32
67 90 46 38
67 91 32 26
67 92 40 44
67 93 25 32
67 94 40 41
67 95 0 12
67 96 91 89
67 97 81 68
67 98 80 57
67 99 7 8
68 69 23 36
68 70 80 64
68 71 56 47
68 72 62 73
68 73 67 67
68 74 77 76
68 75 98 70
68 76 67 56
68 77 91 89
68 78 79 66
68 79 59 60
68 80 94 90
68 81 39 36
68 82 83 79
68 83 81 84
68 84 17 23
68 85 68 53
68 86 54 65
68 87 88 88
68 88 57 43
68 89 83 72
68 90 12 22
68 91 77 80
68 92 19 28
68 93 62 73
68 94 49 59
68 95 78 65
68 96 42 34
68 97 22 44
68 98 97 83
68 99 75 78
69 70 80 67
69 71 91 75
69 72 66 62
69 73 66 50
69 74 60 65
69 75 25 33
69 76 58 57
69 77 27 34
69 78 22 38
69 79 24 45
69 80 91 84
69 81 17 18
69 82 43 46
69 83 52 52
69 84 24 42
69 85 78 55
69 86 83 84
69 87 92 68
69 88 95 70
69 89 49 56
69 90 36 40
69 91 70 57
69 92 29 26
69 93 31 42
69 94 41 32
69 95 6 25
69 96 6 9
69 97 83 75
69 98 61 45
69 99 36 28
70 71 84 63
70 72 86 64
70 73 33 42
70 74 91 74
70 75 28 26
70 76 4 27
70 77 44 53
70 78 7 25
70 79 20 27
70 80 5 13
70 81 88 91
70 82 58 60
70 83 35 54
70 84 62 45
70 85 91 82
70 86 47 58
70 87 9 24
70 88 59 64
70 89 91 85
70 90 0 4
70 91 35 53
70 92 33 24
70 93 64 56
70 94 59 48
70 95 48 47
70 96 74 77
70 97 42 33
70 98 60 43
70 99 9 18
71 72 53 61
71 73 28 22
71 74 18 17
71 75 11 9
71 76 39 53
71 77 95 88
71 78 6 29
71 79 77 83
71 80 53 39
71 81 40 53
71 82 59 48
71 83 16 15
71 84 99 88
71 85 67 68
71 86 55 56
71 87 25 26
71 88 69 70
71 89 34 26
71 90 31 23
71 91 18 27
71 92 87 66
71 93 40 33
71 94 12 12
71 95 36 40
71 96 77 79
71 97 95 85
71 98 38 55
71 99 82 77
72 73 68 58
72 74 57 45
72 75 59 65
72 76 27 45
72 77 90 91
72 78 66 71
72 79 67 62
72 80 32 47
72 81 56 40
72 82 46 56
72 83 79 62
72 84 8 32
72 85 74 56
72 86 37 43
72 87 12 34
72 88 0 5
72 89 68 57
72 90 71 80
72 91 36 40
72 92 31 50
72 93 91 72
72 94 48 57
72 95 19 32
72 96 93 84
72 97 11 20
72 98 83 84
72 99 47 62
73 74 81 79
73 75 80 61
73 76 83 69
73 77 73 75
73 78 17 28
73 79 73 71
73 80 1 30
73 81 27 24
73 82 43 51
73 83 15 13
73 84 10 36
73 85 62 65
73 86 27 37
73 87 51 36
73 88 15 22
73 89 27 43
73 90 63 73
73 91 59 50
73 92 27 44
73 93 69 69
73 94 52 36
73 95 48 43
73 96 93 71
73 97 20 21
73 98 19 18
73 99 38 33
74 75 97 89
74 76 89 86
74 77 26 35
74 78 91 66
74 79 33 49
74 80 32 34
74 81 69 78
74 82 28 38
74 83 82 62
74 84 48 43
74 85 0 5
74 86 40 51
74 87 95 69
74 88 9 11
74 89 98 82
74 90 72 65
74 91 94 93
74 92 90 65
74 93 13 22
74 94 78 58
74 95 13 18
74 96 80 83
74 97 39 33
74 98 18 32
74 99 87 71
75 76 97 73
75 77 98 93
75 78 83 87
75 79 72 67
75 80 86 64
75 81 62 64
75 82 98 77
75 83 82 67
75 84 43 38
75 85 72 73
75 86 2 20
75 87 66 61
75 88 32 47
75 89 30 30
75 90 41 29
75 91 15 15
75 92 51 48
75 93 89 76
75 94 25 31
75 95 69 65
75 96 19 28
75 97 47 34
75 98 48 58
75 99 12 22
76 77 54 59
76 78 52 45
76 79 20 24
76 80 37 42
76 81 44 41
76 82 58 52
76 83 67 60
76 84 69 75
76 85 61 68
76 86 26 19
76 87 38 32
76 88 82 66
76 89 22 41
76 90 55 67
76 91 64 66
76 92 94 89
76 93 15 40
76 94 32 25
76 95 9 23
76 96 79 61
76 97 73 57
76 98 33 36
76 99 73 79
77 78 46 33
77 79 40 36
77 80 81 63
77 81 40 37
77 82 36 54
77 83 16 27
77 84 29 42
77 85 88 74
77 86 46 36
77 87 57 46
77 88 41 58
77 89 34 53
77 90 82 58
77 91 42 43
77 92 83 65
77 93 74 66
77 94 77 74
77 95 18 34
77 96 35 52
77 97 12 8
77 98 70 55
77 99 65 69
78 79 63 53
78 80 57 45
78 81 63 62
78 82 14 10
78 83 18 28
78 84 56 68
78 85 0 21
78 86 85 69
78 87 83 62
78 88 41 51
78 89 99 83
78 90 39 43
78 91 1 2
78 92 22 38
78 93 19 16
78 94 22 24
78 95 18 23
78 96 55 49
78 97 90 78
78 98 66 67
78 99 17 20
79 80 24 47
79 81 32 40
79 82 23 40
79 83 72 63
79 84 56 58
79 85 94 75
79 86 21 35
79 87 49 52
79 88 50 56
79 89 88 86
79 90 28 39
79 91 26 20
79 92 48 60
79 93 5 31
79 94 18 30
79 95 44 55
79 96 82 62
79 97 19 37
79 98 37 38
79 99 80 85
80 81 45 61
80 82 73 61
80 83 65 47
80 84 45 43
80 85 31 37
80 86 47 60
80 87 10 34
80 88 75 73
80 89 33 44
80 90 51 55
80 91 46 54
80 92 42 30
80 93 72 78
80 94 60 44
80 95 78 70
80 96 82 63
80 97 67 63
80 98 53 41
80 99 91 67
81 82 30 27
81 83 58 43
81 84 5 6
81 85 98 91
81 86 83 83
81 87 67 61
81 88 70 64
81 89 34 39
81 90 44 34
81 91 17 14
81 92 92 87
81 93 50 58
81 94 35 41
81 95 22 35
81 96 76 66
81 97 42 55
81 98 52 54
81 99 53 47
82 83 55 67
82 84 33 31
82 85 22 35
82 86 71 77
82 87 28 39
82 88 35 28
82 89 65 62
82 90 78 71
82 91 52 64
82 92 71 77
82 93 0 10
82 94 95 82
82 95 45 56
82 96 81 82
82 97 61 55
82 98 92 92
82 99 72 61
83 84 83 71
83 85 95 73
83 86 77 76
83 87 64 45
83 88 0 3
83 89 3 5
83 90 65 69
83 91 38 32
83 92 56 54
83 93 42 45
83 94 72 79
83 95 89 73
83 96 44 41
83 97 92 73
83 98 88 83
83 99 65 47
84 85 47 51
84 86 3 15
84 87 64 74
84 88 65 52
84 89 71 51
84 90 61 62
84 91 87 82
84 92 20 32
84 93 61 43
84 94 5 30
84 95 98 80
84 96 20 28
84 97 34 32
84 98 31 41
84 99 85 62
85 86 79 74
85 87 7 17
85 88 49 49
85 89 67 72
85 90 61 57
85 91 37 27
85 92 58 67
85 93 64 55
85 94 11 29
85 95 41 38
85 96 26 46
85 97 55 50
85 98 74 79
85 99 74 67
86 87 45 51
86 88 52 59
86 89 43 60
86 90 20 17
86 91 49 63
86 92 95 94
86 93 29 45
86 94 14 18
86 95 37 29
86 96 19 16
86 97 21 36
86 98 49 43
86 99 2 16
87 88 0 19
87 89 79 78
87 90 68 58
87 91 55 49
87 92 18 41
87 93 66 58
87 94 46 51
87 95 27 45
87 96 71 76
87 97 13 20
87 98 14 10
87 99 37 38
88 89 93 76
88 90 24 21
88 91 56 58
88 92 44 42
88 93 62 53
88 94 87 86
88 95 63 50
88 96 44 52
88 97 72 71
88 98 69 64
88 99 84 79
89 90 11 28
89 91 81 78
89 92 8 24
89 93 30 43
89 94 66 61
89 95 38 38
89 96 96 73
89 97 41 42
89 98 76 69
89 99 79 83
90 91 19 14
90 92 52 60
90 93 97 93
90 94 20 23
90 95 68 48
90 96 69 66
90 97 94 93
90 98 56 51
90 99 70 69
91 92 74 63
91 93 62 62
91 94 57 57
91 95 16 27
91 96 84 69
91 97 23 27
91 98 20 36
91 99 38 53
92 93 23 38
92 94 46 34
92 95 78 68
92 96 2 25
92 97 31 44
92 98 44 39
92 99 52 42
93 94 83 79
93 95 5 5
93 96 57 50
93 97 35 45
93 98 80 69
93 99 69 72
94 95 81 61
94 96 37 35
94 97 88 79
94 98 32 50
94 99 89 89
95 96 28 20
95 97 18 21
95 98 54 50
95 99 92 73
96 97 2 11
96 98 61 64
96 99 29 24
97 98 65 69
97 99 86 62
98 99 75 52
