100
0 1 24 54
0 2 59 74
0 3 10 46
0 4 22 57
0 5 0 50
0 6 60 37
0 7 65 27
0 8 52 16
0 9 85 77
0 10 22 56
0 11 88 68
0 12 22 48
0 13 83 66
0 14 8 2
0 15 52 79
0 16 95 46
0 17 41 47
0 18 17 51
0 19 15 17
0 20 63 24
0 21 6 26
0 22 25 30
0 23 45 30
0 24 63 22
0 25 62 43
0 26 44 38
0 27 94 95
0 28 94 66
0 29 26 39
0 30 88 74
0 31 72 39
0 32 2 65
0 33 37 44
0 34 88 72
0 35 78 62
0 36 7 68
0 37 35 43
0 38 27 57
0 39 36 77
0 40 47 50
0 41 83 51
0 42 32 19
0 43 17 61
0 44 21 47
0 45 54 63
0 46 66 88
0 47 55 33
0 48 60 51
0 49 1 6
0 50 92 79
0 51 97 33
0 52 22 52
0 53 93 66
0 54 55 78
0 55 71 65
0 56 5 8
0 57 2 11
0 58 54 81
0 59 58 67
0 60 40 61
0 61 88 70
0 62 75 72
0 63 4 63
0 64 13 27
0 65 91 47
0 66 16 47
0 67 96 82
0 68 66 71
0 69 54 37
0 70 95 53
0 71 37 41
0 72 64 61
0 73 8 44
0 74 85 33
0 75 19 42
0 76 63 67
0 77 83 34
0 78 36 68
0 79 82 64
0 80 22 43
0 81 50 78
0 82 62 41
0 83 82 92
0 84 2 58
0 85 79 49
0 86 84 62
0 87 22 71
0 88 97 54
0 89 62 44
0 90 77 64
0 91 81 42
0 92 62 38
0 93 97 80
0 94 90 74
0 95 54 67
0 96 82 54
0 97 89 36
0 98 73 35
0 99 1 22
1 2 26 54
1 3 44 20
1 4 93 31
1 5 37 74
1 6 84 33
1 7 20 58
1 8 65 51
1 9 81 28
1 10 52 27
1 11 15 37
1 12 52 59
1 13 86 52
1 14 66 84
1 15 56 67
1 16 38 13
1 17 14 74
1 18 64 23
1 19 71 78
1 20 60 47
1 21 26 66
1 22 33 29
1 23 57 75
1 24 80 29
1 25 65 41
1 26 9 11
1 27 3 24
1 28 3 56
1 29 90 84
1 30 54 59
1 31 68 21
1 32 35 37
1 33 80 71
1 34 47 55
1 35 31 25
1 36 68 45
1 37 44 42
1 38 79 83
1 39 37 79
1 40 2 63
1 41 25 10
1 42 22 29
1 43 45 62
1 44 82 52
1 45 98 40
1 46 51 41
1 47 79 89
1 48 95 45
1 49 65 52
1 50 60 47
1 51 40 79
1 52 31 46
1 53 67 90
1 54 5 22
1 55 27 38
1 56 96 44
1 57 22 55
1 58 10 40
1 59 62 50
1 60 68 60
1 61 84 44
1 62 77 23
1 63 83 94
1 64 82 32
1 65 23 62
1 66 36 76
1 67 90 96
1 68 31 42
1 69 37 19
1 70 45 51
1 71 60 81
1 72 6 66
1 73 4 56
1 74 2 22
1 75 81 74
1 76 39 62
1 77 28 67
1 78 27 43
1 79 31 10
1 80 7 59
1 81 16 44
1 82 97 50
1 83 83 77
1 84 42 31
1 85 78 37
1 86 20 36
1 87 64 75
1 88 31 56
1 89 33 28
1 90 31 46
1 91 94 54
1 92 6 54
1 93 46 21
1 94 97 68
1 95 42 38
1 96 3 64
1 97 19 63
1 98 78 32
1 99 12 33
2 3 59 29
2 4 65 43
2 5 89 95
2 6 39 61
2 7 18 51
2 8 31 44
2 9 57 83
2 10 38 31
2 11 2 25
2 12 76 75
2 13 92 28
2 14 58 37
2 15 89 28
2 16 85 93
2 17 27 12
2 18 59 43
2 19 60 28
2 20 49 60
2 21 93 87
2 22 22 34
2 23 71 44
2 24 70 52
2 25 14 65
2 26 9 66
2 27 3 34
2 28 92 83
2 29 19 66
2 30 89 70
2 31 19 68
2 32 88 57
2 33 9 50
2 34 41 41
2 35 51 82
2 36 26 26
2 37 7 48
2 38 11 65
2 39 71 85
2 40 44 35
2 41 69 85
2 42 49 30
2 43 60 19
2 44 96 61
2 45 14 51
2 46 5 61
2 47 53 47
2 48 86 75
2 49 64 86
2 50 46 60
2 51 83 27
2 52 68 41
2 53 23 7
2 54 19 75
2 55 28 60
2 56 62 63
2 57 33 48
2 58 42 45
2 59 83 34
2 60 76 27
2 61 9 61
2 62 2 70
2 63 43 80
2 64 42 19
2 65 40 77
2 66 89 95
2 67 15 60
2 68 25 45
2 69 32 52
2 70 5 7
2 71 91 52
2 72 60 68
2 73 60 25
2 74 52 63
2 75 34 52
2 76 20 17
2 77 15 56
2 78 75 82
2 79 84 88
2 80 7 14
2 81 92 42
2 82 22 22
2 83 65 88
2 84 44 76
2 85 79 60
2 86 0 41
2 87 67 71
2 88 16 39
2 89 89 92
2 90 69 84
2 91 34 68
2 92 93 66
2 93 49 44
2 94 46 74
2 95 26 66
2 96 30 16
2 97 47 51
2 98 94 67
2 99 95 28
3 4 83 27
3 5 65 25
3 6 31 77
3 7 42 71
3 8 58 83
3 9 32 13
3 10 98 95
3 11 77 78
3 12 85 75
3 13 96 69
3 14 95 43
3 15 90 74
3 16 73 54
3 17 67 65
3 18 36 11
3 19 26 75
3 20 15 33
3 21 5 67
3 22 62 34
3 23 4 29
3 24 19 18
3 25 78 85
3 26 15 46
3 27 23 40
3 28 52 67
3 29 50 42
3 30 42 13
3 31 58 35
3 32 48 79
3 33 4 43
3 34 23 25
3 35 89 85
3 36 65 33
3 37 84 52
3 38 88 68
3 39 35 60
3 40 57 81
3 41 53 60
3 42 1 47
3 43 86 44
3 44 5 64
3 45 53 82
3 46 21 47
3 47 83 37
3 48 5 60
3 49 25 49
3 50 69 60
3 51 52 27
3 52 79 82
3 53 15 13
3 54 62 52
3 55 41 39
3 56 32 41
3 57 48 21
3 58 13 25
3 59 80 47
3 60 99 94
3 61 13 7
3 62 79 93
3 63 47 81
3 64 22 9
3 65 27 26
3 66 51 57
3 67 60 81
3 68 40 62
3 69 78 46
3 70 11 5
3 71 96 61
3 72 87 95
3 73 86 62
3 74 80 85
3 75 73 86
3 76 19 51
3 77 41 54
3 78 21 32
3 79 66 51
3 80 2 2
3 81 97 97
3 82 4 10
3 83 3 35
3 84 8 54
3 85 82 68
3 86 68 37
3 87 97 77
3 88 17 63
3 89 43 73
3 90 53 82
3 91 49 48
3 92 44 50
3 93 18 73
3 94 18 18
3 95 67 57
3 96 91 85
3 97 43 72
3 98 82 27
3 99 49 20
4 5 22 69
4 6 13 14
4 7 18 63
4 8 24 19
4 9 19 14
4 10 83 82
4 11 88 53
4 12 54 79
4 13 24 22
4 14 17 65
4 15 2 20
4 16 81 36
4 17 51 39
4 18 18 46
4 19 84 53
4 20 59 84
4 21 24 60
4 22 48 69
4 23 29 28
4 24 84 89
4 25 57 37
4 26 2 41
4 27 67 58
4 28 99 56
4 29 16 18
4 30 35 73
4 31 25 12
4 32 77 75
4 33 35 58
4 34 80 73
4 35 62 37
4 36 5 24
4 37 21 66
4 38 29 33
4 39 53 25
4 40 14 13
4 41 93 28
4 42 80 84
4 43 30 17
4 44 66 77
4 45 5 33
4 46 52 30
4 47 85 35
4 48 58 83
4 49 87 68
4 50 59 83
4 51 32 16
4 52 31 63
4 53 3 15
4 54 79 42
4 55 43 81
4 56 52 32
4 57 9 47
4 58 82 47
4 59 71 23
4 60 92 39
4 61 80 70
4 62 63 25
4 63 16 60
4 64 76 58
4 65 24 60
4 66 21 22
4 67 73 71
4 68 1 5
4 69 35 38
4 70 28 39
4 71 94 50
4 72 27 76
4 73 8 57
4 74 67 89
4 75 69 27
4 76 21 35
4 77 74 79
4 78 15 7
4 79 1 67
4 80 21 70
4 81 33 64
4 82 71 23
4 83 66 38
4 84 22 68
4 85 19 30
4 86 99 67
4 87 16 20
4 88 79 57
4 89 70 87
4 90 61 53
4 91 45 51
4 92 2 20
4 93 95 94
4 94 41 13
4 95 18 67
4 96 48 21
4 97 54 71
4 98 9 20
4 99 13 24
5 6 1 55
5 7 3 34
5 8 11 30
5 9 55 48
5 10 42 53
5 11 40 62
5 12 18 16
5 13 98 69
5 14 55 64
5 15 3 25
5 16 45 19
5 17 3 65
5 18 8 67
5 19 32 74
5 20 41 38
5 21 57 23
5 22 0 66
5 23 70 37
5 24 83 51
5 25 19 38
5 26 49 16
5 27 33 74
5 28 18 70
5 29 4 51
5 30 89 77
5 31 14 9
5 32 97 79
5 33 87 61
5 34 39 42
5 35 63 64
5 36 71 88
5 37 66 75
5 38 51 61
5 39 38 33
5 40 82 89
5 41 27 12
5 42 11 71
5 43 54 75
5 44 54 41
5 45 68 52
5 46 98 50
5 47 90 62
5 48 48 78
5 49 80 35
5 50 17 24
5 51 1 23
5 52 89 69
5 53 83 25
5 54 52 46
5 55 82 91
5 56 91 48
5 57 30 64
5 58 32 53
5 59 15 28
5 60 83 52
5 61 27 56
5 62 61 30
5 63 83 77
5 64 80 29
5 65 92 94
5 66 82 26
5 67 23 73
5 68 79 70
5 69 4 16
5 70 36 11
5 71 57 66
5 72 96 88
5 73 62 83
5 74 11 57
5 75 96 62
5 76 88 45
5 77 83 53
5 78 72 49
5 79 5 51
5 80 62 69
5 81 60 26
5 82 0 59
5 83 71 72
5 84 58 53
5 85 11 56
5 86 15 68
5 87 59 39
5 88 76 84
5 89 99 59
5 90 41 79
5 91 87 69
5 92 64 35
5 93 33 28
5 94 79 41
5 95 82 77
5 96 34 31
5 97 18 44
5 98 58 32
5 99 32 47
6 7 47 55
6 8 37 78
6 9 62 76
6 10 16 43
6 11 63 58
6 12 14 49
6 13 65 75
6 14 5 53
6 15 17 34
6 16 73 85
6 17 79 28
6 18 99 93
6 19 91 76
6 20 56 40
6 21 67 53
6 22 81 80
6 23 9 20
6 24 68 34
6 25 16 31
6 26 31 35
6 27 12 63
6 28 0 54
6 29 82 60
6 30 23 65
6 31 57 19
6 32 63 41
6 33 23 56
6 34 74 76
6 35 33 14
6 36 58 20
6 37 82 85
6 38 54 71
6 39 9 26
6 40 11 16
6 41 77 80
6 42 70 41
6 43 5 48
6 44 47 17
6 45 2 58
6 46 88 36
6 47 79 90
6 48 53 54
6 49 10 34
6 50 43 35
6 51 7 30
6 52 70 33
6 53 13 51
6 54 46 20
6 55 36 66
6 56 2 68
6 57 73 61
6 58 63 23
6 59 72 81
6 60 84 37
6 61 20 54
6 62 40 19
6 63 6 27
6 64 42 39
6 65 22 33
6 66 80 63
6 67 74 84
6 68 87 95
6 69 74 67
6 70 43 46
6 71 7 67
6 72 44 34
6 73 24 40
6 74 52 56
6 75 76 80
6 76 0 30
6 77 11 51
6 78 90 52
6 79 88 92
6 80 18 29
6 81 23 8
6 82 9 36
6 83 48 55
6 84 51 24
6 85 66 73
6 86 30 40
6 87 44 64
6 88 82 36
6 89 8 15
6 90 95 65
6 91 27 24
6 92 24 26
6 93 28 64
6 94 45 38
6 95 18 14
6 96 70 48
6 97 82 31
6 98 27 33
6 99 95 41
7 8 60 46
7 9 64 19
7 10 17 9
7 11 61 62
7 12 22 46
7 13 52 26
7 14 27 23
7 15 48 19
7 16 27 8
7 17 54 59
7 18 18 54
7 19 38 16
7 20 37 27
7 21 26 24
7 22 51 16
7 23 66 76
7 24 37 79
7 25 93 59
7 26 80 78
7 27 79 25
7 28 1 2
7 29 41 67
7 30 25 56
7 31 80 88
7 32 33 27
7 33 30 68
7 34 91 67
7 35 85 64
7 36 96 52
7 37 50 54
7 38 45 46
7 39 39 32
7 40 98 59
7 41 38 51
7 42 23 64
7 43 73 85
7 44 42 60
7 45 57 23
7 46 68 59
7 47 1 42
7 48 11 48
7 49 19 13
7 50 61 72
7 51 76 61
7 52 89 62
7 53 54 58
7 54 35 34
7 55 71 46
7 56 55 59
7 57 66 78
7 58 86 41
7 59 14 69
7 60 94 59
7 61 49 22
7 62 60 76
7 63 61 63
7 64 83 47
7 65 16 5
7 66 45 38
7 67 68 34
7 68 35 43
7 69 91 38
7 70 76 90
7 71 88 29
7 72 65 25
7 73 32 53
7 74 61 51
7 75 96 83
7 76 93 41
7 77 22 29
7 78 82 93
7 79 87 85
7 80 55 64
7 81 47 68
7 82 39 57
7 83 21 16
7 84 47 16
7 85 53 63
7 86 9 44
7 87 72 31
7 88 8 59
7 89 3 51
7 90 72 56
7 91 8 21
7 92 62 73
7 93 94 28
7 94 66 56
7 95 61 51
7 96 95 63
7 97 15 45
7 98 88 55
7 99 51 51
8 9 94 47
8 10 95 76
8 11 40 69
8 12 95 69
8 13 94 58
8 14 98 42
8 15 4 45
8 16 4 15
8 17 21 40
8 18 38 63
8 19 42 70
8 20 89 29
8 21 25 13
8 22 89 38
8 23 5 30
8 24 18 50
8 25 83 72
8 26 9 17
8 27 69 80
8 28 71 44
8 29 20 72
8 30 86 45
8 31 79 45
8 32 61 44
8 33 27 46
8 34 44 80
8 35 72 84
8 36 8 13
8 37 67 83
8 38 37 57
8 39 70 47
8 40 61 50
8 41 5 30
8 42 41 42
8 43 67 49
8 44 76 71
8 45 68 40
8 46 46 68
8 47 15 26
8 48 96 31
8 49 28 19
8 50 54 41
8 51 62 77
8 52 78 34
8 53 92 28
8 54 8 12
8 55 45 42
8 56 87 35
8 57 43 81
8 58 82 40
8 59 75 28
8 60 42 73
8 61 70 80
8 62 39 48
8 63 8 33
8 64 7 69
8 65 79 74
8 66 98 50
8 67 71 38
8 68 66 76
8 69 21 6
8 70 4 4
8 71 78 42
8 72 47 76
8 73 53 52
8 74 64 68
8 75 57 59
8 76 1 66
8 77 41 82
8 78 94 30
8 79 55 73
8 80 54 77
8 81 45 28
8 82 90 34
8 83 69 52
8 84 74 74
8 85 14 16
8 86 33 16
8 87 21 66
8 88 21 50
8 89 15 40
8 90 78 29
8 91 52 36
8 92 9 21
8 93 88 64
8 94 98 53
8 95 46 54
8 96 12 4
8 97 94 55
8 98 64 39
8 99 89 54
9 10 90 79
9 11 72 47
9 12 14 71
9 13 61 43
9 14 69 69
9 15 1 12
9 16 15 48
9 17 13 41
9 18 37 49
9 19 81 49
9 20 1 26
9 21 51 23
9 22 78 71
9 23 71 86
9 24 0 47
9 25 40 37
9 26 6 24
9 27 32 32
9 28 39 46
9 29 50 70
9 30 79 60
9 31 6 28
9 32 83 39
9 33 21 22
9 34 7 44
9 35 41 17
9 36 70 32
9 37 5 15
9 38 41 80
9 39 44 45
9 40 2 27
9 41 8 69
9 42 34 32
9 43 93 44
9 44 49 74
9 45 68 45
9 46 54 18
9 47 21 8
9 48 82 49
9 49 76 64
9 50 85 30
9 51 9 16
9 52 0 41
9 53 38 81
9 54 92 32
9 55 64 48
9 56 93 57
9 57 88 68
9 58 81 35
9 59 11 58
9 60 28 61
9 61 14 20
9 62 75 25
9 63 93 55
9 64 92 62
9 65 79 41
9 66 95 81
9 67 11 64
9 68 32 16
9 69 0 12
9 70 58 40
9 71 11 42
9 72 65 23
9 73 56 53
9 74 77 63
9 75 77 27
9 76 26 61
9 77 78 61
9 78 53 67
9 79 34 12
9 80 99 40
9 81 32 66
9 82 43 38
9 83 32 14
9 84 38 60
9 85 52 25
9 86 39 47
9 87 93 48
9 88 3 31
9 89 49 20
9 90 42 42
9 91 13 18
9 92 74 80
9 93 2 25
9 94 90 37
9 95 30 12
9 96 4 48
9 97 5 57
9 98 45 35
9 99 57 70
10 11 42 69
10 12 57 49
10 13 14 73
10 14 79 65
10 15 8 64
10 16 78 90
10 17 68 70
10 18 4 67
10 19 65 68
10 20 3 48
10 21 54 23
10 22 16 51
10 23 24 63
10 24 21 8
10 25 40 51
10 26 18 17
10 27 9 45
10 28 52 21
10 29 42 79
10 30 80 79
10 31 17 17
10 32 95 73
10 33 27 40
10 34 89 85
10 35 82 71
10 36 96 35
10 37 62 20
10 38 85 65
10 39 69 89
10 40 61 23
10 41 17 49
10 42 82 29
10 43 11 14
10 44 19 14
10 45 87 68
10 46 21 70
10 47 1 55
10 48 95 93
10 49 8 18
10 50 5 35
10 51 90 38
10 52 17 29
10 53 2 28
10 54 72 22
10 55 46 69
10 56 66 60
10 57 50 37
10 58 7 23
10 59 91 67
10 60 45 65
10 61 47 48
10 62 16 26
10 63 46 19
10 64 66 72
10 65 64 55
10 66 23 69
10 67 39 27
10 68 74 67
10 69 14 42
10 70 28 77
10 71 76 32
10 72 78 34
10 73 15 16
10 74 98 77
10 75 48 31
10 76 52 62
10 77 31 20
10 78 87 64
10 79 15 25
10 80 25 49
10 81 21 25
10 82 95 33
10 83 63 80
10 84 29 34
10 85 64 70
10 86 16 8
10 87 51 75
10 88 19 31
10 89 28 8
10 90 70 90
10 91 90 35
10 92 34 35
10 93 20 76
10 94 94 39
10 95 23 11
10 96 69 75
10 97 59 73
10 98 30 60
10 99 58 70
11 12 57 23
11 13 55 40
11 14 30 71
11 15 59 21
11 16 59 42
11 17 28 31
11 18 15 20
11 19 72 66
11 20 30 36
11 21 77 73
11 22 28 31
11 23 9 43
11 24 41 35
11 25 19 15
11 26 7 35
11 27 36 24
11 28 69 25
11 29 23 67
11 30 51 81
11 31 72 78
11 32 15 71
11 33 50 77
11 34 67 88
11 35 1 10
11 36 74 60
11 37 79 33
11 38 40 65
11 39 27 42
11 40 0 65
11 41 87 45
11 42 48 61
11 43 40 58
11 44 18 14
11 45 13 50
11 46 86 95
11 47 94 64
11 48 66 28
11 49 19 65
11 50 22 34
11 51 8 23
11 52 55 79
11 53 90 85
11 54 23 49
11 55 96 36
11 56 29 46
11 57 28 50
11 58 30 68
11 59 6 53
11 60 78 67
11 61 98 97
11 62 40 49
11 63 19 62
11 64 85 48
11 65 6 45
11 66 84 94
11 67 93 85
11 68 12 4
11 69 82 78
11 70 30 54
11 71 57 46
11 72 50 69
11 73 57 21
11 74 19 55
11 75 55 18
11 76 78 84
11 77 75 28
11 78 40 54
11 79 39 70
11 80 92 30
11 81 22 36
11 82 38 19
11 83 95 42
11 84 83 70
11 85 25 44
11 86 19 63
11 87 92 69
11 88 75 87
11 89 97 76
11 90 64 48
11 91 56 70
11 92 71 41
11 93 49 80
11 94 10 56
11 95 40 72
11 96 45 23
11 97 10 53
11 98 30 23
11 99 16 44
12 13 52 29
12 14 69 45
12 15 22 28
12 16 64 68
12 17 50 60
12 18 2 20
12 19 73 83
12 20 43 13
12 21 88 96
12 22 47 15
12 23 60 32
12 24 19 67
12 25 49 72
12 26 86 63
12 27 28 63
12 28 57 68
12 29 0 6
12 30 74 47
12 31 73 55
12 32 72 91
12 33 68 70
12 34 26 63
12 35 2 69
12 36 68 21
12 37 74 39
12 38 30 46
12 39 77 70
12 40 59 55
12 41 88 85
12 42 93 35
12 43 90 46
12 44 34 33
12 45 92 38
12 46 88 28
12 47 86 44
12 48 37 66
12 49 44 24
12 50 79 40
12 51 87 65
12 52 55 66
12 53 32 59
12 54 78 34
12 55 11 3
12 56 81 93
12 57 76 81
12 58 22 16
12 59 80 41
12 60 47 80
12 61 0 41
12 62 11 51
12 63 54 34
12 64 97 30
12 65 66 43
12 66 65 33
12 67 61 27
12 68 30 53
12 69 1 43
12 70 53 84
12 71 43 27
12 72 61 80
12 73 99 74
12 74 48 69
12 75 43 82
12 76 77 51
12 77 37 40
12 78 12 25
12 79 38 60
12 80 60 83
12 81 57 65
12 82 16 5
12 83 94 58
12 84 22 50
12 85 78 60
12 86 76 40
12 87 95 83
12 88 12 6
12 89 50 39
12 90 90 70
12 91 77 79
12 92 14 58
12 93 12 56
12 94 25 75
12 95 50 78
12 96 55 35
12 97 5 53
12 98 61 32
12 99 54 46
13 14 87 70
13 15 10 3
13 16 69 25
13 17 25 17
13 18 75 84
13 19 69 76
13 20 51 43
13 21 96 89
13 22 43 62
13 23 4 15
13 24 18 17
13 25 47 30
13 26 46 30
13 27 35 21
13 28 6 34
13 29 81 25
13 30 40 32
13 31 59 20
13 32 32 42
13 33 73 83
13 34 32 34
13 35 0 68
13 36 53 62
13 37 7 69
13 38 75 68
13 39 82 46
13 40 78 25
13 41 21 58
13 42 14 56
13 43 21 58
13 44 96 39
13 45 26 56
13 46 22 22
13 47 54 49
13 48 47 28
13 49 77 23
13 50 14 12
13 51 10 43
13 52 60 83
13 53 7 47
13 54 57 49
13 55 28 13
13 56 66 49
13 57 20 60
13 58 24 17
13 59 84 83
13 60 82 44
13 61 59 38
13 62 74 39
13 63 60 83
13 64 90 67
13 65 98 39
13 66 83 42
13 67 99 94
13 68 54 74
13 69 24 50
13 70 91 96
13 71 34 17
13 72 74 48
13 73 26 16
13 74 12 8
13 75 28 51
13 76 0 44
13 77 52 68
13 78 36 45
13 79 2 47
13 80 25 60
13 81 22 51
13 82 3 63
13 83 27 11
13 84 3 68
13 85 89 94
13 86 12 11
13 87 39 24
13 88 90 62
13 89 91 39
13 90 25 50
13 91 77 61
13 92 4 62
13 93 84 83
13 94 75 81
13 95 68 55
13 96 63 65
13 97 42 41
13 98 4 50
13 99 6 14
14 15 71 52
14 16 92 92
14 17 2 56
14 18 77 36
14 19 42 71
14 20 11 61
14 21 11 64
14 22 43 40
14 23 61 32
14 24 0 3
14 25 63 69
14 26 76 30
14 27 60 58
14 28 20 28
14 29 83 47
14 30 52 50
14 31 17 50
14 32 90 61
14 33 11 65
14 34 70 35
14 35 60 48
14 36 4 57
14 37 82 63
14 38 98 51
14 39 35 48
14 40 70 87
14 41 71 28
14 42 0 41
14 43 1 40
14 44 79 62
14 45 39 21
14 46 53 47
14 47 14 36
14 48 25 33
14 49 63 43
14 50 70 27
14 51 59 33
14 52 40 41
14 53 56 83
14 54 70 68
14 55 81 44
14 56 54 33
14 57 64 69
14 58 72 69
14 59 99 86
14 60 28 64
14 61 11 28
14 62 66 20
14 63 83 35
14 64 75 49
14 65 11 42
14 66 52 70
14 67 4 31
14 68 48 16
14 69 83 74
14 70 46 28
14 71 7 25
14 72 36 28
14 73 36 37
14 74 7 13
14 75 28 11
14 76 40 22
14 77 95 68
14 78 8 48
14 79 4 52
14 80 45 79
14 81 4 51
14 82 38 23
14 83 90 86
14 84 14 57
14 85 81 74
14 86 74 26
14 87 45 61
14 88 60 64
14 89 90 67
14 90 35 60
14 91 23 15
14 92 67 71
14 93 32 64
14 94 3 11
14 95 54 46
14 96 98 98
14 97 86 33
14 98 22 65
14 99 56 73
15 16 70 90
15 17 12 23
15 18 88 52
15 19 36 12
15 20 91 33
15 21 62 71
15 22 75 24
15 23 73 28
15 24 52 39
15 25 19 65
15 26 79 74
15 27 79 43
15 28 21 44
15 29 46 51
15 30 42 44
15 31 26 19
15 32 78 65
15 33 72 78
15 34 55 60
15 35 87 77
15 36 59 39
15 37 4 22
15 38 48 60
15 39 57 32
15 40 65 81
15 41 75 78
15 42 41 41
15 43 63 37
15 44 25 32
15 45 51 39
15 46 97 69
15 47 34 18
15 48 73 36
15 49 3 5
15 50 61 74
15 51 38 26
15 52 97 52
15 53 13 67
15 54 60 23
15 55 91 90
15 56 24 31
15 57 38 16
15 58 14 71
15 59 73 37
15 60 60 82
15 61 19 71
15 62 76 46
15 63 9 52
15 64 91 36
15 65 78 80
15 66 57 36
15 67 87 39
15 68 74 76
15 69 65 71
15 70 20 42
15 71 2 1
15 72 89 30
15 73 21 8
15 74 62 74
15 75 38 40
15 76 99 29
15 77 44 41
15 78 8 56
15 79 62 75
15 80 10 49
15 81 14 32
15 82 11 68
15 83 1 56
15 84 95 54
15 85 56 26
15 86 74 31
15 87 74 79
15 88 94 72
15 89 49 29
15 90 13 36
15 91 45 27
15 92 65 54
15 93 50 72
15 94 10 69
15 95 37 65
15 96 9 44
15 97 83 50
15 98 47 33
15 99 74 65
16 17 31 40
16 18 38 52
16 19 97 75
16 20 98 81
16 21 63 33
16 22 54 60
16 23 8 62
16 24 27 73
16 25 54 85
16 26 98 43
16 27 21 29
16 28 33 26
16 29 49 62
16 30 80 84
16 31 27 49
16 32 87 62
16 33 15 6
16 34 86 35
16 35 73 91
16 36 71 22
16 37 30 54
16 38 63 88
16 39 15 16
16 40 52 62
16 41 24 64
16 42 42 31
16 43 45 62
16 44 41 26
16 45 14 51
16 46 12 41
16 47 10 3
16 48 38 37
16 49 36 47
16 50 2 15
16 51 35 30
16 52 98 58
16 53 44 47
16 54 84 33
16 55 44 39
16 56 77 42
16 57 83 93
16 58 83 57
16 59 10 25
16 60 13 33
16 61 72 64
16 62 15 63
16 63 31 22
16 64 35 78
16 65 12 54
16 66 38 48
16 67 82 87
16 68 76 89
16 69 84 73
16 70 20 71
16 71 36 71
16 72 57 32
16 73 26 72
16 74 87 95
16 75 83 40
16 76 27 75
16 77 34 41
16 78 13 43
16 79 2 45
16 80 39 28
16 81 27 61
16 82 0 57
16 83 57 56
16 84 43 80
16 85 41 77
16 86 98 70
16 87 89 51
16 88 99 57
16 89 13 4
16 90 39 14
16 91 92 71
16 92 43 53
16 93 8 26
16 94 19 53
16 95 11 30
16 96 96 50
16 97 12 7
16 98 43 29
16 99 65 48
17 18 62 45
17 19 55 31
17 20 80 91
17 21 95 92
17 22 26 36
17 23 62 86
17 24 86 84
17 25 25 53
17 26 14 73
17 27 67 80
17 28 86 92
17 29 11 72
17 30 70 38
17 31 62 50
17 32 46 80
17 33 63 82
17 34 58 28
17 35 26 19
17 36 58 48
17 37 54 44
17 38 27 75
17 39 17 46
17 40 15 30
17 41 65 44
17 42 75 78
17 43 64 36
17 44 45 38
17 45 12 27
17 46 78 40
17 47 89 48
17 48 8 41
17 49 0 0
17 50 19 59
17 51 45 23
17 52 75 44
17 53 33 68
17 54 84 78
17 55 13 61
17 56 46 61
17 57 99 42
17 58 37 52
17 59 50 19
17 60 48 75
17 61 1 45
17 62 74 76
17 63 10 22
17 64 76 29
17 65 28 32
17 66 93 42
17 67 30 17
17 68 93 63
17 69 10 48
17 70 99 90
17 71 75 80
17 72 2 24
17 73 55 63
17 74 1 41
17 75 83 54
17 76 14 17
17 77 73 54
17 78 50 18
17 79 52 43
17 80 81 58
17 81 55 21
17 82 21 56
17 83 53 54
17 84 86 41
17 85 3 26
17 86 19 8
17 87 81 28
17 88 87 33
17 89 76 30
17 90 98 36
17 91 1 16
17 92 86 71
17 93 29 66
17 94 40 12
17 95 95 58
17 96 22 24
17 97 15 59
17 98 4 40
17 99 82 67
18 19 61 57
18 20 40 67
18 21 93 72
18 22 24 26
18 23 88 42
18 24 86 38
18 25 2 68
18 26 51 52
18 27 7 38
18 28 19 68
18 29 41 65
18 30 53 59
18 31 12 8
18 32 37 72
18 33 84 57
18 34 37 58
18 35 1 64
18 36 95 80
18 37 0 28
18 38 4 61
18 39 81 89
18 40 32 58
18 41 57 82
18 42 42 26
18 43 18 33
18 44 25 18
18 45 59 46
18 46 42 55
18 47 91 72
18 48 9 58
18 49 80 68
18 50 65 36
18 51 4 6
18 52 92 41
18 53 52 44
18 54 73 61
18 55 42 44
18 56 61 54
18 57 82 25
18 58 11 5
18 59 69 82
18 60 97 33
18 61 49 70
18 62 36 21
18 63 96 64
18 64 14 59
18 65 27 68
18 66 37 56
18 67 41 19
18 68 39 33
18 69 35 72
18 70 11 67
18 71 99 97
18 72 57 85
18 73 28 26
18 74 28 16
18 75 85 43
18 76 57 80
18 77 87 27
18 78 67 63
18 79 6 43
18 80 84 55
18 81 67 34
18 82 60 66
18 83 55 47
18 84 4 37
18 85 83 53
18 86 32 70
18 87 14 64
18 88 10 40
18 89 34 17
18 90 54 29
18 91 69 40
18 92 27 13
18 93 64 72
18 94 76 75
18 95 79 48
18 96 98 89
18 97 73 91
18 98 44 80
18 99 51 83
19 20 29 71
19 21 91 73
19 22 34 60
19 23 18 36
19 24 70 26
19 25 18 26
19 26 49 59
19 27 19 51
19 28 17 55
19 29 10 5
19 30 3 69
19 31 81 83
19 32 12 15
19 33 55 41
19 34 67 80
19 35 51 82
19 36 92 66
19 37 21 40
19 38 52 37
19 39 97 55
19 40 90 77
19 41 86 78
19 42 54 84
19 43 21 60
19 44 51 19
19 45 22 28
19 46 13 26
19 47 23 22
19 48 25 9
19 49 63 68
19 50 88 29
19 51 31 52
19 52 82 36
19 53 76 34
19 54 32 32
19 55 20 22
19 56 58 75
19 57 95 98
19 58 51 80
19 59 45 24
19 60 85 75
19 61 75 59
19 62 98 57
19 63 64 35
19 64 31 59
19 65 66 36
19 66 20 67
19 67 87 69
19 68 86 94
19 69 72 68
19 70 42 27
19 71 86 56
19 72 90 44
19 73 9 15
19 74 63 50
19 75 5 64
19 76 58 54
19 77 34 54
19 78 58 17
19 79 54 57
19 80 87 54
19 81 43 13
19 82 55 78
19 83 5 30
19 84 69 88
19 85 81 47
19 86 60 20
19 87 65 69
19 88 91 35
19 89 90 92
19 90 7 24
19 91 27 68
19 92 26 43
19 93 2 22
19 94 21 54
19 95 14 23
19 96 47 46
19 97 41 44
19 98 84 82
19 99 62 80
20 21 48 22
20 22 85 67
20 23 58 59
20 24 59 60
20 25 96 29
20 26 34 26
20 27 78 83
20 28 87 79
20 29 95 53
20 30 60 85
20 31 37 69
20 32 13 62
20 33 33 78
20 34 52 42
20 35 75 84
20 36 73 42
20 37 27 24
20 38 97 61
20 39 51 65
20 40 79 43
20 41 73 24
20 42 40 38
20 43 7 31
20 44 1 11
20 45 25 37
20 46 1 69
20 47 42 68
20 48 95 66
20 49 1 17
20 50 46 29
20 51 90 96
20 52 82 41
20 53 8 23
20 54 25 71
20 55 93 28
20 56 9 68
20 57 7 35
20 58 66 61
20 59 73 27
20 60 25 32
20 61 81 75
20 62 78 60
20 63 30 19
20 64 71 70
20 65 53 62
20 66 51 60
20 67 39 24
20 68 44 14
20 69 63 64
20 70 47 53
20 71 76 28
20 72 23 55
20 73 29 8
20 74 0 65
20 75 39 70
20 76 71 76
20 77 98 45
20 78 63 47
20 79 60 33
20 80 92 69
20 81 4 58
20 82 88 31
20 83 25 56
20 84 24 20
20 85 11 24
20 86 78 33
20 87 36 31
20 88 90 81
20 89 9 48
20 90 65 73
20 91 84 79
20 92 47 77
20 93 33 33
20 94 71 26
20 95 34 73
20 96 75 72
20 97 46 51
20 98 87 49
20 99 41 40
21 22 73 57
21 23 28 13
21 24 84 39
21 25 64 74
21 26 97 36
21 27 84 55
21 28 63 44
21 29 6 9
21 30 13 45
21 31 46 25
21 32 67 26
21 33 67 83
21 34 53 60
21 35 11 36
21 36 68 76
21 37 48 65
21 38 63 51
21 39 91 68
21 40 69 50
21 41 87 80
21 42 55 74
21 43 37 43
21 44 18 51
21 45 45 56
21 46 52 54
21 47 11 9
21 48 57 46
21 49 65 75
21 50 83 54
21 51 98 70
21 52 52 81
21 53 18 49
21 54 26 37
21 55 58 46
21 56 80 28
21 57 90 65
21 58 72 24
21 59 90 85
21 60 49 54
21 61 64 70
21 62 82 71
21 63 69 34
21 64 93 61
21 65 8 4
21 66 25 55
21 67 14 7
21 68 23 42
21 69 16 12
21 70 84 46
21 71 98 64
21 72 44 43
21 73 79 75
21 74 40 48
21 75 44 40
21 76 37 39
21 77 73 54
21 78 62 77
21 79 64 61
21 80 43 55
21 81 84 29
21 82 85 73
21 83 99 45
21 84 45 25
21 85 49 79
21 86 70 46
21 87 88 92
21 88 96 88
21 89 64 78
21 90 85 78
21 91 6 25
21 92 94 43
21 93 30 22
21 94 84 57
21 95 49 84
21 96 33 36
21 97 62 62
21 98 49 81
21 99 19 47
22 23 87 29
22 24 38 30
22 25 69 25
22 26 26 52
22 27 89 66
22 28 97 47
22 29 95 81
22 30 20 25
22 31 47 61
22 32 37 15
22 33 55 61
22 34 45 74
22 35 91 57
22 36 79 28
22 37 6 22
22 38 18 55
22 39 65 82
22 40 16 68
22 41 61 42
22 42 95 28
22 43 84 40
22 44 12 21
22 45 87 56
22 46 1 33
22 47 86 91
22 48 26 65
22 49 69 43
22 50 51 39
22 51 32 19
22 52 62 36
22 53 61 23
22 54 17 63
22 55 67 41
22 56 81 90
22 57 87 77
22 58 73 49
22 59 37 68
22 60 74 64
22 61 5 50
22 62 77 76
22 63 27 61
22 64 12 60
22 65 78 37
22 66 15 60
22 67 4 20
22 68 51 29
22 69 73 42
22 70 37 72
22 71 58 66
22 72 97 88
22 73 50 29
22 74 2 58
22 75 64 40
22 76 25 9
22 77 86 74
22 78 33 64
22 79 92 66
22 80 33 58
22 81 7 12
22 82 47 20
22 83 15 32
22 84 73 31
22 85 38 47
22 86 78 41
22 87 73 91
22 88 11 38
22 89 67 28
22 90 77 26
22 91 15 18
22 92 87 71
22 93 70 72
22 94 92 38
22 95 65 35
22 96 68 32
22 97 16 17
22 98 15 5
22 99 15 32
23 24 92 89
23 25 81 44
23 26 42 66
23 27 71 85
23 28 19 11
23 29 88 52
23 30 42 32
23 31 9 50
23 32 74 71
23 33 70 60
23 34 89 83
23 35 66 45
23 36 8 65
23 37 61 52
23 38 43 54
23 39 28 78
23 40 53 67
23 41 97 59
23 42 34 77
23 43 75 88
23 44 88 88
23 45 51 66
23 46 78 38
23 47 57 37
23 48 60 68
23 49 78 46
23 50 77 34
23 51 24 46
23 52 37 56
23 53 30 49
23 54 18 8
23 55 95 50
23 56 41 16
23 57 99 64
23 58 40 26
23 59 84 76
23 60 18 10
23 61 86 53
23 62 97 31
23 63 25 56
23 64 40 74
23 65 33 22
23 66 69 45
23 67 57 34
23 68 59 64
23 69 19 74
23 70 65 42
23 71 50 16
23 72 72 22
23 73 65 45
23 74 6 63
23 75 82 67
23 76 46 51
23 77 75 24
23 78 26 49
23 79 61 63
23 80 56 31
23 81 89 88
23 82 86 29
23 83 82 49
23 84 9 41
23 85 85 68
23 86 6 34
23 87 14 55
23 88 7 54
23 89 27 19
23 90 57 71
23 91 16 71
23 92 92 97
23 93 81 33
23 94 10 18
23 95 20 34
23 96 43 58
23 97 49 55
23 98 97 74
23 99 45 47
24 25 13 27
24 26 68 37
24 27 59 73
24 28 58 36
24 29 33 29
24 30 88 51
24 31 8 43
24 32 37 54
24 33 53 63
24 34 81 33
24 35 84 35
24 36 16 10
24 37 68 86
24 38 27 16
24 39 74 31
24 40 19 72
24 41 47 67
24 42 65 76
24 43 88 86
24 44 23 50
24 45 97 95
24 46 67 63
24 47 50 56
24 48 37 71
24 49 12 18
24 50 85 72
24 51 75 51
24 52 26 28
24 53 87 66
24 54 57 26
24 55 80 54
24 56 70 81
24 57 95 29
24 58 14 21
24 59 86 88
24 60 45 39
24 61 80 51
24 62 98 93
24 63 38 57
24 64 54 52
24 65 26 17
24 66 40 42
24 67 11 3
24 68 9 28
24 69 61 75
24 70 40 16
24 71 66 24
24 72 87 66
24 73 68 45
24 74 99 30
24 75 3 53
24 76 77 83
24 77 89 30
24 78 89 68
24 79 14 26
24 80 79 59
24 81 68 71
24 82 56 82
24 83 70 80
24 84 97 65
24 85 97 87
24 86 47 73
24 87 20 12
24 88 9 40
24 89 30 75
24 90 68 50
24 91 70 58
24 92 16 70
24 93 4 23
24 94 73 28
24 95 77 69
24 96 44 26
24 97 12 11
24 98 95 34
24 99 1 33
25 26 91 60
25 27 7 63
25 28 15 74
25 29 2 2
25 30 37 76
25 31 19 68
25 32 52 45
25 33 13 13
25 34 91 77
25 35 75 43
25 36 81 56
25 37 86 45
25 38 61 19
25 39 61 72
25 40 55 81
25 41 43 15
25 42 21 25
25 43 37 50
25 44 11 13
25 45 53 62
25 46 94 32
25 47 1 18
25 48 46 57
25 49 44 48
25 50 99 70
25 51 84 78
25 52 79 45
25 53 26 28
25 54 38 35
25 55 10 37
25 56 44 66
25 57 31 74
25 58 78 88
25 59 2 20
25 60 4 57
25 61 21 34
25 62 72 21
25 63 11 32
25 64 51 67
25 65 84 71
25 66 86 64
25 67 36 77
25 68 24 47
25 69 9 7
25 70 53 70
25 71 13 43
25 72 32 60
25 73 32 42
25 74 49 51
25 75 97 58
25 76 27 68
25 77 37 65
25 78 26 35
25 79 42 78
25 80 28 22
25 81 85 79
25 82 96 57
25 83 42 14
25 84 48 40
25 85 54 65
25 86 70 42
25 87 41 20
25 88 97 51
25 89 19 37
25 90 7 25
25 91 68 30
25 92 22 27
25 93 41 62
25 94 37 12
25 95 62 37
25 96 2 27
25 97 41 33
25 98 18 12
25 99 56 74
26 27 64 28
26 28 97 89
26 29 68 32
26 30 9 36
26 31 53 20
26 32 50 59
26 33 97 50
26 34 21 10
26 35 60 66
26 36 41 45
26 37 4 64
26 38 79 49
26 39 51 82
26 40 17 40
26 41 20 57
26 42 8 19
26 43 36 23
26 44 74 62
26 45 63 84
26 46 2 40
26 47 8 35
26 48 89 28
26 49 16 21
26 50 8 44
26 51 8 23
26 52 54 55
26 53 7 65
26 54 70 80
26 55 84 52
26 56 70 61
26 57 83 55
26 58 88 30
26 59 82 53
26 60 34 67
26 61 54 40
26 62 94 61
26 63 5 42
26 64 86 60
26 65 57 70
26 66 80 60
26 67 96 41
26 68 9 32
26 69 99 36
26 70 16 20
26 71 79 72
26 72 8 65
26 73 13 30
26 74 29 30
26 75 31 58
26 76 84 63
26 77 88 39
26 78 53 53
26 79 68 44
26 80 49 82
26 81 6 34
26 82 46 43
26 83 25 52
26 84 49 60
26 85 88 30
26 86 27 33
26 87 37 67
26 88 1 38
26 89 8 19
26 90 40 42
26 91 32 62
26 92 39 46
26 93 54 29
26 94 83 41
26 95 13 12
26 96 1 5
26 97 27 15
26 98 89 72
26 99 96 47
27 28 48 43
27 29 60 21
27 30 12 34
27 31 12 59
27 32 75 38
27 33 28 29
27 34 5 54
27 35 89 62
27 36 70 74
27 37 0 39
27 38 48 45
27 39 64 38
27 40 55 46
27 41 68 70
27 42 27 61
27 43 83 33
27 44 23 7
27 45 74 75
27 46 76 89
27 47 28 33
27 48 40 41
27 49 51 28
27 50 95 70
27 51 11 6
27 52 53 37
27 53 4 31
27 54 79 91
27 55 77 35
27 56 28 41
27 57 19 57
27 58 48 36
27 59 63 22
27 60 25 77
27 61 45 75
27 62 36 17
27 63 74 82
27 64 88 90
27 65 82 36
27 66 47 38
27 67 53 43
27 68 0 52
27 69 36 34
27 70 26 39
27 71 26 42
27 72 3 21
27 73 85 92
27 74 56 57
27 75 38 53
27 76 5 17
27 77 35 47
27 78 55 53
27 79 6 61
27 80 39 25
27 81 49 16
27 82 49 73
27 83 92 67
27 84 83 77
27 85 0 58
27 86 21 52
27 87 75 74
27 88 80 83
27 89 86 52
27 90 57 50
27 91 17 35
27 92 13 30
27 93 80 67
27 94 94 90
27 95 44 24
27 96 10 61
27 97 42 13
27 98 91 93
27 99 60 81
28 29 83 65
28 30 88 61
28 31 1 23
28 32 26 21
28 33 48 25
28 34 25 70
28 35 93 59
28 36 59 46
28 37 58 50
28 38 45 21
28 39 28 39
28 40 44 27
28 41 44 40
28 42 78 35
28 43 38 45
28 44 8 7
28 45 88 88
28 46 99 69
28 47 16 25
28 48 21 50
28 49 99 31
28 50 10 18
28 51 70 50
28 52 92 63
28 53 58 39
28 54 62 88
28 55 48 30
28 56 26 19
28 57 40 33
28 58 80 38
28 59 6 35
28 60 3 69
28 61 58 42
28 62 73 41
28 63 75 91
28 64 12 58
28 65 11 36
28 66 63 72
28 67 30 37
28 68 69 54
28 69 27 74
28 70 30 14
28 71 25 24
28 72 55 47
28 73 98 74
28 74 94 60
28 75 50 37
28 76 56 20
28 77 9 67
28 78 27 22
28 79 32 58
28 80 21 49
28 81 7 60
28 82 59 24
28 83 70 30
28 84 98 38
28 85 6 68
28 86 42 23
28 87 32 16
28 88 16 19
28 89 74 80
28 90 13 37
28 91 37 22
28 92 2 65
28 93 84 58
28 94 56 57
28 95 32 17
28 96 23 7
28 97 93 72
28 98 72 27
28 99 32 19
29 30 98 93
29 31 2 34
29 32 69 83
29 33 55 61
29 34 59 79
29 35 75 67
29 36 54 42
29 37 53 69
29 38 80 24
29 39 64 48
29 40 37 63
29 41 20 48
29 42 22 8
29 43 2 53
29 44 30 66
29 45 5 33
29 46 34 17
29 47 59 67
29 48 13 11
29 49 11 54
29 50 29 48
29 51 80 87
29 52 1 29
29 53 95 59
29 54 46 26
29 55 10 6
29 56 20 67
29 57 0 31
29 58 42 56
29 59 20 39
29 60 66 47
29 61 78 37
29 62 59 45
29 63 77 87
29 64 88 88
29 65 51 23
29 66 43 44
29 67 17 38
29 68 26 38
29 69 51 61
29 70 57 24
29 71 80 62
29 72 41 33
29 73 63 31
29 74 48 61
29 75 26 48
29 76 3 42
29 77 14 31
29 78 18 16
29 79 30 32
29 80 60 76
29 81 40 75
29 82 48 67
29 83 87 26
29 84 50 37
29 85 85 52
29 86 1 16
29 87 20 39
29 88 42 20
29 89 10 40
29 90 44 16
29 91 12 19
29 92 92 41
29 93 43 58
29 94 43 64
29 95 79 27
29 96 4 49
29 97 60 87
29 98 64 81
29 99 43 17
30 31 49 29
30 32 39 22
30 33 93 53
30 34 53 77
30 35 82 34
30 36 29 62
30 37 18 54
30 38 55 35
30 39 52 83
30 40 30 25
30 41 17 21
30 42 75 33
30 43 44 21
30 44 72 66
30 45 47 57
30 46 19 74
30 47 73 30
30 48 13 33
30 49 58 45
30 50 51 26
30 51 3 13
30 52 58 51
30 53 28 55
30 54 6 42
30 55 34 15
30 56 57 24
30 57 54 17
30 58 30 21
30 59 45 17
30 60 65 69
30 61 33 40
30 62 98 85
30 63 0 52
30 64 33 50
30 65 50 58
30 66 34 26
30 67 14 18
30 68 10 11
30 69 75 39
30 70 63 26
30 71 5 40
30 72 17 39
30 73 77 50
30 74 27 59
30 75 42 49
30 76 67 63
30 77 22 74
30 78 81 25
30 79 57 67
30 80 9 18
30 81 89 62
30 82 0 52
30 83 2 2
30 84 23 16
30 85 69 54
30 86 75 82
30 87 99 47
30 88 94 76
30 89 90 60
30 90 34 34
30 91 91 39
30 92 94 69
30 93 43 31
30 94 37 47
30 95 11 37
30 96 16 16
30 97 85 80
30 98 34 36
30 99 73 38
31 32 76 26
31 33 9 43
31 34 75 72
31 35 93 37
31 36 39 55
31 37 43 64
31 38 45 32
31 39 12 54
31 40 68 68
31 41 94 70
31 42 46 62
31 43 36 29
31 44 52 69
31 45 95 63
31 46 68 85
31 47 94 33
31 48 42 13
31 49 88 27
31 50 32 55
31 51 69 42
31 52 89 54
31 53 27 38
31 54 75 86
31 55 28 28
31 56 28 59
31 57 15 8
31 58 99 37
31 59 96 35
31 60 93 81
31 61 24 47
31 62 61 43
31 63 82 86
31 64 96 36
31 65 78 32
31 66 21 27
31 67 65 89
31 68 54 86
31 69 32 76
31 70 13 43
31 71 64 52
31 72 80 89
31 73 8 3
31 74 85 31
31 75 62 87
31 76 36 60
31 77 75 92
31 78 74 76
31 79 74 53
31 80 64 34
31 81 77 68
31 82 82 81
31 83 70 28
31 84 68 87
31 85 51 22
31 86 49 17
31 87 90 37
31 88 88 60
31 89 44 72
31 90 53 34
31 91 10 69
31 92 39 42
31 93 2 19
31 94 81 81
31 95 72 72
31 96 54 29
31 97 47 68
31 98 18 48
31 99 21 63
32 33 89 85
32 34 36 63
32 35 25 37
32 36 39 28
32 37 85 41
32 38 49 46
32 39 94 68
32 40 56 55
32 41 10 5
32 42 32 52
32 43 95 62
32 44 63 20
32 45 13 49
32 46 29 66
32 47 80 87
32 48 34 70
32 49 44 53
32 50 60 55
32 51 70 50
32 52 64 37
32 53 87 36
32 54 91 72
32 55 88 65
32 56 17 28
32 57 81 44
32 58 62 88
32 59 32 27
32 60 47 29
32 61 54 77
32 62 71 65
32 63 20 15
32 64 91 90
32 65 19 42
32 66 31 24
32 67 64 86
32 68 6 57
32 69 5 61
32 70 54 66
32 71 12 68
32 72 87 28
32 73 13 7
32 74 85 33
32 75 66 36
32 76 71 72
32 77 29 36
32 78 20 61
32 79 79 49
32 80 50 65
32 81 93 57
32 82 80 38
32 83 74 64
32 84 64 27
32 85 41 65
32 86 94 44
32 87 39 38
32 88 59 52
32 89 16 10
32 90 42 54
32 91 86 84
32 92 2 37
32 93 60 71
32 94 82 28
32 95 58 21
32 96 8 59
32 97 63 31
32 98 87 30
32 99 88 30
33 34 71 71
33 35 91 93
33 36 59 47
33 37 63 48
33 38 16 68
33 39 4 5
33 40 93 94
33 41 55 41
33 42 20 51
33 43 8 54
33 44 98 67
33 45 40 66
33 46 28 42
33 47 43 52
33 48 58 50
33 49 38 65
33 50 25 37
33 51 14 26
33 52 43 32
33 53 74 72
33 54 21 36
33 55 29 17
33 56 83 26
33 57 87 88
33 58 0 62
33 59 5 66
33 60 60 82
33 61 73 43
33 62 8 42
33 63 53 16
33 64 96 35
33 65 9 36
33 66 84 79
33 67 79 41
33 68 57 51
33 69 36 78
33 70 21 38
33 71 5 50
33 72 43 52
33 73 58 30
33 74 56 40
33 75 37 57
33 76 40 40
33 77 95 32
33 78 44 69
33 79 45 35
33 80 38 73
33 81 47 18
33 82 86 57
33 83 0 6
33 84 62 72
33 85 95 75
33 86 29 77
33 87 46 34
33 88 36 31
33 89 97 92
33 90 36 32
33 91 13 39
33 92 1 31
33 93 9 10
33 94 92 62
33 95 45 27
33 96 78 79
33 97 75 38
33 98 16 6
33 99 57 79
34 35 36 47
34 36 75 31
34 37 78 47
34 38 89 30
34 39 66 58
34 40 66 45
34 41 26 68
34 42 86 83
34 43 41 14
34 44 35 39
34 45 14 10
34 46 17 20
34 47 91 74
34 48 23 48
34 49 12 73
34 50 22 33
34 51 49 40
34 52 20 39
34 53 85 60
34 54 77 76
34 55 96 49
34 56 77 55
34 57 33 27
34 58 66 83
34 59 86 88
34 60 85 76
34 61 9 50
34 62 35 40
34 63 41 59
34 64 41 78
34 65 94 83
34 66 37 61
34 67 43 40
34 68 92 71
34 69 74 70
34 70 53 76
34 71 98 44
34 72 35 22
34 73 50 69
34 74 85 51
34 75 74 89
34 76 32 56
34 77 77 61
34 78 99 83
34 79 22 70
34 80 59 18
34 81 32 36
34 82 90 33
34 83 55 81
34 84 12 49
34 85 37 22
34 86 28 27
34 87 61 30
34 88 70 28
34 89 22 18
34 90 4 39
34 91 2 19
34 92 25 50
34 93 8 54
34 94 94 41
34 95 24 25
34 96 93 40
34 97 39 68
34 98 5 16
34 99 85 86
35 36 51 68
35 37 59 31
35 38 7 15
35 39 30 37
35 40 80 89
35 41 41 14
35 42 88 51
35 43 54 60
35 44 16 72
35 45 74 85
35 46 49 23
35 47 1 61
35 48 64 20
35 49 26 34
35 50 46 30
35 51 34 45
35 52 28 27
35 53 57 41
35 54 82 53
35 55 73 89
35 56 55 58
35 57 30 41
35 58 3 36
35 59 98 55
35 60 24 53
35 61 76 85
35 62 77 62
35 63 22 40
35 64 51 47
35 65 70 24
35 66 64 61
35 67 85 42
35 68 92 46
35 69 94 88
35 70 21 27
35 71 53 35
35 72 31 17
35 73 43 25
35 74 46 61
35 75 55 80
35 76 45 20
35 77 65 50
35 78 17 24
35 79 66 82
35 80 37 59
35 81 77 83
35 82 21 12
35 83 97 70
35 84 62 53
35 85 99 44
35 86 80 86
35 87 61 82
35 88 73 28
35 89 20 67
35 90 0 4
35 91 38 66
35 92 10 18
35 93 93 28
35 94 10 69
35 95 13 27
35 96 71 47
35 97 49 78
35 98 32 25
35 99 14 5
36 37 88 35
36 38 77 47
36 39 34 48
36 40 90 33
36 41 89 54
36 42 78 78
36 43 12 65
36 44 37 65
36 45 18 37
36 46 74 86
36 47 71 76
36 48 46 73
36 49 76 90
36 50 84 56
36 51 67 41
36 52 87 33
36 53 45 16
36 54 21 60
36 55 76 74
36 56 84 79
36 57 66 36
36 58 23 51
36 59 93 50
36 60 86 48
36 61 97 55
36 62 36 13
36 63 15 64
36 64 7 6
36 65 60 44
36 66 8 25
36 67 64 60
36 68 16 56
36 69 43 66
36 70 78 73
36 71 12 38
36 72 36 61
36 73 27 30
36 74 98 47
36 75 87 48
36 76 11 42
36 77 47 66
36 78 65 49
36 79 13 64
36 80 66 60
36 81 9 17
36 82 9 50
36 83 54 61
36 84 90 72
36 85 37 78
36 86 74 79
36 87 84 94
36 88 35 28
36 89 50 65
36 90 22 36
36 91 39 47
36 92 97 72
36 93 33 70
36 94 62 61
36 95 93 42
36 96 85 62
36 97 48 83
36 98 45 28
36 99 94 52
37 38 38 22
37 39 54 57
37 40 56 78
37 41 80 28
37 42 53 82
37 43 75 67
37 44 32 60
37 45 36 60
37 46 35 18
37 47 92 41
37 48 22 65
37 49 91 67
37 50 8 57
37 51 82 48
37 52 69 30
37 53 58 54
37 54 87 53
37 55 31 13
37 56 74 92
37 57 50 48
37 58 12 56
37 59 79 76
37 60 93 61
37 61 50 35
37 62 83 49
37 63 56 18
37 64 60 85
37 65 83 50
37 66 71 22
37 67 71 35
37 68 77 73
37 69 29 36
37 70 79 60
37 71 85 35
37 72 26 40
37 73 56 53
37 74 51 20
37 75 45 49
37 76 72 24
37 77 70 45
37 78 30 73
37 79 74 51
37 80 95 49
37 81 99 71
37 82 71 29
37 83 79 26
37 84 82 35
37 85 69 66
37 86 71 78
37 87 62 76
37 88 93 46
37 89 77 37
37 90 92 45
37 91 34 53
37 92 51 41
37 93 29 14
37 94 22 74
37 95 93 46
37 96 24 15
37 97 87 87
37 98 53 50
37 99 1 37
38 39 59 51
38 40 8 36
38 41 32 69
38 42 57 44
38 43 40 28
38 44 32 26
38 45 80 67
38 46 56 72
38 47 30 74
38 48 32 77
38 49 38 78
38 50 43 39
38 51 45 51
38 52 17 47
38 53 38 26
38 54 90 92
38 55 42 33
38 56 66 26
38 57 25 68
38 58 12 63
38 59 4 45
38 60 95 95
38 61 18 10
38 62 25 56
38 63 46 60
38 64 3 15
38 65 90 85
38 66 30 33
38 67 11 29
38 68 85 42
38 69 56 45
38 70 82 69
38 71 72 27
38 72 58 72
38 73 98 40
38 74 31 68
38 75 91 66
38 76 58 44
38 77 89 82
38 78 15 36
38 79 68 76
38 80 87 64
38 81 15 13
38 82 98 41
38 83 55 50
38 84 22 57
38 85 91 35
38 86 4 50
38 87 27 48
38 88 86 35
38 89 94 94
38 90 55 82
38 91 63 33
38 92 37 76
38 93 3 31
38 94 7 12
38 95 53 58
38 96 31 54
38 97 72 47
38 98 86 75
38 99 60 45
39 40 51 82
39 41 39 20
39 42 98 44
39 43 85 27
39 44 99 45
39 45 71 59
39 46 93 85
39 47 22 25
39 48 50 43
39 49 91 91
39 50 13 37
39 51 3 66
39 52 78 55
39 53 35 33
39 54 30 67
39 55 86 41
39 56 93 37
39 57 56 73
39 58 3 50
39 59 21 68
39 60 5 13
39 61 8 4
39 62 95 71
39 63 4 48
39 64 38 62
39 65 5 26
39 66 59 50
39 67 32 42
39 68 94 43
39 69 34 11
39 70 12 56
39 71 78 55
39 72 74 41
39 73 96 57
39 74 31 52
39 75 77 54
39 76 6 70
39 77 12 50
39 78 18 13
39 79 73 72
39 80 70 51
39 81 21 73
39 82 30 67
39 83 76 74
39 84 95 40
39 85 17 9
39 86 29 18
39 87 24 73
39 88 58 17
39 89 36 61
39 90 79 58
39 91 93 75
39 92 85 44
39 93 53 69
39 94 0 3
39 95 65 52
39 96 54 61
39 97 27 21
39 98 16 45
39 99 15 54
40 41 59 39
40 42 60 73
40 43 97 62
40 44 45 37
40 45 99 45
40 46 90 94
40 47 97 86
40 48 26 23
40 49 89 64
40 50 4 70
40 51 47 72
40 52 86 70
40 53 43 74
40 54 49 23
40 55 81 32
40 56 35 30
40 57 29 20
40 58 91 57
40 59 48 21
40 60 56 30
40 61 53 52
40 62 19 39
40 63 45 50
40 64 20 58
40 65 95 30
40 66 71 46
40 67 15 17
40 68 80 66
40 69 95 87
40 70 75 50
40 71 37 38
40 72 40 44
40 73 44 35
40 74 49 55
40 75 98 37
40 76 92 36
40 77 21 40
40 78 83 53
40 79 4 66
40 80 72 53
40 81 93 33
40 82 14 67
40 83 22 49
40 84 59 23
40 85 76 72
40 86 54 27
40 87 30 48
40 88 31 57
40 89 51 70
40 90 37 65
40 91 46 18
40 92 31 65
40 93 12 66
40 94 34 61
40 95 18 45
40 96 59 78
40 97 29 24
40 98 42 54
40 99 79 89
41 42 37 36
41 43 91 84
41 44 78 63
41 45 39 77
41 46 18 33
41 47 65 64
41 48 79 90
41 49 52 79
41 50 7 39
41 51 26 71
41 52 14 73
41 53 43 27
41 54 7 54
41 55 22 22
41 56 9 70
41 57 27 61
41 58 54 76
41 59 43 41
41 60 25 45
41 61 31 17
41 62 14 69
41 63 10 67
41 64 68 76
41 65 18 13
41 66 73 53
41 67 66 51
41 68 19 72
41 69 89 53
41 70 7 15
41 71 15 29
41 72 93 59
41 73 79 46
41 74 63 30
41 75 24 50
41 76 1 5
41 77 12 11
41 78 23 50
41 79 14 43
41 80 37 36
41 81 1 9
41 82 31 56
41 83 42 50
41 84 78 75
41 85 46 50
41 86 68 42
41 87 54 38
41 88 31 25
41 89 54 73
41 90 66 27
41 91 94 66
41 92 69 68
41 93 4 50
41 94 11 41
41 95 58 51
41 96 64 88
41 97 2 36
41 98 38 57
41 99 93 89
42 43 55 31
42 44 34 31
42 45 43 67
42 46 79 54
42 47 19 57
42 48 28 54
42 49 30 72
42 50 26 12
42 51 29 36
42 52 61 49
42 53 37 21
42 54 94 71
42 55 34 60
42 56 89 37
42 57 1 33
42 58 49 49
42 59 80 81
42 60 61 62
42 61 47 58
42 62 69 47
42 63 81 33
42 64 51 29
42 65 73 26
42 66 16 6
42 67 86 52
42 68 92 34
42 69 94 86
42 70 57 80
42 71 82 67
42 72 10 28
42 73 32 21
42 74 6 35
42 75 66 80
42 76 54 39
42 77 51 84
42 78 75 54
42 79 56 52
42 80 23 61
42 81 4 56
42 82 27 52
42 83 53 23
42 84 21 12
42 85 24 21
42 86 98 45
42 87 33 57
42 88 30 46
42 89 38 72
42 90 40 47
42 91 95 60
42 92 52 41
42 93 79 85
42 94 58 64
42 95 41 68
42 96 1 48
42 97 56 75
42 98 90 35
42 99 98 78
43 44 73 48
43 45 73 51
43 46 81 71
43 47 7 34
43 48 84 95
43 49 18 34
43 50 78 70
43 51 16 10
43 52 85 83
43 53 60 23
43 54 99 80
43 55 24 42
43 56 41 50
43 57 75 24
43 58 81 45
43 59 81 49
43 60 99 70
43 61 34 66
43 62 19 74
43 63 85 70
43 64 70 69
43 65 15 45
43 66 15 11
43 67 23 24
43 68 18 41
43 69 59 25
43 70 86 51
43 71 1 68
43 72 62 37
43 73 58 31
43 74 87 35
43 75 25 46
43 76 43 16
43 77 23 57
43 78 73 84
43 79 77 92
43 80 54 46
43 81 81 37
43 82 75 69
43 83 22 72
43 84 83 64
43 85 56 70
43 86 66 51
43 87 56 20
43 88 99 95
43 89 78 74
43 90 74 89
43 91 87 73
43 92 50 65
43 93 83 63
43 94 71 33
43 95 84 76
43 96 38 22
43 97 48 44
43 98 38 58
43 99 26 31
44 45 73 27
44 46 63 48
44 47 99 55
44 48 44 68
44 49 55 25
44 50 21 25
44 51 65 84
44 52 33 72
44 53 47 24
44 54 81 44
44 55 13 7
44 56 97 55
44 57 14 42
44 58 41 74
44 59 0 28
44 60 73 72
44 61 19 37
44 62 2 42
44 63 80 34
44 64 52 66
44 65 96 97
44 66 86 64
44 67 11 46
44 68 21 69
44 69 99 32
44 70 19 50
44 71 63 64
44 72 71 78
44 73 91 46
44 74 60 50
44 75 7 7
44 76 3 56
44 77 12 21
44 78 35 74
44 79 16 44
44 80 10 31
44 81 38 61
44 82 67 79
44 83 29 16
44 84 74 43
44 85 81 92
44 86 66 41
44 87 26 75
44 88 75 33
44 89 57 36
44 90 69 70
44 91 87 95
44 92 30 53
44 93 99 82
44 94 77 47
44 95 16 33
44 96 12 34
44 97 50 44
44 98 44 28
44 99 14 34
45 46 59 81
45 47 0 4
45 48 98 44
45 49 27 64
45 50 76 44
45 51 6 70
45 52 25 35
45 53 36 71
45 54 52 85
45 55 9 9
45 56 23 29
45 57 3 9
45 58 89 45
45 59 48 43
45 60 10 14
45 61 48 38
45 62 45 45
45 63 66 68
45 64 38 42
45 65 37 11
45 66 19 56
45 67 54 83
45 68 31 57
45 69 78 62
45 70 96 43
45 71 63 48
45 72 96 30
45 73 7 42
45 74 45 18
45 75 57 76
45 76 56 77
45 77 1 7
45 78 94 90
45 79 31 52
45 80 42 75
45 81 1 65
45 82 16 52
45 83 14 58
45 84 29 47
45 85 17 41
45 86 85 66
45 87 58 81
45 88 38 75
45 89 16 19
45 90 39 58
45 91 20 65
45 92 5 38
45 93 42 64
45 94 95 75
45 95 5 64
45 96 9 9
45 97 25 72
45 98 8 66
45 99 90 66
46 47 50 79
46 48 83 40
46 49 54 67
46 50 60 70
46 51 7 7
46 52 42 60
46 53 22 16
46 54 3 12
46 55 88 62
46 56 71 74
46 57 83 45
46 58 67 37
46 59 24 65
46 60 70 48
46 61 21 14
46 62 6 49
46 63 42 49
46 64 14 5
46 65 82 59
46 66 83 92
46 67 34 32
46 68 75 80
46 69 25 58
46 70 91 31
46 71 15 26
46 72 91 73
46 73 28 59
46 74 32 22
46 75 30 68
46 76 30 27
46 77 24 38
46 78 61 67
46 79 25 75
46 80 70 49
46 81 58 75
46 82 96 70
46 83 26 47
46 84 71 48
46 85 33 49
46 86 3 4
46 87 52 15
46 88 63 23
46 89 4 70
46 90 99 65
46 91 18 47
46 92 84 49
46 93 2 11
46 94 15 53
46 95 37 61
46 96 50 77
46 97 40 35
46 98 40 28
46 99 26 76
47 48 24 45
47 49 25 13
47 50 46 67
47 51 77 75
47 52 46 55
47 53 88 54
47 54 31 36
47 55 8 9
47 56 41 48
47 57 94 72
47 58 90 44
47 59 0 2
47 60 84 53
47 61 38 29
47 62 88 94
47 63 5 10
47 64 24 44
47 65 48 77
47 66 29 75
47 67 31 55
47 68 58 85
47 69 8 66
47 70 1 42
47 71 21 30
47 72 70 88
47 73 63 40
47 74 38 39
47 75 44 46
47 76 24 54
47 77 15 60
47 78 47 23
47 79 41 78
47 80 25 73
47 81 44 39
47 82 76 40
47 83 67 27
47 84 7 25
47 85 25 29
47 86 32 68
47 87 68 66
47 88 27 62
47 89 1 64
47 90 89 56
47 91 76 82
47 92 0 2
47 93 50 78
47 94 29 40
47 95 64 82
47 96 1 62
47 97 70 25
47 98 3 52
47 99 57 35
48 49 41 72
48 50 57 67
48 51 27 11
48 52 21 40
48 53 4 27
48 54 14 64
48 55 95 44
48 56 71 56
48 57 59 26
48 58 6 55
48 59 53 43
48 60 26 20
48 61 70 52
48 62 60 54
48 63 64 44
48 64 90 56
48 65 63 52
48 66 16 16
48 67 17 29
48 68 94 81
48 69 48 54
48 70 68 43
48 71 33 15
48 72 42 66
48 73 45 38
48 74 72 63
48 75 87 60
48 76 93 83
48 77 59 78
48 78 89 28
48 79 40 21
48 80 55 25
48 81 91 45
48 82 75 86
48 83 29 15
48 84 59 76
48 85 77 65
48 86 79 90
48 87 37 73
48 88 11 17
48 89 7 6
48 90 80 28
48 91 56 58
48 92 5 68
48 93 87 65
48 94 68 56
48 95 37 17
48 96 59 71
48 97 50 80
48 98 28 45
48 99 87 84
49 50 76 28
49 51 63 21
49 52 81 32
49 53 74 88
49 54 85 39
49 55 88 57
49 56 70 41
49 57 24 45
49 58 10 68
49 59 17 65
49 60 84 46
49 61 69 78
49 62 61 86
49 63 38 49
49 64 27 76
49 65 89 67
49 66 0 0
49 67 41 36
49 68 48 17
49 69 35 31
49 70 9 60
49 71 50 32
49 72 14 32
49 73 7 14
49 74 16 6
49 75 10 42
49 76 26 42
49 77 24 37
49 78 54 64
49 79 45 20
49 80 84 62
49 81 48 48
49 82 0 14
49 83 21 60
49 84 86 88
49 85 80 90
49 86 93 63
49 87 94 83
49 88 8 58
49 89 47 83
49 90 28 27
49 91 35 30
49 92 37 66
49 93 97 91
49 94 52 45
49 95 30 21
49 96 20 27
49 97 23 28
49 98 80 91
49 99 39 78
50 51 36 71
50 52 81 57
50 53 25 28
50 54 82 26
50 55 60 64
50 56 76 38
50 57 41 71
50 58 80 86
50 59 18 7
50 60 10 59
50 61 1 54
50 62 75 28
50 63 82 41
50 64 21 36
50 65 14 28
50 66 48 77
50 67 3 52
50 68 73 70
50 69 51 53
50 70 47 42
50 71 9 14
50 72 64 21
50 73 49 66
50 74 0 5
50 75 15 67
50 76 47 67
50 77 26 66
50 78 72 35
50 79 10 64
50 80 19 40
50 81 39 56
50 82 6 46
50 83 2 31
50 84 50 44
50 85 34 32
50 86 14 37
50 87 67 82
50 88 34 37
50 89 96 57
50 90 72 34
50 91 72 50
50 92 99 52
50 93 27 42
50 94 39 71
50 95 56 70
50 96 94 92
50 97 99 79
50 98 77 83
50 99 0 39
51 52 20 66
51 53 83 84
51 54 0 62
51 55 35 75
51 56 37 61
51 57 6 24
51 58 60 37
51 59 45 41
51 60 87 50
51 61 59 66
51 62 71 50
51 63 43 72
51 64 14 31
51 65 91 62
51 66 76 51
51 67 20 8
51 68 57 74
51 69 2 24
51 70 23 69
51 71 55 60
51 72 93 95
51 73 11 23
51 74 81 92
51 75 3 7
51 76 3 38
51 77 22 29
51 78 17 30
51 79 80 81
51 80 12 69
51 81 91 87
51 82 18 31
51 83 11 30
51 84 55 38
51 85 50 36
51 86 32 51
51 87 37 53
51 88 74 29
51 89 0 49
51 90 64 45
51 91 51 73
51 92 21 6
51 93 46 33
51 94 70 30
51 95 7 38
51 96 47 62
51 97 68 21
51 98 89 37
51 99 68 64
52 53 8 4
52 54 33 26
52 55 98 53
52 56 98 57
52 57 43 71
52 58 16 18
52 59 19 9
52 60 58 71
52 61 54 18
52 62 24 30
52 63 50 36
52 64 44 15
52 65 98 90
52 66 30 10
52 67 52 83
52 68 17 73
52 69 78 74
52 70 67 33
52 71 21 66
52 72 15 55
52 73 50 39
52 74 89 78
52 75 85 37
52 76 58 24
52 77 55 38
52 78 48 44
52 79 43 51
52 80 89 83
52 81 52 74
52 82 22 6
52 83 69 84
52 84 99 68
52 85 48 36
52 86 13 72
52 87 94 62
52 88 33 55
52 89 47 61
52 90 55 54
52 91 16 41
52 92 84 65
52 93 84 33
52 94 67 64
52 95 77 79
52 96 14 19
52 97 8 39
52 98 11 39
52 99 41 63
53 54 77 85
53 55 86 39
53 56 90 38
53 57 5 21
53 58 80 65
53 59 6 52
53 60 68 26
53 61 23 37
53 62 29 15
53 63 32 11
53 64 78 36
53 65 55 34
53 66 15 45
53 67 83 84
53 68 26 11
53 69 45 17
53 70 89 62
53 71 70 64
53 72 84 80
53 73 65 65
53 74 58 81
53 75 20 48
53 76 68 73
53 77 84 30
53 78 55 51
53 79 46 40
53 80 36 41
53 81 39 56
53 82 63 28
53 83 20 57
53 84 51 50
53 85 34 49
53 86 56 64
53 87 7 52
53 88 93 90
53 89 95 43
53 90 18 30
53 91 32 20
53 92 60 85
53 93 32 15
53 94 79 47
53 95 80 59
53 96 90 75
53 97 25 21
53 98 68 42
53 99 46 26
54 55 4 28
54 56 32 36
54 57 0 65
54 58 93 88
54 59 76 60
54 60 8 10
54 61 9 36
54 62 48 63
54 63 10 14
54 64 49 17
54 65 12 26
54 66 36 49
54 67 59 68
54 68 47 44
54 69 18 61
54 70 25 73
54 71 2 32
54 72 6 17
54 73 45 72
54 74 13 49
54 75 5 69
54 76 40 14
54 77 50 81
54 78 95 34
54 79 9 56
54 80 70 66
54 81 59 59
54 82 68 75
54 83 23 43
54 84 91 27
54 85 20 43
54 86 14 21
54 87 6 17
54 88 97 66
54 89 80 86
54 90 33 19
54 91 63 78
54 92 83 85
54 93 39 38
54 94 42 18
54 95 41 29
54 96 49 28
54 97 0 41
54 98 57 77
54 99 65 67
55 56 42 72
55 57 15 61
55 58 85 52
55 59 59 49
55 60 81 90
55 61 65 84
55 62 17 74
55 63 78 63
55 64 97 53
55 65 69 65
55 66 5 17
55 67 75 74
55 68 38 38
55 69 63 67
55 70 73 23
55 71 61 86
55 72 46 34
55 73 42 79
55 74 58 86
55 75 88 38
55 76 15 67
55 77 70 52
55 78 19 31
55 79 43 48
55 80 81 79
55 81 77 85
55 82 72 50
55 83 14 51
55 84 4 18
55 85 0 47
55 86 68 46
55 87 49 82
55 88 59 19
55 89 85 83
55 90 86 59
55 91 43 50
55 92 21 22
55 93 39 63
55 94 75 24
55 95 26 31
55 96 61 84
55 97 87 57
55 98 80 39
55 99 76 72
56 57 40 43
56 58 45 29
56 59 52 77
56 60 8 34
56 61 54 67
56 62 50 79
56 63 83 28
56 64 71 40
56 65 82 38
56 66 37 67
56 67 79 75
56 68 89 34
56 69 45 59
56 70 20 33
56 71 27 74
56 72 72 85
56 73 55 65
56 74 45 77
56 75 91 64
56 76 51 48
56 77 13 22
56 78 61 41
56 79 39 20
56 80 69 47
56 81 91 72
56 82 80 30
56 83 63 47
56 84 2 25
56 85 83 53
56 86 89 78
56 87 95 83
56 88 42 67
56 89 77 58
56 90 53 28
56 91 77 77
56 92 5 43
56 93 86 74
56 94 5 35
56 95 32 23
56 96 52 26
56 97 1 67
56 98 59 78
56 99 16 73
57 58 17 71
57 59 82 33
57 60 38 60
57 61 58 76
57 62 97 29
57 63 1 40
57 64 62 47
57 65 31 38
57 66 21 62
57 67 95 91
57 68 91 81
57 69 81 57
57 70 54 72
57 71 94 64
57 72 62 71
57 73 62 42
57 74 77 35
57 75 96 29
57 76 14 71
57 77 74 58
57 78 54 61
57 79 8 51
57 80 13 69
57 81 74 24
57 82 78 24
57 83 30 43
57 84 62 29
57 85 27 19
57 86 25 12
57 87 18 39
57 88 20 44
57 89 50 15
57 90 89 47
57 91 76 30
57 92 68 27
57 93 64 39
57 94 65 25
57 95 33 51
57 96 99 89
57 97 86 94
57 98 88 35
57 99 98 42
58 59 96 85
58 60 37 59
58 61 17 72
58 62 97 37
58 63 39 54
58 64 23 75
58 65 42 14
58 66 12 34
58 67 7 20
58 68 81 46
58 69 43 52
58 70 6 13
58 71 44 79
58 72 35 72
58 73 11 28
58 74 32 49
58 75 27 8
58 76 21 65
58 77 32 54
58 78 81 29
58 79 18 54
58 80 31 55
58 81 98 78
58 82 88 45
58 83 64 86
58 84 92 83
58 85 6 62
58 86 4 2
58 87 73 46
58 88 2 51
58 89 87 60
58 90 27 20
58 91 58 26
58 92 98 58
58 93 44 22
58 94 35 66
58 95 95 90
58 96 67 59
58 97 64 26
58 98 94 74
58 99 38 11
59 60 40 81
59 61 6 2
59 62 80 89
59 63 99 77
59 64 72 85
59 65 33 55
59 66 9 67
59 67 21 46
59 68 2 20
59 69 33 67
59 70 33 48
59 71 32 49
59 72 30 49
59 73 15 17
59 74 52 34
59 75 33 36
59 76 64 29
59 77 50 21
59 78 64 84
59 79 9 26
59 80 72 61
59 81 80 61
59 82 94 36
59 83 10 55
59 84 74 25
59 85 20 64
59 86 44 67
59 87 14 17
59 88 96 88
59 89 83 54
59 90 14 6
59 91 29 42
59 92 35 30
59 93 12 3
59 94 60 50
59 95 51 32
59 96 19 20
59 97 73 51
59 98 34 57
59 99 5 59
60 61 21 17
60 62 15 21
60 63 18 50
60 64 62 59
60 65 62 81
60 66 71 78
60 67 21 9
60 68 79 47
60 69 93 38
60 70 29 11
60 71 95 73
60 72 64 21
60 73 15 6
60 74 45 45
60 75 62 24
60 76 43 45
60 77 7 18
60 78 98 89
60 79 31 35
60 80 3 65
60 81 96 41
60 82 25 63
60 83 19 66
60 84 14 21
60 85 23 73
60 86 6 36
60 87 14 27
60 88 68 71
60 89 40 29
60 90 65 25
60 91 49 55
60 92 13 42
60 93 73 63
60 94 48 23
60 95 99 32
60 96 90 42
60 97 90 54
60 98 23 74
60 99 68 87
61 62 17 72
61 63 2 3
61 64 17 45
61 65 26 22
61 66 45 42
61 67 20 6
61 68 13 69
61 69 67 24
61 70 91 83
61 71 82 84
61 72 73 73
61 73 65 81
61 74 57 46
61 75 72 46
61 76 31 12
61 77 48 31
61 78 47 47
61 79 33 61
61 80 22 46
61 81 81 42
61 82 52 50
61 83 1 15
61 84 76 48
61 85 92 71
61 86 21 16
61 87 12 26
61 88 65 59
61 89 70 34
61 90 17 74
61 91 31 50
61 92 79 62
61 93 80 83
61 94 36 15
61 95 64 28
61 96 91 29
61 97 62 32
61 98 98 91
61 99 13 48
62 63 73 90
62 64 71 73
62 65 89 80
62 66 0 56
62 67 70 71
62 68 56 58
62 69 30 39
62 70 24 50
62 71 86 95
62 72 63 69
62 73 88 63
62 74 85 60
62 75 34 19
62 76 88 51
62 77 48 55
62 78 92 37
62 79 10 44
62 80 24 51
62 81 48 37
62 82 46 68
62 83 90 79
62 84 96 69
62 85 97 89
62 86 70 45
62 87 98 85
62 88 16 54
62 89 88 81
62 90 7 71
62 91 33 37
62 92 68 59
62 93 23 11
62 94 73 39
62 95 90 78
62 96 63 65
62 97 94 86
62 98 52 83
62 99 95 74
63 64 53 19
63 65 50 50
63 66 73 76
63 67 84 60
63 68 73 72
63 69 24 13
63 70 72 89
63 71 5 36
63 72 73 47
63 73 67 41
63 74 97 43
63 75 89 66
63 76 89 48
63 77 44 19
63 78 45 47
63 79 89 57
63 80 72 86
63 81 65 35
63 82 66 29
63 83 92 93
63 84 32 64
63 85 92 89
63 86 6 12
63 87 43 30
63 88 26 42
63 89 29 70
63 90 42 39
63 91 28 70
63 92 81 60
63 93 54 17
63 94 42 16
63 95 0 59
63 96 77 71
63 97 48 30
63 98 97 59
63 99 98 42
64 65 74 87
64 66 98 39
64 67 75 49
64 68 79 83
64 69 76 40
64 70 65 47
64 71 35 11
64 72 74 64
64 73 27 67
64 74 41 63
64 75 5 59
64 76 89 67
64 77 61 37
64 78 85 50
64 79 56 33
64 80 6 8
64 81 26 13
64 82 25 55
64 83 45 78
64 84 13 51
64 85 60 73
64 86 27 14
64 87 42 75
64 88 87 81
64 89 15 43
64 90 69 44
64 91 50 19
64 92 34 39
64 93 70 30
64 94 56 77
64 95 91 89
64 96 50 25
64 97 31 35
64 98 11 62
64 99 67 78
65 66 79 83
65 67 10 37
65 68 97 84
65 69 13 60
65 70 87 87
65 71 61 71
65 72 38 65
65 73 10 38
65 74 37 34
65 75 5 65
65 76 72 57
65 77 43 72
65 78 45 23
65 79 4 20
65 80 64 81
65 81 40 13
65 82 92 38
65 83 47 23
65 84 47 18
65 85 82 84
65 86 65 66
65 87 66 57
65 88 37 73
65 89 10 59
65 90 56 40
65 91 32 21
65 92 30 30
65 93 0 28
65 94 73 70
65 95 62 76
65 96 34 23
65 97 68 57
65 98 75 89
65 99 52 21
66 67 13 25
66 68 47 62
66 69 13 48
66 70 51 72
66 71 71 39
66 72 10 32
66 73 75 74
66 74 37 62
66 75 41 76
66 76 32 34
66 77 15 28
66 78 55 27
66 79 93 75
66 80 21 41
66 81 85 46
66 82 34 60
66 83 50 21
66 84 98 95
66 85 44 73
66 86 27 40
66 87 55 71
66 88 88 79
66 89 56 73
66 90 90 54
66 91 90 81
66 92 31 10
66 93 75 62
66 94 57 28
66 95 45 26
66 96 17 72
66 97 23 29
66 98 79 72
66 99 32 55
67 68 94 47
67 69 17 24
67 70 71 84
67 71 68 32
67 72 81 42
67 73 50 76
67 74 14 28
67 75 7 52
67 76 45 63
67 77 82 25
67 78 13 23
67 79 59 24
67 80 5 53
67 81 85 28
67 82 51 82
67 83 0 21
67 84 77 59
67 85 9 69
67 86 53 31
67 87 95 83
67 88 93 80
67 89 37 67
67 90 18 55
67 91 66 88
67 92 58 42
67 93 50 53
67 94 89 64
67 95 91 58
67 96 81 37
67 97 37 79
67 98 93 77
67 99 44 32
68 69 5 56
68 70 49 68
68 71 44 48
68 72 71 73
68 73 81 32
68 74 87 65
68 75 99 64
68 76 60 23
68 77 54 29
68 78 94 35
68 79 39 42
68 80 95 68
68 81 48 24
68 82 50 21
68 83 99 36
68 84 75 82
68 85 86 45
68 86 87 42
68 87 71 76
68 88 34 46
68 89 13 19
68 90 26 63
68 91 39 44
68 92 11 46
68 93 92 54
68 94 73 60
68 95 44 81
68 96 87 76
68 97 40 31
68 98 96 49
68 99 0 61
69 70 57 54
69 71 17 70
69 72 22 35
69 73 46 32
69 74 68 74
69 75 77 74
69 76 73 65
69 77 16 13
69 78 61 32
69 79 1 56
69 80 77 28
69 81 85 78
69 82 72 66
69 83 90 95
69 84 38 33
69 85 91 54
69 86 36 12
69 87 61 57
69 88 36 53
69 89 97 52
69 90 57 50
69 91 42 15
69 92 92 62
69 93 18 60
69 94 13 67
69 95 50 79
69 96 73 36
69 97 70 38
69 98 82 57
69 99 4 57
70 71 39 79
70 72 43 52
70 73 34 43
70 74 35 15
70 75 91 59
70 76 71 49
70 77 54 27
70 78 13 11
70 79 64 45
70 80 69 80
70 81 30 69
70 82 24 47
70 83 37 64
70 84 41 49
70 85 28 17
70 86 35 12
70 87 55 21
70 88 24 60
70 89 4 2
70 90 31 27
70 91 1 22
70 92 74 82
70 93 89 75
70 94 41 32
70 95 48 62
70 96 23 43
70 97 18 31
70 98 5 57
70 99 56 31
71 72 53 40
71 73 1 25
71 74 38 65
71 75 10 43
71 76 49 56
71 77 92 45
71 78 29 49
71 79 32 58
71 80 57 22
71 81 17 52
71 82 76 51
71 83 4 37
71 84 33 24
71 85 86 57
71 86 0 0
71 87 17 27
71 88 66 89
71 89 82 87
71 90 20 64
71 91 4 39
71 92 40 45
71 93 58 51
71 94 60 66
71 95 20 70
71 96 28 71
71 97 26 18
71 98 63 84
71 99 63 40
72 73 44 64
72 74 11 63
72 75 21 67
72 76 27 15
72 77 30 50
72 78 68 39
72 79 53 76
72 80 33 50
72 81 3 45
72 82 90 54
72 83 27 31
72 84 74 75
72 85 45 53
72 86 18 30
72 87 98 67
72 88 17 42
72 89 63 65
72 90 35 75
72 91 51 49
72 92 79 30
72 93 0 32
72 94 35 30
72 95 88 60
72 96 1 4
72 97 31 43
72 98 39 77
72 99 45 57
73 74 77 25
73 75 63 78
73 76 64 42
73 77 47 40
73 78 54 83
73 79 98 65
73 80 99 53
73 81 87 82
73 82 90 65
73 83 77 64
73 84 1 57
73 85 96 42
73 86 65 41
73 87 98 59
73 88 24 51
73 89 15 49
73 90 19 51
73 91 52 73
73 92 14 25
73 93 23 21
73 94 41 27
73 95 4 30
73 96 64 39
73 97 1 30
73 98 15 25
73 99 41 70
74 75 69 23
74 76 99 63
74 77 63 52
74 78 2 5
74 79 60 30
74 80 16 54
74 81 32 74
74 82 74 66
74 83 88 94
74 84 30 70
74 85 96 37
74 86 87 51
74 87 91 96
74 88 96 94
74 89 82 52
74 90 48 29
74 91 91 42
74 92 76 79
74 93 3 63
74 94 97 51
74 95 71 33
74 96 47 81
74 97 76 87
74 98 72 84
74 99 60 64
75 76 79 60
75 77 36 43
75 78 93 92
75 79 53 33
75 80 31 27
75 81 68 69
75 82 34 38
75 83 28 10
75 84 12 17
75 85 91 58
75 86 23 45
75 87 26 42
75 88 33 21
75 89 16 53
75 90 67 57
75 91 14 55
75 92 54 40
75 93 76 24
75 94 68 66
75 95 30 53
75 96 42 48
75 97 53 46
75 98 54 57
75 99 22 14
76 77 60 29
76 78 66 64
76 79 11 30
76 80 44 64
76 81 39 74
76 82 69 58
76 83 95 83
76 84 97 52
76 85 10 23
76 86 29 68
76 87 7 14
76 88 76 32
76 89 5 23
76 90 28 70
76 91 73 86
76 92 54 42
76 93 61 51
76 94 18 54
76 95 52 40
76 96 96 49
76 97 66 59
76 98 30 62
76 99 4 35
77 78 41 80
77 79 17 50
77 80 3 46
77 81 27 53
77 82 33 53
77 83 73 68
77 84 3 12
77 85 45 53
77 86 59 40
77 87 11 59
77 88 13 33
77 89 8 22
77 90 38 55
77 91 69 31
77 92 99 76
77 93 25 25
77 94 57 31
77 95 26 29
77 96 40 64
77 97 74 35
77 98 34 51
77 99 49 80
78 79 91 39
78 80 17 63
78 81 87 62
78 82 20 36
78 83 68 64
78 84 29 73
78 85 69 55
78 86 18 29
78 87 80 85
78 88 97 73
78 89 87 56
78 90 51 24
78 91 18 29
78 92 21 46
78 93 33 65
78 94 58 43
78 95 42 35
78 96 44 54
78 97 76 45
78 98 49 49
78 99 74 78
79 80 89 73
79 81 62 19
79 82 93 35
79 83 9 48
79 84 67 59
79 85 93 84
79 86 28 54
79 87 46 20
79 88 81 49
79 89 82 81
79 90 42 30
79 91 76 77
79 92 74 29
79 93 53 37
79 94 84 80
79 95 96 70
79 96 58 60
79 97 90 63
79 98 71 44
79 99 99 50
80 81 62 41
80 82 12 5
80 83 66 70
80 84 47 47
80 85 87 73
80 86 44 28
80 87 61 55
80 88 84 59
80 89 88 89
80 90 23 55
80 91 64 68
80 92 1 42
80 93 95 89
80 94 40 74
80 95 46 73
80 96 80 79
80 97 35 47
80 98 41 61
80 99 42 64
81 82 21 22
81 83 60 61
81 84 1 37
81 85 21 22
81 86 94 80
81 87 73 68
81 88 44 26
81 89 1 53
81 90 5 27
81 91 45 79
81 92 91 87
81 93 45 40
81 94 68 81
81 95 73 50
81 96 27 45
81 97 78 44
81 98 11 20
81 99 73 56
82 83 24 73
82 84 49 41
82 85 36 18
82 86 8 70
82 87 31 40
82 88 4 19
82 89 24 71
82 90 31 13
82 91 70 69
82 92 21 10
82 93 22 25
82 94 12 56
82 95 36 61
82 96 14 69
82 97 8 70
82 98 19 14
82 99 68 85
83 84 50 24
83 85 38 21
83 86 76 42
83 87 66 40
83 88 14 69
83 89 64 78
83 90 9 17
83 91 94 34
83 92 87 58
83 93 62 74
83 94 47 64
83 95 19 74
83 96 90 37
83 97 34 69
83 98 75 84
83 99 62 45
84 85 30 73
84 86 90 43
84 87 71 42
84 88 79 24
84 89 39 45
84 90 82 42
84 91 78 83
84 92 49 28
84 93 17 18
84 94 95 74
84 95 19 38
84 96 3 62
84 97 55 39
84 98 96 43
84 99 93 53
85 86 97 59
85 87 46 81
85 88 18 37
85 89 78 24
85 90 41 64
85 91 71 67
85 92 77 59
85 93 54 34
85 94 89 86
85 95 46 60
85 96 72 84
85 97 87 60
85 98 80 85
85 99 88 83
86 87 86 43
86 88 35 27
86 89 67 33
86 90 71 64
86 91 18 11
86 92 90 48
86 93 23 11
86 94 2 65
86 95 4 36
86 96 77 92
86 97 41 35
86 98 90 47
86 99 43 38
87 88 4 59
87 89 29 76
87 90 13 64
87 91 51 43
87 92 40 26
87 93 26 16
87 94 28 71
87 95 25 16
87 96 58 53
87 97 99 98
87 98 25 64
87 99 91 45
88 89 86 52
88 90 57 60
88 91 78 67
88 92 35 56
88 93 10 43
88 94 91 76
88 95 65 35
88 96 67 60
88 97 64 81
88 98 28 19
88 99 77 31
89 90 1 47
89 91 24 53
89 92 49 30
89 93 79 56
89 94 93 33
89 95 32 52
89 96 87 81
89 97 1 28
89 98 78 33
89 99 48 45
90 91 24 45
90 92 58 23
90 93 90 29
90 94 46 43
90 95 54 41
90 96 40 49
90 97 63 35
90 98 21 63
90 99 40 48
91 92 13 31
91 93 24 55
91 94 31 16
91 95 13 13
91 96 7 53
91 97 21 37
91 98 49 46
91 99 55 18
92 93 8 8
92 94 72 73
92 95 75 79
92 96 95 98
92 97 34 79
92 98 15 69
92 99 88 55
93 94 34 48
93 95 45 62
93 96 55 63
93 97 50 33
93 98 32 43
93 99 80 33
94 95 41 70
94 96 40 79
94 97 37 56
94 98 21 15
94 99 40 62
95 96 49 70
95 97 88 49
95 98 20 46
95 99 68 31
96 97 72 91
96 98 45 57
96 99 11 8
97 98 2 14
97 99 32 54
98 99 7 46
