100
0 1 11 26
0 2 91 50
0 3 96 74
0 4 32 38
0 5 41 56
0 6 6 22
0 7 85 59
0 8 33 63
0 9 59 37
0 10 94 90
0 11 52 74
0 12 67 49
0 13 50 46
0 14 56 40
0 15 67 80
0 16 11 11
0 17 33 52
0 18 68 70
0 19 54 33
0 20 25 39
0 21 1 13
0 22 95 94
0 23 34 37
0 24 50 70
0 25 0 3
0 26 87 93
0 27 62 31
0 28 4 34
0 29 48 54
0 30 24 35
0 31 31 29
0 32 81 53
0 33 66 60
0 34 83 61
0 35 64 57
0 36 50 73
0 37 48 54
0 38 45 44
0 39 73 45
0 40 92 80
0 41 98 70
0 42 43 68
0 43 93 94
0 44 0 12
0 45 20 36
0 46 20 47
0 47 13 17
0 48 32 24
0 49 45 41
0 50 8 31
0 51 46 42
0 52 61 60
0 53 47 28
0 54 40 37
0 55 89 79
0 56 95 72
0 57 44 44
0 58 1 42
0 59 67 83
0 60 93 76
0 61 1 15
0 62 25 36
0 63 44 31
0 64 26 33
0 65 54 27
0 66 94 47
0 67 95 70
0 68 7 42
0 69 76 51
0 70 73 50
0 71 93 95
0 72 34 42
0 73 39 58
0 74 2 39
0 75 22 27
0 76 21 31
0 77 18 44
0 78 28 55
0 79 84 52
0 80 30 51
0 81 77 55
0 82 70 48
0 83 71 62
0 84 27 16
0 85 78 71
0 86 14 16
0 87 30 17
0 88 70 67
0 89 36 53
0 90 96 66
0 91 42 48
0 92 76 68
0 93 24 17
0 94 29 48
0 95 20 39
0 96 49 54
0 97 12 21
0 98 4 5
0 99 32 35
1 2 72 82
1 3 0 18
1 4 8 19
1 5 31 46
1 6 10 38
1 7 45 41
1 8 61 48
1 9 78 47
1 10 16 15
1 11 3 30
1 12 24 22
1 13 9 39
1 14 35 67
1 15 75 82
1 16 98 97
1 17 32 35
1 18 58 55
1 19 88 68
1 20 54 51
1 21 27 46
1 22 43 56
1 23 99 85
1 24 38 29
1 25 35 43
1 26 14 46
1 27 6 12
1 28 30 46
1 29 37 60
1 30 39 50
1 31 40 67
1 32 73 43
1 33 11 48
1 34 54 51
1 35 11 28
1 36 13 28
1 37 72 74
1 38 32 29
1 39 56 44
1 40 22 18
1 41 48 58
1 42 36 54
1 43 10 16
1 44 81 65
1 45 84 88
1 46 93 51
1 47 8 7
1 48 61 50
1 49 9 52
1 50 42 21
1 51 14 19
1 52 52 32
1 53 99 77
1 54 55 77
1 55 58 54
1 56 44 51
1 57 26 37
1 58 12 37
1 59 32 41
1 60 22 11
1 61 21 47
1 62 71 53
1 63 45 41
1 64 55 52
1 65 55 68
1 66 56 49
1 67 73 81
1 68 77 64
1 69 1 34
1 70 1 29
1 71 1 24
1 72 48 61
1 73 78 41
1 74 3 49
1 75 4 39
1 76 65 45
1 77 81 85
1 78 61 59
1 79 64 34
1 80 1 47
1 81 15 33
1 82 21 58
1 83 71 54
1 84 63 60
1 85 55 67
1 86 2 42
1 87 51 60
1 88 28 16
1 89 45 36
1 90 35 42
1 91 21 21
1 92 23 52
1 93 14 43
1 94 39 36
1 95 54 58
1 96 15 12
1 97 77 58
1 98 15 37
1 99 5 48
2 3 50 37
2 4 50 58
2 5 8 20
2 6 71 62
2 7 17 45
2 8 50 60
2 9 75 53
2 10 56 74
2 11 75 47
2 12 95 51
2 13 78 54
2 14 28 34
2 15 59 59
2 16 94 63
2 17 3 3
2 18 51 49
2 19 92 63
2 20 29 48
2 21 14 45
2 22 75 43
2 23 58 66
2 24 98 55
2 25 16 35
2 26 36 47
2 27 73 52
2 28 65 60
2 29 69 74
2 30 98 90
2 31 31 52
2 32 83 61
2 33 59 35
2 34 10 15
2 35 86 67
2 36 96 82
2 37 11 10
2 38 48 67
2 39 60 68
2 40 20 52
2 41 85 43
2 42 30 40
2 43 52 66
2 44 29 45
2 45 88 44
2 46 90 73
2 47 28 64
2 48 7 41
2 49 78 82
2 50 33 18
2 51 1 37
2 52 97 53
2 53 98 92
2 54 60 75
2 55 83 84
2 56 82 81
2 57 95 58
2 58 95 74
2 59 46 44
2 60 19 24
2 61 12 45
2 62 57 78
2 63 37 67
2 64 13 37
2 65 93 62
2 66 65 68
2 67 25 18
2 68 83 62
2 69 89 60
2 70 3 49
2 71 45 59
2 72 0 50
2 73 99 62
2 74 95 57
2 75 17 19
2 76 54 43
2 77 95 70
2 78 71 41
2 79 88 46
2 80 26 31
2 81 17 15
2 82 63 76
2 83 63 51
2 84 13 12
2 85 76 69
2 86 33 31
2 87 68 38
2 88 76 64
2 89 52 56
2 90 44 38
2 91 71 85
2 92 44 32
2 93 23 30
2 94 44 26
2 95 21 21
2 96 47 70
2 97 89 72
2 98 72 62
2 99 78 41
3 4 98 73
3 5 34 50
3 6 32 35
3 7 93 91
3 8 16 21
3 9 98 97
3 10 54 70
3 11 40 50
3 12 50 39
3 13 57 59
3 14 49 39
3 15 52 42
3 16 84 49
3 17 8 21
3 18 88 60
3 19 38 29
3 20 34 33
3 21 8 5
3 22 30 48
3 23 76 52
3 24 98 60
3 25 40 20
3 26 74 42
3 27 45 35
3 28 76 72
3 29 11 37
3 30 71 77
3 31 5 39
3 32 1 5
3 33 31 58
3 34 74 64
3 35 28 39
3 36 28 58
3 37 6 12
3 38 56 61
3 39 95 61
3 40 21 13
3 41 88 80
3 42 37 50
3 43 18 56
3 44 89 81
3 45 99 62
3 46 1 31
3 47 79 54
3 48 41 36
3 49 75 51
3 50 20 40
3 51 10 31
3 52 53 29
3 53 82 64
3 54 71 36
3 55 20 39
3 56 68 43
3 57 91 75
3 58 32 49
3 59 68 69
3 60 11 47
3 61 33 62
3 62 37 34
3 63 27 35
3 64 32 23
3 65 29 31
3 66 45 23
3 67 10 20
3 68 30 34
3 69 62 35
3 70 1 10
3 71 69 72
3 72 54 28
3 73 92 66
3 74 3 31
3 75 75 72
3 76 9 35
3 77 6 28
3 78 45 44
3 79 69 82
3 80 51 29
3 81 13 33
3 82 65 40
3 83 61 40
3 84 82 45
3 85 1 33
3 86 37 51
3 87 61 64
3 88 63 75
3 89 75 81
3 90 67 39
3 91 51 62
3 92 59 36
3 93 29 16
3 94 88 72
3 95 70 57
3 96 2 30
3 97 31 48
3 98 67 81
3 99 41 41
4 5 14 7
4 6 89 92
4 7 36 56
4 8 9 47
4 9 99 55
4 10 11 10
4 11 21 41
4 12 37 50
4 13 68 82
4 14 57 44
4 15 75 50
4 16 73 63
4 17 65 64
4 18 16 13
4 19 89 74
4 20 64 64
4 21 45 38
4 22 67 38
4 23 94 95
4 24 88 58
4 25 24 34
4 26 71 44
4 27 80 80
4 28 9 45
4 29 89 85
4 30 7 48
4 31 33 38
4 32 71 39
4 33 52 44
4 34 44 53
4 35 88 44
4 36 98 86
4 37 65 42
4 38 25 59
4 39 87 70
4 40 52 28
4 41 30 36
4 42 44 50
4 43 30 39
4 44 58 74
4 45 84 46
4 46 83 81
4 47 30 43
4 48 90 50
4 49 78 72
4 50 84 43
4 51 73 39
4 52 90 56
4 53 3 7
4 54 6 38
4 55 86 44
4 56 69 71
4 57 27 54
4 58 40 46
4 59 18 43
4 60 50 45
4 61 44 38
4 62 33 18
4 63 89 89
4 64 65 50
4 65 6 43
4 66 0 43
4 67 46 43
4 68 10 16
4 69 16 15
4 70 53 34
4 71 74 72
4 72 8 28
4 73 1 8
4 74 83 76
4 75 11 55
4 76 71 53
4 77 45 27
4 78 65 38
4 79 22 59
4 80 92 56
4 81 61 38
4 82 1 28
4 83 4 37
4 84 73 70
4 85 13 22
4 86 12 41
4 87 39 68
4 88 22 22
4 89 1 33
4 90 94 87
4 91 52 68
4 92 19 14
4 93 28 63
4 94 68 35
4 95 5 26
4 96 44 25
4 97 87 64
4 98 80 66
4 99 33 35
5 6 63 64
5 7 24 12
5 8 91 53
5 9 72 50
5 10 68 82
5 11 64 70
5 12 70 53
5 13 58 64
5 14 73 81
5 15 81 70
5 16 4 14
5 17 34 33
5 18 33 31
5 19 2 45
5 20 46 68
5 21 38 21
5 22 93 82
5 23 21 57
5 24 64 58
5 25 44 32
5 26 62 36
5 27 13 26
5 28 50 63
5 29 92 55
5 30 70 69
5 31 51 70
5 32 41 67
5 33 85 53
5 34 70 85
5 35 76 69
5 36 37 31
5 37 15 29
5 38 36 41
5 39 92 72
5 40 54 40
5 41 92 79
5 42 70 58
5 43 58 52
5 44 15 50
5 45 15 13
5 46 38 55
5 47 88 76
5 48 99 90
5 49 6 50
5 50 11 9
5 51 60 46
5 52 92 65
5 53 0 49
5 54 6 39
5 55 76 46
5 56 53 45
5 57 99 74
5 58 30 36
5 59 93 67
5 60 83 47
5 61 69 67
5 62 2 40
5 63 25 28
5 64 22 45
5 65 66 70
5 66 32 16
5 67 57 63
5 68 59 74
5 69 73 67
5 70 92 91
5 71 70 85
5 72 2 28
5 73 57 58
5 74 95 81
5 75 30 46
5 76 78 46
5 77 78 68
5 78 17 10
5 79 96 88
5 80 20 31
5 81 1 16
5 82 0 41
5 83 8 33
5 84 26 16
5 85 60 48
5 86 87 43
5 87 59 61
5 88 76 67
5 89 69 39
5 90 32 49
5 91 47 64
5 92 86 45
5 93 49 31
5 94 64 43
5 95 51 67
5 96 79 79
5 97 78 57
5 98 8 25
5 99 26 14
6 7 7 28
6 8 42 47
6 9 3 23
6 10 91 77
6 11 66 41
6 12 22 18
6 13 90 85
6 14 48 46
6 15 75 53
6 16 89 77
6 17 86 82
6 18 87 76
6 19 93 94
6 20 5 28
6 21 32 21
6 22 1 26
6 23 73 64
6 24 34 18
6 25 44 68
6 26 79 62
6 27 9 38
6 28 66 56
6 29 97 54
6 30 89 59
6 31 92 52
6 32 70 67
6 33 74 43
6 34 84 50
6 35 79 73
6 36 67 35
6 37 74 52
6 38 9 47
6 39 13 55
6 40 91 76
6 41 34 63
6 42 9 17
6 43 38 66
6 44 12 45
6 45 79 83
6 46 14 49
6 47 8 47
6 48 46 37
6 49 16 30
6 50 10 46
6 51 34 46
6 52 21 45
6 53 72 53
6 54 59 58
6 55 18 52
6 56 92 46
6 57 61 80
6 58 33 39
6 59 75 54
6 60 85 55
6 61 51 50
6 62 68 44
6 63 5 13
6 64 38 61
6 65 50 65
6 66 22 19
6 67 20 14
6 68 19 24
6 69 29 44
6 70 63 58
6 71 14 25
6 72 15 14
6 73 75 40
6 74 35 26
6 75 6 42
6 76 67 47
6 77 34 65
6 78 15 52
6 79 57 62
6 80 76 43
6 81 81 83
6 82 9 38
6 83 81 64
6 84 69 62
6 85 33 59
6 86 92 58
6 87 38 31
6 88 32 23
6 89 8 34
6 90 43 37
6 91 20 50
6 92 92 72
6 93 27 44
6 94 32 60
6 95 45 56
6 96 15 16
6 97 66 65
6 98 18 33
6 99 90 80
7 8 12 18
7 9 47 60
7 10 9 42
7 11 14 41
7 12 38 21
7 13 15 52
7 14 52 36
7 15 17 14
7 16 44 39
7 17 49 72
7 18 90 93
7 19 42 50
7 20 88 77
7 21 38 24
7 22 74 48
7 23 64 76
7 24 42 43
7 25 2 21
7 26 80 75
7 27 10 16
7 28 0 5
7 29 94 58
7 30 11 21
7 31 45 39
7 32 23 18
7 33 78 70
7 34 54 44
7 35 67 46
7 36 85 72
7 37 26 29
7 38 80 75
7 39 61 32
7 40 15 39
7 41 52 49
7 42 87 54
7 43 59 73
7 44 83 74
7 45 12 54
7 46 64 65
7 47 82 44
7 48 17 24
7 49 59 33
7 50 50 61
7 51 79 76
7 52 86 48
7 53 43 67
7 54 17 22
7 55 48 30
7 56 40 66
7 57 73 54
7 58 58 42
7 59 96 81
7 60 81 58
7 61 25 18
7 62 73 65
7 63 49 47
7 64 32 18
7 65 77 42
7 66 49 39
7 67 36 23
7 68 64 47
7 69 12 17
7 70 43 41
7 71 70 43
7 72 48 73
7 73 62 37
7 74 73 78
7 75 65 60
7 76 49 72
7 77 90 82
7 78 71 45
7 79 9 48
7 80 63 73
7 81 84 46
7 82 51 31
7 83 50 46
7 84 25 60
7 85 94 82
7 86 4 37
7 87 96 93
7 88 44 67
7 89 6 4
7 90 79 51
7 91 45 27
7 92 29 54
7 93 4 2
7 94 20 38
7 95 9 52
7 96 50 45
7 97 91 79
7 98 70 67
7 99 51 57
8 9 47 71
8 10 0 35
8 11 83 56
8 12 43 23
8 13 42 63
8 14 54 42
8 15 44 50
8 16 62 35
8 17 99 74
8 18 27 44
8 19 55 58
8 20 47 66
8 21 88 81
8 22 29 48
8 23 21 26
8 24 89 81
8 25 27 35
8 26 40 28
8 27 24 14
8 28 24 54
8 29 47 26
8 30 71 57
8 31 44 41
8 32 95 54
8 33 28 55
8 34 63 60
8 35 12 29
8 36 24 52
8 37 90 73
8 38 80 89
8 39 47 57
8 40 37 48
8 41 51 28
8 42 73 85
8 43 46 52
8 44 12 23
8 45 25 19
8 46 31 26
8 47 91 55
8 48 6 4
8 49 3 44
8 50 37 49
8 51 55 47
8 52 46 45
8 53 40 52
8 54 58 56
8 55 89 71
8 56 63 50
8 57 18 42
8 58 80 58
8 59 73 77
8 60 46 38
8 61 70 44
8 62 89 53
8 63 99 71
8 64 27 56
8 65 38 29
8 66 43 28
8 67 68 80
8 68 3 51
8 69 27 34
8 70 89 51
8 71 26 59
8 72 90 80
8 73 54 62
8 74 66 81
8 75 37 33
8 76 94 84
8 77 68 78
8 78 50 71
8 79 48 66
8 80 64 33
8 81 37 20
8 82 20 15
8 83 62 39
8 84 1 45
8 85 96 81
8 86 38 50
8 87 88 92
8 88 67 73
8 89 53 37
8 90 20 24
8 91 15 19
8 92 8 14
8 93 88 65
8 94 54 61
8 95 34 66
8 96 66 71
8 97 94 52
8 98 86 81
8 99 47 30
9 10 4 42
9 11 46 26
9 12 0 32
9 13 56 43
9 14 70 48
9 15 8 41
9 16 6 4
9 17 60 48
9 18 36 36
9 19 87 49
9 20 60 42
9 21 20 25
9 22 4 36
9 23 34 37
9 24 72 46
9 25 18 26
9 26 69 77
9 27 64 57
9 28 91 76
9 29 17 56
9 30 96 88
9 31 47 68
9 32 86 43
9 33 21 53
9 34 40 49
9 35 97 56
9 36 27 31
9 37 96 85
9 38 99 73
9 39 21 48
9 40 11 16
9 41 72 81
9 42 52 53
9 43 49 68
9 44 20 32
9 45 37 60
9 46 6 51
9 47 36 23
9 48 85 83
9 49 91 85
9 50 41 59
9 51 96 48
9 52 76 69
9 53 85 48
9 54 58 71
9 55 69 45
9 56 35 24
9 57 26 59
9 58 6 52
9 59 68 52
9 60 28 21
9 61 84 89
9 62 82 80
9 63 8 48
9 64 85 72
9 65 52 75
9 66 8 9
9 67 79 89
9 68 63 55
9 69 58 54
9 70 86 78
9 71 59 73
9 72 48 71
9 73 8 50
9 74 86 78
9 75 3 44
9 76 98 81
9 77 77 59
9 78 76 65
9 79 80 83
9 80 82 82
9 81 24 47
9 82 2 1
9 83 92 54
9 84 79 69
9 85 22 42
9 86 90 79
9 87 20 27
9 88 37 21
9 89 48 50
9 90 22 37
9 91 88 52
9 92 29 21
9 93 29 62
9 94 95 48
9 95 13 30
9 96 37 46
9 97 75 39
9 98 6 14
9 99 93 95
10 11 95 77
10 12 0 8
10 13 65 53
10 14 39 59
10 15 32 21
10 16 29 44
10 17 33 27
10 18 43 49
10 19 37 44
10 20 91 59
10 21 85 65
10 22 2 41
10 23 67 70
10 24 82 51
10 25 40 28
10 26 18 56
10 27 40 57
10 28 96 52
10 29 8 34
10 30 11 45
10 31 57 75
10 32 67 54
10 33 30 36
10 34 75 50
10 35 34 37
10 36 99 78
10 37 87 57
10 38 35 46
10 39 17 26
10 40 40 53
10 41 97 78
10 42 84 64
10 43 2 43
10 44 15 35
10 45 64 34
10 46 80 88
10 47 94 64
10 48 38 61
10 49 55 49
10 50 85 85
10 51 17 12
10 52 38 61
10 53 49 29
10 54 19 51
10 55 30 62
10 56 22 39
10 57 13 26
10 58 45 64
10 59 15 25
10 60 29 47
10 61 1 17
10 62 87 72
10 63 56 53
10 64 37 44
10 65 5 10
10 66 96 76
10 67 9 43
10 68 32 49
10 69 99 91
10 70 29 17
10 71 61 49
10 72 92 71
10 73 7 22
10 74 8 11
10 75 11 19
10 76 79 54
10 77 94 58
10 78 49 46
10 79 83 45
10 80 51 29
10 81 38 66
10 82 63 36
10 83 63 49
10 84 89 73
10 85 60 56
10 86 5 4
10 87 48 71
10 88 3 31
10 89 14 44
10 90 98 72
10 91 83 73
10 92 73 71
10 93 53 67
10 94 82 88
10 95 96 80
10 96 0 38
10 97 93 87
10 98 82 73
10 99 1 6
11 12 49 68
11 13 57 56
11 14 84 70
11 15 25 19
11 16 86 61
11 17 75 52
11 18 6 43
11 19 56 45
11 20 21 35
11 21 50 28
11 22 26 20
11 23 99 85
11 24 10 50
11 25 20 54
11 26 94 58
11 27 22 29
11 28 64 57
11 29 25 20
11 30 56 47
11 31 58 35
11 32 46 29
11 33 18 25
11 34 58 34
11 35 40 33
11 36 16 32
11 37 70 68
11 38 98 55
11 39 0 41
11 40 70 39
11 41 90 82
11 42 63 67
11 43 38 35
11 44 72 51
11 45 50 65
11 46 97 94
11 47 1 30
11 48 36 49
11 49 8 43
11 50 75 74
11 51 59 77
11 52 8 8
11 53 51 73
11 54 86 53
11 55 25 20
11 56 87 92
11 57 67 35
11 58 89 91
11 59 15 53
11 60 73 73
11 61 18 34
11 62 9 34
11 63 91 51
11 64 84 68
11 65 45 68
11 66 15 48
11 67 11 40
11 68 3 40
11 69 89 89
11 70 70 79
11 71 15 24
11 72 16 33
11 73 35 47
11 74 11 24
11 75 16 47
11 76 0 43
11 77 60 40
11 78 99 83
11 79 52 44
11 80 28 62
11 81 4 46
11 82 38 26
11 83 39 31
11 84 59 60
11 85 84 76
11 86 40 62
11 87 15 35
11 88 75 77
11 89 11 7
11 90 38 44
11 91 29 34
11 92 5 12
11 93 74 53
11 94 28 44
11 95 52 44
11 96 90 63
11 97 60 77
11 98 72 74
11 99 30 23
12 13 24 34
12 14 25 22
12 15 48 37
12 16 10 12
12 17 46 33
12 18 68 66
12 19 93 80
12 20 20 19
12 21 10 46
12 22 63 37
12 23 31 34
12 24 43 48
12 25 4 50
12 26 51 37
12 27 23 26
12 28 81 86
12 29 8 25
12 30 45 46
12 31 7 46
12 32 70 44
12 33 46 27
12 34 72 54
12 35 80 70
12 36 73 55
12 37 26 57
12 38 68 35
12 39 51 52
12 40 65 68
12 41 71 81
12 42 41 68
12 43 5 19
12 44 89 73
12 45 18 34
12 46 40 55
12 47 66 57
12 48 42 57
12 49 38 19
12 50 47 24
12 51 88 69
12 52 73 42
12 53 66 33
12 54 97 50
12 55 12 14
12 56 14 28
12 57 54 74
12 58 56 44
12 59 2 33
12 60 0 2
12 61 95 66
12 62 95 96
12 63 71 79
12 64 69 70
12 65 61 63
12 66 28 53
12 67 44 34
12 68 34 21
12 69 69 74
12 70 99 54
12 71 90 92
12 72 13 13
12 73 9 35
12 74 85 85
12 75 28 47
12 76 58 55
12 77 15 24
12 78 64 61
12 79 48 47
12 80 7 5
12 81 88 49
12 82 78 50
12 83 52 52
12 84 75 69
12 85 46 49
12 86 76 67
12 87 81 48
12 88 15 47
12 89 34 37
12 90 41 64
12 91 35 48
12 92 13 52
12 93 70 46
12 94 77 61
12 95 3 3
12 96 11 21
12 97 28 15
12 98 99 69
12 99 58 31
13 14 75 45
13 15 50 40
13 16 71 40
13 17 54 72
13 18 7 14
13 19 15 52
13 20 9 11
13 21 46 61
13 22 42 58
13 23 60 74
13 24 50 37
13 25 19 48
13 26 55 71
13 27 39 60
13 28 20 27
13 29 76 63
13 30 53 30
13 31 27 62
13 32 81 64
13 33 29 57
13 34 7 25
13 35 56 55
13 36 11 49
13 37 85 44
13 38 50 44
13 39 81 82
13 40 83 71
13 41 67 62
13 42 61 41
13 43 64 72
13 44 35 45
13 45 50 70
13 46 59 57
13 47 34 61
13 48 29 55
13 49 52 44
13 50 18 23
13 51 36 64
13 52 53 54
13 53 11 13
13 54 71 52
13 55 82 79
13 56 64 35
13 57 73 60
13 58 48 67
13 59 9 24
13 60 34 55
13 61 76 76
13 62 62 53
13 63 75 72
13 64 44 47
13 65 77 60
13 66 31 19
13 67 17 56
13 68 20 28
13 69 92 75
13 70 13 25
13 71 66 41
13 72 19 18
13 73 33 60
13 74 72 74
13 75 72 56
13 76 84 56
13 77 69 71
13 78 61 79
13 79 89 57
13 80 7 40
13 81 33 44
13 82 2 14
13 83 68 72
13 84 43 45
13 85 97 65
13 86 15 56
13 87 59 73
13 88 4 45
13 89 98 58
13 90 49 67
13 91 94 82
13 92 7 20
13 93 51 65
13 94 3 12
13 95 7 22
13 96 41 25
13 97 35 41
13 98 8 6
13 99 80 81
14 15 44 35
14 16 13 15
14 17 55 73
14 18 88 51
14 19 47 48
14 20 3 19
14 21 29 58
14 22 9 10
14 23 13 10
14 24 3 49
14 25 69 48
14 26 18 10
14 27 84 53
14 28 69 75
14 29 41 64
14 30 44 22
14 31 74 77
14 32 49 35
14 33 27 22
14 34 12 18
14 35 4 47
14 36 51 43
14 37 48 56
14 38 2 20
14 39 65 72
14 40 40 45
14 41 37 61
14 42 95 85
14 43 51 62
14 44 14 21
14 45 65 60
14 46 47 73
14 47 76 45
14 48 7 26
14 49 28 16
14 50 87 64
14 51 88 73
14 52 60 37
14 53 12 19
14 54 58 63
14 55 2 18
14 56 15 13
14 57 13 13
14 58 83 49
14 59 93 64
14 60 85 59
14 61 3 8
14 62 21 33
14 63 90 94
14 64 37 68
14 65 74 78
14 66 5 48
14 67 83 85
14 68 55 70
14 69 23 36
14 70 53 47
14 71 85 63
14 72 58 34
14 73 66 44
14 74 62 34
14 75 61 62
14 76 27 58
14 77 9 19
14 78 83 43
14 79 56 61
14 80 56 38
14 81 70 37
14 82 88 79
14 83 68 38
14 84 24 53
14 85 13 37
14 86 39 23
14 87 16 40
14 88 58 47
14 89 49 37
14 90 82 72
14 91 42 68
14 92 32 39
14 93 75 86
14 94 60 66
14 95 27 24
14 96 49 73
14 97 31 30
14 98 59 73
14 99 86 52
15 16 36 41
15 17 61 61
15 18 49 43
15 19 56 77
15 20 50 73
15 21 94 73
15 22 49 36
15 23 43 51
15 24 86 79
15 25 60 50
15 26 21 16
15 27 27 19
15 28 47 46
15 29 71 65
15 30 67 36
15 31 59 75
15 32 62 63
15 33 15 34
15 34 33 53
15 35 77 80
15 36 96 79
15 37 72 73
15 38 49 54
15 39 59 43
15 40 77 57
15 41 64 82
15 42 48 43
15 43 78 86
15 44 85 78
15 45 29 53
15 46 97 51
15 47 24 50
15 48 72 77
15 49 91 82
15 50 38 67
15 51 64 57
15 52 62 75
15 53 84 83
15 54 73 82
15 55 14 53
15 56 69 79
15 57 59 67
15 58 12 14
15 59 75 51
15 60 20 60
15 61 14 37
15 62 18 56
15 63 94 81
15 64 57 71
15 65 42 54
15 66 26 61
15 67 5 47
15 68 54 60
15 69 20 56
15 70 64 39
15 71 64 50
15 72 83 76
15 73 72 51
15 74 7 26
15 75 76 87
15 76 9 43
15 77 1 7
15 78 79 64
15 79 14 33
15 80 98 82
15 81 70 42
15 82 95 64
15 83 34 63
15 84 72 85
15 85 83 79
15 86 81 57
15 87 36 38
15 88 8 14
15 89 9 34
15 90 16 43
15 91 48 57
15 92 21 37
15 93 54 64
15 94 40 45
15 95 37 51
15 96 88 51
15 97 19 31
15 98 36 34
15 99 92 54
16 17 9 29
16 18 52 52
16 19 84 66
16 20 88 60
16 21 38 33
16 22 40 37
16 23 72 61
16 24 44 45
16 25 56 58
16 26 88 80
16 27 55 74
16 28 56 34
16 29 60 76
16 30 64 69
16 31 1 39
16 32 43 22
16 33 74 54
16 34 75 42
16 35 81 82
16 36 2 14
16 37 46 38
16 38 30 60
16 39 4 28
16 40 88 63
16 41 37 25
16 42 92 88
16 43 90 78
16 44 19 23
16 45 0 21
16 46 68 41
16 47 16 53
16 48 53 38
16 49 33 61
16 50 38 63
16 51 59 36
16 52 33 38
16 53 1 19
16 54 37 47
16 55 84 88
16 56 98 89
16 57 69 79
16 58 52 59
16 59 4 5
16 60 86 60
16 61 62 53
16 62 34 21
16 63 45 35
16 64 71 68
16 65 86 71
16 66 73 45
16 67 33 50
16 68 14 45
16 69 46 50
16 70 33 40
16 71 63 42
16 72 74 51
16 73 59 46
16 74 6 42
16 75 36 26
16 76 50 68
16 77 15 46
16 78 49 29
16 79 4 23
16 80 15 23
16 81 18 29
16 82 75 72
16 83 18 33
16 84 49 58
16 85 6 14
16 86 72 48
16 87 47 68
16 88 0 20
16 89 82 67
16 90 99 68
16 91 37 41
16 92 58 72
16 93 97 95
16 94 98 77
16 95 34 60
16 96 91 49
16 97 41 42
16 98 18 56
16 99 37 61
17 18 43 29
17 19 70 81
17 20 81 84
17 21 51 71
17 22 40 34
17 23 53 53
17 24 28 28
17 25 13 38
17 26 26 35
17 27 16 53
17 28 88 81
17 29 56 66
17 30 39 40
17 31 13 12
17 32 96 63
17 33 37 52
17 34 43 52
17 35 86 80
17 36 14 7
17 37 27 58
17 38 8 31
17 39 56 54
17 40 10 8
17 41 28 34
17 42 7 51
17 43 48 45
17 44 83 49
17 45 5 18
17 46 55 45
17 47 52 40
17 48 32 30
17 49 40 21
17 50 47 71
17 51 33 41
17 52 50 52
17 53 40 32
17 54 55 62
17 55 24 34
17 56 60 30
17 57 91 67
17 58 33 32
17 59 75 58
17 60 72 62
17 61 64 50
17 62 65 70
17 63 72 54
17 64 24 58
17 65 62 68
17 66 74 44
17 67 73 51
17 68 87 57
17 69 25 59
17 70 42 66
17 71 50 51
17 72 77 84
17 73 29 15
17 74 57 70
17 75 42 62
17 76 91 75
17 77 60 37
17 78 0 12
17 79 44 49
17 80 34 32
17 81 15 40
17 82 21 58
17 83 4 22
17 84 2 45
17 85 71 37
17 86 36 22
17 87 57 41
17 88 26 39
17 89 77 43
17 90 85 66
17 91 22 55
17 92 53 57
17 93 41 46
17 94 62 46
17 95 37 39
17 96 30 18
17 97 15 28
17 98 65 69
17 99 69 54
18 19 51 58
18 20 55 38
18 21 31 40
18 22 55 65
18 23 59 55
18 24 98 67
18 25 16 56
18 26 4 24
18 27 22 22
18 28 70 39
18 29 92 48
18 30 23 42
18 31 79 66
18 32 80 56
18 33 32 35
18 34 37 30
18 35 67 56
18 36 58 75
18 37 69 54
18 38 25 30
18 39 6 5
18 40 96 71
18 41 19 48
18 42 28 53
18 43 64 52
18 44 90 90
18 45 43 61
18 46 53 41
18 47 36 54
18 48 58 59
18 49 88 92
18 50 79 43
18 51 85 53
18 52 38 42
18 53 95 96
18 54 13 36
18 55 93 69
18 56 51 36
18 57 92 52
18 58 39 39
18 59 61 37
18 60 53 56
18 61 36 65
18 62 92 92
18 63 0 36
18 64 94 47
18 65 12 53
18 66 20 44
18 67 79 59
18 68 56 69
18 69 78 87
18 70 51 49
18 71 73 61
18 72 62 47
18 73 48 32
18 74 94 74
18 75 91 82
18 76 82 57
18 77 20 39
18 78 42 55
18 79 6 33
18 80 1 39
18 81 7 21
18 82 8 52
18 83 43 61
18 84 9 24
18 85 18 11
18 86 64 36
18 87 99 88
18 88 16 53
18 89 53 30
18 90 74 51
18 91 31 59
18 92 60 72
18 93 54 49
18 94 14 20
18 95 33 22
18 96 23 58
18 97 6 32
18 98 60 32
18 99 41 63
19 20 29 26
19 21 73 72
19 22 48 58
19 23 17 13
19 24 27 46
19 25 75 38
19 26 51 58
19 27 38 59
19 28 56 50
19 29 49 53
19 30 20 12
19 31 74 37
19 32 15 16
19 33 54 74
19 34 32 34
19 35 61 31
19 36 58 31
19 37 88 92
19 38 51 37
19 39 63 71
19 40 77 41
19 41 67 34
19 42 66 45
19 43 33 36
19 44 24 31
19 45 52 26
19 46 50 55
19 47 43 68
19 48 37 45
19 49 92 52
19 50 50 67
19 51 41 37
19 52 37 47
19 53 88 81
19 54 11 34
19 55 33 29
19 56 29 48
19 57 51 53
19 58 37 53
19 59 44 38
19 60 20 34
19 61 88 59
19 62 21 46
19 63 35 22
19 64 84 78
19 65 1 40
19 66 47 54
19 67 82 74
19 68 94 91
19 69 34 46
19 70 67 60
19 71 70 69
19 72 10 32
19 73 54 68
19 74 36 34
19 75 80 74
19 76 38 60
19 77 61 43
19 78 93 54
19 79 72 69
19 80 90 65
19 81 97 96
19 82 36 65
19 83 44 43
19 84 10 21
19 85 43 59
19 86 79 68
19 87 46 63
19 88 95 73
19 89 64 37
19 90 96 78
19 91 14 23
19 92 5 42
19 93 92 61
19 94 9 16
19 95 41 33
19 96 90 49
19 97 4 7
19 98 65 41
19 99 67 65
20 21 45 27
20 22 67 65
20 23 2 22
20 24 62 44
20 25 1 47
20 26 53 70
20 27 1 16
20 28 83 79
20 29 59 68
20 30 25 44
20 31 53 75
20 32 32 22
20 33 62 40
20 34 78 53
20 35 25 45
20 36 14 16
20 37 88 47
20 38 27 35
20 39 77 63
20 40 33 26
20 41 59 38
20 42 52 42
20 43 27 36
20 44 90 59
20 45 33 21
20 46 66 39
20 47 29 56
20 48 14 20
20 49 24 57
20 50 26 27
20 51 87 83
20 52 51 52
20 53 86 63
20 54 95 74
20 55 40 51
20 56 23 49
20 57 98 57
20 58 67 62
20 59 12 22
20 60 93 94
20 61 36 44
20 62 96 55
20 63 4 10
20 64 22 49
20 65 31 58
20 66 53 37
20 67 5 46
20 68 75 63
20 69 89 83
20 70 24 46
20 71 15 31
20 72 20 28
20 73 92 63
20 74 59 46
20 75 12 12
20 76 84 77
20 77 42 47
20 78 15 24
20 79 18 53
20 80 75 58
20 81 13 9
20 82 19 49
20 83 45 39
20 84 77 71
20 85 10 44
20 86 84 57
20 87 23 30
20 88 27 16
20 89 62 46
20 90 41 49
20 91 57 55
20 92 46 43
20 93 5 21
20 94 38 21
20 95 67 75
20 96 24 44
20 97 62 48
20 98 88 56
20 99 77 41
21 22 16 32
21 23 33 48
21 24 41 26
21 25 62 73
21 26 88 59
21 27 78 59
21 28 45 27
21 29 73 44
21 30 5 6
21 31 56 38
21 32 45 67
21 33 47 35
21 34 76 43
21 35 52 49
21 36 20 17
21 37 57 52
21 38 75 78
21 39 57 33
21 40 26 60
21 41 10 49
21 42 71 40
21 43 51 46
21 44 6 4
21 45 84 75
21 46 90 55
21 47 62 39
21 48 66 63
21 49 28 51
21 50 11 11
21 51 2 9
21 52 79 39
21 53 59 75
21 54 75 52
21 55 69 72
21 56 2 5
21 57 63 38
21 58 30 49
21 59 50 35
21 60 97 75
21 61 74 46
21 62 41 21
21 63 41 26
21 64 22 20
21 65 63 65
21 66 14 32
21 67 96 79
21 68 67 63
21 69 3 36
21 70 61 37
21 71 68 60
21 72 33 47
21 73 29 63
21 74 5 38
21 75 69 44
21 76 6 7
21 77 6 45
21 78 32 61
21 79 49 38
21 80 89 67
21 81 60 43
21 82 67 65
21 83 88 81
21 84 83 89
21 85 27 14
21 86 89 73
21 87 72 69
21 88 39 40
21 89 20 34
21 90 68 45
21 91 78 46
21 92 26 32
21 93 53 50
21 94 0 48
21 95 90 82
21 96 86 65
21 97 2 46
21 98 34 62
21 99 50 58
22 23 55 70
22 24 9 48
22 25 81 76
22 26 5 27
22 27 10 40
22 28 2 23
22 29 50 33
22 30 60 79
22 31 40 61
22 32 21 22
22 33 54 49
22 34 27 50
22 35 2 23
22 36 45 54
22 37 46 37
22 38 88 82
22 39 97 62
22 40 64 47
22 41 60 73
22 42 25 24
22 43 79 42
22 44 91 79
22 45 39 60
22 46 50 74
22 47 77 53
22 48 21 13
22 49 72 82
22 50 17 44
22 51 58 44
22 52 29 55
22 53 82 57
22 54 71 51
22 55 6 39
22 56 69 83
22 57 65 34
22 58 5 8
22 59 93 56
22 60 77 66
22 61 20 39
22 62 61 68
22 63 23 20
22 64 59 36
22 65 98 79
22 66 42 50
22 67 36 20
22 68 27 17
22 69 4 41
22 70 65 68
22 71 73 83
22 72 91 54
22 73 43 41
22 74 9 16
22 75 81 43
22 76 99 51
22 77 15 16
22 78 5 38
22 79 91 67
22 80 46 32
22 81 88 76
22 82 75 78
22 83 38 40
22 84 60 62
22 85 10 19
22 86 98 98
22 87 92 48
22 88 57 56
22 89 0 16
22 90 14 25
22 91 76 85
22 92 7 17
22 93 68 70
22 94 83 53
22 95 13 21
22 96 55 60
22 97 52 42
22 98 42 35
22 99 53 40
23 24 88 46
23 25 14 25
23 26 5 18
23 27 51 72
23 28 95 48
23 29 48 44
23 30 90 60
23 31 21 47
23 32 55 48
23 33 99 97
23 34 44 28
23 35 35 51
23 36 61 55
23 37 98 64
23 38 85 82
23 39 82 88
23 40 0 44
23 41 37 48
23 42 85 66
23 43 4 16
23 44 92 54
23 45 65 59
23 46 99 61
23 47 1 38
23 48 39 34
23 49 97 52
23 50 88 65
23 51 67 42
23 52 88 88
23 53 93 50
23 54 34 51
23 55 2 32
23 56 10 48
23 57 63 62
23 58 13 17
23 59 55 70
23 60 38 66
23 61 53 41
23 62 20 55
23 63 95 78
23 64 80 50
23 65 17 48
23 66 42 61
23 67 17 17
23 68 40 46
23 69 96 84
23 70 69 41
23 71 57 70
23 72 98 61
23 73 79 71
23 74 2 35
23 75 61 68
23 76 22 55
23 77 84 51
23 78 49 33
23 79 55 47
23 80 99 71
23 81 71 76
23 82 37 36
23 83 87 45
23 84 13 22
23 85 51 25
23 86 3 27
23 87 79 58
23 88 42 67
23 89 7 39
23 90 27 21
23 91 42 59
23 92 5 36
23 93 35 17
23 94 29 55
23 95 67 35
23 96 66 68
23 97 69 78
23 98 93 86
23 99 78 40
24 25 21 26
24 26 91 59
24 27 45 70
24 28 81 59
24 29 80 84
24 30 44 29
24 31 35 61
24 32 75 77
24 33 50 71
24 34 9 33
24 35 6 9
24 36 42 27
24 37 87 89
24 38 79 58
24 39 5 3
24 40 79 73
24 41 53 62
24 42 29 35
24 43 88 47
24 44 71 68
24 45 86 67
24 46 60 39
24 47 36 60
24 48 20 49
24 49 45 53
24 50 43 37
24 51 79 86
24 52 21 32
24 53 37 22
24 54 23 54
24 55 56 37
24 56 58 78
24 57 20 39
24 58 88 65
24 59 44 53
24 60 68 56
24 61 5 15
24 62 91 75
24 63 2 7
24 64 88 68
24 65 59 59
24 66 22 12
24 67 18 36
24 68 35 53
24 69 53 56
24 70 77 53
24 71 86 57
24 72 36 59
24 73 54 58
24 74 30 38
24 75 34 30
24 76 54 41
24 77 50 34
24 78 57 36
24 79 98 79
24 80 17 23
24 81 59 37
24 82 1 47
24 83 66 57
24 84 91 67
24 85 99 54
24 86 47 66
24 87 92 51
24 88 56 59
24 89 27 44
24 90 49 74
24 91 92 86
24 92 60 39
24 93 45 44
24 94 49 25
24 95 62 60
24 96 43 24
24 97 15 35
24 98 96 50
24 99 22 18
25 26 46 65
25 27 46 42
25 28 9 50
25 29 70 62
25 30 83 60
25 31 81 55
25 32 96 71
25 33 84 51
25 34 94 91
25 35 86 63
25 36 57 55
25 37 25 60
25 38 50 41
25 39 33 46
25 40 41 30
25 41 66 43
25 42 7 28
25 43 14 16
25 44 77 67
25 45 54 28
25 46 71 56
25 47 79 87
25 48 70 77
25 49 3 31
25 50 24 50
25 51 82 83
25 52 41 65
25 53 43 66
25 54 4 44
25 55 21 46
25 56 15 12
25 57 34 31
25 58 24 49
25 59 94 48
25 60 14 51
25 61 69 67
25 62 39 23
25 63 21 50
25 64 99 77
25 65 67 62
25 66 13 54
25 67 93 83
25 68 34 60
25 69 84 66
25 70 78 50
25 71 57 30
25 72 86 85
25 73 73 38
25 74 32 37
25 75 42 61
25 76 56 59
25 77 46 53
25 78 93 61
25 79 65 44
25 80 68 80
25 81 24 57
25 82 17 28
25 83 87 88
25 84 78 74
25 85 94 55
25 86 57 55
25 87 81 55
25 88 1 23
25 89 41 30
25 90 95 96
25 91 78 43
25 92 60 69
25 93 80 66
25 94 60 33
25 95 99 72
25 96 66 35
25 97 73 56
25 98 14 22
25 99 22 30
26 27 84 87
26 28 77 49
26 29 59 68
26 30 17 23
26 31 23 37
26 32 11 14
26 33 22 56
26 34 14 13
26 35 33 60
26 36 72 65
26 37 97 61
26 38 77 79
26 39 36 33
26 40 92 48
26 41 32 42
26 42 37 48
26 43 0 25
26 44 79 50
26 45 55 58
26 46 30 43
26 47 45 24
26 48 94 61
26 49 58 40
26 50 95 51
26 51 87 58
26 52 93 73
26 53 13 8
26 54 14 7
26 55 69 68
26 56 92 82
26 57 7 15
26 58 97 64
26 59 41 59
26 60 97 91
26 61 84 71
26 62 26 38
26 63 32 20
26 64 27 26
26 65 24 20
26 66 59 58
26 67 2 23
26 68 53 51
26 69 89 57
26 70 46 71
26 71 17 27
26 72 34 30
26 73 34 21
26 74 19 25
26 75 67 73
26 76 35 60
26 77 51 27
26 78 63 53
26 79 63 74
26 80 11 23
26 81 3 8
26 82 26 28
26 83 74 72
26 84 59 72
26 85 96 79
26 86 55 42
26 87 27 25
26 88 20 41
26 89 33 62
26 90 5 5
26 91 34 39
26 92 6 11
26 93 46 63
26 94 88 51
26 95 59 42
26 96 85 83
26 97 23 44
26 98 78 48
26 99 1 39
27 28 84 52
27 29 71 44
27 30 82 65
27 31 49 52
27 32 8 49
27 33 78 76
27 34 28 22
27 35 93 75
27 36 24 58
27 37 85 89
27 38 39 68
27 39 97 64
27 40 65 78
27 41 68 39
27 42 80 80
27 43 61 57
27 44 9 38
27 45 76 41
27 46 93 67
27 47 78 76
27 48 66 41
27 49 61 69
27 50 98 80
27 51 83 78
27 52 62 74
27 53 25 17
27 54 30 35
27 55 65 69
27 56 51 50
27 57 69 48
27 58 18 39
27 59 85 42
27 60 40 55
27 61 65 44
27 62 11 41
27 63 85 91
27 64 67 44
27 65 86 44
27 66 34 49
27 67 37 34
27 68 81 69
27 69 3 39
27 70 2 48
27 71 44 45
27 72 96 95
27 73 39 20
27 74 34 33
27 75 91 80
27 76 87 45
27 77 15 37
27 78 53 36
27 79 68 81
27 80 20 20
27 81 9 6
27 82 17 42
27 83 6 11
27 84 4 10
27 85 39 57
27 86 78 46
27 87 72 67
27 88 91 86
27 89 52 50
27 90 42 34
27 91 0 34
27 92 92 66
27 93 30 50
27 94 97 73
27 95 64 69
27 96 14 9
27 97 83 77
27 98 9 42
27 99 73 55
28 29 78 58
28 30 26 45
28 31 62 43
28 32 83 86
28 33 27 42
28 34 29 61
28 35 80 55
28 36 70 44
28 37 12 51
28 38 62 44
28 39 88 54
28 40 10 12
28 41 37 25
28 42 88 66
28 43 68 48
28 44 82 56
28 45 70 47
28 46 9 41
28 47 72 74
28 48 52 58
28 49 99 53
28 50 58 37
28 51 29 43
28 52 5 16
28 53 16 32
28 54 59 76
28 55 0 38
28 56 51 28
28 57 98 64
28 58 49 37
28 59 79 52
28 60 65 73
28 61 35 44
28 62 50 61
28 63 94 59
28 64 95 82
28 65 82 41
28 66 35 59
28 67 25 39
28 68 64 81
28 69 15 9
28 70 65 68
28 71 26 43
28 72 34 44
28 73 78 68
28 74 28 58
28 75 67 69
28 76 64 42
28 77 29 21
28 78 34 33
28 79 32 21
28 80 23 14
28 81 66 66
28 82 89 77
28 83 0 20
28 84 15 31
28 85 93 89
28 86 35 61
28 87 93 70
28 88 64 82
28 89 0 23
28 90 79 43
28 91 68 38
28 92 1 30
28 93 30 48
28 94 49 68
28 95 53 72
28 96 26 23
28 97 2 11
28 98 7 53
28 99 6 45
29 30 14 47
29 31 97 68
29 32 81 47
29 33 99 80
29 34 31 62
29 35 5 15
29 36 89 58
29 37 46 40
29 38 6 6
29 39 3 17
29 40 71 79
29 41 33 60
29 42 55 71
29 43 26 41
29 44 49 73
29 45 37 35
29 46 85 91
29 47 28 24
29 48 60 47
29 49 46 51
29 50 86 66
29 51 59 29
29 52 33 23
29 53 11 19
29 54 22 24
29 55 16 18
29 56 48 34
29 57 42 45
29 58 2 11
29 59 35 46
29 60 48 60
29 61 55 54
29 62 54 46
29 63 26 21
29 64 70 45
29 65 19 11
29 66 77 65
29 67 35 55
29 68 40 31
29 69 98 76
29 70 13 19
29 71 57 64
29 72 62 75
29 73 85 62
29 74 52 72
29 75 12 14
29 76 3 2
29 77 9 12
29 78 60 66
29 79 17 47
29 80 25 41
29 81 73 54
29 82 18 58
29 83 96 50
29 84 16 47
29 85 2 36
29 86 69 60
29 87 66 58
29 88 35 32
29 89 80 45
29 90 35 50
29 91 49 40
29 92 78 65
29 93 75 78
29 94 67 76
29 95 24 60
29 96 66 62
29 97 70 73
29 98 72 73
29 99 13 46
30 31 91 95
30 32 20 33
30 33 57 44
30 34 64 73
30 35 28 37
30 36 0 12
30 37 94 88
30 38 12 19
30 39 65 73
30 40 12 16
30 41 72 38
30 42 69 78
30 43 78 72
30 44 17 15
30 45 81 84
30 46 89 69
30 47 42 22
30 48 9 44
30 49 56 28
30 50 20 22
30 51 80 88
30 52 73 47
30 53 48 68
30 54 82 50
30 55 53 71
30 56 26 62
30 57 27 37
30 58 23 30
30 59 83 63
30 60 81 62
30 61 30 19
30 62 22 29
30 63 78 76
30 64 56 31
30 65 20 33
30 66 99 78
30 67 93 55
30 68 98 67
30 69 24 26
30 70 37 63
30 71 50 25
30 72 35 65
30 73 63 63
30 74 10 43
30 75 96 66
30 76 1 18
30 77 15 47
30 78 80 62
30 79 7 15
30 80 50 32
30 81 31 45
30 82 29 63
30 83 20 46
30 84 49 63
30 85 1 46
30 86 29 37
30 87 59 46
30 88 19 21
30 89 33 65
30 90 84 47
30 91 54 55
30 92 75 82
30 93 68 61
30 94 12 18
30 95 65 34
30 96 47 40
30 97 56 31
30 98 87 62
30 99 39 61
31 32 34 57
31 33 12 9
31 34 23 47
31 35 2 21
31 36 13 42
31 37 66 40
31 38 58 48
31 39 90 80
31 40 78 45
31 41 2 16
31 42 70 83
31 43 32 65
31 44 19 14
31 45 62 48
31 46 80 42
31 47 23 41
31 48 92 95
31 49 17 40
31 50 57 41
31 51 31 38
31 52 72 61
31 53 64 55
31 54 63 65
31 55 43 63
31 56 72 64
31 57 64 51
31 58 85 43
31 59 81 51
31 60 9 6
31 61 58 63
31 62 65 70
31 63 66 81
31 64 73 47
31 65 10 9
31 66 79 87
31 67 93 65
31 68 18 22
31 69 13 10
31 70 69 38
31 71 65 54
31 72 2 22
31 73 52 30
31 74 46 51
31 75 5 6
31 76 91 63
31 77 83 56
31 78 6 18
31 79 51 46
31 80 36 42
31 81 20 23
31 82 34 27
31 83 49 40
31 84 31 62
31 85 43 34
31 86 28 16
31 87 58 60
31 88 99 54
31 89 36 55
31 90 51 71
31 91 53 72
31 92 0 2
31 93 58 42
31 94 94 84
31 95 82 81
31 96 31 25
31 97 23 25
31 98 50 41
31 99 29 59
32 33 76 77
32 34 60 41
32 35 45 69
32 36 34 60
32 37 81 87
32 38 31 51
32 39 91 78
32 40 51 69
32 41 96 68
32 42 32 65
32 43 9 22
32 44 66 62
32 45 21 36
32 46 11 42
32 47 83 44
32 48 69 61
32 49 13 47
32 50 43 37
32 51 18 17
32 52 36 37
32 53 35 28
32 54 67 71
32 55 83 44
32 56 86 51
32 57 33 36
32 58 19 33
32 59 27 17
32 60 89 73
32 61 28 28
32 62 93 96
32 63 16 16
32 64 73 61
32 65 24 22
32 66 14 38
32 67 78 83
32 68 98 49
32 69 5 19
32 70 89 72
32 71 4 28
32 72 44 57
32 73 43 48
32 74 11 41
32 75 13 47
32 76 71 43
32 77 98 72
32 78 75 46
32 79 72 48
32 80 4 34
32 81 14 39
32 82 19 42
32 83 58 43
32 84 66 50
32 85 9 18
32 86 72 78
32 87 40 26
32 88 48 30
32 89 14 11
32 90 66 79
32 91 94 51
32 92 26 30
32 93 55 58
32 94 99 68
32 95 31 31
32 96 75 56
32 97 45 45
32 98 19 52
32 99 96 74
33 34 81 55
33 35 63 33
33 36 48 65
33 37 80 89
33 38 2 3
33 39 26 14
33 40 65 39
33 41 91 47
33 42 2 41
33 43 72 50
33 44 77 86
33 45 18 25
33 46 11 32
33 47 76 71
33 48 71 46
33 49 62 59
33 50 59 66
33 51 34 35
33 52 27 33
33 53 88 64
33 54 31 17
33 55 22 44
33 56 56 58
33 57 61 78
33 58 92 86
33 59 48 34
33 60 62 50
33 61 9 50
33 62 35 33
33 63 58 37
33 64 76 82
33 65 69 60
33 66 2 36
33 67 23 50
33 68 12 42
33 69 74 38
33 70 34 42
33 71 58 42
33 72 38 39
33 73 76 83
33 74 44 29
33 75 21 56
33 76 24 23
33 77 65 80
33 78 21 39
33 79 64 79
33 80 57 47
33 81 60 37
33 82 6 14
33 83 25 13
33 84 4 24
33 85 75 87
33 86 61 77
33 87 17 8
33 88 6 22
33 89 20 40
33 90 8 43
33 91 33 53
33 92 6 8
33 93 60 34
33 94 56 44
33 95 68 61
33 96 68 60
33 97 56 69
33 98 55 65
33 99 79 64
34 35 1 23
34 36 56 72
34 37 3 14
34 38 79 52
34 39 62 43
34 40 96 81
34 41 3 45
34 42 7 36
34 43 74 38
34 44 25 57
34 45 25 19
34 46 33 41
34 47 8 20
34 48 57 60
34 49 6 47
34 50 58 78
34 51 91 49
34 52 64 49
34 53 96 80
34 54 92 69
34 55 72 82
34 56 46 54
34 57 48 33
34 58 82 45
34 59 11 14
34 60 90 59
34 61 88 62
34 62 74 58
34 63 3 46
34 64 31 57
34 65 37 64
34 66 24 29
34 67 46 26
34 68 9 28
34 69 90 64
34 70 54 51
34 71 97 55
34 72 21 34
34 73 36 52
34 74 15 17
34 75 83 80
34 76 67 82
34 77 98 96
34 78 86 53
34 79 89 58
34 80 11 35
34 81 13 11
34 82 85 72
34 83 91 85
34 84 28 31
34 85 87 79
34 86 42 27
34 87 40 31
34 88 27 49
34 89 88 63
34 90 33 56
34 91 52 73
34 92 35 31
34 93 54 44
34 94 14 22
34 95 45 40
34 96 86 46
34 97 60 44
34 98 14 53
34 99 58 50
35 36 81 50
35 37 40 40
35 38 29 24
35 39 73 38
35 40 7 14
35 41 46 49
35 42 75 87
35 43 61 48
35 44 3 4
35 45 88 79
35 46 5 33
35 47 65 43
35 48 84 73
35 49 44 60
35 50 39 21
35 51 95 53
35 52 2 13
35 53 0 46
35 54 32 32
35 55 23 46
35 56 63 63
35 57 86 54
35 58 43 49
35 59 71 71
35 60 23 16
35 61 16 50
35 62 95 65
35 63 46 61
35 64 30 59
35 65 62 32
35 66 0 21
35 67 27 38
35 68 82 48
35 69 95 94
35 70 39 54
35 71 23 14
35 72 91 60
35 73 21 11
35 74 73 41
35 75 52 74
35 76 47 32
35 77 61 61
35 78 62 49
35 79 32 16
35 80 18 10
35 81 58 56
35 82 48 44
35 83 91 51
35 84 88 84
35 85 69 57
35 86 60 70
35 87 24 27
35 88 46 72
35 89 72 48
35 90 70 49
35 91 67 43
35 92 77 46
35 93 97 73
35 94 73 60
35 95 35 26
35 96 45 64
35 97 5 19
35 98 42 61
35 99 37 49
36 37 87 67
36 38 31 30
36 39 93 79
36 40 64 59
36 41 66 77
36 42 73 64
36 43 36 46
36 44 4 35
36 45 39 44
36 46 2 36
36 47 26 51
36 48 30 48
36 49 72 83
36 50 1 14
36 51 9 48
36 52 85 58
36 53 98 63
36 54 9 44
36 55 42 50
36 56 43 49
36 57 86 45
36 58 41 47
36 59 74 66
36 60 64 79
36 61 9 22
36 62 81 55
36 63 17 11
36 64 61 45
36 65 21 45
36 66 37 52
36 67 48 35
36 68 41 43
36 69 48 57
36 70 63 71
36 71 50 26
36 72 77 59
36 73 16 42
36 74 5 11
36 75 49 40
36 76 87 81
36 77 20 48
36 78 75 38
36 79 83 70
36 80 15 7
36 81 73 38
36 82 67 42
36 83 82 51
36 84 18 31
36 85 83 45
36 86 20 10
36 87 73 46
36 88 27 54
36 89 26 40
36 90 42 52
36 91 42 68
36 92 33 34
36 93 99 96
36 94 57 40
36 95 68 75
36 96 53 68
36 97 51 28
36 98 10 51
36 99 70 76
37 38 81 50
37 39 5 20
37 40 94 89
37 41 24 15
37 42 12 37
37 43 64 68
37 44 30 62
37 45 97 74
37 46 85 78
37 47 70 63
37 48 36 37
37 49 98 93
37 50 29 55
37 51 96 85
37 52 83 42
37 53 7 30
37 54 52 69
37 55 38 67
37 56 39 39
37 57 83 61
37 58 94 72
37 59 17 55
37 60 94 89
37 61 57 72
37 62 8 5
37 63 2 7
37 64 10 52
37 65 84 67
37 66 77 39
37 67 98 90
37 68 18 17
37 69 19 52
37 70 7 28
37 71 76 70
37 72 51 59
37 73 43 60
37 74 19 40
37 75 8 20
37 76 8 49
37 77 5 24
37 78 69 49
37 79 36 22
37 80 6 33
37 81 6 23
37 82 33 46
37 83 70 67
37 84 25 49
37 85 50 38
37 86 83 60
37 87 65 56
37 88 78 39
37 89 17 30
37 90 0 33
37 91 21 44
37 92 38 23
37 93 59 74
37 94 87 91
37 95 32 44
37 96 79 75
37 97 4 7
37 98 7 7
37 99 5 21
38 39 18 16
38 40 54 45
38 41 88 72
38 42 72 79
38 43 50 36
38 44 42 23
38 45 55 50
38 46 98 50
38 47 76 77
38 48 59 46
38 49 84 70
38 50 56 56
38 51 82 52
38 52 96 59
38 53 69 69
38 54 26 53
38 55 18 48
38 56 28 23
38 57 22 18
38 58 78 86
38 59 13 25
38 60 27 35
38 61 42 68
38 62 97 63
38 63 51 40
38 64 92 50
38 65 52 31
38 66 11 50
38 67 73 48
38 68 46 26
38 69 35 43
38 70 59 73
38 71 72 69
38 72 62 77
38 73 1 28
38 74 41 30
38 75 24 30
38 76 6 21
38 77 83 56
38 78 35 52
38 79 20 22
38 80 22 14
38 81 99 92
38 82 33 53
38 83 20 16
38 84 31 15
38 85 91 89
38 86 20 49
38 87 44 42
38 88 87 75
38 89 27 55
38 90 78 81
38 91 67 68
38 92 37 24
38 93 84 70
38 94 61 78
38 95 60 31
38 96 34 41
38 97 94 96
38 98 13 24
38 99 38 63
39 40 5 15
39 41 73 66
39 42 14 25
39 43 90 82
39 44 3 24
39 45 94 57
39 46 89 75
39 47 93 81
39 48 91 80
39 49 18 17
39 50 94 91
39 51 42 33
39 52 63 41
39 53 88 84
39 54 39 49
39 55 47 57
39 56 4 4
39 57 29 30
39 58 68 34
39 59 7 4
39 60 75 61
39 61 50 71
39 62 0 5
39 63 62 72
39 64 21 22
39 65 38 35
39 66 74 61
39 67 64 40
39 68 2 31
39 69 1 1
39 70 99 91
39 71 4 46
39 72 88 82
39 73 66 54
39 74 29 44
39 75 80 47
39 76 12 24
39 77 15 35
39 78 83 50
39 79 6 22
39 80 4 11
39 81 69 47
39 82 46 58
39 83 98 51
39 84 12 15
39 85 31 22
39 86 0 10
39 87 25 39
39 88 36 57
39 89 0 28
39 90 26 54
39 91 89 74
39 92 40 61
39 93 79 45
39 94 70 55
39 95 33 52
39 96 7 48
39 97 66 65
39 98 73 46
39 99 33 40
40 41 44 34
40 42 7 12
40 43 28 32
40 44 93 50
40 45 71 46
40 46 91 55
40 47 33 58
40 48 11 55
40 49 39 28
40 50 1 17
40 51 4 20
40 52 53 49
40 53 18 42
40 54 44 37
40 55 30 37
40 56 89 74
40 57 52 42
40 58 19 39
40 59 17 52
40 60 82 50
40 61 14 8
40 62 40 54
40 63 50 51
40 64 83 49
40 65 20 34
40 66 31 33
40 67 50 27
40 68 85 52
40 69 3 8
40 70 76 83
40 71 38 19
40 72 33 24
40 73 70 45
40 74 76 85
40 75 45 34
40 76 49 50
40 77 79 62
40 78 69 67
40 79 30 21
40 80 1 1
40 81 84 58
40 82 84 71
40 83 53 40
40 84 10 45
40 85 0 2
40 86 53 66
40 87 58 35
40 88 66 77
40 89 99 54
40 90 73 46
40 91 72 81
40 92 9 21
40 93 25 52
40 94 71 46
40 95 30 39
40 96 22 11
40 97 79 83
40 98 53 56
40 99 28 62
41 42 8 47
41 43 70 68
41 44 51 31
41 45 85 87
41 46 43 69
41 47 2 1
41 48 6 44
41 49 6 6
41 50 80 46
41 51 99 91
41 52 93 64
41 53 64 72
41 54 96 71
41 55 75 43
41 56 53 47
41 57 41 67
41 58 41 25
41 59 5 13
41 60 92 91
41 61 68 68
41 62 33 41
41 63 61 64
41 64 23 42
41 65 29 63
41 66 5 30
41 67 22 29
41 68 11 43
41 69 93 91
41 70 49 27
41 71 32 41
41 72 70 61
41 73 72 43
41 74 8 20
41 75 30 21
41 76 23 19
41 77 32 40
41 78 58 34
41 79 8 44
41 80 88 60
41 81 78 45
41 82 79 51
41 83 82 43
41 84 54 39
41 85 90 81
41 86 65 47
41 87 34 57
41 88 37 66
41 89 17 37
41 90 77 41
41 91 12 6
41 92 89 88
41 93 42 40
41 94 33 62
41 95 85 50
41 96 29 19
41 97 69 65
41 98 30 33
41 99 21 27
42 43 37 35
42 44 27 40
42 45 24 21
42 46 98 74
42 47 22 12
42 48 3 7
42 49 72 67
42 50 53 53
42 51 76 70
42 52 0 42
42 53 35 63
42 54 66 61
42 55 74 69
42 56 37 21
42 57 39 24
42 58 32 26
42 59 9 11
42 60 34 54
42 61 42 61
42 62 71 38
42 63 38 30
42 64 21 22
42 65 32 58
42 66 60 33
42 67 48 42
42 68 30 58
42 69 92 49
42 70 63 42
42 71 13 31
42 72 72 73
42 73 62 63
42 74 19 54
42 75 70 59
42 76 40 61
42 77 29 23
42 78 56 77
42 79 28 49
42 80 15 28
42 81 71 51
42 82 73 54
42 83 22 51
42 84 52 54
42 85 31 65
42 86 33 52
42 87 96 63
42 88 60 71
42 89 58 34
42 90 98 89
42 91 16 47
42 92 54 46
42 93 85 80
42 94 46 47
42 95 60 50
42 96 59 74
42 97 3 9
42 98 41 49
42 99 4 49
43 44 84 47
43 45 45 57
43 46 1 44
43 47 24 29
43 48 76 53
43 49 78 84
43 50 98 60
43 51 78 71
43 52 48 63
43 53 63 68
43 54 53 42
43 55 31 30
43 56 71 60
43 57 45 59
43 58 77 73
43 59 18 11
43 60 0 24
43 61 56 49
43 62 83 48
43 63 42 37
43 64 90 50
43 65 27 21
43 66 70 76
43 67 72 41
43 68 20 54
43 69 59 42
43 70 49 54
43 71 51 33
43 72 68 42
43 73 40 52
43 74 74 72
43 75 53 73
43 76 24 38
43 77 88 86
43 78 69 57
43 79 45 64
43 80 93 78
43 81 11 41
43 82 79 75
43 83 45 26
43 84 72 65
43 85 14 51
43 86 2 24
43 87 8 31
43 88 76 71
43 89 85 64
43 90 54 63
43 91 81 73
43 92 25 58
43 93 67 39
43 94 51 61
43 95 67 75
43 96 43 49
43 97 49 61
43 98 58 66
43 99 90 69
44 45 4 38
44 46 52 75
44 47 83 74
44 48 66 55
44 49 43 63
44 50 87 77
44 51 52 52
44 52 64 77
44 53 10 39
44 54 61 35
44 55 62 37
44 56 6 40
44 57 4 40
44 58 37 49
44 59 50 61
44 60 16 41
44 61 50 66
44 62 55 64
44 63 38 65
44 64 76 59
44 65 56 65
44 66 30 31
44 67 82 64
44 68 35 32
44 69 58 48
44 70 2 4
44 71 35 40
44 72 0 48
44 73 47 27
44 74 32 51
44 75 48 63
44 76 97 53
44 77 34 39
44 78 40 26
44 79 82 43
44 80 4 20
44 81 93 68
44 82 0 12
44 83 91 63
44 84 76 41
44 85 17 9
44 86 74 72
44 87 56 36
44 88 66 51
44 89 42 57
44 90 35 59
44 91 62 50
44 92 74 41
44 93 27 16
44 94 58 60
44 95 44 43
44 96 42 70
44 97 82 62
44 98 47 29
44 99 72 65
45 46 17 17
45 47 83 67
45 48 7 39
45 49 90 51
45 50 79 85
45 51 6 25
45 52 19 37
45 53 17 16
45 54 34 18
45 55 9 44
45 56 26 23
45 57 90 76
45 58 93 87
45 59 36 35
45 60 11 45
45 61 96 66
45 62 7 19
45 63 19 43
45 64 88 50
45 65 81 88
45 66 40 50
45 67 1 34
45 68 26 23
45 69 91 52
45 70 23 20
45 71 80 81
45 72 7 49
45 73 45 43
45 74 78 86
45 75 53 69
45 76 42 26
45 77 62 75
45 78 97 57
45 79 55 76
45 80 27 30
45 81 92 88
45 82 56 50
45 83 38 63
45 84 58 47
45 85 48 34
45 86 19 26
45 87 97 71
45 88 73 58
45 89 40 43
45 90 35 36
45 91 68 53
45 92 37 50
45 93 48 69
45 94 23 39
45 95 49 26
45 96 9 34
45 97 42 44
45 98 52 27
45 99 65 66
46 47 72 60
46 48 97 90
46 49 21 15
46 50 50 40
46 51 31 27
46 52 41 49
46 53 35 67
46 54 55 72
46 55 63 49
46 56 57 47
46 57 93 85
46 58 97 86
46 59 62 34
46 60 44 29
46 61 82 86
46 62 34 51
46 63 49 49
46 64 46 51
46 65 23 54
46 66 54 77
46 67 79 39
46 68 34 18
46 69 87 72
46 70 75 83
46 71 47 28
46 72 26 32
46 73 62 56
46 74 64 48
46 75 75 70
46 76 48 27
46 77 48 57
46 78 47 68
46 79 43 25
46 80 57 63
46 81 39 63
46 82 21 24
46 83 44 63
46 84 44 39
46 85 77 68
46 86 7 44
46 87 91 49
46 88 23 47
46 89 1 3
46 90 87 66
46 91 26 57
46 92 99 56
46 93 43 54
46 94 6 40
46 95 35 54
46 96 54 74
46 97 17 12
46 98 2 20
46 99 46 46
47 48 35 53
47 49 45 53
47 50 24 30
47 51 97 91
47 52 26 53
47 53 77 70
47 54 23 37
47 55 13 14
47 56 96 88
47 57 18 21
47 58 23 29
47 59 68 50
47 60 93 82
47 61 19 12
47 62 90 58
47 63 52 60
47 64 81 86
47 65 85 55
47 66 54 55
47 67 14 26
47 68 66 76
47 69 97 89
47 70 33 62
47 71 75 38
47 72 65 67
47 73 10 45
47 74 48 48
47 75 31 26
47 76 77 61
47 77 89 90
47 78 14 51
47 79 86 78
47 80 52 76
47 81 35 23
47 82 33 30
47 83 72 45
47 84 31 24
47 85 31 53
47 86 88 92
47 87 97 85
47 88 79 47
47 89 55 74
47 90 97 83
47 91 96 56
47 92 72 76
47 93 16 17
47 94 80 69
47 95 45 47
47 96 96 57
47 97 88 71
47 98 35 23
47 99 4 20
48 49 93 63
48 50 34 23
48 51 2 14
48 52 63 33
48 53 29 57
48 54 46 68
48 55 46 67
48 56 6 9
48 57 18 46
48 58 94 51
48 59 23 34
48 60 56 61
48 61 29 47
48 62 76 74
48 63 70 69
48 64 42 65
48 65 24 40
48 66 3 36
48 67 79 88
48 68 29 54
48 69 11 34
48 70 20 37
48 71 53 52
48 72 84 82
48 73 27 50
48 74 65 77
48 75 42 31
48 76 55 41
48 77 91 59
48 78 87 80
48 79 47 32
48 80 65 46
48 81 73 74
48 82 76 72
48 83 36 66
48 84 82 88
48 85 61 59
48 86 20 44
48 87 63 45
48 88 10 10
48 89 56 46
48 90 23 60
48 91 67 54
48 92 19 29
48 93 56 66
48 94 48 35
48 95 38 67
48 96 50 27
48 97 89 50
48 98 33 28
48 99 13 12
49 50 40 28
49 51 34 34
49 52 50 32
49 53 70 71
49 54 24 36
49 55 76 69
49 56 70 75
49 57 59 71
49 58 37 23
49 59 92 58
49 60 70 71
49 61 38 42
49 62 69 82
49 63 39 38
49 64 85 70
49 65 88 60
49 66 11 33
49 67 74 44
49 68 41 63
49 69 22 56
49 70 75 70
49 71 21 40
49 72 29 25
49 73 17 50
49 74 43 22
49 75 55 51
49 76 90 48
49 77 99 68
49 78 72 61
49 79 42 28
49 80 24 33
49 81 57 30
49 82 77 53
49 83 34 49
49 84 99 75
49 85 96 89
49 86 3 16
49 87 89 47
49 88 14 51
49 89 17 56
49 90 90 89
49 91 3 48
49 92 95 66
49 93 36 23
49 94 66 38
49 95 70 69
49 96 35 22
49 97 74 55
49 98 61 44
49 99 38 45
50 51 27 61
50 52 4 19
50 53 90 82
50 54 14 30
50 55 94 57
50 56 75 60
50 57 11 46
50 58 94 70
50 59 21 20
50 60 67 67
50 61 72 61
50 62 62 73
50 63 94 64
50 64 46 40
50 65 52 76
50 66 11 21
50 67 20 37
50 68 82 51
50 69 87 51
50 70 49 53
50 71 85 90
50 72 86 85
50 73 54 42
50 74 86 62
50 75 18 9
50 76 18 20
50 77 55 47
50 78 65 77
50 79 23 21
50 80 91 73
50 81 6 36
50 82 96 68
50 83 65 82
50 84 3 20
50 85 24 36
50 86 24 13
50 87 78 63
50 88 98 98
50 89 79 84
50 90 42 48
50 91 54 45
50 92 87 62
50 93 6 7
50 94 4 20
50 95 29 17
50 96 31 23
50 97 25 39
50 98 29 41
50 99 27 46
51 52 6 40
51 53 16 15
51 54 42 23
51 55 70 41
51 56 54 67
51 57 82 84
51 58 72 58
51 59 42 52
51 60 48 58
51 61 56 61
51 62 88 86
51 63 37 57
51 64 8 37
51 65 97 69
51 66 71 61
51 67 32 35
51 68 5 9
51 69 14 20
51 70 38 56
51 71 76 83
51 72 7 24
51 73 73 44
51 74 29 23
51 75 62 48
51 76 78 51
51 77 83 80
51 78 6 35
51 79 78 75
51 80 25 34
51 81 75 71
51 82 55 41
51 83 73 85
51 84 44 60
51 85 10 32
51 86 43 38
51 87 95 49
51 88 50 64
51 89 80 56
51 90 26 51
51 91 39 33
51 92 74 51
51 93 21 40
51 94 17 27
51 95 70 82
51 96 77 72
51 97 11 14
51 98 3 51
51 99 60 51
52 53 94 85
52 54 45 64
52 55 89 60
52 56 35 63
52 57 54 69
52 58 78 47
52 59 69 62
52 60 4 14
52 61 68 68
52 62 68 61
52 63 82 66
52 64 35 33
52 65 3 38
52 66 41 65
52 67 23 44
52 68 93 84
52 69 62 68
52 70 74 47
52 71 23 54
52 72 61 44
52 73 68 62
52 74 71 54
52 75 9 22
52 76 57 70
52 77 38 28
52 78 68 50
52 79 18 52
52 80 66 52
52 81 23 45
52 82 94 67
52 83 38 65
52 84 51 29
52 85 76 40
52 86 6 18
52 87 73 60
52 88 35 24
52 89 68 84
52 90 43 46
52 91 63 63
52 92 98 71
52 93 17 16
52 94 0 49
52 95 86 75
52 96 76 57
52 97 13 17
52 98 21 21
52 99 94 90
53 54 94 86
53 55 95 89
53 56 22 53
53 57 35 40
53 58 4 27
53 59 99 57
53 60 30 51
53 61 55 76
53 62 12 50
53 63 69 66
53 64 44 41
53 65 3 47
53 66 70 70
53 67 39 48
53 68 48 25
53 69 49 35
53 70 18 10
53 71 62 67
53 72 54 46
53 73 30 17
53 74 59 68
53 75 83 70
53 76 66 34
53 77 8 32
53 78 25 28
53 79 19 48
53 80 75 60
53 81 69 64
53 82 17 43
53 83 40 38
53 84 32 25
53 85 88 68
53 86 3 29
53 87 0 39
53 88 14 45
53 89 50 25
53 90 7 13
53 91 17 11
53 92 35 25
53 93 74 42
53 94 3 14
53 95 67 58
53 96 69 54
53 97 80 52
53 98 38 44
53 99 93 90
54 55 92 77
54 56 55 63
54 57 43 66
54 58 10 44
54 59 88 85
54 60 36 59
54 61 36 60
54 62 56 35
54 63 4 49
54 64 6 42
54 65 82 74
54 66 7 22
54 67 50 37
54 68 29 53
54 69 86 52
54 70 52 42
54 71 17 14
54 72 85 67
54 73 55 36
54 74 43 51
54 75 97 90
54 76 28 56
54 77 51 54
54 78 4 9
54 79 60 59
54 80 22 11
54 81 58 50
54 82 38 21
54 83 40 28
54 84 5 14
54 85 24 42
54 86 90 46
54 87 59 49
54 88 74 81
54 89 45 52
54 90 61 52
54 91 59 48
54 92 74 67
54 93 63 38
54 94 31 57
54 95 83 51
54 96 3 48
54 97 99 89
54 98 20 25
54 99 97 54
55 56 15 23
55 57 27 23
55 58 50 46
55 59 71 64
55 60 44 41
55 61 13 44
55 62 77 45
55 63 62 43
55 64 22 35
55 65 60 56
55 66 38 60
55 67 76 84
55 68 35 22
55 69 52 41
55 70 68 66
55 71 89 68
55 72 39 65
55 73 10 15
55 74 60 40
55 75 64 43
55 76 67 42
55 77 32 40
55 78 17 56
55 79 98 61
55 80 37 29
55 81 67 77
55 82 71 78
55 83 53 58
55 84 12 33
55 85 70 72
55 86 24 44
55 87 89 48
55 88 92 52
55 89 84 62
55 90 36 50
55 91 92 78
55 92 66 40
55 93 35 48
55 94 63 65
55 95 70 58
55 96 20 48
55 97 48 42
55 98 33 46
55 99 8 26
56 57 27 49
56 58 58 64
56 59 89 72
56 60 61 47
56 61 85 84
56 62 19 15
56 63 28 37
56 64 81 58
56 65 9 19
56 66 30 49
56 67 43 28
56 68 85 43
56 69 25 14
56 70 34 37
56 71 66 55
56 72 34 23
56 73 9 15
56 74 15 10
56 75 41 58
56 76 81 59
56 77 20 41
56 78 92 92
56 79 91 79
56 80 82 54
56 81 2 15
56 82 13 17
56 83 87 69
56 84 43 53
56 85 31 25
56 86 83 72
56 87 8 37
56 88 35 36
56 89 21 25
56 90 57 77
56 91 3 22
56 92 45 65
56 93 3 34
56 94 4 29
56 95 31 33
56 96 91 78
56 97 16 20
56 98 49 66
56 99 74 44
57 58 18 19
57 59 15 20
57 60 31 53
57 61 0 14
57 62 32 22
57 63 42 57
57 64 72 84
57 65 3 39
57 66 56 63
57 67 23 51
57 68 95 80
57 69 54 53
57 70 4 33
57 71 56 40
57 72 0 4
57 73 77 74
57 74 20 11
57 75 12 47
57 76 61 34
57 77 3 6
57 78 61 32
57 79 90 76
57 80 96 52
57 81 24 47
57 82 76 72
57 83 59 72
57 84 3 6
57 85 0 2
57 86 67 73
57 87 53 65
57 88 34 32
57 89 29 60
57 90 52 58
57 91 34 50
57 92 76 72
57 93 11 26
57 94 82 71
57 95 61 64
57 96 53 48
57 97 14 9
57 98 66 50
57 99 7 44
58 59 90 93
58 60 19 22
58 61 52 70
58 62 89 53
58 63 7 43
58 64 28 52
58 65 64 59
58 66 75 69
58 67 67 77
58 68 0 12
58 69 65 37
58 70 60 43
58 71 7 50
58 72 85 76
58 73 51 68
58 74 11 47
58 75 63 52
58 76 74 42
58 77 0 28
58 78 73 49
58 79 25 18
58 80 6 22
58 81 52 44
58 82 38 40
58 83 76 59
58 84 48 39
58 85 16 40
58 86 34 65
58 87 15 39
58 88 27 23
58 89 77 47
58 90 55 58
58 91 81 42
58 92 6 39
58 93 22 48
58 94 35 59
58 95 74 50
58 96 3 1
58 97 98 87
58 98 26 58
58 99 89 78
59 60 52 27
59 61 76 64
59 62 68 45
59 63 13 52
59 64 63 42
59 65 29 52
59 66 75 81
59 67 74 66
59 68 27 60
59 69 8 20
59 70 42 37
59 71 36 38
59 72 42 43
59 73 99 80
59 74 83 83
59 75 42 23
59 76 93 67
59 77 69 50
59 78 88 47
59 79 75 56
59 80 9 34
59 81 45 26
59 82 64 51
59 83 73 43
59 84 94 50
59 85 63 48
59 86 54 65
59 87 69 48
59 88 7 45
59 89 94 47
59 90 20 52
59 91 37 63
59 92 23 29
59 93 47 68
59 94 21 39
59 95 10 52
59 96 43 31
59 97 97 48
59 98 44 53
59 99 13 24
60 61 12 20
60 62 83 91
60 63 62 51
60 64 93 75
60 65 75 63
60 66 90 55
60 67 81 82
60 68 41 56
60 69 40 52
60 70 66 56
60 71 95 74
60 72 36 54
60 73 34 40
60 74 53 55
60 75 67 47
60 76 71 38
60 77 29 21
60 78 94 58
60 79 38 64
60 80 67 63
60 81 76 45
60 82 85 66
60 83 31 39
60 84 39 20
60 85 55 37
60 86 3 22
60 87 90 84
60 88 63 47
60 89 17 47
60 90 97 63
60 91 17 27
60 92 88 58
60 93 94 48
60 94 97 73
60 95 92 90
60 96 53 46
60 97 71 37
60 98 26 54
60 99 61 73
61 62 16 45
61 63 57 53
61 64 80 75
61 65 22 34
61 66 17 38
61 67 18 14
61 68 93 59
61 69 14 34
61 70 9 36
61 71 73 44
61 72 45 46
61 73 94 57
61 74 95 72
61 75 34 32
61 76 42 27
61 77 59 54
61 78 40 66
61 79 89 79
61 80 97 77
61 81 26 23
61 82 95 76
61 83 0 32
61 84 59 61
61 85 60 67
61 86 99 95
61 87 73 51
61 88 75 40
61 89 58 40
61 90 94 79
61 91 11 48
61 92 69 76
61 93 85 80
61 94 16 24
61 95 44 59
61 96 91 72
61 97 75 56
61 98 15 11
61 99 4 35
62 63 57 73
62 64 84 54
62 65 57 58
62 66 23 58
62 67 76 66
62 68 10 30
62 69 60 33
62 70 68 46
62 71 93 93
62 72 77 43
62 73 9 47
62 74 86 50
62 75 36 32
62 76 54 77
62 77 40 27
62 78 52 73
62 79 52 75
62 80 40 25
62 81 89 50
62 82 75 42
62 83 56 42
62 84 27 16
62 85 0 48
62 86 44 52
62 87 43 40
62 88 14 22
62 89 2 29
62 90 99 88
62 91 79 88
62 92 58 51
62 93 40 36
62 94 83 77
62 95 73 38
62 96 66 81
62 97 87 77
62 98 12 23
62 99 51 30
63 64 65 40
63 65 22 24
63 66 16 33
63 67 25 40
63 68 58 66
63 69 1 47
63 70 93 88
63 71 87 92
63 72 23 28
63 73 55 33
63 74 35 48
63 75 4 16
63 76 51 44
63 77 51 61
63 78 62 67
63 79 10 36
63 80 96 56
63 81 65 82
63 82 59 64
63 83 94 80
63 84 72 84
63 85 93 53
63 86 36 25
63 87 59 31
63 88 2 7
63 89 49 64
63 90 73 70
63 91 40 20
63 92 37 22
63 93 77 57
63 94 11 31
63 95 4 5
63 96 79 59
63 97 51 48
63 98 46 62
63 99 22 39
64 65 80 48
64 66 15 54
64 67 12 13
64 68 95 84
64 69 21 12
64 70 25 46
64 71 12 34
64 72 33 28
64 73 40 21
64 74 96 94
64 75 9 42
64 76 78 77
64 77 68 83
64 78 38 48
64 79 83 78
64 80 76 84
64 81 11 30
64 82 25 20
64 83 78 85
64 84 72 56
64 85 57 63
64 86 6 10
64 87 61 51
64 88 57 39
64 89 74 57
64 90 23 34
64 91 8 31
64 92 10 41
64 93 80 70
64 94 64 80
64 95 84 48
64 96 23 45
64 97 93 56
64 98 9 22
64 99 66 78
65 66 86 65
65 67 94 83
65 68 3 23
65 69 48 62
65 70 68 41
65 71 61 66
65 72 35 36
65 73 70 44
65 74 34 57
65 75 64 66
65 76 46 55
65 77 54 43
65 78 2 38
65 79 13 43
65 80 68 60
65 81 39 32
65 82 82 70
65 83 5 47
65 84 69 71
65 85 31 19
65 86 66 60
65 87 98 67
65 88 33 54
65 89 84 71
65 90 30 25
65 91 35 28
65 92 84 44
65 93 0 49
65 94 78 73
65 95 26 28
65 96 12 8
65 97 21 11
65 98 49 48
65 99 97 80
66 67 16 37
66 68 73 72
66 69 29 54
66 70 20 54
66 71 17 49
66 72 53 72
66 73 93 89
66 74 84 80
66 75 80 47
66 76 84 48
66 77 9 31
66 78 25 18
66 79 70 67
66 80 28 18
66 81 4 31
66 82 68 40
66 83 51 39
66 84 21 44
66 85 75 82
66 86 47 53
66 87 22 54
66 88 30 39
66 89 7 13
66 90 36 53
66 91 20 44
66 92 35 20
66 93 9 37
66 94 53 66
66 95 90 86
66 96 68 74
66 97 86 83
66 98 59 77
66 99 62 34
67 68 23 40
67 69 63 45
67 70 1 14
67 71 88 93
67 72 19 52
67 73 77 68
67 74 44 50
67 75 3 19
67 76 65 37
67 77 54 43
67 78 41 39
67 79 55 43
67 80 1 46
67 81 47 59
67 82 45 60
67 83 15 19
67 84 33 36
67 85 47 29
67 86 77 87
67 87 56 35
67 88 90 51
67 89 15 42
67 90 52 52
67 91 37 58
67 92 79 73
67 93 30 62
67 94 83 87
67 95 5 48
67 96 83 54
67 97 77 80
67 98 49 56
67 99 22 25
68 69 60 70
68 70 65 64
68 71 26 47
68 72 60 39
68 73 47 43
68 74 31 48
68 75 14 28
68 76 63 70
68 77 31 18
68 78 59 46
68 79 4 35
68 80 66 75
68 81 94 93
68 82 31 32
68 83 94 88
68 84 17 9
68 85 47 44
68 86 62 51
68 87 18 50
68 88 5 36
68 89 38 27
68 90 71 76
68 91 40 24
68 92 26 21
68 93 59 79
68 94 22 20
68 95 22 45
68 96 41 65
68 97 59 42
68 98 24 17
68 99 59 50
69 70 25 42
69 71 87 73
69 72 72 72
69 73 41 28
69 74 40 42
69 75 2 1
69 76 40 57
69 77 18 39
69 78 67 83
69 79 48 46
69 80 64 33
69 81 84 72
69 82 1 44
69 83 46 69
69 84 15 37
69 85 25 18
69 86 25 56
69 87 76 71
69 88 98 78
69 89 95 58
69 90 6 34
69 91 2 5
69 92 23 34
69 93 96 53
69 94 82 43
69 95 1 25
69 96 78 78
69 97 52 44
69 98 85 51
69 99 1 12
70 71 59 53
70 72 84 57
70 73 66 77
70 74 76 78
70 75 56 67
70 76 47 69
70 77 50 41
70 78 6 43
70 79 33 20
70 80 97 72
70 81 49 58
70 82 51 34
70 83 89 74
70 84 65 74
70 85 24 12
70 86 83 74
70 87 66 47
70 88 0 27
70 89 60 40
70 90 45 50
70 91 52 45
70 92 86 63
70 93 49 69
70 94 65 53
70 95 31 37
70 96 29 54
70 97 61 42
70 98 4 14
70 99 12 10
71 72 71 57
71 73 82 42
71 74 4 33
71 75 22 48
71 76 2 17
71 77 20 46
71 78 34 52
71 79 91 70
71 80 42 61
71 81 92 92
71 82 75 76
71 83 89 88
71 84 83 87
71 85 9 39
71 86 57 38
71 87 91 67
71 88 37 19
71 89 77 53
71 90 80 87
71 91 43 59
71 92 29 18
71 93 83 67
71 94 56 59
71 95 37 60
71 96 73 65
71 97 32 61
71 98 45 27
71 99 41 64
72 73 83 68
72 74 73 52
72 75 25 27
72 76 11 22
72 77 13 29
72 78 37 20
72 79 4 36
72 80 17 51
72 81 96 61
72 82 77 39
72 83 50 43
72 84 59 54
72 85 95 74
72 86 34 19
72 87 65 66
72 88 73 66
72 89 68 41
72 90 6 13
72 91 79 87
72 92 25 20
72 93 21 29
72 94 48 63
72 95 49 46
72 96 55 32
72 97 47 64
72 98 82 86
72 99 99 73
73 74 70 48
73 75 29 18
73 76 21 35
73 77 88 52
73 78 13 8
73 79 69 62
73 80 81 49
73 81 62 78
73 82 24 16
73 83 6 16
73 84 12 27
73 85 59 38
73 86 45 57
73 87 45 56
73 88 11 11
73 89 2 44
73 90 14 27
73 91 81 61
73 92 70 36
73 93 53 70
73 94 99 69
73 95 15 32
73 96 80 66
73 97 18 11
73 98 52 27
73 99 30 23
74 75 2 31
74 76 23 45
74 77 40 26
74 78 36 49
74 79 11 10
74 80 35 42
74 81 37 27
74 82 40 64
74 83 33 17
74 84 27 44
74 85 93 56
74 86 13 11
74 87 48 67
74 88 24 33
74 89 47 63
74 90 30 35
74 91 32 26
74 92 99 79
74 93 75 70
74 94 73 42
74 95 94 77
74 96 54 29
74 97 35 42
74 98 6 15
74 99 22 33
75 76 82 67
75 77 2 17
75 78 62 58
75 79 83 70
75 80 15 44
75 81 91 51
75 82 13 27
75 83 5 29
75 84 7 23
75 85 58 33
75 86 67 39
75 87 71 60
75 88 6 34
75 89 14 26
75 90 29 63
75 91 77 48
75 92 53 30
75 93 71 70
75 94 78 63
75 95 0 2
75 96 83 52
75 97 59 62
75 98 59 70
75 99 83 86
76 77 6 31
76 78 1 16
76 79 63 75
76 80 47 52
76 81 88 52
76 82 92 90
76 83 83 53
76 84 42 46
76 85 72 47
76 86 35 48
76 87 15 38
76 88 27 63
76 89 64 49
76 90 38 51
76 91 54 50
76 92 22 14
76 93 99 61
76 94 53 33
76 95 54 37
76 96 9 23
76 97 33 65
76 98 56 70
76 99 55 54
77 78 83 89
77 79 13 47
77 80 21 43
77 81 9 50
77 82 61 37
77 83 35 33
77 84 92 80
77 85 15 45
77 86 11 7
77 87 80 65
77 88 88 57
77 89 80 53
77 90 45 64
77 91 76 85
77 92 56 69
77 93 29 62
77 94 65 49
77 95 1 24
77 96 51 59
77 97 45 52
77 98 45 69
77 99 90 53
78 79 34 24
78 80 1 46
78 81 90 56
78 82 55 35
78 83 49 32
78 84 81 87
78 85 87 72
78 86 21 29
78 87 40 39
78 88 27 38
78 89 95 78
78 90 66 52
78 91 49 29
78 92 7 12
78 93 74 66
78 94 43 29
78 95 29 57
78 96 45 52
78 97 70 63
78 98 92 96
78 99 93 67
79 80 16 43
79 81 40 32
79 82 19 39
79 83 84 75
79 84 0 17
79 85 68 63
79 86 40 39
79 87 61 37
79 88 76 51
79 89 75 67
79 90 93 57
79 91 32 51
79 92 82 75
79 93 0 25
79 94 34 38
79 95 66 44
79 96 84 76
79 97 8 5
79 98 81 54
79 99 30 18
80 81 49 38
80 82 4 38
80 83 46 63
80 84 82 50
80 85 85 50
80 86 98 84
80 87 52 37
80 88 92 78
80 89 87 88
80 90 31 39
80 91 17 40
80 92 61 36
80 93 4 30
80 94 66 69
80 95 30 36
80 96 98 62
80 97 39 61
80 98 93 47
80 99 22 35
81 82 2 14
81 83 8 20
81 84 33 49
81 85 10 47
81 86 20 12
81 87 65 57
81 88 78 62
81 89 27 55
81 90 94 77
81 91 90 84
81 92 96 80
81 93 41 50
81 94 76 45
81 95 5 21
81 96 75 74
81 97 68 59
81 98 69 46
81 99 77 53
82 83 44 53
82 84 64 64
82 85 23 46
82 86 53 66
82 87 72 64
82 88 43 28
82 89 69 45
82 90 17 34
82 91 17 41
82 92 67 36
82 93 8 19
82 94 32 21
82 95 63 52
82 96 4 3
82 97 63 68
82 98 73 64
82 99 46 60
83 84 3 39
83 85 9 23
83 86 42 64
83 87 31 58
83 88 69 67
83 89 48 52
83 90 64 69
83 91 58 39
83 92 8 32
83 93 19 42
83 94 66 76
83 95 17 26
83 96 41 58
83 97 16 54
83 98 86 80
83 99 16 14
84 85 30 37
84 86 79 66
84 87 39 63
84 88 50 26
84 89 84 63
84 90 56 64
84 91 84 63
84 92 36 38
84 93 20 57
84 94 68 62
84 95 46 73
84 96 57 64
84 97 64 32
84 98 41 28
84 99 35 40
85 86 49 33
85 87 93 56
85 88 9 48
85 89 28 58
85 90 20 58
85 91 33 32
85 92 32 24
85 93 76 54
85 94 73 49
85 95 42 58
85 96 51 52
85 97 15 20
85 98 77 57
85 99 52 56
86 87 27 60
86 88 19 34
86 89 58 36
86 90 24 38
86 91 57 73
86 92 6 51
86 93 56 66
86 94 63 58
86 95 11 48
86 96 36 58
86 97 58 73
86 98 47 43
86 99 48 49
87 88 20 21
87 89 26 59
87 90 7 42
87 91 99 94
87 92 52 47
87 93 58 62
87 94 28 63
87 95 90 93
87 96 65 59
87 97 87 88
87 98 87 50
87 99 43 39
88 89 27 16
88 90 82 64
88 91 59 33
88 92 75 81
88 93 5 28
88 94 3 48
88 95 96 77
88 96 1 26
88 97 79 66
88 98 54 43
88 99 82 48
89 90 71 62
89 91 75 39
89 92 59 44
89 93 34 47
89 94 35 64
89 95 21 40
89 96 41 35
89 97 43 34
89 98 47 24
89 99 81 46
90 91 51 59
90 92 57 67
90 93 53 64
90 94 96 60
90 95 16 47
90 96 3 12
90 97 24 51
90 98 64 67
90 99 12 50
91 92 11 5
91 93 87 91
91 94 23 51
91 95 79 85
91 96 30 28
91 97 81 76
91 98 37 58
91 99 93 67
92 93 52 46
92 94 94 89
92 95 72 61
92 96 71 81
92 97 60 49
92 98 17 37
92 99 1 26
93 94 46 50
93 95 87 64
93 96 46 35
93 97 64 70
93 98 85 52
93 99 55 73
94 95 56 30
94 96 39 38
94 97 61 64
94 98 77 83
94 99 81 66
95 96 91 86
95 97 11 35
95 98 64 64
95 99 15 25
96 97 76 62
96 98 59 41
96 99 50 65
97 98 74 41
97 99 11 33
98 99 89 91
