100
0 1 32 35
0 2 5 11
0 3 18 21
0 4 48 44
0 5 21 19
0 6 48 50
0 7 24 22
0 8 94 90
0 9 5 9
0 10 33 33
0 11 25 32
0 12 51 50
0 13 78 75
0 14 95 93
0 15 89 80
0 16 80 76
0 17 6 7
0 18 5 9
0 19 16 17
0 20 29 33
0 21 67 62
0 22 57 56
0 23 77 78
0 24 85 85
0 25 28 25
0 26 18 18
0 27 32 30
0 28 96 95
0 29 3 4
0 30 37 38
0 31 70 72
0 32 37 42
0 33 42 39
0 34 6 13
0 35 76 75
0 36 74 77
0 37 50 47
0 38 27 28
0 39 1 6
0 40 76 72
0 41 87 83
0 42 58 59
0 43 42 40
0 44 16 16
0 45 76 69
0 46 12 14
0 47 4 9
0 48 58 52
0 49 81 82
0 50 89 85
0 51 10 19
0 52 13 16
0 53 54 49
0 54 12 19
0 55 71 70
0 56 61 57
0 57 99 93
0 58 18 23
0 59 16 22
0 60 97 93
0 61 97 97
0 62 88 83
0 63 7 6
0 64 95 87
0 65 61 62
0 66 80 75
0 67 27 29
0 68 52 49
0 69 84 77
0 70 23 22
0 71 46 47
0 72 40 43
0 73 63 60
0 74 59 60
0 75 42 44
0 76 91 89
0 77 18 17
0 78 27 27
0 79 76 73
0 80 48 52
0 81 31 31
0 82 37 38
0 83 79 79
0 84 11 14
0 85 47 50
0 86 58 55
0 87 6 14
0 88 90 88
0 89 28 31
0 90 38 39
0 91 16 21
0 92 62 61
0 93 63 59
0 94 27 26
0 95 49 45
0 96 92 89
0 97 34 32
0 98 5 6
0 99 55 54
1 2 70 69
1 3 74 74
1 4 12 15
1 5 27 25
1 6 81 76
1 7 34 33
1 8 28 31
1 9 55 59
1 10 35 33
1 11 93 86
1 12 6 6
1 13 23 23
1 14 74 74
1 15 97 94
1 16 72 71
1 17 9 9
1 18 57 58
1 19 75 72
1 20 68 71
1 21 28 32
1 22 83 78
1 23 71 71
1 24 9 12
1 25 59 55
1 26 84 78
1 27 12 11
1 28 93 92
1 29 19 17
1 30 25 30
1 31 15 18
1 32 46 43
1 33 89 82
1 34 16 19
1 35 42 46
1 36 94 95
1 37 53 51
1 38 53 54
1 39 22 25
1 40 17 18
1 41 73 70
1 42 82 75
1 43 52 47
1 44 6 11
1 45 18 20
1 46 86 88
1 47 83 84
1 48 18 18
1 49 50 46
1 50 53 54
1 51 97 95
1 52 10 17
1 53 77 76
1 54 68 65
1 55 95 94
1 56 16 20
1 57 15 19
1 58 7 9
1 59 84 81
1 60 66 70
1 61 80 79
1 62 39 35
1 63 92 83
1 64 27 25
1 65 61 60
1 66 38 38
1 67 50 46
1 68 53 58
1 69 0 7
1 70 13 13
1 71 10 17
1 72 64 67
1 73 58 62
1 74 44 42
1 75 29 31
1 76 30 27
1 77 35 41
1 78 27 33
1 79 25 31
1 80 81 78
1 81 47 49
1 82 21 25
1 83 14 22
1 84 3 12
1 85 57 55
1 86 71 68
1 87 62 63
1 88 44 42
1 89 27 31
1 90 93 86
1 91 10 18
1 92 58 60
1 93 77 74
1 94 59 54
1 95 32 33
1 96 57 53
1 97 72 71
1 98 29 29
1 99 81 82
2 3 28 26
2 4 84 78
2 5 59 60
2 6 17 18
2 7 17 22
2 8 3 8
2 9 6 8
2 10 55 56
2 11 86 86
2 12 26 31
2 13 2 7
2 14 94 86
2 15 50 50
2 16 91 86
2 17 32 38
2 18 77 78
2 19 83 77
2 20 21 28
2 21 55 53
2 22 30 28
2 23 71 71
2 24 74 76
2 25 48 48
2 26 53 55
2 27 67 61
2 28 48 46
2 29 30 27
2 30 69 67
2 31 37 39
2 32 66 66
2 33 35 40
2 34 74 67
2 35 68 69
2 36 74 73
2 37 11 14
2 38 96 91
2 39 32 37
2 40 26 31
2 41 34 39
2 42 42 45
2 43 76 69
2 44 40 36
2 45 27 33
2 46 90 89
2 47 18 18
2 48 45 41
2 49 48 51
2 50 10 10
2 51 53 50
2 52 33 30
2 53 80 80
2 54 66 64
2 55 65 63
2 56 26 28
2 57 3 7
2 58 62 61
2 59 53 51
2 60 6 15
2 61 90 90
2 62 42 42
2 63 30 31
2 64 87 80
2 65 90 84
2 66 7 10
2 67 11 20
2 68 15 17
2 69 17 20
2 70 47 47
2 71 34 33
2 72 12 17
2 73 22 20
2 74 41 43
2 75 10 14
2 76 56 57
2 77 70 66
2 78 70 67
2 79 1 3
2 80 13 16
2 81 16 17
2 82 63 62
2 83 89 86
2 84 74 71
2 85 85 81
2 86 87 88
2 87 6 6
2 88 46 47
2 89 69 70
2 90 29 33
2 91 33 37
2 92 70 72
2 93 84 83
2 94 4 7
2 95 19 20
2 96 19 22
2 97 12 13
2 98 8 10
2 99 25 30
3 4 78 79
3 5 16 19
3 6 73 71
3 7 61 64
3 8 2 4
3 9 39 40
3 10 82 80
3 11 87 79
3 12 26 32
3 13 69 69
3 14 19 22
3 15 87 82
3 16 92 89
3 17 95 91
3 18 88 88
3 19 43 48
3 20 47 47
3 21 86 81
3 22 67 69
3 23 38 41
3 24 66 60
3 25 81 76
3 26 18 17
3 27 45 49
3 28 48 52
3 29 32 34
3 30 16 20
3 31 19 20
3 32 54 57
3 33 30 28
3 34 72 65
3 35 57 57
3 36 3 7
3 37 83 80
3 38 58 62
3 39 31 34
3 40 41 42
3 41 71 73
3 42 9 13
3 43 81 74
3 44 56 56
3 45 55 56
3 46 64 59
3 47 77 71
3 48 88 80
3 49 87 85
3 50 17 21
3 51 24 27
3 52 96 87
3 53 99 97
3 54 73 70
3 55 83 78
3 56 11 17
3 57 76 75
3 58 22 25
3 59 99 89
3 60 39 41
3 61 58 59
3 62 76 71
3 63 47 45
3 64 2 11
3 65 13 12
3 66 39 37
3 67 81 78
3 68 25 26
3 69 28 34
3 70 21 24
3 71 46 50
3 72 73 73
3 73 14 13
3 74 48 49
3 75 32 32
3 76 22 29
3 77 82 75
3 78 89 85
3 79 32 35
3 80 98 93
3 81 4 7
3 82 76 75
3 83 9 9
3 84 2 8
3 85 30 36
3 86 75 67
3 87 49 53
3 88 28 25
3 89 35 35
3 90 69 62
3 91 70 68
3 92 96 87
3 93 24 22
3 94 0 4
3 95 28 30
3 96 20 23
3 97 17 24
3 98 99 97
3 99 93 86
4 5 28 33
4 6 24 23
4 7 28 33
4 8 14 15
4 9 96 94
4 10 22 22
4 11 26 31
4 12 29 32
4 13 14 22
4 14 71 68
4 15 32 29
4 16 96 94
4 17 66 65
4 18 20 19
4 19 67 68
4 20 9 10
4 21 77 70
4 22 46 45
4 23 66 67
4 24 64 62
4 25 78 71
4 26 75 76
4 27 27 33
4 28 30 33
4 29 9 11
4 30 63 67
4 31 23 22
4 32 8 16
4 33 36 37
4 34 7 6
4 35 15 17
4 36 88 86
4 37 50 48
4 38 31 30
4 39 45 44
4 40 88 85
4 41 84 84
4 42 59 54
4 43 41 39
4 44 46 46
4 45 44 44
4 46 70 67
4 47 18 23
4 48 56 60
4 49 4 11
4 50 30 28
4 51 42 41
4 52 17 16
4 53 3 12
4 54 65 59
4 55 67 70
4 56 88 85
4 57 4 12
4 58 43 46
4 59 33 39
4 60 86 83
4 61 65 63
4 62 93 92
4 63 79 80
4 64 59 60
4 65 42 44
4 66 41 47
4 67 46 50
4 68 6 9
4 69 53 50
4 70 33 37
4 71 33 38
4 72 38 39
4 73 8 10
4 74 85 79
4 75 14 18
4 76 40 45
4 77 34 39
4 78 14 21
4 79 37 38
4 80 6 13
4 81 53 54
4 82 19 23
4 83 22 20
4 84 66 63
4 85 16 20
4 86 40 42
4 87 27 26
4 88 82 81
4 89 47 50
4 90 57 55
4 91 98 93
4 92 36 39
4 93 66 67
4 94 65 68
4 95 95 91
4 96 97 97
4 97 13 17
4 98 89 84
4 99 31 29
5 6 94 87
5 7 10 18
5 8 13 18
5 9 42 39
5 10 6 11
5 11 90 89
5 12 8 10
5 13 1 9
5 14 3 11
5 15 30 32
5 16 19 23
5 17 77 74
5 18 56 54
5 19 77 76
5 20 60 58
5 21 73 67
5 22 32 35
5 23 77 75
5 24 37 35
5 25 94 86
5 26 94 87
5 27 96 88
5 28 97 88
5 29 35 38
5 30 75 73
5 31 84 84
5 32 58 56
5 33 93 84
5 34 4 12
5 35 80 74
5 36 54 49
5 37 19 26
5 38 85 80
5 39 68 70
5 40 9 10
5 41 16 18
5 42 78 77
5 43 5 9
5 44 98 94
5 45 60 58
5 46 24 25
5 47 8 13
5 48 90 85
5 49 28 33
5 50 98 90
5 51 61 62
5 52 90 86
5 53 17 22
5 54 19 17
5 55 36 38
5 56 59 58
5 57 86 82
5 58 11 20
5 59 32 37
5 60 86 81
5 61 46 46
5 62 99 98
5 63 3 6
5 64 52 46
5 65 48 47
5 66 74 68
5 67 83 81
5 68 95 94
5 69 95 87
5 70 51 49
5 71 74 68
5 72 80 77
5 73 46 44
5 74 79 76
5 75 77 75
5 76 1 10
5 77 75 72
5 78 8 9
5 79 91 90
5 80 52 54
5 81 89 82
5 82 64 58
5 83 67 66
5 84 14 18
5 85 27 27
5 86 40 42
5 87 13 18
5 88 33 35
5 89 12 12
5 90 83 79
5 91 30 33
5 92 2 2
5 93 99 92
5 94 23 27
5 95 27 28
5 96 60 60
5 97 96 96
5 98 19 25
5 99 25 26
6 7 7 10
6 8 19 20
6 9 34 37
6 10 34 33
6 11 64 62
6 12 4 13
6 13 32 34
6 14 49 46
6 15 31 33
6 16 86 83
6 17 8 9
6 18 47 50
6 19 94 86
6 20 13 13
6 21 71 73
6 22 84 79
6 23 78 77
6 24 94 87
6 25 45 41
6 26 65 64
6 27 67 69
6 28 34 32
6 29 97 96
6 30 60 60
6 31 21 25
6 32 3 10
6 33 34 35
6 34 74 67
6 35 20 22
6 36 93 86
6 37 17 16
6 38 99 96
6 39 61 60
6 40 35 41
6 41 58 55
6 42 93 85
6 43 44 49
6 44 45 50
6 45 44 42
6 46 72 73
6 47 17 23
6 48 86 78
6 49 27 24
6 50 34 39
6 51 21 20
6 52 59 55
6 53 33 34
6 54 20 24
6 55 16 17
6 56 65 67
6 57 32 35
6 58 85 79
6 59 58 61
6 60 49 49
6 61 18 26
6 62 86 78
6 63 56 57
6 64 64 63
6 65 82 80
6 66 33 36
6 67 9 15
6 68 27 27
6 69 88 88
6 70 51 49
6 71 54 52
6 72 54 57
6 73 44 43
6 74 70 70
6 75 76 76
6 76 8 14
6 77 38 37
6 78 84 78
6 79 31 33
6 80 7 12
6 81 47 49
6 82 71 67
6 83 40 42
6 84 86 85
6 85 31 29
6 86 89 85
6 87 28 33
6 88 78 78
6 89 28 31
6 90 34 38
6 91 47 46
6 92 85 84
6 93 33 37
6 94 50 55
6 95 99 93
6 96 62 58
6 97 73 72
6 98 41 46
6 99 93 92
7 8 18 25
7 9 68 65
7 10 96 93
7 11 59 54
7 12 0 3
7 13 89 90
7 14 5 6
7 15 55 52
7 16 77 73
7 17 57 57
7 18 25 30
7 19 90 84
7 20 98 88
7 21 21 19
7 22 0 3
7 23 21 19
7 24 16 20
7 25 74 76
7 26 23 26
7 27 42 45
7 28 60 62
7 29 10 18
7 30 40 37
7 31 37 35
7 32 32 35
7 33 78 72
7 34 73 69
7 35 79 78
7 36 71 70
7 37 89 89
7 38 27 27
7 39 4 8
7 40 88 80
7 41 75 76
7 42 26 26
7 43 39 42
7 44 4 12
7 45 28 33
7 46 65 67
7 47 92 86
7 48 67 62
7 49 16 19
7 50 28 27
7 51 2 2
7 52 59 59
7 53 99 91
7 54 44 43
7 55 12 16
7 56 75 76
7 57 58 53
7 58 4 5
7 59 72 68
7 60 72 65
7 61 45 47
7 62 30 35
7 63 57 53
7 64 6 7
7 65 49 49
7 66 67 71
7 67 31 29
7 68 30 35
7 69 93 87
7 70 22 24
7 71 7 13
7 72 25 31
7 73 99 97
7 74 71 72
7 75 45 49
7 76 49 46
7 77 49 50
7 78 37 43
7 79 82 79
7 80 0 4
7 81 19 25
7 82 42 45
7 83 29 27
7 84 78 74
7 85 34 36
7 86 10 10
7 87 79 79
7 88 3 12
7 89 84 80
7 90 95 93
7 91 9 9
7 92 71 72
7 93 12 14
7 94 89 81
7 95 7 8
7 96 19 22
7 97 90 91
7 98 54 53
7 99 41 43
8 9 44 43
8 10 86 79
8 11 74 73
8 12 34 33
8 13 65 63
8 14 40 42
8 15 4 11
8 16 7 14
8 17 98 97
8 18 16 22
8 19 42 41
8 20 78 73
8 21 41 42
8 22 75 77
8 23 10 11
8 24 25 25
8 25 55 56
8 26 9 14
8 27 67 61
8 28 33 37
8 29 91 91
8 30 36 37
8 31 80 72
8 32 93 89
8 33 88 84
8 34 54 52
8 35 99 98
8 36 43 43
8 37 76 76
8 38 53 52
8 39 14 19
8 40 6 15
8 41 13 17
8 42 10 14
8 43 31 33
8 44 41 40
8 45 82 77
8 46 56 57
8 47 72 74
8 48 28 26
8 49 41 45
8 50 54 49
8 51 44 49
8 52 53 48
8 53 56 59
8 54 65 64
8 55 5 12
8 56 31 31
8 57 52 57
8 58 36 37
8 59 15 16
8 60 81 74
8 61 70 67
8 62 63 65
8 63 52 55
8 64 27 34
8 65 40 41
8 66 93 85
8 67 29 31
8 68 24 31
8 69 31 38
8 70 67 68
8 71 35 40
8 72 51 53
8 73 24 30
8 74 86 84
8 75 78 77
8 76 82 82
8 77 56 54
8 78 71 67
8 79 56 52
8 80 54 50
8 81 17 24
8 82 91 92
8 83 28 35
8 84 85 82
8 85 28 26
8 86 62 59
8 87 19 21
8 88 52 50
8 89 97 88
8 90 68 70
8 91 47 46
8 92 5 10
8 93 5 7
8 94 99 97
8 95 16 22
8 96 96 91
8 97 32 36
8 98 54 52
8 99 85 86
9 10 58 62
9 11 39 40
9 12 65 65
9 13 87 87
9 14 30 32
9 15 80 74
9 16 16 24
9 17 21 25
9 18 50 51
9 19 76 74
9 20 54 58
9 21 41 46
9 22 53 57
9 23 82 79
9 24 57 57
9 25 62 64
9 26 27 25
9 27 13 19
9 28 41 38
9 29 63 58
9 30 76 75
9 31 49 47
9 32 28 30
9 33 19 26
9 34 28 27
9 35 53 53
9 36 12 15
9 37 1 5
9 38 54 57
9 39 25 22
9 40 0 9
9 41 37 38
9 42 77 79
9 43 86 85
9 44 50 54
9 45 2 3
9 46 20 27
9 47 24 27
9 48 33 38
9 49 99 94
9 50 97 92
9 51 83 76
9 52 97 90
9 53 94 87
9 54 55 50
9 55 39 36
9 56 6 7
9 57 86 86
9 58 91 88
9 59 63 61
9 60 65 59
9 61 75 73
9 62 41 42
9 63 93 93
9 64 49 48
9 65 40 43
9 66 17 21
9 67 93 93
9 68 69 67
9 69 0 4
9 70 10 13
9 71 1 5
9 72 11 14
9 73 16 19
9 74 3 10
9 75 23 27
9 76 78 74
9 77 89 80
9 78 80 80
9 79 85 86
9 80 4 12
9 81 33 37
9 82 57 53
9 83 73 74
9 84 75 74
9 85 20 24
9 86 46 48
9 87 61 57
9 88 51 49
9 89 7 11
9 90 94 85
9 91 76 77
9 92 30 36
9 93 97 97
9 94 71 69
9 95 1 3
9 96 27 25
9 97 67 70
9 98 15 14
9 99 38 37
10 11 39 38
10 12 27 26
10 13 4 7
10 14 82 82
10 15 76 78
10 16 91 85
10 17 49 48
10 18 29 35
10 19 21 27
10 20 3 4
10 21 63 58
10 22 4 11
10 23 60 62
10 24 87 87
10 25 60 56
10 26 52 51
10 27 86 84
10 28 7 11
10 29 76 69
10 30 45 45
10 31 22 29
10 32 99 90
10 33 54 49
10 34 17 17
10 35 87 82
10 36 33 31
10 37 58 61
10 38 89 85
10 39 94 92
10 40 88 83
10 41 9 15
10 42 98 96
10 43 82 80
10 44 64 63
10 45 28 28
10 46 50 51
10 47 22 20
10 48 94 93
10 49 95 90
10 50 48 47
10 51 56 58
10 52 82 75
10 53 32 36
10 54 65 61
10 55 69 68
10 56 4 10
10 57 23 26
10 58 12 20
10 59 80 79
10 60 3 12
10 61 27 27
10 62 74 67
10 63 43 46
10 64 90 87
10 65 31 36
10 66 54 51
10 67 93 91
10 68 6 8
10 69 83 78
10 70 19 26
10 71 2 2
10 72 41 45
10 73 35 33
10 74 68 69
10 75 3 8
10 76 68 70
10 77 16 21
10 78 67 66
10 79 16 15
10 80 60 62
10 81 46 49
10 82 31 30
10 83 97 96
10 84 78 72
10 85 38 38
10 86 46 46
10 87 7 6
10 88 43 39
10 89 67 69
10 90 61 57
10 91 28 27
10 92 95 91
10 93 37 43
10 94 98 95
10 95 68 63
10 96 79 80
10 97 84 82
10 98 78 74
10 99 65 62
11 12 31 33
11 13 93 90
11 14 54 59
11 15 56 53
11 16 35 32
11 17 58 59
11 18 28 34
11 19 16 23
11 20 36 35
11 21 58 52
11 22 96 87
11 23 12 16
11 24 51 52
11 25 45 50
11 26 92 86
11 27 69 64
11 28 16 16
11 29 78 72
11 30 63 60
11 31 14 21
11 32 99 93
11 33 80 72
11 34 84 81
11 35 9 17
11 36 92 84
11 37 31 31
11 38 96 93
11 39 67 67
11 40 28 34
11 41 57 51
11 42 20 28
11 43 49 49
11 44 37 35
11 45 38 43
11 46 9 17
11 47 86 85
11 48 26 27
11 49 59 58
11 50 1 8
11 51 88 80
11 52 79 75
11 53 70 65
11 54 73 68
11 55 41 46
11 56 19 18
11 57 0 3
11 58 52 56
11 59 92 84
11 60 0 6
11 61 38 40
11 62 21 25
11 63 50 45
11 64 3 13
11 65 67 67
11 66 51 47
11 67 46 46
11 68 85 77
11 69 64 67
11 70 51 49
11 71 73 69
11 72 89 83
11 73 18 17
11 74 10 13
11 75 3 12
11 76 34 31
11 77 14 22
11 78 28 28
11 79 5 14
11 80 3 9
11 81 24 27
11 82 57 55
11 83 81 81
11 84 67 64
11 85 88 86
11 86 87 82
11 87 83 77
11 88 76 76
11 89 20 24
11 90 6 8
11 91 35 34
11 92 46 48
11 93 59 56
11 94 26 26
11 95 50 53
11 96 98 92
11 97 23 30
11 98 70 73
11 99 26 32
12 13 53 57
12 14 4 7
12 15 51 51
12 16 84 84
12 17 21 23
12 18 72 68
12 19 41 44
12 20 63 60
12 21 51 51
12 22 35 41
12 23 21 19
12 24 10 13
12 25 28 26
12 26 33 33
12 27 4 4
12 28 10 15
12 29 39 41
12 30 77 77
12 31 9 10
12 32 9 9
12 33 99 99
12 34 85 78
12 35 2 6
12 36 97 94
12 37 28 35
12 38 23 25
12 39 32 30
12 40 53 48
12 41 10 10
12 42 74 75
12 43 70 69
12 44 53 50
12 45 27 32
12 46 44 42
12 47 87 86
12 48 78 71
12 49 89 83
12 50 62 57
12 51 60 60
12 52 34 40
12 53 21 26
12 54 41 46
12 55 6 9
12 56 44 48
12 57 88 87
12 58 43 46
12 59 21 28
12 60 60 62
12 61 38 42
12 62 64 64
12 63 49 46
12 64 92 86
12 65 79 80
12 66 13 19
12 67 91 83
12 68 42 43
12 69 89 87
12 70 66 65
12 71 26 31
12 72 79 78
12 73 0 7
12 74 59 62
12 75 10 13
12 76 81 77
12 77 16 15
12 78 2 6
12 79 19 25
12 80 55 57
12 81 73 70
12 82 33 34
12 83 69 70
12 84 3 8
12 85 76 76
12 86 96 95
12 87 5 8
12 88 93 89
12 89 4 12
12 90 59 58
12 91 19 25
12 92 21 23
12 93 30 34
12 94 96 89
12 95 12 19
12 96 58 55
12 97 48 45
12 98 73 67
12 99 76 73
13 14 46 42
13 15 51 53
13 16 15 17
13 17 20 23
13 18 66 61
13 19 13 16
13 20 70 71
13 21 21 19
13 22 80 78
13 23 50 46
13 24 52 55
13 25 40 45
13 26 87 85
13 27 27 30
13 28 30 27
13 29 98 90
13 30 8 13
13 31 57 51
13 32 49 46
13 33 80 77
13 34 52 56
13 35 27 28
13 36 24 30
13 37 63 65
13 38 76 69
13 39 59 61
13 40 25 24
13 41 33 36
13 42 30 30
13 43 92 86
13 44 93 92
13 45 81 79
13 46 7 7
13 47 87 87
13 48 41 38
13 49 37 33
13 50 88 85
13 51 64 67
13 52 86 84
13 53 36 39
13 54 63 57
13 55 20 27
13 56 47 47
13 57 30 28
13 58 99 93
13 59 83 82
13 60 81 73
13 61 0 8
13 62 98 90
13 63 26 31
13 64 62 59
13 65 61 61
13 66 49 54
13 67 51 47
13 68 30 28
13 69 62 62
13 70 9 10
13 71 95 88
13 72 53 55
13 73 16 22
13 74 74 73
13 75 21 26
13 76 40 41
13 77 38 44
13 78 3 5
13 79 77 76
13 80 96 87
13 81 49 51
13 82 0 1
13 83 37 35
13 84 95 86
13 85 38 44
13 86 87 82
13 87 89 87
13 88 75 69
13 89 44 47
13 90 81 80
13 91 66 67
13 92 0 0
13 93 82 82
13 94 37 39
13 95 29 28
13 96 19 18
13 97 55 55
13 98 89 82
13 99 51 55
14 15 5 4
14 16 59 54
14 17 8 14
14 18 8 15
14 19 74 70
14 20 80 81
14 21 48 47
14 22 17 19
14 23 29 29
14 24 85 85
14 25 64 58
14 26 61 56
14 27 27 26
14 28 62 62
14 29 4 7
14 30 48 44
14 31 33 33
14 32 46 44
14 33 78 73
14 34 4 4
14 35 69 64
14 36 54 57
14 37 25 28
14 38 85 79
14 39 14 15
14 40 51 49
14 41 26 24
14 42 57 58
14 43 0 6
14 44 45 50
14 45 43 46
14 46 1 7
14 47 76 71
14 48 78 77
14 49 16 18
14 50 64 59
14 51 4 10
14 52 82 82
14 53 17 17
14 54 38 43
14 55 31 31
14 56 60 62
14 57 86 84
14 58 38 43
14 59 78 76
14 60 10 13
14 61 83 82
14 62 29 29
14 63 96 90
14 64 62 58
14 65 32 32
14 66 75 73
14 67 45 42
14 68 69 66
14 69 31 36
14 70 46 43
14 71 66 59
14 72 16 24
14 73 54 52
14 74 80 81
14 75 40 38
14 76 79 75
14 77 96 94
14 78 69 68
14 79 76 70
14 80 36 40
14 81 11 10
14 82 8 8
14 83 6 13
14 84 25 23
14 85 2 10
14 86 69 67
14 87 85 86
14 88 39 37
14 89 68 64
14 90 52 56
14 91 1 2
14 92 99 94
14 93 75 76
14 94 26 26
14 95 15 20
14 96 74 71
14 97 79 80
14 98 74 71
14 99 30 34
15 16 77 79
15 17 62 63
15 18 50 52
15 19 59 59
15 20 42 44
15 21 81 79
15 22 15 18
15 23 25 24
15 24 6 15
15 25 29 33
15 26 68 63
15 27 62 66
15 28 22 26
15 29 55 56
15 30 70 65
15 31 91 91
15 32 21 24
15 33 29 31
15 34 1 10
15 35 76 78
15 36 23 23
15 37 95 91
15 38 94 94
15 39 18 24
15 40 43 46
15 41 96 92
15 42 92 88
15 43 5 10
15 44 15 16
15 45 96 92
15 46 80 76
15 47 44 45
15 48 49 50
15 49 47 51
15 50 96 92
15 51 39 42
15 52 58 61
15 53 67 68
15 54 93 88
15 55 43 48
15 56 45 43
15 57 69 66
15 58 77 79
15 59 92 92
15 60 70 67
15 61 80 79
15 62 15 21
15 63 94 93
15 64 48 49
15 65 78 77
15 66 59 55
15 67 17 21
15 68 46 45
15 69 42 48
15 70 24 24
15 71 34 34
15 72 69 63
15 73 23 25
15 74 98 95
15 75 12 12
15 76 60 63
15 77 23 23
15 78 46 46
15 79 79 78
15 80 69 64
15 81 13 19
15 82 49 53
15 83 38 42
15 84 46 47
15 85 67 67
15 86 45 47
15 87 25 26
15 88 78 70
15 89 81 73
15 90 26 29
15 91 84 77
15 92 36 42
15 93 96 89
15 94 59 63
15 95 74 74
15 96 19 18
15 97 53 52
15 98 94 90
15 99 90 82
16 17 82 78
16 18 95 93
16 19 63 58
16 20 57 56
16 21 99 98
16 22 88 87
16 23 37 41
16 24 6 14
16 25 17 17
16 26 19 19
16 27 91 83
16 28 1 10
16 29 64 62
16 30 29 33
16 31 35 38
16 32 29 35
16 33 77 78
16 34 25 28
16 35 99 96
16 36 77 71
16 37 41 39
16 38 18 24
16 39 91 88
16 40 98 91
16 41 34 33
16 42 60 62
16 43 49 49
16 44 21 21
16 45 30 33
16 46 69 66
16 47 30 27
16 48 95 86
16 49 57 58
16 50 82 79
16 51 25 27
16 52 87 81
16 53 56 59
16 54 70 68
16 55 33 32
16 56 66 68
16 57 86 84
16 58 86 83
16 59 67 61
16 60 93 86
16 61 94 92
16 62 6 12
16 63 58 56
16 64 28 34
16 65 41 39
16 66 95 86
16 67 68 64
16 68 2 6
16 69 16 21
16 70 1 4
16 71 55 52
16 72 15 14
16 73 39 38
16 74 79 81
16 75 55 58
16 76 98 92
16 77 79 78
16 78 27 25
16 79 38 36
16 80 69 66
16 81 4 8
16 82 67 61
16 83 48 49
16 84 2 2
16 85 0 0
16 86 76 73
16 87 96 87
16 88 47 50
16 89 16 17
16 90 70 66
16 91 3 4
16 92 9 15
16 93 94 92
16 94 18 23
16 95 10 17
16 96 10 14
16 97 13 18
16 98 89 82
16 99 39 42
17 18 81 82
17 19 14 21
17 20 97 96
17 21 42 41
17 22 91 86
17 23 22 29
17 24 91 89
17 25 97 97
17 26 18 26
17 27 83 85
17 28 29 35
17 29 25 25
17 30 77 71
17 31 51 48
17 32 96 89
17 33 15 22
17 34 9 8
17 35 52 54
17 36 43 40
17 37 28 33
17 38 24 22
17 39 1 3
17 40 62 62
17 41 18 22
17 42 62 60
17 43 15 21
17 44 85 85
17 45 84 77
17 46 24 31
17 47 95 90
17 48 37 41
17 49 31 32
17 50 91 90
17 51 15 16
17 52 45 44
17 53 73 68
17 54 21 21
17 55 81 79
17 56 49 51
17 57 44 40
17 58 51 54
17 59 99 93
17 60 13 14
17 61 70 68
17 62 22 25
17 63 65 65
17 64 15 21
17 65 81 80
17 66 16 22
17 67 63 66
17 68 52 54
17 69 7 13
17 70 29 31
17 71 82 74
17 72 82 77
17 73 94 87
17 74 32 30
17 75 82 74
17 76 28 33
17 77 94 86
17 78 77 73
17 79 15 14
17 80 38 42
17 81 38 39
17 82 31 29
17 83 62 61
17 84 6 13
17 85 84 84
17 86 77 75
17 87 35 38
17 88 2 3
17 89 30 30
17 90 19 24
17 91 80 76
17 92 86 78
17 93 56 58
17 94 57 55
17 95 4 9
17 96 78 75
17 97 95 96
17 98 19 19
17 99 2 4
18 19 52 48
18 20 99 92
18 21 25 26
18 22 13 21
18 23 57 53
18 24 90 86
18 25 94 87
18 26 96 97
18 27 93 92
18 28 62 63
18 29 17 16
18 30 97 89
18 31 41 45
18 32 80 82
18 33 77 70
18 34 38 44
18 35 48 44
18 36 84 78
18 37 83 82
18 38 46 49
18 39 6 15
18 40 81 76
18 41 53 54
18 42 7 11
18 43 0 2
18 44 90 91
18 45 82 80
18 46 55 57
18 47 3 12
18 48 48 52
18 49 92 84
18 50 86 79
18 51 32 34
18 52 55 53
18 53 68 67
18 54 28 27
18 55 26 31
18 56 56 54
18 57 14 21
18 58 95 94
18 59 60 63
18 60 26 25
18 61 92 89
18 62 0 1
18 63 29 32
18 64 59 55
18 65 26 24
18 66 80 74
18 67 5 12
18 68 84 76
18 69 64 62
18 70 51 51
18 71 27 33
18 72 47 50
18 73 16 18
18 74 37 39
18 75 99 92
18 76 85 82
18 77 50 51
18 78 99 94
18 79 79 78
18 80 83 78
18 81 98 88
18 82 56 59
18 83 14 15
18 84 40 42
18 85 61 60
18 86 5 6
18 87 27 31
18 88 43 39
18 89 46 46
18 90 98 97
18 91 25 23
18 92 19 23
18 93 82 83
18 94 43 40
18 95 62 57
18 96 64 59
18 97 30 28
18 98 66 63
18 99 56 54
19 20 64 64
19 21 41 41
19 22 16 23
19 23 34 34
19 24 14 20
19 25 93 89
19 26 69 71
19 27 28 34
19 28 20 25
19 29 45 47
19 30 83 79
19 31 15 20
19 32 41 39
19 33 18 25
19 34 60 57
19 35 7 9
19 36 22 27
19 37 9 10
19 38 97 95
19 39 29 36
19 40 52 56
19 41 63 60
19 42 90 86
19 43 50 49
19 44 26 28
19 45 64 61
19 46 23 26
19 47 70 69
19 48 35 38
19 49 84 80
19 50 74 75
19 51 71 67
19 52 16 17
19 53 25 24
19 54 34 39
19 55 57 53
19 56 88 88
19 57 95 91
19 58 7 9
19 59 45 45
19 60 54 52
19 61 17 25
19 62 51 48
19 63 97 96
19 64 74 72
19 65 41 43
19 66 8 14
19 67 96 94
19 68 15 23
19 69 64 63
19 70 71 69
19 71 89 82
19 72 82 81
19 73 39 43
19 74 12 16
19 75 27 29
19 76 48 43
19 77 98 97
19 78 49 52
19 79 35 36
19 80 41 37
19 81 42 43
19 82 9 16
19 83 59 59
19 84 18 24
19 85 21 26
19 86 25 28
19 87 18 17
19 88 96 95
19 89 65 66
19 90 71 65
19 91 68 71
19 92 74 67
19 93 40 43
19 94 65 59
19 95 22 21
19 96 53 53
19 97 66 62
19 98 57 56
19 99 43 42
20 21 88 80
20 22 63 66
20 23 59 53
20 24 56 59
20 25 96 94
20 26 91 89
20 27 68 62
20 28 76 71
20 29 13 21
20 30 28 30
20 31 58 61
20 32 43 41
20 33 27 33
20 34 18 19
20 35 78 79
20 36 24 25
20 37 78 73
20 38 66 65
20 39 6 14
20 40 96 90
20 41 99 99
20 42 88 86
20 43 32 33
20 44 4 12
20 45 46 46
20 46 23 28
20 47 57 54
20 48 2 8
20 49 23 25
20 50 78 74
20 51 12 16
20 52 11 13
20 53 41 38
20 54 61 57
20 55 28 30
20 56 38 35
20 57 82 77
20 58 28 29
20 59 54 51
20 60 73 66
20 61 12 16
20 62 30 31
20 63 70 66
20 64 60 54
20 65 18 26
20 66 23 21
20 67 99 91
20 68 24 25
20 69 65 61
20 70 28 30
20 71 11 15
20 72 12 16
20 73 20 26
20 74 68 69
20 75 60 55
20 76 43 47
20 77 40 40
20 78 9 8
20 79 52 54
20 80 93 87
20 81 12 12
20 82 19 24
20 83 28 33
20 84 79 75
20 85 36 39
20 86 26 31
20 87 87 79
20 88 3 5
20 89 1 2
20 90 36 38
20 91 83 76
20 92 53 55
20 93 77 76
20 94 26 24
20 95 59 58
20 96 97 96
20 97 62 57
20 98 55 59
20 99 1 8
21 22 64 61
21 23 73 66
21 24 41 46
21 25 79 77
21 26 8 12
21 27 96 89
21 28 3 8
21 29 75 70
21 30 52 53
21 31 43 40
21 32 2 3
21 33 21 26
21 34 13 21
21 35 99 90
21 36 6 9
21 37 14 17
21 38 60 59
21 39 71 71
21 40 33 32
21 41 51 55
21 42 26 31
21 43 94 89
21 44 39 44
21 45 14 14
21 46 97 94
21 47 14 17
21 48 25 23
21 49 27 26
21 50 82 82
21 51 48 48
21 52 24 24
21 53 75 71
21 54 75 72
21 55 66 65
21 56 27 30
21 57 68 67
21 58 83 84
21 59 77 76
21 60 26 23
21 61 82 78
21 62 90 90
21 63 52 51
21 64 88 84
21 65 14 18
21 66 27 29
21 67 34 36
21 68 49 52
21 69 34 34
21 70 59 61
21 71 58 54
21 72 83 84
21 73 61 56
21 74 85 79
21 75 95 95
21 76 4 6
21 77 11 20
21 78 30 33
21 79 86 82
21 80 7 9
21 81 74 73
21 82 38 37
21 83 21 28
21 84 1 7
21 85 54 57
21 86 45 48
21 87 3 5
21 88 96 90
21 89 8 11
21 90 16 15
21 91 46 41
21 92 81 83
21 93 13 20
21 94 94 95
21 95 13 15
21 96 84 76
21 97 34 38
21 98 97 91
21 99 24 26
22 23 47 43
22 24 26 26
22 25 20 21
22 26 12 19
22 27 65 60
22 28 63 60
22 29 2 10
22 30 87 87
22 31 28 35
22 32 58 58
22 33 62 64
22 34 47 44
22 35 88 86
22 36 24 26
22 37 75 68
22 38 45 50
22 39 86 86
22 40 45 50
22 41 26 24
22 42 26 27
22 43 53 52
22 44 23 27
22 45 83 82
22 46 15 14
22 47 32 39
22 48 30 35
22 49 21 25
22 50 90 81
22 51 72 74
22 52 65 65
22 53 93 90
22 54 2 12
22 55 21 21
22 56 67 65
22 57 55 58
22 58 50 52
22 59 14 16
22 60 51 49
22 61 48 53
22 62 33 38
22 63 64 62
22 64 4 6
22 65 1 11
22 66 44 47
22 67 56 54
22 68 15 21
22 69 64 67
22 70 90 87
22 71 40 42
22 72 40 45
22 73 16 17
22 74 22 24
22 75 82 74
22 76 80 79
22 77 31 31
22 78 69 67
22 79 23 22
22 80 14 23
22 81 33 31
22 82 53 56
22 83 38 41
22 84 82 78
22 85 88 80
22 86 77 74
22 87 17 25
22 88 63 66
22 89 66 62
22 90 40 46
22 91 38 43
22 92 8 12
22 93 81 76
22 94 24 28
22 95 41 45
22 96 34 30
22 97 47 44
22 98 37 43
22 99 20 25
23 24 60 59
23 25 47 48
23 26 24 23
23 27 28 27
23 28 78 73
23 29 94 90
23 30 61 57
23 31 57 57
23 32 15 20
23 33 3 7
23 34 46 49
23 35 58 58
23 36 72 70
23 37 43 40
23 38 7 9
23 39 49 52
23 40 55 53
23 41 5 11
23 42 15 23
23 43 48 46
23 44 72 73
23 45 27 31
23 46 51 53
23 47 53 50
23 48 15 22
23 49 62 57
23 50 34 37
23 51 66 62
23 52 5 6
23 53 88 84
23 54 36 32
23 55 8 14
23 56 52 49
23 57 92 88
23 58 58 61
23 59 27 33
23 60 93 86
23 61 19 21
23 62 62 62
23 63 37 41
23 64 48 44
23 65 41 43
23 66 76 73
23 67 25 25
23 68 31 33
23 69 3 6
23 70 88 80
23 71 43 43
23 72 74 70
23 73 96 88
23 74 57 56
23 75 31 29
23 76 43 49
23 77 47 47
23 78 95 87
23 79 3 5
23 80 35 39
23 81 23 29
23 82 36 36
23 83 79 78
23 84 40 37
23 85 57 60
23 86 36 34
23 87 30 29
23 88 32 38
23 89 1 5
23 90 63 64
23 91 12 16
23 92 69 65
23 93 96 87
23 94 30 28
23 95 20 23
23 96 7 15
23 97 67 70
23 98 26 28
23 99 16 18
24 25 39 36
24 26 84 78
24 27 94 87
24 28 45 43
24 29 33 39
24 30 15 15
24 31 23 25
24 32 0 8
24 33 95 93
24 34 2 9
24 35 26 24
24 36 1 9
24 37 51 55
24 38 13 18
24 39 66 69
24 40 52 48
24 41 28 27
24 42 29 30
24 43 86 82
24 44 32 33
24 45 68 69
24 46 58 61
24 47 15 23
24 48 8 9
24 49 34 33
24 50 23 29
24 51 96 91
24 52 60 61
24 53 82 75
24 54 89 85
24 55 98 97
24 56 48 50
24 57 22 28
24 58 16 15
24 59 75 76
24 60 32 32
24 61 2 7
24 62 9 13
24 63 54 59
24 64 32 35
24 65 46 47
24 66 22 28
24 67 62 62
24 68 17 20
24 69 1 5
24 70 80 79
24 71 7 15
24 72 9 10
24 73 18 23
24 74 17 15
24 75 40 38
24 76 55 58
24 77 21 24
24 78 52 49
24 79 58 53
24 80 72 68
24 81 18 17
24 82 94 87
24 83 59 54
24 84 97 94
24 85 97 90
24 86 58 60
24 87 28 28
24 88 31 35
24 89 81 81
24 90 56 53
24 91 87 85
24 92 76 76
24 93 34 32
24 94 16 20
24 95 53 48
24 96 93 87
24 97 57 61
24 98 9 9
24 99 67 62
25 26 31 33
25 27 83 82
25 28 28 29
25 29 76 75
25 30 47 46
25 31 57 54
25 32 47 47
25 33 73 71
25 34 56 54
25 35 49 51
25 36 10 14
25 37 11 12
25 38 71 73
25 39 84 78
25 40 11 16
25 41 48 45
25 42 93 93
25 43 5 6
25 44 11 12
25 45 44 46
25 46 84 82
25 47 89 86
25 48 47 47
25 49 32 30
25 50 82 77
25 51 11 14
25 52 73 69
25 53 62 59
25 54 36 36
25 55 4 10
25 56 33 32
25 57 57 61
25 58 57 52
25 59 63 66
25 60 50 45
25 61 66 67
25 62 70 72
25 63 8 15
25 64 56 55
25 65 68 67
25 66 95 91
25 67 47 52
25 68 35 38
25 69 32 37
25 70 21 22
25 71 13 21
25 72 58 58
25 73 49 44
25 74 92 89
25 75 97 95
25 76 10 16
25 77 16 22
25 78 4 10
25 79 22 28
25 80 2 3
25 81 26 27
25 82 6 7
25 83 14 17
25 84 14 22
25 85 41 45
25 86 1 7
25 87 26 27
25 88 75 69
25 89 5 7
25 90 79 74
25 91 47 50
25 92 77 76
25 93 38 41
25 94 39 43
25 95 36 41
25 96 98 97
25 97 20 22
25 98 49 52
25 99 22 26
26 27 71 64
26 28 17 16
26 29 73 75
26 30 98 98
26 31 42 42
26 32 98 98
26 33 62 58
26 34 47 44
26 35 68 64
26 36 31 32
26 37 58 53
26 38 52 47
26 39 38 43
26 40 24 31
26 41 24 29
26 42 51 53
26 43 48 46
26 44 17 17
26 45 83 81
26 46 23 25
26 47 42 46
26 48 18 24
26 49 1 6
26 50 67 68
26 51 55 52
26 52 4 7
26 53 51 46
26 54 93 93
26 55 52 49
26 56 77 77
26 57 90 86
26 58 64 64
26 59 16 15
26 60 18 23
26 61 68 64
26 62 11 10
26 63 43 48
26 64 27 29
26 65 12 16
26 66 65 65
26 67 18 21
26 68 31 37
26 69 55 51
26 70 28 29
26 71 77 72
26 72 24 25
26 73 22 25
26 74 19 19
26 75 33 38
26 76 46 43
26 77 83 77
26 78 85 77
26 79 71 67
26 80 43 42
26 81 67 62
26 82 0 6
26 83 46 48
26 84 56 53
26 85 23 31
26 86 1 11
26 87 67 64
26 88 10 10
26 89 96 96
26 90 42 44
26 91 64 64
26 92 32 29
26 93 56 58
26 94 81 76
26 95 33 32
26 96 24 27
26 97 20 20
26 98 40 46
26 99 15 14
27 28 0 7
27 29 25 30
27 30 66 61
27 31 48 46
27 32 94 92
27 33 24 31
27 34 70 67
27 35 80 75
27 36 36 41
27 37 24 31
27 38 15 21
27 39 53 49
27 40 5 10
27 41 72 72
27 42 1 4
27 43 48 45
27 44 37 39
27 45 69 63
27 46 13 17
27 47 78 77
27 48 62 64
27 49 6 11
27 50 75 70
27 51 1 7
27 52 41 38
27 53 76 70
27 54 39 39
27 55 55 51
27 56 45 43
27 57 49 47
27 58 82 82
27 59 47 46
27 60 68 66
27 61 11 12
27 62 24 26
27 63 2 2
27 64 69 65
27 65 95 92
27 66 61 57
27 67 4 11
27 68 48 48
27 69 9 17
27 70 39 40
27 71 44 42
27 72 97 94
27 73 97 88
27 74 95 95
27 75 27 26
27 76 62 63
27 77 15 14
27 78 65 62
27 79 72 70
27 80 43 46
27 81 53 52
27 82 5 9
27 83 39 44
27 84 32 36
27 85 25 23
27 86 72 70
27 87 19 23
27 88 15 14
27 89 43 41
27 90 52 55
27 91 8 14
27 92 24 22
27 93 24 24
27 94 11 14
27 95 52 48
27 96 45 46
27 97 49 46
27 98 71 64
27 99 58 53
28 29 21 23
28 30 99 95
28 31 37 38
28 32 32 32
28 33 82 78
28 34 82 79
28 35 60 55
28 36 77 71
28 37 50 52
28 38 44 49
28 39 31 28
28 40 54 58
28 41 67 67
28 42 76 77
28 43 19 24
28 44 30 35
28 45 34 34
28 46 3 6
28 47 56 56
28 48 9 16
28 49 5 8
28 50 96 87
28 51 91 91
28 52 15 17
28 53 91 85
28 54 32 36
28 55 90 86
28 56 10 16
28 57 42 42
28 58 58 55
28 59 17 20
28 60 41 44
28 61 29 32
28 62 18 26
28 63 42 46
28 64 84 84
28 65 25 29
28 66 27 25
28 67 66 68
28 68 93 84
28 69 52 53
28 70 74 73
28 71 14 15
28 72 39 37
28 73 26 33
28 74 94 87
28 75 72 66
28 76 96 93
28 77 70 67
28 78 49 46
28 79 44 46
28 80 60 61
28 81 94 86
28 82 38 37
28 83 6 8
28 84 90 85
28 85 23 24
28 86 95 87
28 87 16 23
28 88 29 27
28 89 92 87
28 90 24 24
28 91 67 60
28 92 49 45
28 93 88 81
28 94 29 27
28 95 55 52
28 96 91 87
28 97 64 66
28 98 42 45
28 99 18 17
29 30 45 41
29 31 96 95
29 32 87 88
29 33 58 56
29 34 34 33
29 35 11 20
29 36 61 57
29 37 80 72
29 38 38 44
29 39 86 79
29 40 68 62
29 41 44 47
29 42 9 17
29 43 1 10
29 44 26 27
29 45 75 71
29 46 71 70
29 47 11 12
29 48 10 17
29 49 98 97
29 50 68 64
29 51 43 48
29 52 93 87
29 53 65 65
29 54 49 52
29 55 74 72
29 56 96 92
29 57 5 9
29 58 67 63
29 59 23 23
29 60 94 92
29 61 24 30
29 62 9 13
29 63 38 37
29 64 68 66
29 65 34 34
29 66 49 52
29 67 72 66
29 68 84 80
29 69 24 29
29 70 79 73
29 71 17 15
29 72 82 81
29 73 86 84
29 74 28 34
29 75 35 35
29 76 83 77
29 77 43 47
29 78 27 32
29 79 45 41
29 80 96 86
29 81 48 50
29 82 45 41
29 83 80 73
29 84 18 23
29 85 9 14
29 86 27 32
29 87 68 70
29 88 38 43
29 89 3 4
29 90 89 80
29 91 88 84
29 92 26 29
29 93 13 12
29 94 87 83
29 95 17 23
29 96 37 33
29 97 96 88
29 98 68 63
29 99 37 37
30 31 27 26
30 32 18 18
30 33 27 29
30 34 36 36
30 35 32 36
30 36 42 43
30 37 3 11
30 38 97 93
30 39 67 65
30 40 41 38
30 41 65 60
30 42 34 37
30 43 97 93
30 44 99 95
30 45 20 22
30 46 79 77
30 47 85 77
30 48 65 63
30 49 90 87
30 50 96 88
30 51 89 88
30 52 57 59
30 53 89 89
30 54 11 17
30 55 37 37
30 56 56 59
30 57 84 81
30 58 59 56
30 59 78 73
30 60 9 9
30 61 90 86
30 62 49 52
30 63 5 14
30 64 84 79
30 65 24 22
30 66 56 57
30 67 24 24
30 68 30 30
30 69 72 71
30 70 17 20
30 71 7 7
30 72 8 12
30 73 54 54
30 74 42 45
30 75 71 70
30 76 62 59
30 77 95 92
30 78 53 53
30 79 4 6
30 80 37 38
30 81 49 51
30 82 30 34
30 83 37 41
30 84 60 61
30 85 10 16
30 86 24 26
30 87 59 53
30 88 1 7
30 89 9 13
30 90 61 61
30 91 68 64
30 92 20 20
30 93 67 68
30 94 14 21
30 95 45 49
30 96 86 80
30 97 93 93
30 98 90 81
30 99 10 14
31 32 23 23
31 33 49 46
31 34 93 85
31 35 66 67
31 36 20 27
31 37 99 93
31 38 73 75
31 39 6 6
31 40 94 90
31 41 89 83
31 42 96 89
31 43 52 52
31 44 6 14
31 45 88 86
31 46 37 38
31 47 12 16
31 48 25 28
31 49 0 0
31 50 96 95
31 51 14 14
31 52 63 66
31 53 5 12
31 54 9 13
31 55 96 90
31 56 33 31
31 57 34 36
31 58 44 46
31 59 51 48
31 60 47 51
31 61 23 29
31 62 89 89
31 63 69 65
31 64 12 16
31 65 13 14
31 66 37 40
31 67 5 7
31 68 17 16
31 69 46 46
31 70 98 92
31 71 69 71
31 72 49 46
31 73 33 31
31 74 74 67
31 75 78 76
31 76 34 38
31 77 78 74
31 78 23 28
31 79 95 92
31 80 95 94
31 81 19 23
31 82 81 76
31 83 45 43
31 84 15 15
31 85 3 7
31 86 4 5
31 87 52 49
31 88 81 80
31 89 36 33
31 90 67 64
31 91 23 24
31 92 27 25
31 93 68 70
31 94 16 21
31 95 83 75
31 96 84 84
31 97 56 54
31 98 4 8
31 99 46 42
32 33 28 27
32 34 49 51
32 35 78 76
32 36 65 66
32 37 43 48
32 38 88 83
32 39 77 78
32 40 46 43
32 41 72 72
32 42 80 80
32 43 65 66
32 44 24 28
32 45 76 77
32 46 2 3
32 47 50 54
32 48 33 39
32 49 55 51
32 50 21 25
32 51 84 77
32 52 24 30
32 53 79 72
32 54 15 16
32 55 56 60
32 56 30 33
32 57 5 6
32 58 96 91
32 59 89 83
32 60 67 64
32 61 86 85
32 62 52 47
32 63 10 10
32 64 90 81
32 65 40 37
32 66 39 43
32 67 53 53
32 68 24 31
32 69 43 43
32 70 85 85
32 71 97 92
32 72 53 56
32 73 33 34
32 74 2 10
32 75 85 77
32 76 57 58
32 77 23 30
32 78 31 35
32 79 16 23
32 80 33 38
32 81 3 11
32 82 12 21
32 83 84 83
32 84 98 98
32 85 70 72
32 86 56 61
32 87 87 80
32 88 68 70
32 89 96 92
32 90 60 61
32 91 26 25
32 92 83 77
32 93 81 81
32 94 31 29
32 95 24 31
32 96 99 97
32 97 97 94
32 98 70 70
32 99 44 41
33 34 61 58
33 35 8 12
33 36 81 83
33 37 36 34
33 38 4 10
33 39 89 82
33 40 75 70
33 41 21 26
33 42 50 54
33 43 94 91
33 44 70 66
33 45 10 11
33 46 20 26
33 47 10 11
33 48 67 65
33 49 88 87
33 50 44 45
33 51 92 91
33 52 20 19
33 53 97 94
33 54 19 18
33 55 46 46
33 56 6 12
33 57 82 75
33 58 54 56
33 59 56 51
33 60 11 15
33 61 19 25
33 62 78 73
33 63 58 55
33 64 3 3
33 65 75 69
33 66 83 82
33 67 7 14
33 68 84 83
33 69 20 27
33 70 3 3
33 71 9 17
33 72 60 59
33 73 7 12
33 74 45 48
33 75 43 42
33 76 12 17
33 77 73 66
33 78 36 38
33 79 69 72
33 80 61 64
33 81 55 59
33 82 45 42
33 83 51 50
33 84 69 64
33 85 20 23
33 86 49 49
33 87 64 64
33 88 47 49
33 89 53 49
33 90 37 43
33 91 13 16
33 92 0 6
33 93 76 74
33 94 0 2
33 95 76 70
33 96 79 73
33 97 92 86
33 98 23 23
33 99 57 54
34 35 14 22
34 36 97 87
34 37 15 20
34 38 29 29
34 39 48 47
34 40 15 13
34 41 75 70
34 42 40 38
34 43 83 75
34 44 41 42
34 45 84 83
34 46 74 71
34 47 65 61
34 48 5 14
34 49 44 46
34 50 53 54
34 51 51 52
34 52 90 85
34 53 32 33
34 54 27 33
34 55 27 32
34 56 71 70
34 57 71 70
34 58 28 33
34 59 19 23
34 60 45 41
34 61 81 81
34 62 8 15
34 63 17 18
34 64 33 38
34 65 13 21
34 66 72 73
34 67 6 10
34 68 32 30
34 69 78 78
34 70 93 89
34 71 92 89
34 72 51 52
34 73 9 11
34 74 51 46
34 75 17 24
34 76 93 87
34 77 52 55
34 78 61 60
34 79 24 31
34 80 87 83
34 81 3 7
34 82 23 27
34 83 38 41
34 84 80 77
34 85 77 70
34 86 57 55
34 87 90 82
34 88 49 53
34 89 63 60
34 90 50 54
34 91 56 57
34 92 64 61
34 93 82 76
34 94 27 29
34 95 32 29
34 96 11 12
34 97 37 42
34 98 16 23
34 99 81 82
35 36 9 17
35 37 93 85
35 38 27 30
35 39 61 56
35 40 6 9
35 41 13 14
35 42 99 92
35 43 58 57
35 44 43 45
35 45 14 17
35 46 98 95
35 47 81 80
35 48 68 71
35 49 83 81
35 50 63 66
35 51 89 80
35 52 38 39
35 53 68 69
35 54 69 68
35 55 92 91
35 56 0 4
35 57 41 39
35 58 75 70
35 59 64 59
35 60 92 87
35 61 87 87
35 62 79 74
35 63 81 80
35 64 30 31
35 65 43 48
35 66 1 8
35 67 14 17
35 68 75 71
35 69 12 17
35 70 87 83
35 71 7 14
35 72 84 83
35 73 17 20
35 74 66 62
35 75 74 67
35 76 54 54
35 77 7 7
35 78 13 17
35 79 41 40
35 80 74 70
35 81 75 72
35 82 34 31
35 83 89 83
35 84 7 11
35 85 61 61
35 86 41 39
35 87 49 49
35 88 25 27
35 89 45 48
35 90 74 69
35 91 5 5
35 92 24 30
35 93 10 14
35 94 46 42
35 95 61 63
35 96 99 98
35 97 61 60
35 98 61 62
35 99 75 74
36 37 16 15
36 38 70 67
36 39 45 49
36 40 25 26
36 41 28 34
36 42 21 24
36 43 77 79
36 44 53 57
36 45 55 53
36 46 97 93
36 47 19 18
36 48 96 89
36 49 3 6
36 50 76 75
36 51 3 4
36 52 92 92
36 53 4 4
36 54 82 81
36 55 73 66
36 56 3 8
36 57 18 23
36 58 93 90
36 59 33 38
36 60 62 60
36 61 91 86
36 62 66 63
36 63 50 51
36 64 42 46
36 65 3 4
36 66 96 94
36 67 96 87
36 68 20 18
36 69 37 38
36 70 93 89
36 71 14 22
36 72 26 33
36 73 53 48
36 74 71 66
36 75 34 36
36 76 98 90
36 77 60 58
36 78 39 35
36 79 31 28
36 80 39 43
36 81 41 41
36 82 39 42
36 83 26 24
36 84 7 12
36 85 65 62
36 86 71 70
36 87 30 34
36 88 60 55
36 89 56 57
36 90 51 56
36 91 8 15
36 92 17 17
36 93 46 47
36 94 45 43
36 95 56 55
36 96 82 82
36 97 19 18
36 98 64 65
36 99 37 36
37 38 75 69
37 39 71 67
37 40 41 40
37 41 10 10
37 42 33 36
37 43 81 79
37 44 88 83
37 45 52 54
37 46 36 38
37 47 78 77
37 48 10 15
37 49 72 74
37 50 4 8
37 51 47 50
37 52 27 26
37 53 52 52
37 54 87 81
37 55 4 14
37 56 33 35
37 57 33 39
37 58 63 62
37 59 72 70
37 60 70 70
37 61 73 70
37 62 28 31
37 63 81 82
37 64 88 83
37 65 30 30
37 66 28 25
37 67 45 44
37 68 19 19
37 69 25 24
37 70 34 40
37 71 89 83
37 72 0 3
37 73 1 10
37 74 73 71
37 75 3 10
37 76 46 47
37 77 37 38
37 78 56 52
37 79 13 17
37 80 81 79
37 81 64 57
37 82 8 13
37 83 42 43
37 84 18 25
37 85 23 30
37 86 62 63
37 87 69 68
37 88 78 74
37 89 50 48
37 90 60 60
37 91 78 72
37 92 77 75
37 93 86 78
37 94 86 83
37 95 67 67
37 96 60 59
37 97 91 85
37 98 6 10
37 99 24 31
38 39 71 72
38 40 81 83
38 41 44 47
38 42 61 61
38 43 33 34
38 44 33 33
38 45 66 66
38 46 77 70
38 47 5 11
38 48 7 12
38 49 96 88
38 50 54 48
38 51 44 45
38 52 77 79
38 53 94 86
38 54 14 18
38 55 60 61
38 56 96 90
38 57 91 88
38 58 23 29
38 59 44 47
38 60 13 15
38 61 10 11
38 62 13 19
38 63 6 7
38 64 78 77
38 65 97 89
38 66 21 27
38 67 43 40
38 68 68 62
38 69 22 29
38 70 76 76
38 71 12 19
38 72 76 71
38 73 28 29
38 74 3 9
38 75 35 32
38 76 89 87
38 77 45 49
38 78 7 8
38 79 83 83
38 80 69 63
38 81 21 22
38 82 82 75
38 83 31 31
38 84 61 64
38 85 87 83
38 86 71 65
38 87 8 9
38 88 91 88
38 89 43 43
38 90 8 17
38 91 1 2
38 92 31 32
38 93 13 16
38 94 52 56
38 95 29 30
38 96 39 42
38 97 6 6
38 98 71 71
38 99 3 13
39 40 25 28
39 41 12 13
39 42 78 71
39 43 99 93
39 44 4 11
39 45 96 94
39 46 11 13
39 47 39 41
39 48 25 24
39 49 77 74
39 50 77 75
39 51 95 93
39 52 53 52
39 53 33 39
39 54 67 66
39 55 16 23
39 56 68 69
39 57 94 92
39 58 2 5
39 59 85 81
39 60 86 82
39 61 14 16
39 62 70 69
39 63 86 81
39 64 74 71
39 65 88 84
39 66 57 56
39 67 20 20
39 68 84 81
39 69 20 26
39 70 32 38
39 71 44 46
39 72 71 65
39 73 91 82
39 74 3 4
39 75 12 19
39 76 14 17
39 77 21 20
39 78 71 68
39 79 91 84
39 80 59 63
39 81 50 52
39 82 62 58
39 83 47 50
39 84 38 38
39 85 4 4
39 86 61 59
39 87 77 72
39 88 48 52
39 89 74 70
39 90 43 44
39 91 40 43
39 92 82 80
39 93 37 39
39 94 93 88
39 95 24 27
39 96 18 20
39 97 34 39
39 98 92 84
39 99 75 69
40 41 5 11
40 42 14 15
40 43 46 47
40 44 73 68
40 45 87 83
40 46 91 83
40 47 98 88
40 48 23 25
40 49 86 79
40 50 59 62
40 51 35 39
40 52 72 67
40 53 22 22
40 54 46 51
40 55 93 88
40 56 99 92
40 57 71 68
40 58 69 66
40 59 71 68
40 60 25 23
40 61 5 7
40 62 56 53
40 63 17 24
40 64 70 72
40 65 53 57
40 66 61 63
40 67 16 22
40 68 37 35
40 69 60 63
40 70 77 75
40 71 62 61
40 72 23 22
40 73 71 72
40 74 55 50
40 75 46 47
40 76 34 37
40 77 9 14
40 78 69 68
40 79 40 39
40 80 5 10
40 81 26 32
40 82 38 34
40 83 12 17
40 84 71 71
40 85 62 60
40 86 78 73
40 87 18 17
40 88 55 57
40 89 57 56
40 90 96 92
40 91 96 91
40 92 65 63
40 93 58 53
40 94 91 86
40 95 37 33
40 96 48 48
40 97 86 81
40 98 66 64
40 99 27 32
41 42 30 27
41 43 50 48
41 44 53 50
41 45 60 63
41 46 44 48
41 47 59 59
41 48 53 55
41 49 60 63
41 50 89 89
41 51 9 11
41 52 62 56
41 53 52 50
41 54 8 8
41 55 65 66
41 56 38 40
41 57 98 92
41 58 7 15
41 59 44 44
41 60 27 30
41 61 12 14
41 62 56 56
41 63 55 53
41 64 5 5
41 65 73 71
41 66 15 23
41 67 25 28
41 68 38 39
41 69 5 7
41 70 11 10
41 71 22 23
41 72 67 68
41 73 75 72
41 74 98 98
41 75 89 86
41 76 9 13
41 77 1 10
41 78 27 32
41 79 41 46
41 80 1 8
41 81 0 5
41 82 45 47
41 83 1 5
41 84 19 27
41 85 8 15
41 86 34 34
41 87 35 35
41 88 10 17
41 89 67 65
41 90 50 47
41 91 87 85
41 92 92 91
41 93 20 18
41 94 27 28
41 95 19 23
41 96 68 69
41 97 91 90
41 98 12 16
41 99 70 73
42 43 71 65
42 44 27 33
42 45 59 59
42 46 35 34
42 47 33 34
42 48 49 45
42 49 74 67
42 50 16 20
42 51 79 79
42 52 89 81
42 53 88 82
42 54 78 70
42 55 58 56
42 56 76 73
42 57 32 38
42 58 45 46
42 59 24 22
42 60 4 12
42 61 20 25
42 62 82 79
42 63 58 56
42 64 99 90
42 65 92 92
42 66 30 29
42 67 33 36
42 68 29 34
42 69 37 35
42 70 26 24
42 71 87 88
42 72 33 39
42 73 34 39
42 74 63 62
42 75 45 48
42 76 42 44
42 77 88 87
42 78 16 21
42 79 77 75
42 80 43 42
42 81 32 31
42 82 24 23
42 83 7 10
42 84 70 72
42 85 92 89
42 86 31 34
42 87 64 61
42 88 23 30
42 89 54 57
42 90 82 75
42 91 11 11
42 92 62 60
42 93 17 17
42 94 34 31
42 95 13 20
42 96 46 51
42 97 63 66
42 98 96 91
42 99 77 74
43 44 41 39
43 45 15 17
43 46 86 83
43 47 87 82
43 48 54 54
43 49 50 46
43 50 19 18
43 51 5 7
43 52 95 89
43 53 6 7
43 54 16 14
43 55 67 67
43 56 92 90
43 57 16 22
43 58 46 47
43 59 52 49
43 60 27 25
43 61 2 9
43 62 41 43
43 63 68 63
43 64 39 43
43 65 36 41
43 66 70 65
43 67 4 11
43 68 55 58
43 69 57 54
43 70 25 24
43 71 4 12
43 72 57 53
43 73 82 83
43 74 56 55
43 75 20 24
43 76 89 90
43 77 49 49
43 78 88 87
43 79 62 63
43 80 19 18
43 81 81 79
43 82 52 47
43 83 27 27
43 84 14 19
43 85 29 29
43 86 39 42
43 87 36 39
43 88 38 35
43 89 91 92
43 90 49 50
43 91 38 36
43 92 62 57
43 93 61 62
43 94 4 5
43 95 32 36
43 96 81 74
43 97 21 27
43 98 56 58
43 99 43 43
44 45 38 35
44 46 67 66
44 47 34 37
44 48 97 90
44 49 39 35
44 50 16 22
44 51 49 52
44 52 27 28
44 53 1 5
44 54 59 54
44 55 64 62
44 56 35 41
44 57 55 55
44 58 75 77
44 59 23 21
44 60 14 17
44 61 77 75
44 62 52 49
44 63 75 74
44 64 84 83
44 65 70 70
44 66 84 84
44 67 63 60
44 68 69 68
44 69 64 62
44 70 52 50
44 71 67 65
44 72 89 85
44 73 41 42
44 74 79 79
44 75 45 41
44 76 79 79
44 77 47 44
44 78 85 78
44 79 89 82
44 80 0 6
44 81 34 35
44 82 40 44
44 83 45 45
44 84 50 52
44 85 17 21
44 86 9 17
44 87 62 59
44 88 31 31
44 89 92 88
44 90 69 68
44 91 75 71
44 92 87 83
44 93 59 56
44 94 64 61
44 95 88 88
44 96 1 6
44 97 87 88
44 98 11 13
44 99 42 48
45 46 45 43
45 47 73 69
45 48 93 91
45 49 94 88
45 50 20 20
45 51 48 53
45 52 24 29
45 53 29 34
45 54 9 9
45 55 51 49
45 56 43 46
45 57 88 85
45 58 19 27
45 59 77 75
45 60 7 11
45 61 60 64
45 62 53 49
45 63 96 94
45 64 52 53
45 65 50 53
45 66 86 81
45 67 27 26
45 68 49 49
45 69 39 38
45 70 57 60
45 71 67 69
45 72 57 57
45 73 31 29
45 74 74 73
45 75 99 97
45 76 50 49
45 77 71 72
45 78 36 39
45 79 38 36
45 80 72 69
45 81 59 60
45 82 45 46
45 83 57 60
45 84 24 32
45 85 56 53
45 86 5 10
45 87 13 12
45 88 71 70
45 89 96 92
45 90 69 68
45 91 95 89
45 92 36 41
45 93 46 50
45 94 22 25
45 95 15 22
45 96 77 78
45 97 93 92
45 98 92 84
45 99 22 27
46 47 24 30
46 48 53 55
46 49 77 70
46 50 54 50
46 51 16 14
46 52 36 34
46 53 15 16
46 54 4 10
46 55 72 70
46 56 58 53
46 57 99 99
46 58 69 66
46 59 26 33
46 60 18 16
46 61 0 4
46 62 0 1
46 63 73 75
46 64 24 27
46 65 68 65
46 66 76 76
46 67 44 44
46 68 41 43
46 69 64 63
46 70 49 46
46 71 42 43
46 72 67 65
46 73 37 38
46 74 31 34
46 75 41 43
46 76 61 63
46 77 14 17
46 78 23 27
46 79 42 40
46 80 49 50
46 81 97 97
46 82 4 11
46 83 7 7
46 84 21 26
46 85 50 47
46 86 68 62
46 87 31 32
46 88 41 41
46 89 65 60
46 90 32 37
46 91 58 56
46 92 45 43
46 93 93 84
46 94 75 69
46 95 17 25
46 96 87 80
46 97 62 57
46 98 86 82
46 99 0 8
47 48 69 71
47 49 42 48
47 50 62 61
47 51 95 89
47 52 80 82
47 53 48 44
47 54 39 38
47 55 17 17
47 56 94 94
47 57 94 95
47 58 62 59
47 59 45 44
47 60 41 39
47 61 56 50
47 62 97 91
47 63 84 82
47 64 69 65
47 65 20 22
47 66 69 62
47 67 57 59
47 68 50 46
47 69 81 81
47 70 7 11
47 71 73 73
47 72 73 68
47 73 82 78
47 74 18 20
47 75 68 68
47 76 96 88
47 77 88 80
47 78 44 47
47 79 34 33
47 80 1 5
47 81 7 13
47 82 47 44
47 83 2 9
47 84 21 23
47 85 44 40
47 86 88 87
47 87 46 50
47 88 14 16
47 89 55 50
47 90 13 15
47 91 31 36
47 92 64 59
47 93 10 12
47 94 54 56
47 95 65 62
47 96 64 66
47 97 20 25
47 98 91 85
47 99 27 33
48 49 11 15
48 50 48 51
48 51 13 18
48 52 78 77
48 53 27 27
48 54 76 78
48 55 94 87
48 56 78 73
48 57 15 20
48 58 50 55
48 59 19 18
48 60 21 28
48 61 66 67
48 62 98 95
48 63 22 28
48 64 58 61
48 65 51 49
48 66 89 86
48 67 18 21
48 68 54 53
48 69 52 51
48 70 25 23
48 71 6 13
48 72 57 57
48 73 90 87
48 74 60 62
48 75 31 34
48 76 68 69
48 77 91 87
48 78 92 88
48 79 98 95
48 80 21 20
48 81 10 10
48 82 78 79
48 83 4 8
48 84 16 14
48 85 89 87
48 86 17 24
48 87 79 76
48 88 90 85
48 89 1 10
48 90 31 36
48 91 2 5
48 92 80 81
48 93 63 61
48 94 75 73
48 95 74 70
48 96 13 18
48 97 80 77
48 98 94 94
48 99 10 10
49 50 81 74
49 51 32 38
49 52 70 71
49 53 52 54
49 54 68 69
49 55 79 73
49 56 16 15
49 57 47 50
49 58 64 65
49 59 60 57
49 60 34 32
49 61 5 6
49 62 86 86
49 63 53 55
49 64 11 19
49 65 76 78
49 66 37 38
49 67 13 15
49 68 81 77
49 69 35 38
49 70 74 73
49 71 31 36
49 72 9 16
49 73 86 83
49 74 28 29
49 75 9 15
49 76 4 7
49 77 27 29
49 78 57 55
49 79 89 86
49 80 33 33
49 81 72 67
49 82 37 35
49 83 99 93
49 84 11 16
49 85 41 39
49 86 68 69
49 87 8 15
49 88 9 15
49 89 35 40
49 90 46 43
49 91 79 71
49 92 37 40
49 93 8 9
49 94 44 45
49 95 57 53
49 96 24 28
49 97 82 80
49 98 45 49
49 99 94 91
50 51 65 63
50 52 32 36
50 53 26 27
50 54 57 55
50 55 12 17
50 56 20 20
50 57 89 89
50 58 26 32
50 59 57 56
50 60 40 38
50 61 65 67
50 62 66 67
50 63 15 22
50 64 49 50
50 65 69 72
50 66 87 85
50 67 43 40
50 68 8 11
50 69 88 84
50 70 95 95
50 71 62 63
50 72 37 39
50 73 99 93
50 74 85 77
50 75 3 4
50 76 97 90
50 77 26 31
50 78 14 15
50 79 42 44
50 80 57 55
50 81 53 53
50 82 95 93
50 83 15 19
50 84 39 40
50 85 26 24
50 86 87 86
50 87 44 42
50 88 86 79
50 89 39 44
50 90 61 56
50 91 92 86
50 92 98 92
50 93 46 48
50 94 49 50
50 95 58 57
50 96 43 48
50 97 90 86
50 98 45 46
50 99 14 22
51 52 87 83
51 53 60 59
51 54 95 87
51 55 30 28
51 56 63 61
51 57 79 79
51 58 83 79
51 59 72 75
51 60 72 66
51 61 99 89
51 62 95 86
51 63 17 23
51 64 20 23
51 65 0 3
51 66 71 74
51 67 75 73
51 68 36 42
51 69 43 41
51 70 41 39
51 71 16 16
51 72 9 9
51 73 81 75
51 74 25 26
51 75 39 41
51 76 71 72
51 77 70 63
51 78 94 90
51 79 85 81
51 80 36 34
51 81 91 85
51 82 65 64
51 83 46 42
51 84 94 93
51 85 5 13
51 86 9 16
51 87 71 64
51 88 68 70
51 89 86 82
51 90 96 95
51 91 72 72
51 92 13 19
51 93 14 16
51 94 92 89
51 95 69 70
51 96 45 42
51 97 92 85
51 98 85 80
51 99 60 63
52 53 61 55
52 54 28 34
52 55 79 78
52 56 23 27
52 57 41 41
52 58 58 59
52 59 14 16
52 60 81 77
52 61 29 35
52 62 53 52
52 63 38 37
52 64 20 25
52 65 93 85
52 66 20 18
52 67 50 51
52 68 74 73
52 69 0 2
52 70 36 42
52 71 54 52
52 72 22 29
52 73 27 31
52 74 66 64
52 75 11 17
52 76 76 72
52 77 74 70
52 78 0 5
52 79 22 20
52 80 85 85
52 81 82 82
52 82 97 93
52 83 92 88
52 84 27 29
52 85 31 33
52 86 83 81
52 87 7 12
52 88 44 48
52 89 53 53
52 90 49 44
52 91 13 19
52 92 75 73
52 93 89 80
52 94 92 85
52 95 5 9
52 96 21 27
52 97 61 56
52 98 76 78
52 99 39 42
53 54 52 49
53 55 51 47
53 56 90 90
53 57 92 91
53 58 83 80
53 59 30 35
53 60 44 50
53 61 2 4
53 62 77 72
53 63 71 64
53 64 5 14
53 65 66 69
53 66 36 34
53 67 12 13
53 68 87 82
53 69 88 89
53 70 48 52
53 71 48 46
53 72 95 94
53 73 35 35
53 74 21 27
53 75 2 9
53 76 92 88
53 77 67 68
53 78 15 19
53 79 31 29
53 80 18 17
53 81 99 94
53 82 34 36
53 83 2 3
53 84 40 38
53 85 1 11
53 86 39 43
53 87 41 40
53 88 2 8
53 89 5 5
53 90 79 76
53 91 70 65
53 92 79 78
53 93 85 81
53 94 58 55
53 95 4 11
53 96 89 88
53 97 51 49
53 98 1 8
53 99 28 33
54 55 20 28
54 56 24 25
54 57 90 87
54 58 14 12
54 59 30 31
54 60 62 62
54 61 11 14
54 62 70 68
54 63 7 12
54 64 38 40
54 65 93 89
54 66 92 84
54 67 33 34
54 68 51 49
54 69 49 48
54 70 67 66
54 71 6 15
54 72 7 10
54 73 10 11
54 74 18 21
54 75 38 43
54 76 47 43
54 77 18 16
54 78 29 31
54 79 66 62
54 80 88 82
54 81 99 97
54 82 88 86
54 83 7 13
54 84 57 53
54 85 68 71
54 86 60 58
54 87 56 53
54 88 49 46
54 89 53 53
54 90 98 95
54 91 46 49
54 92 8 17
54 93 55 53
54 94 95 95
54 95 65 59
54 96 60 57
54 97 71 69
54 98 31 28
54 99 93 86
55 56 7 11
55 57 38 42
55 58 96 96
55 59 85 80
55 60 17 19
55 61 10 14
55 62 2 9
55 63 41 41
55 64 45 48
55 65 43 41
55 66 1 8
55 67 8 16
55 68 64 63
55 69 55 55
55 70 90 86
55 71 25 24
55 72 30 27
55 73 64 59
55 74 84 76
55 75 41 41
55 76 88 82
55 77 22 25
55 78 91 89
55 79 2 7
55 80 12 19
55 81 16 18
55 82 80 76
55 83 64 61
55 84 39 35
55 85 36 42
55 86 50 50
55 87 88 85
55 88 89 85
55 89 48 47
55 90 52 55
55 91 19 21
55 92 57 61
55 93 71 67
55 94 2 11
55 95 95 89
55 96 94 89
55 97 99 89
55 98 20 26
55 99 21 25
56 57 57 55
56 58 20 24
56 59 33 34
56 60 28 27
56 61 69 64
56 62 40 45
56 63 83 76
56 64 86 81
56 65 73 66
56 66 32 30
56 67 69 69
56 68 94 88
56 69 24 24
56 70 41 45
56 71 9 10
56 72 67 69
56 73 51 48
56 74 12 19
56 75 38 44
56 76 20 23
56 77 4 8
56 78 45 44
56 79 61 56
56 80 10 11
56 81 65 64
56 82 28 35
56 83 95 94
56 84 59 57
56 85 21 27
56 86 0 4
56 87 17 18
56 88 31 37
56 89 61 62
56 90 42 41
56 91 1 8
56 92 9 13
56 93 5 10
56 94 72 73
56 95 97 90
56 96 53 55
56 97 74 70
56 98 28 26
56 99 10 9
57 58 44 49
57 59 72 66
57 60 5 5
57 61 10 19
57 62 38 36
57 63 1 9
57 64 40 39
57 65 73 73
57 66 5 14
57 67 82 83
57 68 64 64
57 69 64 59
57 70 45 45
57 71 38 35
57 72 37 39
57 73 2 5
57 74 54 54
57 75 94 86
57 76 40 39
57 77 24 24
57 78 6 6
57 79 29 27
57 80 96 92
57 81 15 21
57 82 92 88
57 83 99 97
57 84 32 38
57 85 47 44
57 86 17 22
57 87 70 69
57 88 18 19
57 89 3 10
57 90 99 99
57 91 12 19
57 92 52 56
57 93 57 56
57 94 29 27
57 95 8 15
57 96 67 68
57 97 11 15
57 98 24 28
57 99 69 66
58 59 11 19
58 60 95 94
58 61 62 63
58 62 47 48
58 63 53 55
58 64 36 33
58 65 89 88
58 66 53 53
58 67 54 50
58 68 97 91
58 69 13 12
58 70 97 88
58 71 65 63
58 72 10 14
58 73 31 34
58 74 61 58
58 75 48 46
58 76 8 10
58 77 13 13
58 78 80 81
58 79 14 13
58 80 13 17
58 81 92 91
58 82 3 12
58 83 3 11
58 84 23 22
58 85 70 65
58 86 13 17
58 87 62 60
58 88 43 43
58 89 25 25
58 90 18 18
58 91 18 23
58 92 88 83
58 93 75 75
58 94 34 36
58 95 99 97
58 96 61 55
58 97 74 69
58 98 91 83
58 99 12 18
59 60 49 49
59 61 0 2
59 62 30 31
59 63 51 55
59 64 93 92
59 65 19 24
59 66 78 70
59 67 78 74
59 68 32 34
59 69 21 25
59 70 60 61
59 71 63 58
59 72 21 20
59 73 40 45
59 74 21 25
59 75 88 81
59 76 13 20
59 77 8 10
59 78 36 37
59 79 40 45
59 80 47 48
59 81 74 70
59 82 40 36
59 83 32 29
59 84 27 25
59 85 59 57
59 86 27 28
59 87 93 88
59 88 31 32
59 89 33 32
59 90 11 13
59 91 16 24
59 92 46 43
59 93 34 31
59 94 31 35
59 95 30 35
59 96 51 52
59 97 73 74
59 98 74 69
59 99 86 87
60 61 32 31
60 62 72 70
60 63 69 72
60 64 47 48
60 65 43 47
60 66 81 82
60 67 48 49
60 68 58 55
60 69 20 24
60 70 70 67
60 71 48 49
60 72 2 4
60 73 7 12
60 74 3 9
60 75 23 23
60 76 96 90
60 77 80 75
60 78 4 11
60 79 59 57
60 80 79 72
60 81 95 87
60 82 20 24
60 83 70 65
60 84 91 85
60 85 18 19
60 86 84 83
60 87 18 21
60 88 73 72
60 89 23 23
60 90 41 44
60 91 15 13
60 92 77 76
60 93 99 94
60 94 52 49
60 95 82 76
60 96 34 34
60 97 87 79
60 98 92 84
60 99 6 14
61 62 50 54
61 63 95 86
61 64 88 84
61 65 32 34
61 66 34 40
61 67 97 96
61 68 44 48
61 69 73 67
61 70 65 61
61 71 23 28
61 72 7 7
61 73 97 89
61 74 87 79
61 75 98 92
61 76 0 5
61 77 84 77
61 78 70 72
61 79 40 45
61 80 15 22
61 81 69 69
61 82 23 21
61 83 20 22
61 84 75 70
61 85 65 63
61 86 89 89
61 87 99 98
61 88 80 77
61 89 63 61
61 90 38 44
61 91 96 96
61 92 44 40
61 93 31 28
61 94 53 56
61 95 98 96
61 96 99 96
61 97 90 85
61 98 68 63
61 99 79 78
62 63 95 89
62 64 83 79
62 65 66 64
62 66 51 52
62 67 36 38
62 68 9 16
62 69 69 72
62 70 15 17
62 71 34 39
62 72 95 93
62 73 39 36
62 74 81 82
62 75 91 84
62 76 92 90
62 77 5 10
62 78 6 8
62 79 59 53
62 80 54 55
62 81 91 88
62 82 49 48
62 83 93 88
62 84 61 63
62 85 50 49
62 86 4 13
62 87 55 54
62 88 55 53
62 89 3 9
62 90 98 91
62 91 31 28
62 92 70 66
62 93 94 88
62 94 0 0
62 95 71 72
62 96 74 71
62 97 59 61
62 98 64 64
62 99 99 96
63 64 33 34
63 65 82 83
63 66 80 78
63 67 24 26
63 68 53 48
63 69 47 48
63 70 99 93
63 71 2 6
63 72 61 63
63 73 83 75
63 74 28 28
63 75 49 49
63 76 39 42
63 77 46 42
63 78 64 62
63 79 53 54
63 80 65 64
63 81 2 5
63 82 21 27
63 83 76 71
63 84 72 70
63 85 6 9
63 86 11 16
63 87 56 53
63 88 36 36
63 89 53 50
63 90 77 70
63 91 84 80
63 92 33 34
63 93 88 80
63 94 48 53
63 95 48 46
63 96 70 70
63 97 94 94
63 98 46 50
63 99 77 72
64 65 36 41
64 66 23 30
64 67 40 43
64 68 50 53
64 69 36 34
64 70 26 32
64 71 71 73
64 72 9 10
64 73 87 86
64 74 69 68
64 75 10 17
64 76 74 67
64 77 65 65
64 78 4 13
64 79 68 70
64 80 29 33
64 81 95 89
64 82 76 71
64 83 28 30
64 84 88 86
64 85 9 13
64 86 70 63
64 87 55 56
64 88 97 93
64 89 85 83
64 90 66 69
64 91 92 83
64 92 31 32
64 93 79 74
64 94 81 79
64 95 16 19
64 96 19 27
64 97 15 18
64 98 43 41
64 99 55 57
65 66 86 87
65 67 64 64
65 68 60 57
65 69 83 83
65 70 20 18
65 71 40 39
65 72 54 56
65 73 36 43
65 74 52 54
65 75 5 15
65 76 65 63
65 77 61 59
65 78 88 86
65 79 24 23
65 80 96 94
65 81 93 92
65 82 25 32
65 83 62 59
65 84 61 58
65 85 17 24
65 86 16 20
65 87 26 28
65 88 37 35
65 89 82 79
65 90 40 38
65 91 92 91
65 92 55 53
65 93 49 50
65 94 89 82
65 95 19 22
65 96 95 92
65 97 4 9
65 98 10 10
65 99 73 74
66 67 77 72
66 68 42 44
66 69 9 11
66 70 32 34
66 71 49 47
66 72 11 19
66 73 24 29
66 74 55 52
66 75 63 65
66 76 37 35
66 77 2 8
66 78 54 50
66 79 87 79
66 80 25 26
66 81 33 37
66 82 70 67
66 83 55 58
66 84 3 6
66 85 42 43
66 86 9 16
66 87 87 80
66 88 17 21
66 89 90 86
66 90 64 62
66 91 88 81
66 92 50 51
66 93 72 70
66 94 48 45
66 95 84 77
66 96 90 86
66 97 38 36
66 98 6 7
66 99 37 35
67 68 40 45
67 69 47 49
67 70 9 11
67 71 35 38
67 72 52 47
67 73 13 18
67 74 83 78
67 75 99 98
67 76 64 63
67 77 32 32
67 78 91 88
67 79 66 64
67 80 90 84
67 81 33 33
67 82 52 47
67 83 49 48
67 84 67 68
67 85 17 21
67 86 85 86
67 87 89 81
67 88 20 25
67 89 43 42
67 90 44 43
67 91 76 77
67 92 10 18
67 93 95 95
67 94 16 22
67 95 61 63
67 96 71 70
67 97 51 52
67 98 39 36
67 99 75 71
68 69 7 7
68 70 44 47
68 71 22 22
68 72 94 88
68 73 74 68
68 74 45 44
68 75 8 16
68 76 27 29
68 77 34 39
68 78 23 23
68 79 58 62
68 80 29 32
68 81 72 72
68 82 36 41
68 83 73 71
68 84 49 48
68 85 81 74
68 86 56 56
68 87 63 58
68 88 23 26
68 89 79 79
68 90 77 77
68 91 92 91
68 92 36 41
68 93 4 5
68 94 12 21
68 95 23 24
68 96 8 12
68 97 19 22
68 98 95 89
68 99 13 17
69 70 78 74
69 71 37 38
69 72 11 13
69 73 95 91
69 74 64 59
69 75 64 58
69 76 2 10
69 77 6 11
69 78 11 19
69 79 40 39
69 80 51 54
69 81 74 76
69 82 81 76
69 83 9 18
69 84 32 30
69 85 99 97
69 86 91 83
69 87 66 69
69 88 87 84
69 89 77 77
69 90 17 23
69 91 82 79
69 92 66 61
69 93 4 10
69 94 2 9
69 95 72 71
69 96 38 39
69 97 8 17
69 98 2 7
69 99 16 22
70 71 62 59
70 72 19 23
70 73 25 31
70 74 90 85
70 75 10 15
70 76 49 50
70 77 71 74
70 78 79 73
70 79 78 71
70 80 81 78
70 81 28 28
70 82 71 71
70 83 83 78
70 84 47 46
70 85 72 71
70 86 92 83
70 87 4 12
70 88 1 10
70 89 49 49
70 90 36 39
70 91 40 42
70 92 78 74
70 93 34 32
70 94 72 70
70 95 98 92
70 96 15 20
70 97 95 87
70 98 77 73
70 99 68 68
71 72 71 71
71 73 4 5
71 74 28 27
71 75 64 60
71 76 36 34
71 77 36 41
71 78 74 76
71 79 0 1
71 80 85 85
71 81 8 13
71 82 48 48
71 83 87 82
71 84 54 55
71 85 20 26
71 86 67 70
71 87 45 50
71 88 24 26
71 89 99 96
71 90 72 68
71 91 46 45
71 92 68 69
71 93 76 78
71 94 9 10
71 95 48 48
71 96 25 24
71 97 14 22
71 98 14 21
71 99 40 44
72 73 88 82
72 74 36 38
72 75 51 53
72 76 5 12
72 77 3 7
72 78 75 73
72 79 83 83
72 80 65 67
72 81 57 57
72 82 35 38
72 83 98 91
72 84 32 30
72 85 46 47
72 86 89 90
72 87 48 43
72 88 78 73
72 89 98 95
72 90 78 75
72 91 60 59
72 92 72 73
72 93 11 10
72 94 51 48
72 95 38 44
72 96 40 42
72 97 34 37
72 98 29 29
72 99 74 70
73 74 94 86
73 75 5 5
73 76 21 26
73 77 81 73
73 78 74 69
73 79 37 43
73 80 20 23
73 81 29 34
73 82 68 66
73 83 11 13
73 84 43 40
73 85 28 32
73 86 24 22
73 87 67 68
73 88 54 50
73 89 17 22
73 90 5 9
73 91 7 13
73 92 70 68
73 93 74 73
73 94 17 18
73 95 78 80
73 96 18 18
73 97 8 16
73 98 60 55
73 99 28 32
74 75 48 48
74 76 63 62
74 77 7 15
74 78 8 10
74 79 43 47
74 80 5 11
74 81 1 5
74 82 51 48
74 83 36 36
74 84 33 32
74 85 78 78
74 86 91 92
74 87 3 12
74 88 81 81
74 89 37 41
74 90 14 16
74 91 41 41
74 92 42 43
74 93 86 79
74 94 25 25
74 95 78 79
74 96 51 47
74 97 51 54
74 98 47 52
74 99 16 17
75 76 74 72
75 77 1 10
75 78 15 14
75 79 23 24
75 80 87 84
75 81 35 41
75 82 16 17
75 83 92 84
75 84 72 71
75 85 64 62
75 86 11 10
75 87 19 23
75 88 90 90
75 89 74 74
75 90 8 10
75 91 26 34
75 92 6 10
75 93 40 37
75 94 30 27
75 95 57 55
75 96 59 57
75 97 50 52
75 98 71 66
75 99 64 62
76 77 15 17
76 78 51 51
76 79 50 45
76 80 63 65
76 81 42 42
76 82 35 35
76 83 57 59
76 84 85 82
76 85 19 20
76 86 75 75
76 87 77 78
76 88 12 15
76 89 16 16
76 90 5 6
76 91 71 74
76 92 89 82
76 93 21 24
76 94 80 72
76 95 84 78
76 96 25 23
76 97 77 75
76 98 47 49
76 99 64 59
77 78 33 39
77 79 96 93
77 80 82 79
77 81 50 47
77 82 58 61
77 83 57 58
77 84 18 19
77 85 6 13
77 86 36 34
77 87 59 53
77 88 26 27
77 89 0 7
77 90 25 29
77 91 34 38
77 92 86 80
77 93 67 64
77 94 95 93
77 95 47 49
77 96 1 2
77 97 67 68
77 98 63 66
77 99 94 90
78 79 31 34
78 80 64 67
78 81 15 19
78 82 64 67
78 83 96 87
78 84 37 43
78 85 63 60
78 86 23 27
78 87 81 81
78 88 71 73
78 89 90 84
78 90 20 24
78 91 12 20
78 92 24 25
78 93 13 20
78 94 99 92
78 95 88 86
78 96 17 24
78 97 44 50
78 98 97 93
78 99 76 75
79 80 5 7
79 81 20 19
79 82 7 15
79 83 34 38
79 84 96 88
79 85 42 40
79 86 72 66
79 87 54 51
79 88 51 50
79 89 58 61
79 90 7 10
79 91 62 62
79 92 39 39
79 93 3 11
79 94 51 47
79 95 19 27
79 96 72 71
79 97 33 40
79 98 85 78
79 99 98 93
80 81 64 59
80 82 2 8
80 83 25 28
80 84 57 58
80 85 12 18
80 86 90 81
80 87 79 75
80 88 97 92
80 89 88 86
80 90 51 52
80 91 60 58
80 92 23 21
80 93 59 62
80 94 75 77
80 95 7 9
80 96 51 52
80 97 49 45
80 98 73 68
80 99 78 77
81 82 15 24
81 83 43 43
81 84 70 65
81 85 59 59
81 86 49 48
81 87 45 49
81 88 98 98
81 89 28 34
81 90 7 15
81 91 69 64
81 92 1 6
81 93 99 89
81 94 29 32
81 95 93 83
81 96 15 21
81 97 54 54
81 98 22 27
81 99 10 9
82 83 97 93
82 84 79 78
82 85 46 43
82 86 49 51
82 87 48 53
82 88 67 60
82 89 65 61
82 90 18 18
82 91 33 37
82 92 62 64
82 93 53 52
82 94 80 76
82 95 23 27
82 96 96 93
82 97 44 41
82 98 37 43
82 99 35 38
83 84 88 86
83 85 42 40
83 86 96 87
83 87 78 74
83 88 95 89
83 89 16 15
83 90 43 48
83 91 76 71
83 92 44 41
83 93 40 38
83 94 79 74
83 95 17 16
83 96 76 69
83 97 67 63
83 98 87 87
83 99 16 17
84 85 99 90
84 86 87 88
84 87 28 31
84 88 89 89
84 89 36 34
84 90 87 86
84 91 76 76
84 92 65 62
84 93 8 7
84 94 84 76
84 95 18 22
84 96 6 9
84 97 92 83
84 98 12 12
84 99 3 5
85 86 53 50
85 87 4 9
85 88 54 56
85 89 81 75
85 90 81 78
85 91 68 69
85 92 89 88
85 93 18 22
85 94 0 1
85 95 75 75
85 96 24 26
85 97 63 65
85 98 70 72
85 99 13 12
86 87 79 72
86 88 84 81
86 89 27 28
86 90 97 89
86 91 21 28
86 92 88 85
86 93 35 36
86 94 49 49
86 95 6 8
86 96 72 66
86 97 57 60
86 98 43 40
86 99 51 49
87 88 86 81
87 89 41 41
87 90 28 34
87 91 51 48
87 92 63 62
87 93 67 67
87 94 19 19
87 95 1 2
87 96 93 85
87 97 65 63
87 98 5 8
87 99 31 29
88 89 44 45
88 90 19 19
88 91 80 73
88 92 91 86
88 93 23 26
88 94 88 81
88 95 67 69
88 96 44 44
88 97 46 48
88 98 70 69
88 99 38 38
89 90 39 44
89 91 8 12
89 92 94 94
89 93 4 8
89 94 10 15
89 95 71 69
89 96 28 34
89 97 35 39
89 98 76 71
89 99 95 91
90 91 21 19
90 92 4 10
90 93 7 8
90 94 99 96
90 95 0 9
90 96 10 15
90 97 24 22
90 98 6 15
90 99 62 65
91 92 24 31
91 93 36 35
91 94 17 19
91 95 48 44
91 96 20 26
91 97 57 58
91 98 47 52
91 99 59 61
92 93 37 35
92 94 27 27
92 95 0 8
92 96 95 93
92 97 50 53
92 98 73 67
92 99 60 59
93 94 13 18
93 95 45 48
93 96 25 28
93 97 83 83
93 98 54 49
93 99 14 19
94 95 60 58
94 96 12 15
94 97 75 76
94 98 57 58
94 99 57 60
95 96 76 71
95 97 24 23
95 98 26 26
95 99 88 87
96 97 73 74
96 98 6 8
96 99 24 31
97 98 43 44
97 99 11 15
98 99 50 55
