100
0 1 89 78
0 2 27 65
0 3 24 27
0 4 65 38
0 5 11 3
0 6 15 15
0 7 97 23
0 8 23 75
0 9 64 15
0 10 55 78
0 11 79 74
0 12 33 22
0 13 72 63
0 14 17 49
0 15 46 87
0 16 40 64
0 17 11 55
0 18 81 38
0 19 43 41
0 20 22 83
0 21 84 37
0 22 33 41
0 23 90 63
0 24 15 88
0 25 22 13
0 26 6 77
0 27 41 19
0 28 62 88
0 29 94 83
0 30 12 45
0 31 93 62
0 32 28 17
0 33 43 88
0 34 65 63
0 35 57 56
0 36 32 65
0 37 4 11
0 38 70 94
0 39 53 75
0 40 18 64
0 41 19 50
0 42 36 53
0 43 3 46
0 44 91 58
0 45 18 28
0 46 30 13
0 47 69 75
0 48 46 7
0 49 40 61
0 50 97 87
0 51 37 55
0 52 46 12
0 53 57 7
0 54 60 17
0 55 70 47
0 56 10 80
0 57 86 76
0 58 39 90
0 59 32 88
0 60 59 52
0 61 33 31
0 62 47 46
0 63 30 11
0 64 25 68
0 65 99 68
0 66 8 25
0 67 86 66
0 68 36 75
0 69 28 34
0 70 17 91
0 71 19 45
0 72 57 25
0 73 65 81
0 74 47 33
0 75 95 88
0 76 25 35
0 77 71 80
0 78 0 26
0 79 59 28
0 80 89 44
0 81 88 64
0 82 92 87
0 83 49 75
0 84 15 18
0 85 50 81
0 86 26 9
0 87 52 88
0 88 16 36
0 89 57 90
0 90 8 14
0 91 29 80
0 92 53 35
0 93 27 22
0 94 83 40
0 95 46 92
0 96 16 86
0 97 0 69
0 98 86 45
0 99 8 26
1 2 96 28
1 3 66 78
1 4 39 24
1 5 71 8
1 6 28 73
1 7 57 20
1 8 53 49
1 9 42 90
1 10 96 10
1 11 15 18
1 12 58 66
1 13 15 30
1 14 74 11
1 15 28 14
1 16 26 29
1 17 83 77
1 18 49 11
1 19 52 43
1 20 44 34
1 21 42 75
1 22 4 9
1 23 38 78
1 24 74 10
1 25 66 10
1 26 40 41
1 27 81 53
1 28 36 65
1 29 21 39
1 30 36 6
1 31 69 89
1 32 26 63
1 33 5 90
1 34 71 34
1 35 64 55
1 36 56 52
1 37 73 90
1 38 74 57
1 39 11 4
1 40 28 39
1 41 21 7
1 42 5 72
1 43 39 80
1 44 39 74
1 45 80 49
1 46 89 98
1 47 94 87
1 48 78 90
1 49 90 60
1 50 83 15
1 51 3 54
1 52 90 92
1 53 50 74
1 54 21 4
1 55 77 97
1 56 85 80
1 57 84 96
1 58 57 53
1 59 41 60
1 60 56 84
1 61 39 68
1 62 59 59
1 63 44 33
1 64 97 13
1 65 91 65
1 66 90 77
1 67 50 18
1 68 46 18
1 69 51 75
1 70 77 39
1 71 51 48
1 72 96 23
1 73 16 85
1 74 51 39
1 75 42 31
1 76 68 33
1 77 19 35
1 78 90 84
1 79 58 74
1 80 14 88
1 81 43 16
1 82 46 44
1 83 16 3
1 84 2 10
1 85 26 25
1 86 65 46
1 87 6 34
1 88 31 86
1 89 99 11
1 90 51 88
1 91 43 37
1 92 15 18
1 93 26 54
1 94 22 38
1 95 98 24
1 96 47 86
1 97 58 42
1 98 82 72
1 99 66 63
2 3 62 40
2 4 47 20
2 5 72 76
2 6 35 22
2 7 50 79
2 8 71 7
2 9 38 5
2 10 21 48
2 11 38 31
2 12 81 20
2 13 6 18
2 14 31 7
2 15 96 70
2 16 51 47
2 17 9 45
2 18 74 94
2 19 72 67
2 20 69 65
2 21 71 47
2 22 9 20
2 23 83 23
2 24 42 38
2 25 32 72
2 26 66 59
2 27 73 67
2 28 73 61
2 29 67 31
2 30 99 13
2 31 30 13
2 32 40 29
2 33 98 47
2 34 65 41
2 35 89 43
2 36 42 83
2 37 60 34
2 38 93 20
2 39 13 8
2 40 59 23
2 41 51 44
2 42 28 80
2 43 71 45
2 44 89 53
2 45 10 55
2 46 33 45
2 47 9 75
2 48 47 93
2 49 21 3
2 50 4 1
2 51 66 63
2 52 78 97
2 53 50 80
2 54 66 52
2 55 68 63
2 56 88 96
2 57 95 64
2 58 59 31
2 59 57 15
2 60 55 17
2 61 52 58
2 62 79 11
2 63 78 35
2 64 45 82
2 65 48 58
2 66 75 96
2 67 69 12
2 68 90 64
2 69 33 11
2 70 12 66
2 71 84 19
2 72 3 7
2 73 95 74
2 74 32 79
2 75 5 16
2 76 23 25
2 77 21 35
2 78 8 16
2 79 31 21
2 80 14 51
2 81 59 44
2 82 35 93
2 83 20 19
2 84 64 20
2 85 35 59
2 86 99 79
2 87 47 74
2 88 73 73
2 89 38 81
2 90 98 49
2 91 10 61
2 92 25 74
2 93 24 11
2 94 84 68
2 95 52 8
2 96 76 18
2 97 31 12
2 98 87 94
2 99 34 63
3 4 8 86
3 5 19 50
3 6 53 23
3 7 12 61
3 8 93 22
3 9 27 27
3 10 19 39
3 11 95 37
3 12 73 67
3 13 63 80
3 14 96 98
3 15 87 35
3 16 94 57
3 17 55 95
3 18 88 87
3 19 60 49
3 20 4 41
3 21 22 67
3 22 60 19
3 23 92 42
3 24 58 92
3 25 56 15
3 26 95 47
3 27 2 75
3 28 1 39
3 29 77 14
3 30 81 18
3 31 91 25
3 32 36 59
3 33 5 23
3 34 32 79
3 35 25 82
3 36 3 8
3 37 20 65
3 38 88 93
3 39 1 88
3 40 85 57
3 41 61 31
3 42 25 30
3 43 49 38
3 44 97 22
3 45 66 17
3 46 43 16
3 47 25 13
3 48 65 16
3 49 52 24
3 50 48 58
3 51 56 17
3 52 99 83
3 53 36 75
3 54 62 90
3 55 35 29
3 56 10 45
3 57 84 17
3 58 59 29
3 59 37 55
3 60 95 23
3 61 15 84
3 62 88 42
3 63 52 57
3 64 11 47
3 65 0 70
3 66 42 73
3 67 44 83
3 68 23 76
3 69 70 54
3 70 85 95
3 71 54 67
3 72 39 86
3 73 64 80
3 74 80 49
3 75 83 92
3 76 39 83
3 77 93 76
3 78 69 89
3 79 33 24
3 80 38 56
3 81 31 92
3 82 70 21
3 83 53 9
3 84 17 57
3 85 25 21
3 86 12 30
3 87 88 79
3 88 38 48
3 89 21 39
3 90 73 43
3 91 90 19
3 92 88 21
3 93 56 36
3 94 46 16
3 95 71 95
3 96 30 75
3 97 65 42
3 98 22 68
3 99 24 43
4 5 42 45
4 6 61 33
4 7 36 30
4 8 8 88
4 9 40 79
4 10 13 16
4 11 10 12
4 12 72 18
4 13 91 48
4 14 38 80
4 15 47 48
4 16 55 61
4 17 95 38
4 18 36 47
4 19 32 55
4 20 99 53
4 21 65 43
4 22 40 4
4 23 15 47
4 24 27 61
4 25 98 55
4 26 1 60
4 27 26 46
4 28 62 15
4 29 65 7
4 30 82 65
4 31 85 22
4 32 3 82
4 33 2 84
4 34 6 59
4 35 37 38
4 36 39 80
4 37 73 57
4 38 76 12
4 39 56 95
4 40 53 46
4 41 80 14
4 42 49 50
4 43 31 33
4 44 18 87
4 45 49 28
4 46 72 49
4 47 41 8
4 48 53 33
4 49 42 71
4 50 42 69
4 51 51 38
4 52 36 44
4 53 37 5
4 54 69 12
4 55 60 42
4 56 8 5
4 57 14 31
4 58 5 69
4 59 42 35
4 60 92 26
4 61 37 81
4 62 62 66
4 63 71 64
4 64 67 68
4 65 56 6
4 66 75 66
4 67 64 49
4 68 97 69
4 69 52 51
4 70 83 46
4 71 45 84
4 72 18 11
4 73 52 43
4 74 78 42
4 75 16 5
4 76 13 76
4 77 44 76
4 78 49 75
4 79 82 10
4 80 84 65
4 81 99 11
4 82 77 65
4 83 55 65
4 84 71 49
4 85 94 69
4 86 85 37
4 87 53 48
4 88 12 15
4 89 68 90
4 90 63 90
4 91 90 69
4 92 86 53
4 93 15 54
4 94 49 43
4 95 54 63
4 96 88 78
4 97 24 35
4 98 28 69
4 99 97 31
5 6 84 70
5 7 72 40
5 8 7 86
5 9 7 50
5 10 25 48
5 11 40 9
5 12 68 77
5 13 23 10
5 14 49 41
5 15 96 44
5 16 47 90
5 17 86 74
5 18 12 87
5 19 3 68
5 20 13 73
5 21 15 35
5 22 2 80
5 23 60 26
5 24 42 22
5 25 60 23
5 26 82 32
5 27 71 49
5 28 19 14
5 29 10 65
5 30 62 31
5 31 22 10
5 32 47 90
5 33 24 57
5 34 78 53
5 35 37 13
5 36 97 56
5 37 44 43
5 38 49 65
5 39 20 19
5 40 65 51
5 41 8 70
5 42 90 48
5 43 81 38
5 44 2 3
5 45 4 38
5 46 82 61
5 47 85 11
5 48 98 94
5 49 33 6
5 50 94 81
5 51 94 32
5 52 49 10
5 53 62 29
5 54 94 95
5 55 88 22
5 56 2 24
5 57 20 16
5 58 13 63
5 59 0 58
5 60 92 93
5 61 52 74
5 62 1 40
5 63 88 32
5 64 37 88
5 65 28 61
5 66 97 81
5 67 44 81
5 68 11 9
5 69 50 61
5 70 80 24
5 71 68 8
5 72 22 82
5 73 32 38
5 74 79 24
5 75 67 92
5 76 98 64
5 77 56 18
5 78 27 63
5 79 8 1
5 80 33 74
5 81 97 24
5 82 93 89
5 83 71 17
5 84 93 48
5 85 55 85
5 86 45 30
5 87 66 29
5 88 37 18
5 89 72 68
5 90 72 14
5 91 29 49
5 92 96 73
5 93 74 59
5 94 51 80
5 95 64 90
5 96 43 46
5 97 84 89
5 98 33 11
5 99 99 13
6 7 35 64
6 8 19 11
6 9 22 52
6 10 64 43
6 11 80 45
6 12 48 17
6 13 35 15
6 14 41 30
6 15 21 68
6 16 3 56
6 17 95 88
6 18 32 73
6 19 10 60
6 20 22 10
6 21 40 86
6 22 58 73
6 23 31 21
6 24 5 69
6 25 47 86
6 26 94 50
6 27 20 78
6 28 95 78
6 29 51 24
6 30 83 64
6 31 66 18
6 32 50 82
6 33 0 42
6 34 60 15
6 35 13 80
6 36 94 21
6 37 3 14
6 38 73 9
6 39 25 61
6 40 81 93
6 41 6 86
6 42 80 31
6 43 52 32
6 44 57 35
6 45 36 13
6 46 11 39
6 47 84 20
6 48 52 62
6 49 47 34
6 50 78 62
6 51 68 86
6 52 59 13
6 53 7 85
6 54 46 74
6 55 80 68
6 56 58 46
6 57 73 92
6 58 47 31
6 59 74 60
6 60 7 80
6 61 29 67
6 62 6 86
6 63 89 94
6 64 78 32
6 65 33 30
6 66 68 71
6 67 78 67
6 68 66 18
6 69 6 17
6 70 24 60
6 71 1 74
6 72 44 21
6 73 35 77
6 74 25 53
6 75 71 72
6 76 10 61
6 77 53 93
6 78 85 50
6 79 59 9
6 80 21 9
6 81 51 48
6 82 17 32
6 83 78 74
6 84 42 69
6 85 57 83
6 86 1 77
6 87 35 27
6 88 32 7
6 89 39 30
6 90 30 41
6 91 13 6
6 92 17 42
6 93 48 20
6 94 96 34
6 95 39 5
6 96 13 19
6 97 84 18
6 98 31 12
6 99 22 29
7 8 63 62
7 9 78 26
7 10 67 56
7 11 77 71
7 12 41 56
7 13 86 32
7 14 83 17
7 15 43 70
7 16 20 68
7 17 99 94
7 18 39 21
7 19 63 71
7 20 21 67
7 21 32 91
7 22 74 70
7 23 90 65
7 24 36 37
7 25 15 50
7 26 63 61
7 27 11 73
7 28 0 16
7 29 60 31
7 30 5 86
7 31 51 43
7 32 46 13
7 33 87 68
7 34 13 15
7 35 38 26
7 36 47 71
7 37 70 30
7 38 32 86
7 39 95 15
7 40 37 53
7 41 27 78
7 42 42 4
7 43 23 38
7 44 56 85
7 45 25 25
7 46 74 13
7 47 22 62
7 48 70 89
7 49 55 92
7 50 43 53
7 51 54 84
7 52 22 7
7 53 20 7
7 54 40 49
7 55 16 71
7 56 66 27
7 57 53 61
7 58 87 41
7 59 71 40
7 60 65 24
7 61 74 41
7 62 49 36
7 63 38 22
7 64 26 28
7 65 28 72
7 66 82 35
7 67 37 70
7 68 62 39
7 69 89 26
7 70 14 29
7 71 74 84
7 72 98 66
7 73 27 2
7 74 86 47
7 75 29 27
7 76 84 73
7 77 24 4
7 78 72 68
7 79 98 75
7 80 59 41
7 81 98 87
7 82 69 84
7 83 94 50
7 84 93 87
7 85 8 75
7 86 53 31
7 87 98 30
7 88 94 67
7 89 30 5
7 90 76 85
7 91 98 43
7 92 70 16
7 93 41 23
7 94 51 39
7 95 24 39
7 96 90 10
7 97 32 48
7 98 86 18
7 99 15 23
8 9 9 84
8 10 81 61
8 11 7 35
8 12 85 44
8 13 42 44
8 14 66 55
8 15 84 25
8 16 82 59
8 17 83 79
8 18 60 35
8 19 12 7
8 20 98 71
8 21 18 20
8 22 40 58
8 23 59 35
8 24 69 84
8 25 78 53
8 26 40 20
8 27 52 45
8 28 11 79
8 29 46 27
8 30 32 49
8 31 69 81
8 32 27 54
8 33 47 47
8 34 80 81
8 35 52 52
8 36 53 63
8 37 16 29
8 38 27 44
8 39 2 5
8 40 51 19
8 41 55 20
8 42 21 44
8 43 36 50
8 44 42 16
8 45 5 54
8 46 10 49
8 47 40 27
8 48 77 53
8 49 84 97
8 50 72 65
8 51 40 62
8 52 7 20
8 53 13 60
8 54 17 8
8 55 91 96
8 56 12 21
8 57 20 61
8 58 69 69
8 59 69 31
8 60 68 54
8 61 97 45
8 62 26 73
8 63 82 67
8 64 13 25
8 65 99 24
8 66 92 99
8 67 47 17
8 68 79 62
8 69 17 21
8 70 64 23
8 71 70 47
8 72 91 25
8 73 49 63
8 74 81 45
8 75 28 6
8 76 96 17
8 77 95 95
8 78 67 20
8 79 89 61
8 80 45 34
8 81 7 24
8 82 16 7
8 83 80 57
8 84 11 24
8 85 27 10
8 86 20 41
8 87 1 5
8 88 93 34
8 89 62 43
8 90 80 77
8 91 13 74
8 92 61 78
8 93 48 44
8 94 58 69
8 95 5 45
8 96 88 28
8 97 0 48
8 98 87 42
8 99 31 63
9 10 47 89
9 11 1 67
9 12 63 63
9 13 24 85
9 14 35 72
9 15 76 30
9 16 77 23
9 17 33 10
9 18 40 91
9 19 66 20
9 20 0 55
9 21 88 94
9 22 37 57
9 23 63 7
9 24 47 34
9 25 1 11
9 26 50 48
9 27 15 31
9 28 99 77
9 29 94 9
9 30 63 8
9 31 86 95
9 32 77 77
9 33 98 72
9 34 95 81
9 35 29 73
9 36 3 59
9 37 7 28
9 38 41 10
9 39 92 99
9 40 92 47
9 41 88 45
9 42 82 79
9 43 36 77
9 44 76 45
9 45 36 16
9 46 93 20
9 47 23 89
9 48 61 45
9 49 47 61
9 50 46 48
9 51 61 80
9 52 79 50
9 53 38 68
9 54 2 80
9 55 19 65
9 56 89 58
9 57 63 89
9 58 57 50
9 59 70 47
9 60 96 49
9 61 98 99
9 62 63 83
9 63 68 87
9 64 12 17
9 65 90 15
9 66 33 92
9 67 42 32
9 68 27 64
9 69 28 85
9 70 38 83
9 71 49 35
9 72 49 19
9 73 19 65
9 74 98 46
9 75 62 45
9 76 47 94
9 77 46 71
9 78 83 28
9 79 20 61
9 80 4 47
9 81 82 87
9 82 15 40
9 83 83 60
9 84 24 61
9 85 42 66
9 86 56 85
9 87 54 23
9 88 2 13
9 89 56 54
9 90 87 14
9 91 93 60
9 92 70 92
9 93 82 15
9 94 98 90
9 95 30 64
9 96 68 33
9 97 45 8
9 98 6 33
9 99 76 15
10 11 85 73
10 12 72 13
10 13 85 33
10 14 74 14
10 15 59 27
10 16 38 75
10 17 75 41
10 18 16 66
10 19 8 16
10 20 36 29
10 21 19 42
10 22 62 81
10 23 48 93
10 24 92 58
10 25 77 43
10 26 29 20
10 27 88 22
10 28 13 57
10 29 56 12
10 30 22 57
10 31 65 31
10 32 74 34
10 33 42 58
10 34 40 83
10 35 49 9
10 36 70 71
10 37 31 15
10 38 1 53
10 39 25 79
10 40 11 74
10 41 33 15
10 42 79 32
10 43 20 17
10 44 40 84
10 45 16 14
10 46 7 4
10 47 50 50
10 48 23 58
10 49 40 47
10 50 12 43
10 51 75 19
10 52 47 43
10 53 92 10
10 54 58 60
10 55 37 5
10 56 9 27
10 57 1 52
10 58 3 3
10 59 27 4
10 60 30 52
10 61 36 74
10 62 8 83
10 63 22 61
10 64 20 38
10 65 42 38
10 66 38 65
10 67 79 53
10 68 95 93
10 69 89 60
10 70 86 29
10 71 96 86
10 72 54 35
10 73 39 8
10 74 70 50
10 75 90 79
10 76 15 38
10 77 52 86
10 78 52 70
10 79 39 66
10 80 53 21
10 81 7 56
10 82 78 94
10 83 11 83
10 84 1 2
10 85 5 24
10 86 61 33
10 87 79 57
10 88 59 85
10 89 5 60
10 90 44 15
10 91 7 38
10 92 31 44
10 93 23 66
10 94 6 66
10 95 0 27
10 96 48 71
10 97 87 58
10 98 97 65
10 99 74 86
11 12 7 82
11 13 83 9
11 14 98 14
11 15 7 4
11 16 49 94
11 17 95 59
11 18 34 85
11 19 82 37
11 20 92 32
11 21 16 16
11 22 92 40
11 23 75 52
11 24 72 50
11 25 61 64
11 26 53 77
11 27 52 8
11 28 62 84
11 29 45 68
11 30 81 56
11 31 30 26
11 32 97 12
11 33 27 36
11 34 28 23
11 35 31 89
11 36 60 15
11 37 20 74
11 38 14 11
11 39 88 19
11 40 30 78
11 41 38 14
11 42 85 18
11 43 80 77
11 44 4 44
11 45 58 56
11 46 50 16
11 47 28 88
11 48 89 85
11 49 66 9
11 50 42 4
11 51 9 61
11 52 85 23
11 53 62 39
11 54 16 53
11 55 18 31
11 56 30 54
11 57 5 39
11 58 97 41
11 59 66 37
11 60 59 21
11 61 57 67
11 62 91 11
11 63 58 66
11 64 86 87
11 65 1 80
11 66 35 62
11 67 50 45
11 68 64 87
11 69 93 47
11 70 26 90
11 71 92 17
11 72 30 22
11 73 25 5
11 74 59 30
11 75 36 41
11 76 14 38
11 77 44 37
11 78 54 63
11 79 35 48
11 80 51 63
11 81 46 41
11 82 28 4
11 83 84 69
11 84 77 25
11 85 22 8
11 86 39 27
11 87 57 24
11 88 83 37
11 89 13 44
11 90 14 46
11 91 44 9
11 92 62 47
11 93 59 27
11 94 95 29
11 95 54 7
11 96 39 26
11 97 86 31
11 98 44 48
11 99 79 93
12 13 83 39
12 14 84 46
12 15 73 38
12 16 80 39
12 17 32 50
12 18 88 52
12 19 84 72
12 20 35 65
12 21 83 45
12 22 85 48
12 23 75 44
12 24 5 14
12 25 21 9
12 26 52 75
12 27 81 41
12 28 87 31
12 29 91 60
12 30 33 77
12 31 71 78
12 32 89 39
12 33 0 4
12 34 17 32
12 35 85 74
12 36 68 32
12 37 25 15
12 38 51 89
12 39 1 4
12 40 15 59
12 41 79 30
12 42 38 23
12 43 70 69
12 44 60 39
12 45 92 38
12 46 38 4
12 47 80 71
12 48 51 17
12 49 40 91
12 50 31 26
12 51 60 85
12 52 10 3
12 53 67 46
12 54 6 25
12 55 33 77
12 56 69 27
12 57 66 20
12 58 7 61
12 59 79 52
12 60 72 14
12 61 21 67
12 62 98 34
12 63 91 61
12 64 2 66
12 65 47 18
12 66 13 31
12 67 67 85
12 68 36 79
12 69 71 50
12 70 72 83
12 71 56 7
12 72 2 31
12 73 48 33
12 74 64 72
12 75 11 5
12 76 81 51
12 77 13 83
12 78 88 22
12 79 57 33
12 80 61 85
12 81 30 30
12 82 25 91
12 83 57 28
12 84 93 55
12 85 39 51
12 86 29 38
12 87 32 46
12 88 15 36
12 89 86 59
12 90 23 81
12 91 0 88
12 92 39 57
12 93 36 8
12 94 86 42
12 95 89 22
12 96 94 10
12 97 14 63
12 98 18 77
12 99 41 23
13 14 54 53
13 15 31 86
13 16 27 89
13 17 46 74
13 18 36 53
13 19 60 47
13 20 30 62
13 21 28 88
13 22 66 23
13 23 35 58
13 24 92 57
13 25 98 95
13 26 84 47
13 27 76 19
13 28 31 57
13 29 43 74
13 30 50 88
13 31 83 39
13 32 73 10
13 33 36 92
13 34 60 76
13 35 66 71
13 36 57 78
13 37 71 63
13 38 45 61
13 39 66 90
13 40 22 11
13 41 8 1
13 42 38 87
13 43 32 44
13 44 29 37
13 45 85 70
13 46 30 32
13 47 92 49
13 48 18 54
13 49 45 79
13 50 32 78
13 51 11 69
13 52 10 41
13 53 96 57
13 54 4 73
13 55 28 85
13 56 64 23
13 57 99 60
13 58 9 41
13 59 25 79
13 60 92 79
13 61 60 29
13 62 13 82
13 63 24 67
13 64 30 31
13 65 91 61
13 66 74 64
13 67 37 35
13 68 49 26
13 69 58 58
13 70 29 55
13 71 85 40
13 72 33 26
13 73 13 76
13 74 56 10
13 75 94 35
13 76 10 71
13 77 37 81
13 78 66 95
13 79 17 25
13 80 35 7
13 81 52 7
13 82 80 58
13 83 29 24
13 84 97 65
13 85 87 14
13 86 28 59
13 87 85 53
13 88 57 39
13 89 53 54
13 90 1 35
13 91 92 45
13 92 86 77
13 93 98 98
13 94 51 5
13 95 75 9
13 96 63 50
13 97 89 74
13 98 89 28
13 99 15 8
14 15 24 25
14 16 45 78
14 17 65 23
14 18 17 6
14 19 14 40
14 20 13 58
14 21 8 75
14 22 10 87
14 23 55 83
14 24 11 50
14 25 95 76
14 26 43 13
14 27 8 2
14 28 70 57
14 29 59 86
14 30 73 43
14 31 99 43
14 32 66 61
14 33 57 53
14 34 32 44
14 35 42 63
14 36 91 55
14 37 70 34
14 38 65 9
14 39 77 23
14 40 55 29
14 41 75 70
14 42 1 26
14 43 23 92
14 44 30 17
14 45 38 33
14 46 71 70
14 47 74 78
14 48 14 26
14 49 8 5
14 50 72 47
14 51 19 32
14 52 59 42
14 53 0 16
14 54 0 62
14 55 68 78
14 56 1 76
14 57 42 26
14 58 0 0
14 59 44 38
14 60 34 49
14 61 46 23
14 62 78 46
14 63 96 97
14 64 59 47
14 65 99 29
14 66 59 15
14 67 29 81
14 68 81 15
14 69 80 51
14 70 3 2
14 71 6 48
14 72 63 86
14 73 78 30
14 74 73 43
14 75 80 25
14 76 36 49
14 77 14 85
14 78 88 21
14 79 72 52
14 80 75 81
14 81 69 17
14 82 76 23
14 83 53 72
14 84 2 2
14 85 23 64
14 86 84 34
14 87 87 88
14 88 74 11
14 89 46 10
14 90 48 88
14 91 13 87
14 92 89 26
14 93 53 53
14 94 2 32
14 95 96 67
14 96 35 78
14 97 78 43
14 98 55 22
14 99 46 83
15 16 33 19
15 17 20 57
15 18 11 72
15 19 71 30
15 20 79 70
15 21 7 21
15 22 36 25
15 23 3 28
15 24 23 91
15 25 85 50
15 26 61 79
15 27 25 62
15 28 49 8
15 29 8 47
15 30 55 59
15 31 94 68
15 32 47 13
15 33 99 51
15 34 38 88
15 35 36 41
15 36 43 13
15 37 5 73
15 38 37 73
15 39 29 57
15 40 33 19
15 41 53 57
15 42 85 55
15 43 65 8
15 44 72 46
15 45 60 56
15 46 77 18
15 47 56 22
15 48 17 47
15 49 73 73
15 50 93 75
15 51 58 69
15 52 74 14
15 53 78 41
15 54 75 49
15 55 87 43
15 56 0 7
15 57 75 75
15 58 39 73
15 59 40 89
15 60 86 78
15 61 33 82
15 62 74 89
15 63 58 27
15 64 85 96
15 65 91 9
15 66 15 10
15 67 99 47
15 68 50 17
15 69 5 90
15 70 94 64
15 71 50 50
15 72 26 72
15 73 8 86
15 74 60 95
15 75 56 92
15 76 55 91
15 77 34 76
15 78 51 16
15 79 22 59
15 80 22 18
15 81 44 33
15 82 45 86
15 83 1 5
15 84 90 18
15 85 88 81
15 86 82 79
15 87 72 76
15 88 35 3
15 89 9 22
15 90 36 5
15 91 0 86
15 92 37 55
15 93 19 26
15 94 7 29
15 95 86 91
15 96 46 10
15 97 4 56
15 98 57 44
15 99 57 39
16 17 8 18
16 18 5 28
16 19 97 26
16 20 11 86
16 21 56 48
16 22 91 58
16 23 74 8
16 24 60 77
16 25 84 29
16 26 98 27
16 27 23 48
16 28 83 73
16 29 22 36
16 30 85 42
16 31 74 38
16 32 79 41
16 33 89 24
16 34 87 58
16 35 45 55
16 36 99 21
16 37 60 31
16 38 62 43
16 39 7 85
16 40 32 80
16 41 56 45
16 42 88 72
16 43 14 24
16 44 80 59
16 45 91 83
16 46 5 38
16 47 80 92
16 48 23 66
16 49 40 59
16 50 29 86
16 51 1 55
16 52 12 64
16 53 54 71
16 54 2 63
16 55 17 82
16 56 82 44
16 57 97 46
16 58 84 17
16 59 28 25
16 60 50 26
16 61 36 53
16 62 60 25
16 63 2 37
16 64 49 76
16 65 91 12
16 66 71 66
16 67 91 77
16 68 10 3
16 69 91 19
16 70 41 89
16 71 92 52
16 72 2 31
16 73 58 45
16 74 75 9
16 75 34 4
16 76 26 11
16 77 58 78
16 78 9 58
16 79 3 34
16 80 80 84
16 81 70 75
16 82 74 9
16 83 4 27
16 84 15 62
16 85 11 55
16 86 8 81
16 87 89 66
16 88 52 11
16 89 80 69
16 90 3 58
16 91 72 57
16 92 24 3
16 93 18 27
16 94 58 22
16 95 93 62
16 96 14 1
16 97 93 37
16 98 20 7
16 99 7 63
17 18 44 81
17 19 73 18
17 20 85 30
17 21 84 68
17 22 27 33
17 23 90 72
17 24 8 72
17 25 8 75
17 26 46 61
17 27 33 77
17 28 72 47
17 29 43 61
17 30 18 16
17 31 70 64
17 32 4 65
17 33 35 74
17 34 76 89
17 35 34 49
17 36 0 63
17 37 25 7
17 38 90 17
17 39 0 24
17 40 27 4
17 41 95 40
17 42 22 89
17 43 68 72
17 44 25 43
17 45 8 81
17 46 10 88
17 47 52 70
17 48 41 19
17 49 22 61
17 50 68 59
17 51 64 83
17 52 95 40
17 53 89 65
17 54 35 4
17 55 43 51
17 56 22 42
17 57 17 28
17 58 61 79
17 59 28 8
17 60 60 34
17 61 77 89
17 62 49 72
17 63 81 92
17 64 8 68
17 65 6 56
17 66 10 43
17 67 20 65
17 68 62 43
17 69 25 39
17 70 12 7
17 71 48 58
17 72 31 26
17 73 82 82
17 74 70 43
17 75 21 40
17 76 45 33
17 77 50 82
17 78 91 85
17 79 9 89
17 80 27 9
17 81 12 23
17 82 31 77
17 83 78 80
17 84 43 19
17 85 61 16
17 86 77 8
17 87 12 64
17 88 84 32
17 89 54 84
17 90 51 58
17 91 36 52
17 92 86 68
17 93 51 67
17 94 13 52
17 95 79 47
17 96 57 75
17 97 55 71
17 98 97 40
17 99 42 61
18 19 18 68
18 20 36 86
18 21 46 27
18 22 78 94
18 23 16 10
18 24 29 61
18 25 40 24
18 26 94 11
18 27 42 57
18 28 75 95
18 29 2 33
18 30 51 90
18 31 34 67
18 32 82 33
18 33 75 80
18 34 55 24
18 35 84 48
18 36 39 57
18 37 34 60
18 38 52 16
18 39 49 30
18 40 74 31
18 41 64 7
18 42 6 33
18 43 51 82
18 44 12 24
18 45 69 22
18 46 80 87
18 47 0 31
18 48 26 20
18 49 1 86
18 50 44 16
18 51 90 13
18 52 88 13
18 53 15 17
18 54 88 96
18 55 37 53
18 56 2 73
18 57 78 29
18 58 9 88
18 59 68 13
18 60 59 28
18 61 32 12
18 62 22 54
18 63 12 44
18 64 78 51
18 65 73 19
18 66 83 42
18 67 46 15
18 68 99 30
18 69 93 39
18 70 78 78
18 71 28 15
18 72 8 12
18 73 24 5
18 74 27 48
18 75 31 27
18 76 5 87
18 77 29 39
18 78 5 69
18 79 59 25
18 80 93 62
18 81 50 56
18 82 21 32
18 83 96 26
18 84 89 21
18 85 90 29
18 86 36 57
18 87 29 62
18 88 47 69
18 89 0 66
18 90 57 65
18 91 75 72
18 92 89 24
18 93 21 51
18 94 83 89
18 95 55 12
18 96 9 4
18 97 28 61
18 98 60 18
18 99 3 79
19 20 52 83
19 21 84 44
19 22 29 8
19 23 93 78
19 24 2 41
19 25 83 77
19 26 67 67
19 27 58 30
19 28 88 51
19 29 61 22
19 30 38 13
19 31 12 14
19 32 32 71
19 33 20 21
19 34 73 71
19 35 81 91
19 36 35 65
19 37 70 44
19 38 16 72
19 39 21 46
19 40 84 97
19 41 63 16
19 42 34 88
19 43 87 12
19 44 43 4
19 45 86 93
19 46 71 72
19 47 7 73
19 48 24 17
19 49 81 38
19 50 82 70
19 51 80 78
19 52 58 48
19 53 47 83
19 54 39 40
19 55 38 28
19 56 27 50
19 57 73 69
19 58 35 9
19 59 2 19
19 60 35 43
19 61 74 39
19 62 30 84
19 63 36 38
19 64 11 48
19 65 30 13
19 66 75 60
19 67 82 23
19 68 19 29
19 69 6 87
19 70 62 36
19 71 72 75
19 72 1 32
19 73 82 77
19 74 4 53
19 75 10 55
19 76 85 30
19 77 2 70
19 78 68 9
19 79 7 29
19 80 1 39
19 81 33 19
19 82 83 73
19 83 11 17
19 84 64 9
19 85 82 29
19 86 3 5
19 87 54 53
19 88 9 66
19 89 4 4
19 90 40 92
19 91 53 15
19 92 16 21
19 93 62 60
19 94 25 8
19 95 18 75
19 96 71 39
19 97 60 9
19 98 67 63
19 99 13 15
20 21 3 50
20 22 0 84
20 23 77 31
20 24 33 57
20 25 53 25
20 26 39 15
20 27 3 89
20 28 30 14
20 29 23 74
20 30 50 73
20 31 19 84
20 32 30 17
20 33 18 78
20 34 66 36
20 35 85 43
20 36 41 63
20 37 17 51
20 38 14 68
20 39 88 28
20 40 49 15
20 41 1 46
20 42 85 40
20 43 53 64
20 44 22 77
20 45 56 24
20 46 79 13
20 47 10 35
20 48 20 86
20 49 69 17
20 50 26 54
20 51 4 78
20 52 6 17
20 53 35 80
20 54 66 72
20 55 34 50
20 56 92 57
20 57 80 64
20 58 3 71
20 59 90 18
20 60 66 74
20 61 81 41
20 62 54 88
20 63 18 3
20 64 89 40
20 65 35 39
20 66 40 89
20 67 47 80
20 68 72 21
20 69 31 65
20 70 11 30
20 71 62 36
20 72 87 71
20 73 71 88
20 74 66 11
20 75 96 40
20 76 15 16
20 77 4 82
20 78 73 51
20 79 42 54
20 80 79 91
20 81 13 27
20 82 47 25
20 83 87 16
20 84 68 50
20 85 58 76
20 86 90 30
20 87 57 93
20 88 39 54
20 89 41 22
20 90 51 42
20 91 37 65
20 92 80 32
20 93 33 36
20 94 16 79
20 95 19 53
20 96 76 85
20 97 29 64
20 98 25 14
20 99 36 25
21 22 95 59
21 23 11 8
21 24 49 48
21 25 95 59
21 26 20 85
21 27 92 45
21 28 7 66
21 29 80 65
21 30 16 25
21 31 90 58
21 32 42 38
21 33 53 16
21 34 38 44
21 35 41 15
21 36 52 24
21 37 39 75
21 38 59 33
21 39 4 24
21 40 31 12
21 41 79 30
21 42 89 61
21 43 13 88
21 44 90 44
21 45 98 74
21 46 73 90
21 47 30 38
21 48 89 25
21 49 28 8
21 50 75 65
21 51 55 23
21 52 5 60
21 53 22 20
21 54 16 58
21 55 37 63
21 56 79 94
21 57 64 92
21 58 85 76
21 59 49 56
21 60 36 52
21 61 65 88
21 62 24 27
21 63 57 60
21 64 18 6
21 65 43 24
21 66 77 95
21 67 70 22
21 68 62 39
21 69 12 39
21 70 26 82
21 71 34 92
21 72 16 56
21 73 60 82
21 74 82 38
21 75 71 67
21 76 27 40
21 77 23 19
21 78 88 95
21 79 14 13
21 80 29 6
21 81 7 12
21 82 4 8
21 83 26 26
21 84 96 40
21 85 29 21
21 86 63 22
21 87 79 35
21 88 40 83
21 89 33 36
21 90 7 46
21 91 98 48
21 92 73 70
21 93 55 37
21 94 3 0
21 95 35 29
21 96 94 59
21 97 58 48
21 98 96 15
21 99 72 14
22 23 99 49
22 24 1 24
22 25 15 8
22 26 55 73
22 27 84 59
22 28 84 56
22 29 25 19
22 30 38 4
22 31 43 16
22 32 31 10
22 33 15 91
22 34 26 41
22 35 72 50
22 36 57 29
22 37 8 88
22 38 22 12
22 39 28 72
22 40 90 13
22 41 87 43
22 42 61 63
22 43 44 63
22 44 43 32
22 45 58 77
22 46 61 67
22 47 8 2
22 48 3 64
22 49 80 59
22 50 35 37
22 51 25 82
22 52 47 21
22 53 74 24
22 54 6 85
22 55 43 9
22 56 2 24
22 57 37 54
22 58 34 48
22 59 77 44
22 60 91 43
22 61 15 37
22 62 93 88
22 63 55 85
22 64 17 37
22 65 6 34
22 66 95 14
22 67 42 77
22 68 54 32
22 69 54 94
22 70 72 11
22 71 96 50
22 72 16 13
22 73 92 47
22 74 69 23
22 75 90 78
22 76 15 25
22 77 4 10
22 78 67 32
22 79 6 7
22 80 3 36
22 81 93 85
22 82 1 50
22 83 76 48
22 84 91 43
22 85 53 71
22 86 7 16
22 87 53 61
22 88 30 65
22 89 73 55
22 90 57 28
22 91 76 92
22 92 44 68
22 93 55 10
22 94 64 48
22 95 89 47
22 96 36 32
22 97 0 16
22 98 24 20
22 99 63 78
23 24 71 81
23 25 21 75
23 26 9 17
23 27 51 32
23 28 40 45
23 29 47 36
23 30 60 76
23 31 97 36
23 32 62 27
23 33 21 29
23 34 81 90
23 35 46 51
23 36 9 14
23 37 72 11
23 38 11 79
23 39 18 24
23 40 47 76
23 41 4 77
23 42 44 46
23 43 97 51
23 44 37 84
23 45 21 14
23 46 25 81
23 47 94 41
23 48 83 63
23 49 58 79
23 50 7 76
23 51 67 82
23 52 39 35
23 53 46 43
23 54 53 86
23 55 33 7
23 56 5 50
23 57 80 55
23 58 8 40
23 59 31 31
23 60 96 51
23 61 63 13
23 62 31 45
23 63 61 61
23 64 75 88
23 65 54 76
23 66 45 23
23 67 57 75
23 68 63 35
23 69 75 85
23 70 11 36
23 71 19 62
23 72 3 85
23 73 9 86
23 74 33 28
23 75 13 32
23 76 69 41
23 77 28 4
23 78 84 88
23 79 20 5
23 80 94 53
23 81 15 80
23 82 50 86
23 83 39 70
23 84 28 7
23 85 71 12
23 86 2 31
23 87 25 61
23 88 21 3
23 89 99 38
23 90 90 93
23 91 91 28
23 92 67 65
23 93 47 56
23 94 95 40
23 95 85 26
23 96 73 79
23 97 4 6
23 98 36 48
23 99 33 63
24 25 69 78
24 26 57 49
24 27 14 3
24 28 45 36
24 29 60 10
24 30 91 64
24 31 51 76
24 32 10 36
24 33 97 56
24 34 98 16
24 35 30 22
24 36 90 63
24 37 93 30
24 38 88 39
24 39 17 49
24 40 7 16
24 41 31 92
24 42 91 37
24 43 12 51
24 44 15 55
24 45 0 89
24 46 57 65
24 47 78 15
24 48 30 12
24 49 61 67
24 50 66 89
24 51 31 11
24 52 29 7
24 53 66 7
24 54 77 54
24 55 97 37
24 56 95 24
24 57 28 9
24 58 11 88
24 59 91 63
24 60 26 22
24 61 9 36
24 62 91 19
24 63 82 74
24 64 79 39
24 65 82 59
24 66 21 72
24 67 87 19
24 68 73 40
24 69 68 34
24 70 89 45
24 71 45 62
24 72 67 82
24 73 45 82
24 74 91 80
24 75 22 64
24 76 36 55
24 77 93 62
24 78 70 67
24 79 97 35
24 80 36 14
24 81 54 59
24 82 82 77
24 83 50 17
24 84 25 78
24 85 83 31
24 86 21 24
24 87 35 31
24 88 54 5
24 89 88 67
24 90 30 70
24 91 6 39
24 92 26 68
24 93 80 41
24 94 51 7
24 95 20 8
24 96 68 58
24 97 17 30
24 98 55 37
24 99 55 42
25 26 84 73
25 27 33 59
25 28 48 10
25 29 96 54
25 30 21 29
25 31 16 74
25 32 2 43
25 33 17 84
25 34 55 58
25 35 84 35
25 36 3 3
25 37 47 73
25 38 71 69
25 39 58 48
25 40 58 40
25 41 97 83
25 42 59 19
25 43 63 94
25 44 47 14
25 45 63 44
25 46 2 61
25 47 95 95
25 48 47 92
25 49 85 11
25 50 91 47
25 51 15 70
25 52 78 10
25 53 49 72
25 54 45 78
25 55 23 75
25 56 38 20
25 57 74 47
25 58 65 64
25 59 60 54
25 60 54 31
25 61 70 86
25 62 23 15
25 63 16 34
25 64 67 65
25 65 31 92
25 66 93 23
25 67 56 66
25 68 66 30
25 69 96 33
25 70 3 28
25 71 46 68
25 72 23 36
25 73 94 80
25 74 22 30
25 75 53 33
25 76 52 85
25 77 22 89
25 78 57 83
25 79 5 39
25 80 51 54
25 81 88 87
25 82 30 19
25 83 55 82
25 84 13 26
25 85 49 72
25 86 88 31
25 87 66 48
25 88 59 37
25 89 32 26
25 90 45 80
25 91 54 33
25 92 28 34
25 93 92 46
25 94 63 39
25 95 8 85
25 96 58 51
25 97 9 63
25 98 15 61
25 99 45 63
26 27 92 17
26 28 62 41
26 29 0 86
26 30 30 40
26 31 47 75
26 32 73 72
26 33 60 60
26 34 62 80
26 35 1 14
26 36 33 49
26 37 65 13
26 38 48 58
26 39 71 15
26 40 63 68
26 41 81 26
26 42 37 9
26 43 82 20
26 44 4 14
26 45 69 15
26 46 38 65
26 47 41 88
26 48 25 47
26 49 44 43
26 50 26 21
26 51 65 74
26 52 24 54
26 53 10 27
26 54 84 66
26 55 53 42
26 56 34 29
26 57 72 65
26 58 60 20
26 59 61 85
26 60 75 30
26 61 34 49
26 62 84 11
26 63 99 85
26 64 40 69
26 65 69 93
26 66 87 17
26 67 28 44
26 68 59 24
26 69 27 22
26 70 4 81
26 71 53 81
26 72 56 13
26 73 49 46
26 74 17 39
26 75 62 86
26 76 55 16
26 77 35 69
26 78 42 14
26 79 2 14
26 80 58 34
26 81 39 66
26 82 9 58
26 83 92 48
26 84 0 26
26 85 17 29
26 86 96 64
26 87 73 68
26 88 18 50
26 89 95 50
26 90 64 45
26 91 2 77
26 92 42 87
26 93 69 29
26 94 83 39
26 95 24 81
26 96 62 85
26 97 84 58
26 98 20 7
26 99 28 78
27 28 36 51
27 29 48 88
27 30 19 79
27 31 5 69
27 32 55 35
27 33 87 39
27 34 63 64
27 35 38 92
27 36 49 11
27 37 38 79
27 38 6 37
27 39 13 77
27 40 97 27
27 41 70 62
27 42 22 16
27 43 56 68
27 44 88 21
27 45 17 86
27 46 14 34
27 47 99 96
27 48 68 94
27 49 85 74
27 50 54 58
27 51 15 89
27 52 39 36
27 53 8 66
27 54 47 62
27 55 18 24
27 56 7 54
27 57 33 61
27 58 26 27
27 59 22 14
27 60 69 96
27 61 88 11
27 62 83 47
27 63 10 6
27 64 57 74
27 65 86 68
27 66 35 35
27 67 55 40
27 68 84 14
27 69 28 63
27 70 0 61
27 71 98 80
27 72 93 48
27 73 6 81
27 74 95 95
27 75 47 60
27 76 80 25
27 77 8 60
27 78 31 62
27 79 16 22
27 80 51 69
27 81 89 43
27 82 45 11
27 83 58 77
27 84 38 88
27 85 29 45
27 86 52 24
27 87 14 76
27 88 47 23
27 89 79 17
27 90 32 92
27 91 76 60
27 92 98 41
27 93 83 75
27 94 41 20
27 95 31 60
27 96 37 17
27 97 95 44
27 98 61 49
27 99 20 48
28 29 98 78
28 30 98 96
28 31 16 81
28 32 47 58
28 33 96 55
28 34 61 45
28 35 88 88
28 36 58 76
28 37 79 15
28 38 83 93
28 39 86 65
28 40 39 30
28 41 31 72
28 42 8 68
28 43 28 7
28 44 30 21
28 45 43 79
28 46 21 78
28 47 77 37
28 48 59 59
28 49 48 48
28 50 74 90
28 51 15 83
28 52 70 64
28 53 21 78
28 54 11 79
28 55 71 22
28 56 37 56
28 57 7 67
28 58 41 21
28 59 59 23
28 60 62 51
28 61 46 81
28 62 29 70
28 63 57 24
28 64 28 3
28 65 2 8
28 66 69 90
28 67 86 23
28 68 34 43
28 69 96 99
28 70 58 79
28 71 59 30
28 72 30 5
28 73 81 83
28 74 41 71
28 75 39 46
28 76 21 3
28 77 7 2
28 78 75 69
28 79 85 36
28 80 85 53
28 81 49 54
28 82 94 32
28 83 89 74
28 84 57 19
28 85 7 1
28 86 12 4
28 87 10 80
28 88 6 88
28 89 44 45
28 90 82 16
28 91 82 59
28 92 92 88
28 93 41 40
28 94 87 51
28 95 57 64
28 96 55 16
28 97 48 63
28 98 25 74
28 99 20 80
29 30 29 81
29 31 11 34
29 32 25 15
29 33 0 42
29 34 20 3
29 35 25 3
29 36 55 55
29 37 31 62
29 38 60 22
29 39 19 30
29 40 93 12
29 41 67 65
29 42 92 81
29 43 62 66
29 44 68 94
29 45 65 46
29 46 63 89
29 47 73 49
29 48 6 21
29 49 68 62
29 50 5 35
29 51 97 68
29 52 27 17
29 53 88 55
29 54 22 20
29 55 17 65
29 56 29 83
29 57 14 68
29 58 21 82
29 59 76 40
29 60 99 23
29 61 20 83
29 62 52 12
29 63 19 24
29 64 21 85
29 65 81 91
29 66 22 25
29 67 2 7
29 68 50 62
29 69 27 29
29 70 54 25
29 71 24 15
29 72 4 50
29 73 88 72
29 74 38 91
29 75 23 18
29 76 8 74
29 77 57 15
29 78 41 43
29 79 69 63
29 80 9 29
29 81 65 20
29 82 36 23
29 83 47 22
29 84 89 15
29 85 83 11
29 86 46 38
29 87 10 71
29 88 87 71
29 89 0 22
29 90 26 40
29 91 63 53
29 92 33 92
29 93 89 90
29 94 49 50
29 95 35 69
29 96 29 2
29 97 53 54
29 98 9 17
29 99 49 87
30 31 99 47
30 32 14 40
30 33 18 67
30 34 16 59
30 35 97 10
30 36 99 31
30 37 45 73
30 38 45 21
30 39 55 23
30 40 18 19
30 41 2 7
30 42 18 13
30 43 31 4
30 44 78 56
30 45 5 77
30 46 4 75
30 47 56 91
30 48 8 77
30 49 71 78
30 50 31 91
30 51 91 38
30 52 76 90
30 53 50 25
30 54 46 68
30 55 55 39
30 56 25 43
30 57 91 37
30 58 83 58
30 59 54 31
30 60 13 5
30 61 10 27
30 62 43 54
30 63 28 42
30 64 83 13
30 65 24 80
30 66 49 21
30 67 57 54
30 68 94 82
30 69 6 6
30 70 48 69
30 71 39 90
30 72 80 45
30 73 90 95
30 74 1 38
30 75 90 95
30 76 65 94
30 77 27 88
30 78 36 79
30 79 97 56
30 80 84 75
30 81 27 50
30 82 18 50
30 83 35 65
30 84 27 70
30 85 40 10
30 86 32 80
30 87 27 54
30 88 17 70
30 89 87 97
30 90 89 13
30 91 39 58
30 92 46 65
30 93 54 33
30 94 91 72
30 95 40 32
30 96 27 3
30 97 99 16
30 98 15 42
30 99 68 66
31 32 65 34
31 33 55 82
31 34 77 41
31 35 12 40
31 36 49 37
31 37 91 16
31 38 28 15
31 39 25 86
31 40 11 55
31 41 21 29
31 42 53 72
31 43 91 98
31 44 63 8
31 45 87 74
31 46 99 15
31 47 27 16
31 48 10 10
31 49 81 93
31 50 68 58
31 51 88 57
31 52 27 77
31 53 77 16
31 54 76 85
31 55 72 86
31 56 18 60
31 57 5 80
31 58 75 29
31 59 55 27
31 60 45 77
31 61 59 8
31 62 66 88
31 63 32 74
31 64 12 45
31 65 84 40
31 66 61 24
31 67 93 61
31 68 70 15
31 69 21 60
31 70 72 72
31 71 35 25
31 72 30 85
31 73 11 4
31 74 71 87
31 75 71 69
31 76 1 51
31 77 60 95
31 78 75 26
31 79 57 18
31 80 86 68
31 81 32 24
31 82 82 70
31 83 65 25
31 84 57 90
31 85 35 50
31 86 73 88
31 87 87 76
31 88 86 94
31 89 43 73
31 90 16 6
31 91 48 23
31 92 0 18
31 93 38 16
31 94 95 29
31 95 83 58
31 96 86 85
31 97 67 12
31 98 18 83
31 99 10 60
32 33 64 20
32 34 53 33
32 35 12 5
32 36 72 55
32 37 45 12
32 38 2 3
32 39 14 12
32 40 83 32
32 41 71 54
32 42 52 47
32 43 84 63
32 44 53 90
32 45 91 29
32 46 81 25
32 47 89 25
32 48 71 30
32 49 64 43
32 50 39 23
32 51 86 47
32 52 90 17
32 53 96 60
32 54 19 91
32 55 8 89
32 56 63 21
32 57 25 85
32 58 87 52
32 59 34 32
32 60 53 74
32 61 9 27
32 62 23 84
32 63 4 41
32 64 17 7
32 65 15 20
32 66 11 50
32 67 78 76
32 68 62 21
32 69 65 71
32 70 2 16
32 71 55 19
32 72 96 25
32 73 80 27
32 74 89 22
32 75 77 12
32 76 35 81
32 77 46 86
32 78 98 90
32 79 65 47
32 80 10 88
32 81 74 92
32 82 43 52
32 83 8 32
32 84 65 19
32 85 35 60
32 86 24 89
32 87 97 36
32 88 78 74
32 89 56 61
32 90 66 51
32 91 60 36
32 92 49 77
32 93 56 82
32 94 86 22
32 95 57 71
32 96 83 27
32 97 77 46
32 98 16 77
32 99 65 10
33 34 89 64
33 35 90 67
33 36 23 10
33 37 85 71
33 38 57 80
33 39 27 59
33 40 73 47
33 41 29 6
33 42 42 25
33 43 12 78
33 44 3 20
33 45 26 92
33 46 57 8
33 47 38 29
33 48 79 89
33 49 45 15
33 50 71 75
33 51 82 56
33 52 75 88
33 53 29 40
33 54 0 25
33 55 55 77
33 56 55 51
33 57 48 36
33 58 91 48
33 59 72 64
33 60 47 55
33 61 99 42
33 62 6 84
33 63 85 78
33 64 1 58
33 65 45 62
33 66 6 84
33 67 7 8
33 68 36 74
33 69 50 14
33 70 76 85
33 71 88 32
33 72 15 2
33 73 1 81
33 74 56 78
33 75 85 53
33 76 14 88
33 77 1 61
33 78 83 84
33 79 41 83
33 80 20 34
33 81 92 91
33 82 39 30
33 83 38 9
33 84 19 31
33 85 81 65
33 86 82 65
33 87 75 37
33 88 11 11
33 89 80 85
33 90 56 69
33 91 85 52
33 92 67 16
33 93 9 70
33 94 96 14
33 95 31 51
33 96 58 32
33 97 85 19
33 98 18 89
33 99 94 79
34 35 66 67
34 36 8 49
34 37 10 36
34 38 88 20
34 39 44 29
34 40 32 4
34 41 40 64
34 42 82 73
34 43 58 20
34 44 53 18
34 45 7 59
34 46 43 14
34 47 51 90
34 48 73 57
34 49 47 63
34 50 92 17
34 51 90 94
34 52 23 85
34 53 68 95
34 54 35 46
34 55 6 80
34 56 36 75
34 57 13 70
34 58 2 29
34 59 14 19
34 60 45 41
34 61 26 55
34 62 16 91
34 63 0 62
34 64 97 68
34 65 1 59
34 66 79 18
34 67 38 16
34 68 91 36
34 69 25 72
34 70 86 24
34 71 5 17
34 72 23 85
34 73 22 80
34 74 61 51
34 75 92 39
34 76 25 46
34 77 1 82
34 78 72 21
34 79 12 15
34 80 68 58
34 81 32 9
34 82 94 87
34 83 78 24
34 84 53 71
34 85 53 65
34 86 86 8
34 87 87 51
34 88 71 52
34 89 40 38
34 90 9 60
34 91 23 26
34 92 9 82
34 93 82 71
34 94 44 21
34 95 92 87
34 96 26 53
34 97 26 70
34 98 30 19
34 99 31 8
35 36 54 13
35 37 86 56
35 38 31 36
35 39 13 34
35 40 54 15
35 41 16 9
35 42 90 87
35 43 3 69
35 44 55 48
35 45 19 3
35 46 7 2
35 47 89 62
35 48 96 31
35 49 23 17
35 50 48 61
35 51 26 82
35 52 9 20
35 53 84 26
35 54 39 91
35 55 44 77
35 56 40 86
35 57 36 89
35 58 55 37
35 59 7 82
35 60 73 92
35 61 0 50
35 62 78 65
35 63 34 69
35 64 95 63
35 65 90 59
35 66 52 44
35 67 34 47
35 68 24 7
35 69 53 95
35 70 35 22
35 71 25 28
35 72 38 32
35 73 66 58
35 74 12 61
35 75 32 4
35 76 44 94
35 77 57 67
35 78 61 65
35 79 50 34
35 80 49 54
35 81 7 7
35 82 49 32
35 83 86 41
35 84 2 40
35 85 36 9
35 86 33 54
35 87 32 81
35 88 71 79
35 89 3 44
35 90 37 83
35 91 46 14
35 92 30 39
35 93 69 63
35 94 96 34
35 95 8 88
35 96 94 95
35 97 7 26
35 98 82 79
35 99 43 38
36 37 44 66
36 38 22 19
36 39 0 29
36 40 19 5
36 41 44 74
36 42 88 78
36 43 82 92
36 44 72 28
36 45 16 6
36 46 74 65
36 47 98 51
36 48 36 62
36 49 98 93
36 50 31 43
36 51 24 33
36 52 79 25
36 53 33 10
36 54 20 39
36 55 72 38
36 56 61 11
36 57 90 12
36 58 97 62
36 59 28 28
36 60 14 6
36 61 25 82
36 62 57 26
36 63 18 40
36 64 2 23
36 65 19 91
36 66 50 60
36 67 40 28
36 68 32 45
36 69 49 78
36 70 91 30
36 71 79 22
36 72 56 78
36 73 11 5
36 74 26 30
36 75 74 26
36 76 71 70
36 77 94 60
36 78 39 86
36 79 45 86
36 80 9 88
36 81 62 36
36 82 30 60
36 83 92 36
36 84 82 78
36 85 19 88
36 86 78 88
36 87 18 49
36 88 32 76
36 89 15 14
36 90 97 86
36 91 91 76
36 92 23 8
36 93 50 35
36 94 90 51
36 95 46 26
36 96 38 16
36 97 16 8
36 98 21 64
36 99 84 70
37 38 56 70
37 39 27 40
37 40 76 60
37 41 62 56
37 42 94 15
37 43 99 91
37 44 52 75
37 45 23 25
37 46 7 12
37 47 45 56
37 48 82 29
37 49 26 11
37 50 42 34
37 51 59 34
37 52 69 65
37 53 56 18
37 54 38 26
37 55 94 74
37 56 43 76
37 57 17 74
37 58 31 39
37 59 83 55
37 60 64 21
37 61 98 13
37 62 34 44
37 63 65 38
37 64 35 3
37 65 84 95
37 66 28 5
37 67 89 35
37 68 52 18
37 69 72 63
37 70 77 41
37 71 44 85
37 72 35 45
37 73 44 8
37 74 73 46
37 75 72 39
37 76 65 90
37 77 59 79
37 78 1 76
37 79 71 24
37 80 97 62
37 81 21 79
37 82 2 17
37 83 9 52
37 84 0 47
37 85 12 82
37 86 40 86
37 87 26 82
37 88 88 63
37 89 58 69
37 90 19 30
37 91 36 83
37 92 8 69
37 93 69 19
37 94 84 83
37 95 89 68
37 96 69 80
37 97 52 74
37 98 29 27
37 99 51 54
38 39 92 23
38 40 29 25
38 41 6 30
38 42 58 63
38 43 31 38
38 44 98 42
38 45 30 81
38 46 93 32
38 47 47 54
38 48 93 68
38 49 2 77
38 50 71 30
38 51 21 32
38 52 55 10
38 53 83 40
38 54 4 20
38 55 32 23
38 56 7 42
38 57 55 90
38 58 65 60
38 59 96 33
38 60 66 52
38 61 14 74
38 62 47 12
38 63 35 32
38 64 63 89
38 65 19 76
38 66 75 34
38 67 81 24
38 68 69 16
38 69 90 10
38 70 36 87
38 71 37 92
38 72 0 15
38 73 83 46
38 74 18 15
38 75 4 19
38 76 70 75
38 77 11 44
38 78 74 61
38 79 53 64
38 80 50 45
38 81 37 51
38 82 34 69
38 83 99 66
38 84 13 16
38 85 83 41
38 86 39 20
38 87 91 90
38 88 94 23
38 89 13 67
38 90 45 22
38 91 56 56
38 92 61 81
38 93 8 47
38 94 33 74
38 95 99 47
38 96 25 26
38 97 88 14
38 98 69 50
38 99 37 15
39 40 84 95
39 41 45 72
39 42 58 31
39 43 25 31
39 44 28 66
39 45 86 40
39 46 2 19
39 47 49 14
39 48 36 7
39 49 40 39
39 50 13 4
39 51 7 55
39 52 59 45
39 53 3 51
39 54 39 69
39 55 80 18
39 56 9 30
39 57 67 15
39 58 45 93
39 59 38 25
39 60 58 91
39 61 51 82
39 62 74 58
39 63 87 17
39 64 0 11
39 65 45 74
39 66 22 65
39 67 57 83
39 68 38 29
39 69 36 72
39 70 87 19
39 71 76 49
39 72 49 94
39 73 62 8
39 74 43 36
39 75 18 27
39 76 75 21
39 77 15 73
39 78 88 9
39 79 31 14
39 80 83 49
39 81 59 94
39 82 67 26
39 83 66 53
39 84 60 27
39 85 89 33
39 86 33 20
39 87 0 29
39 88 61 29
39 89 59 7
39 90 33 62
39 91 42 28
39 92 38 45
39 93 95 69
39 94 99 54
39 95 52 10
39 96 99 77
39 97 61 63
39 98 96 12
39 99 44 8
40 41 40 16
40 42 72 58
40 43 17 56
40 44 25 90
40 45 57 36
40 46 58 76
40 47 46 57
40 48 97 89
40 49 25 91
40 50 20 81
40 51 11 5
40 52 84 32
40 53 97 73
40 54 18 61
40 55 15 36
40 56 47 20
40 57 5 42
40 58 21 52
40 59 97 59
40 60 94 79
40 61 71 33
40 62 62 6
40 63 8 12
40 64 50 83
40 65 82 67
40 66 5 23
40 67 70 57
40 68 78 20
40 69 89 27
40 70 0 74
40 71 56 12
40 72 97 15
40 73 95 15
40 74 68 48
40 75 42 68
40 76 73 63
40 77 21 41
40 78 33 38
40 79 5 58
40 80 64 64
40 81 30 46
40 82 14 63
40 83 1 7
40 84 88 18
40 85 95 80
40 86 37 67
40 87 61 93
40 88 73 64
40 89 94 32
40 90 22 15
40 91 52 72
40 92 55 39
40 93 94 11
40 94 78 37
40 95 57 58
40 96 14 79
40 97 55 73
40 98 50 78
40 99 77 16
41 42 26 20
41 43 96 87
41 44 44 93
41 45 68 63
41 46 63 69
41 47 97 78
41 48 14 46
41 49 88 48
41 50 39 92
41 51 2 11
41 52 81 87
41 53 43 62
41 54 16 29
41 55 14 27
41 56 39 38
41 57 80 81
41 58 31 55
41 59 32 36
41 60 44 87
41 61 40 39
41 62 14 84
41 63 90 74
41 64 19 25
41 65 58 41
41 66 0 71
41 67 24 6
41 68 87 35
41 69 4 80
41 70 30 72
41 71 15 62
41 72 37 5
41 73 22 2
41 74 67 60
41 75 16 21
41 76 37 35
41 77 95 92
41 78 87 85
41 79 28 7
41 80 7 69
41 81 62 26
41 82 97 88
41 83 92 91
41 84 92 48
41 85 13 1
41 86 68 12
41 87 97 10
41 88 81 9
41 89 51 49
41 90 40 64
41 91 92 92
41 92 48 16
41 93 22 85
41 94 6 17
41 95 18 20
41 96 17 6
41 97 3 37
41 98 1 60
41 99 98 90
42 43 99 69
42 44 33 69
42 45 19 73
42 46 92 25
42 47 76 80
42 48 39 81
42 49 96 77
42 50 86 40
42 51 5 6
42 52 39 92
42 53 19 26
42 54 50 10
42 55 97 90
42 56 55 92
42 57 18 40
42 58 79 76
42 59 52 54
42 60 3 76
42 61 31 33
42 62 18 5
42 63 14 70
42 64 60 30
42 65 49 76
42 66 29 76
42 67 23 27
42 68 37 77
42 69 91 17
42 70 0 6
42 71 71 94
42 72 3 26
42 73 96 58
42 74 48 62
42 75 94 34
42 76 53 56
42 77 16 44
42 78 61 84
42 79 25 4
42 80 6 55
42 81 91 19
42 82 85 29
42 83 27 28
42 84 36 6
42 85 64 93
42 86 8 35
42 87 22 81
42 88 26 77
42 89 0 66
42 90 95 40
42 91 16 8
42 92 94 35
42 93 48 92
42 94 91 97
42 95 86 95
42 96 80 72
42 97 4 49
42 98 80 36
42 99 47 90
43 44 95 31
43 45 26 46
43 46 11 28
43 47 53 52
43 48 48 47
43 49 45 81
43 50 39 69
43 51 82 72
43 52 92 24
43 53 30 89
43 54 20 52
43 55 71 74
43 56 74 16
43 57 14 73
43 58 18 61
43 59 23 6
43 60 94 67
43 61 40 80
43 62 83 11
43 63 50 21
43 64 41 62
43 65 53 39
43 66 2 32
43 67 82 14
43 68 43 90
43 69 76 72
43 70 66 66
43 71 94 57
43 72 65 83
43 73 58 20
43 74 22 9
43 75 52 18
43 76 76 67
43 77 4 41
43 78 90 55
43 79 82 43
43 80 25 32
43 81 59 89
43 82 65 60
43 83 38 51
43 84 5 60
43 85 89 59
43 86 61 8
43 87 94 28
43 88 3 75
43 89 7 68
43 90 27 48
43 91 60 71
43 92 45 24
43 93 65 39
43 94 70 59
43 95 2 73
43 96 14 83
43 97 8 41
43 98 66 62
43 99 33 38
44 45 84 74
44 46 85 66
44 47 31 83
44 48 88 83
44 49 14 20
44 50 31 29
44 51 93 16
44 52 77 62
44 53 85 82
44 54 10 39
44 55 33 89
44 56 79 39
44 57 8 51
44 58 86 81
44 59 52 86
44 60 10 47
44 61 50 68
44 62 35 9
44 63 57 50
44 64 22 26
44 65 36 14
44 66 27 6
44 67 57 33
44 68 69 85
44 69 31 59
44 70 12 43
44 71 16 83
44 72 58 35
44 73 45 16
44 74 45 39
44 75 91 52
44 76 67 22
44 77 59 34
44 78 98 12
44 79 73 50
44 80 97 65
44 81 4 3
44 82 86 98
44 83 20 74
44 84 93 75
44 85 14 15
44 86 18 55
44 87 84 64
44 88 20 46
44 89 14 41
44 90 17 60
44 91 40 18
44 92 33 19
44 93 32 50
44 94 94 96
44 95 42 81
44 96 11 37
44 97 30 59
44 98 55 63
44 99 58 47
45 46 68 14
45 47 99 83
45 48 68 39
45 49 32 41
45 50 38 6
45 51 31 87
45 52 4 45
45 53 22 3
45 54 47 42
45 55 77 30
45 56 84 97
45 57 67 91
45 58 30 42
45 59 58 19
45 60 73 42
45 61 67 44
45 62 55 40
45 63 56 23
45 64 54 27
45 65 70 50
45 66 18 37
45 67 16 28
45 68 5 58
45 69 18 68
45 70 88 50
45 71 10 1
45 72 27 90
45 73 50 44
45 74 9 81
45 75 60 61
45 76 63 28
45 77 84 74
45 78 25 13
45 79 53 77
45 80 2 54
45 81 9 67
45 82 9 32
45 83 3 75
45 84 16 73
45 85 95 44
45 86 17 48
45 87 68 52
45 88 16 44
45 89 91 66
45 90 51 67
45 91 71 78
45 92 18 43
45 93 47 47
45 94 15 52
45 95 75 15
45 96 97 48
45 97 1 58
45 98 3 13
45 99 9 75
46 47 36 76
46 48 74 21
46 49 33 86
46 50 40 47
46 51 45 31
46 52 58 19
46 53 40 40
46 54 53 66
46 55 82 21
46 56 53 7
46 57 19 79
46 58 81 43
46 59 51 9
46 60 36 45
46 61 40 32
46 62 80 33
46 63 51 71
46 64 70 76
46 65 6 16
46 66 76 90
46 67 72 69
46 68 45 18
46 69 67 36
46 70 57 67
46 71 64 89
46 72 1 87
46 73 45 30
46 74 93 34
46 75 48 63
46 76 12 77
46 77 95 67
46 78 34 79
46 79 4 72
46 80 37 87
46 81 73 76
46 82 59 49
46 83 53 51
46 84 95 86
46 85 40 27
46 86 71 7
46 87 40 59
46 88 68 94
46 89 37 62
46 90 96 42
46 91 82 91
46 92 37 69
46 93 40 72
46 94 42 25
46 95 14 46
46 96 61 78
46 97 61 43
46 98 85 50
46 99 79 51
47 48 10 61
47 49 36 66
47 50 21 44
47 51 67 41
47 52 20 30
47 53 72 93
47 54 72 44
47 55 33 10
47 56 50 59
47 57 58 92
47 58 61 79
47 59 96 61
47 60 36 50
47 61 42 33
47 62 65 48
47 63 2 87
47 64 94 36
47 65 12 23
47 66 96 74
47 67 17 55
47 68 10 44
47 69 73 64
47 70 88 22
47 71 92 90
47 72 26 53
47 73 33 41
47 74 26 89
47 75 66 50
47 76 16 75
47 77 61 88
47 78 81 82
47 79 85 72
47 80 11 71
47 81 80 48
47 82 61 36
47 83 73 26
47 84 89 19
47 85 81 56
47 86 85 37
47 87 49 13
47 88 33 32
47 89 97 25
47 90 39 11
47 91 94 12
47 92 5 59
47 93 38 48
47 94 95 10
47 95 71 79
47 96 78 34
47 97 13 84
47 98 93 57
47 99 29 41
48 49 95 38
48 50 78 36
48 51 71 96
48 52 2 29
48 53 3 72
48 54 1 14
48 55 63 78
48 56 4 44
48 57 88 19
48 58 95 76
48 59 11 18
48 60 46 19
48 61 83 17
48 62 82 67
48 63 16 11
48 64 76 96
48 65 44 91
48 66 4 47
48 67 5 50
48 68 82 32
48 69 31 13
48 70 92 16
48 71 60 21
48 72 41 70
48 73 72 36
48 74 51 60
48 75 47 16
48 76 42 62
48 77 47 83
48 78 58 44
48 79 4 15
48 80 80 82
48 81 65 29
48 82 31 42
48 83 79 11
48 84 14 69
48 85 36 72
48 86 10 19
48 87 40 16
48 88 14 16
48 89 30 5
48 90 97 60
48 91 63 9
48 92 11 39
48 93 23 43
48 94 15 21
48 95 66 29
48 96 18 84
48 97 78 83
48 98 50 54
48 99 17 72
49 50 10 83
49 51 23 12
49 52 17 46
49 53 32 46
49 54 41 39
49 55 96 88
49 56 44 67
49 57 27 27
49 58 95 24
49 59 5 38
49 60 61 80
49 61 45 83
49 62 22 90
49 63 22 28
49 64 26 48
49 65 47 36
49 66 22 80
49 67 63 6
49 68 9 79
49 69 76 82
49 70 92 84
49 71 56 8
49 72 31 31
49 73 28 41
49 74 69 65
49 75 71 71
49 76 0 0
49 77 75 14
49 78 74 81
49 79 48 72
49 80 13 2
49 81 81 12
49 82 76 49
49 83 13 26
49 84 26 50
49 85 56 58
49 86 99 31
49 87 98 77
49 88 82 78
49 89 47 67
49 90 97 62
49 91 95 32
49 92 86 59
49 93 92 51
49 94 36 17
49 95 43 47
49 96 61 33
49 97 13 23
49 98 63 34
49 99 19 14
50 51 60 59
50 52 76 30
50 53 26 22
50 54 40 83
50 55 47 60
50 56 16 34
50 57 20 33
50 58 59 36
50 59 10 53
50 60 46 28
50 61 18 81
50 62 37 49
50 63 87 47
50 64 44 41
50 65 20 72
50 66 44 68
50 67 72 13
50 68 3 65
50 69 35 17
50 70 50 45
50 71 98 49
50 72 75 11
50 73 76 96
50 74 89 73
50 75 7 62
50 76 64 72
50 77 5 10
50 78 92 23
50 79 38 79
50 80 6 38
50 81 16 10
50 82 29 85
50 83 20 13
50 84 18 42
50 85 61 21
50 86 98 24
50 87 45 31
50 88 23 54
50 89 90 66
50 90 59 91
50 91 74 29
50 92 55 10
50 93 39 48
50 94 14 48
50 95 24 53
50 96 91 14
50 97 57 82
50 98 98 74
50 99 14 21
51 52 43 82
51 53 33 53
51 54 85 87
51 55 73 24
51 56 74 22
51 57 78 67
51 58 92 11
51 59 81 50
51 60 50 32
51 61 94 82
51 62 49 70
51 63 24 48
51 64 34 55
51 65 10 77
51 66 72 68
51 67 37 61
51 68 69 46
51 69 65 75
51 70 70 10
51 71 9 67
51 72 72 72
51 73 18 12
51 74 21 5
51 75 37 11
51 76 6 67
51 77 42 90
51 78 71 40
51 79 83 72
51 80 37 44
51 81 30 15
51 82 78 90
51 83 23 39
51 84 0 84
51 85 93 23
51 86 77 61
51 87 25 51
51 88 16 15
51 89 42 91
51 90 84 93
51 91 95 96
51 92 67 83
51 93 50 79
51 94 68 14
51 95 56 67
51 96 25 3
51 97 45 50
51 98 55 85
51 99 24 30
52 53 17 31
52 54 6 18
52 55 99 24
52 56 69 8
52 57 35 61
52 58 18 23
52 59 54 26
52 60 52 13
52 61 54 39
52 62 32 52
52 63 68 15
52 64 2 66
52 65 63 87
52 66 30 19
52 67 27 54
52 68 55 39
52 69 7 19
52 70 61 68
52 71 43 16
52 72 67 66
52 73 78 49
52 74 59 91
52 75 5 78
52 76 85 64
52 77 48 54
52 78 64 44
52 79 88 88
52 80 47 90
52 81 86 27
52 82 59 77
52 83 91 66
52 84 98 10
52 85 89 68
52 86 61 7
52 87 85 12
52 88 96 37
52 89 12 4
52 90 89 58
52 91 78 21
52 92 36 4
52 93 94 52
52 94 21 78
52 95 20 65
52 96 53 5
52 97 51 52
52 98 42 15
52 99 80 68
53 54 73 70
53 55 84 38
53 56 55 88
53 57 53 62
53 58 58 19
53 59 28 47
53 60 71 93
53 61 70 20
53 62 75 72
53 63 50 63
53 64 83 55
53 65 23 73
53 66 55 28
53 67 39 64
53 68 66 70
53 69 35 80
53 70 35 25
53 71 28 85
53 72 98 81
53 73 41 56
53 74 71 32
53 75 76 26
53 76 34 60
53 77 84 75
53 78 18 60
53 79 60 69
53 80 31 57
53 81 82 20
53 82 67 6
53 83 27 13
53 84 42 66
53 85 86 43
53 86 45 21
53 87 72 71
53 88 21 87
53 89 52 17
53 90 92 12
53 91 13 64
53 92 86 91
53 93 86 86
53 94 63 65
53 95 1 74
53 96 23 63
53 97 86 13
53 98 30 20
53 99 20 89
54 55 94 81
54 56 86 56
54 57 26 38
54 58 11 74
54 59 83 32
54 60 14 38
54 61 80 68
54 62 15 36
54 63 4 59
54 64 66 9
54 65 61 72
54 66 20 40
54 67 27 16
54 68 49 54
54 69 12 53
54 70 59 41
54 71 77 29
54 72 12 76
54 73 34 55
54 74 66 14
54 75 60 71
54 76 7 87
54 77 23 16
54 78 93 79
54 79 4 33
54 80 20 42
54 81 42 83
54 82 93 80
54 83 61 31
54 84 75 9
54 85 58 46
54 86 2 25
54 87 96 52
54 88 64 59
54 89 20 65
54 90 46 59
54 91 57 88
54 92 33 22
54 93 91 83
54 94 34 30
54 95 30 14
54 96 39 56
54 97 83 16
54 98 88 72
54 99 5 48
55 56 45 90
55 57 68 43
55 58 52 67
55 59 9 37
55 60 74 87
55 61 13 4
55 62 86 58
55 63 2 56
55 64 84 51
55 65 25 45
55 66 31 25
55 67 21 22
55 68 39 90
55 69 78 61
55 70 97 17
55 71 74 85
55 72 67 48
55 73 77 62
55 74 3 56
55 75 8 30
55 76 13 5
55 77 64 44
55 78 19 5
55 79 11 9
55 80 30 28
55 81 12 54
55 82 86 89
55 83 92 74
55 84 13 4
55 85 38 18
55 86 74 20
55 87 64 7
55 88 80 23
55 89 73 47
55 90 54 26
55 91 96 86
55 92 14 21
55 93 93 62
55 94 37 10
55 95 30 21
55 96 96 75
55 97 68 7
55 98 66 84
55 99 31 23
56 57 42 17
56 58 95 10
56 59 66 46
56 60 22 39
56 61 40 32
56 62 24 90
56 63 83 40
56 64 29 36
56 65 29 45
56 66 1 19
56 67 57 22
56 68 27 77
56 69 24 84
56 70 35 6
56 71 52 69
56 72 88 44
56 73 84 9
56 74 13 28
56 75 39 71
56 76 44 7
56 77 1 10
56 78 64 25
56 79 30 45
56 80 13 13
56 81 8 83
56 82 50 58
56 83 72 68
56 84 68 89
56 85 9 18
56 86 59 33
56 87 52 17
56 88 30 64
56 89 88 43
56 90 92 33
56 91 67 42
56 92 51 12
56 93 69 65
56 94 6 4
56 95 90 12
56 96 50 67
56 97 89 92
56 98 62 7
56 99 98 37
57 58 21 90
57 59 66 78
57 60 86 19
57 61 68 80
57 62 99 63
57 63 91 92
57 64 83 58
57 65 21 87
57 66 6 89
57 67 3 2
57 68 42 87
57 69 38 67
57 70 99 32
57 71 75 39
57 72 38 54
57 73 58 90
57 74 43 43
57 75 54 37
57 76 43 52
57 77 41 86
57 78 36 85
57 79 21 67
57 80 64 94
57 81 14 39
57 82 43 33
57 83 56 30
57 84 45 32
57 85 59 27
57 86 88 86
57 87 95 10
57 88 79 81
57 89 60 19
57 90 5 79
57 91 2 69
57 92 17 13
57 93 52 72
57 94 96 22
57 95 34 69
57 96 86 23
57 97 59 38
57 98 56 62
57 99 21 67
58 59 90 40
58 60 65 38
58 61 19 78
58 62 92 85
58 63 42 43
58 64 14 53
58 65 61 54
58 66 27 5
58 67 54 77
58 68 80 92
58 69 26 39
58 70 56 74
58 71 84 55
58 72 55 46
58 73 25 52
58 74 38 69
58 75 55 80
58 76 62 72
58 77 57 12
58 78 17 66
58 79 4 3
58 80 23 43
58 81 76 71
58 82 81 83
58 83 91 37
58 84 1 35
58 85 46 19
58 86 12 63
58 87 59 21
58 88 44 16
58 89 87 57
58 90 81 9
58 91 88 21
58 92 30 47
58 93 99 80
58 94 37 25
58 95 59 51
58 96 25 53
58 97 65 14
58 98 31 16
58 99 4 73
59 60 12 11
59 61 9 76
59 62 80 33
59 63 82 56
59 64 40 82
59 65 91 93
59 66 92 59
59 67 5 89
59 68 88 66
59 69 58 71
59 70 20 67
59 71 97 39
59 72 66 74
59 73 8 14
59 74 16 35
59 75 89 36
59 76 76 17
59 77 88 91
59 78 86 44
59 79 14 73
59 80 60 57
59 81 5 80
59 82 38 39
59 83 90 75
59 84 59 44
59 85 84 21
59 86 22 36
59 87 1 81
59 88 85 64
59 89 5 58
59 90 66 75
59 91 80 19
59 92 58 79
59 93 78 25
59 94 26 81
59 95 39 13
59 96 11 72
59 97 34 36
59 98 14 10
59 99 39 71
60 61 68 16
60 62 22 53
60 63 98 93
60 64 62 73
60 65 23 15
60 66 98 89
60 67 76 49
60 68 34 65
60 69 61 75
60 70 42 83
60 71 92 82
60 72 71 66
60 73 84 79
60 74 70 81
60 75 19 90
60 76 91 84
60 77 69 75
60 78 76 21
60 79 14 46
60 80 68 84
60 81 43 54
60 82 6 12
60 83 38 64
60 84 96 80
60 85 61 52
60 86 57 28
60 87 25 79
60 88 77 65
60 89 46 29
60 90 46 52
60 91 18 73
60 92 30 84
60 93 4 5
60 94 39 79
60 95 96 84
60 96 99 80
60 97 48 57
60 98 19 23
60 99 46 49
61 62 92 62
61 63 98 90
61 64 56 29
61 65 37 25
61 66 27 23
61 67 95 62
61 68 62 68
61 69 18 85
61 70 34 52
61 71 86 17
61 72 87 9
61 73 6 30
61 74 85 98
61 75 32 16
61 76 85 17
61 77 39 88
61 78 56 8
61 79 94 32
61 80 80 63
61 81 89 34
61 82 69 26
61 83 66 82
61 84 99 38
61 85 99 36
61 86 70 18
61 87 50 48
61 88 37 6
61 89 31 46
61 90 79 73
61 91 1 10
61 92 45 7
61 93 1 37
61 94 69 63
61 95 5 76
61 96 47 92
61 97 22 19
61 98 25 9
61 99 19 48
62 63 22 47
62 64 69 91
62 65 45 69
62 66 39 18
62 67 56 91
62 68 83 47
62 69 51 47
62 70 47 27
62 71 8 31
62 72 93 74
62 73 96 38
62 74 97 68
62 75 85 84
62 76 29 43
62 77 97 64
62 78 88 71
62 79 2 43
62 80 8 86
62 81 57 49
62 82 89 37
62 83 32 7
62 84 68 58
62 85 99 93
62 86 68 94
62 87 79 80
62 88 1 50
62 89 39 43
62 90 42 22
62 91 32 55
62 92 35 18
62 93 71 45
62 94 62 77
62 95 77 92
62 96 62 29
62 97 57 53
62 98 18 23
62 99 29 47
63 64 41 22
63 65 1 77
63 66 17 81
63 67 84 47
63 68 99 63
63 69 58 61
63 70 48 93
63 71 97 31
63 72 3 43
63 73 56 95
63 74 58 34
63 75 16 49
63 76 89 59
63 77 65 11
63 78 79 40
63 79 98 74
63 80 22 36
63 81 20 73
63 82 71 58
63 83 76 52
63 84 75 40
63 85 11 71
63 86 17 47
63 87 29 62
63 88 17 18
63 89 45 26
63 90 89 94
63 91 12 35
63 92 72 24
63 93 87 28
63 94 88 49
63 95 15 10
63 96 71 34
63 97 72 23
63 98 5 75
63 99 67 20
64 65 19 89
64 66 9 27
64 67 32 22
64 68 94 31
64 69 51 41
64 70 61 50
64 71 40 93
64 72 79 65
64 73 42 82
64 74 9 74
64 75 79 32
64 76 74 69
64 77 15 45
64 78 73 77
64 79 24 4
64 80 43 72
64 81 44 13
64 82 43 13
64 83 70 90
64 84 43 22
64 85 7 69
64 86 52 74
64 87 90 94
64 88 93 63
64 89 48 49
64 90 45 29
64 91 97 41
64 92 77 11
64 93 57 6
64 94 43 43
64 95 1 48
64 96 53 85
64 97 7 17
64 98 97 64
64 99 17 45
65 66 19 60
65 67 64 52
65 68 93 61
65 69 86 53
65 70 84 39
65 71 97 85
65 72 5 19
65 73 83 69
65 74 45 44
65 75 66 66
65 76 70 96
65 77 0 16
65 78 1 42
65 79 17 49
65 80 19 69
65 81 49 92
65 82 17 88
65 83 74 8
65 84 11 47
65 85 21 36
65 86 53 21
65 87 53 81
65 88 18 16
65 89 24 71
65 90 31 57
65 91 80 12
65 92 73 24
65 93 65 59
65 94 64 60
65 95 66 91
65 96 89 41
65 97 54 20
65 98 23 43
65 99 91 23
66 67 43 28
66 68 65 85
66 69 54 41
66 70 16 28
66 71 34 16
66 72 55 60
66 73 43 61
66 74 71 91
66 75 38 77
66 76 46 19
66 77 14 91
66 78 61 56
66 79 36 4
66 80 57 27
66 81 97 23
66 82 67 28
66 83 89 42
66 84 17 70
66 85 4 44
66 86 69 31
66 87 35 34
66 88 34 85
66 89 46 10
66 90 46 44
66 91 98 85
66 92 67 88
66 93 19 29
66 94 44 79
66 95 96 40
66 96 99 75
66 97 44 82
66 98 74 80
66 99 56 89
67 68 44 17
67 69 56 73
67 70 25 91
67 71 7 29
67 72 46 90
67 73 12 69
67 74 45 86
67 75 90 33
67 76 62 30
67 77 24 89
67 78 11 7
67 79 81 87
67 80 32 63
67 81 30 53
67 82 66 36
67 83 58 74
67 84 10 14
67 85 91 39
67 86 38 16
67 87 84 83
67 88 78 55
67 89 64 52
67 90 40 59
67 91 75 29
67 92 87 65
67 93 21 41
67 94 73 32
67 95 44 79
67 96 78 76
67 97 50 21
67 98 16 84
67 99 22 7
68 69 23 36
68 70 46 89
68 71 96 44
68 72 21 53
68 73 34 40
68 74 78 57
68 75 46 69
68 76 99 82
68 77 62 76
68 78 46 57
68 79 33 40
68 80 56 8
68 81 46 75
68 82 69 71
68 83 84 52
68 84 1 47
68 85 12 6
68 86 56 41
68 87 17 15
68 88 74 34
68 89 91 70
68 90 8 11
68 91 1 38
68 92 58 84
68 93 0 76
68 94 2 26
68 95 8 17
68 96 96 91
68 97 17 74
68 98 86 13
68 99 26 24
69 70 62 19
69 71 38 64
69 72 53 19
69 73 28 8
69 74 97 50
69 75 39 29
69 76 1 30
69 77 83 34
69 78 45 38
69 79 35 93
69 80 86 16
69 81 56 20
69 82 91 58
69 83 60 74
69 84 48 4
69 85 57 26
69 86 0 48
69 87 33 13
69 88 75 67
69 89 99 48
69 90 99 82
69 91 81 32
69 92 47 12
69 93 56 72
69 94 10 51
69 95 9 52
69 96 64 60
69 97 71 48
69 98 48 31
69 99 80 48
70 71 96 24
70 72 56 86
70 73 1 82
70 74 83 75
70 75 31 20
70 76 43 35
70 77 57 50
70 78 76 55
70 79 84 91
70 80 25 76
70 81 36 29
70 82 3 45
70 83 83 57
70 84 66 84
70 85 15 25
70 86 75 66
70 87 6 81
70 88 7 45
70 89 13 77
70 90 98 63
70 91 61 22
70 92 3 15
70 93 4 13
70 94 13 19
70 95 85 89
70 96 32 67
70 97 62 22
70 98 42 21
70 99 42 29
71 72 11 23
71 73 30 90
71 74 95 72
71 75 62 19
71 76 33 18
71 77 93 19
71 78 73 22
71 79 16 73
71 80 79 25
71 81 41 83
71 82 84 12
71 83 34 18
71 84 28 68
71 85 69 65
71 86 39 36
71 87 6 41
71 88 84 42
71 89 50 51
71 90 10 56
71 91 72 90
71 92 50 76
71 93 41 21
71 94 7 73
71 95 53 60
71 96 83 61
71 97 10 43
71 98 20 16
71 99 44 70
72 73 47 47
72 74 70 53
72 75 54 89
72 76 13 48
72 77 75 76
72 78 36 79
72 79 58 61
72 80 76 91
72 81 83 38
72 82 51 63
72 83 98 37
72 84 3 37
72 85 7 23
72 86 95 63
72 87 0 44
72 88 52 65
72 89 21 69
72 90 45 84
72 91 31 37
72 92 64 58
72 93 94 30
72 94 32 19
72 95 51 37
72 96 0 43
72 97 21 72
72 98 21 67
72 99 55 92
73 74 5 53
73 75 81 42
73 76 5 8
73 77 20 28
73 78 74 53
73 79 38 16
73 80 65 68
73 81 69 51
73 82 26 38
73 83 71 26
73 84 64 32
73 85 80 27
73 86 5 29
73 87 88 49
73 88 29 40
73 89 32 14
73 90 4 31
73 91 41 44
73 92 43 54
73 93 62 21
73 94 20 59
73 95 62 82
73 96 19 54
73 97 55 12
73 98 65 64
73 99 82 48
74 75 56 24
74 76 88 87
74 77 98 62
74 78 9 31
74 79 76 58
74 80 3 77
74 81 72 69
74 82 88 94
74 83 74 19
74 84 2 5
74 85 12 42
74 86 70 82
74 87 44 82
74 88 62 68
74 89 95 66
74 90 7 12
74 91 80 34
74 92 18 17
74 93 9 70
74 94 82 42
74 95 71 28
74 96 79 22
74 97 47 86
74 98 20 43
74 99 58 54
75 76 84 48
75 77 58 11
75 78 0 68
75 79 65 92
75 80 19 31
75 81 44 9
75 82 96 60
75 83 63 89
75 84 45 42
75 85 52 70
75 86 60 14
75 87 72 96
75 88 59 35
75 89 12 81
75 90 4 43
75 91 38 49
75 92 27 83
75 93 40 47
75 94 24 69
75 95 41 72
75 96 86 35
75 97 68 12
75 98 66 35
75 99 0 23
76 77 77 89
76 78 82 26
76 79 84 39
76 80 63 81
76 81 67 29
76 82 16 8
76 83 69 15
76 84 10 68
76 85 98 89
76 86 33 40
76 87 82 81
76 88 64 31
76 89 22 22
76 90 53 52
76 91 21 83
76 92 71 96
76 93 57 50
76 94 38 81
76 95 87 58
76 96 64 29
76 97 81 24
76 98 42 77
76 99 87 73
77 78 41 89
77 79 47 51
77 80 28 63
77 81 26 32
77 82 26 67
77 83 99 31
77 84 9 88
77 85 57 59
77 86 20 50
77 87 82 62
77 88 26 8
77 89 16 79
77 90 21 61
77 91 55 72
77 92 89 52
77 93 33 69
77 94 85 76
77 95 79 70
77 96 98 86
77 97 7 84
77 98 27 27
77 99 13 69
78 79 87 92
78 80 20 25
78 81 70 67
78 82 74 62
78 83 20 38
78 84 72 20
78 85 11 66
78 86 80 53
78 87 67 13
78 88 13 8
78 89 65 54
78 90 52 13
78 91 99 76
78 92 35 26
78 93 57 65
78 94 75 7
78 95 46 78
78 96 91 38
78 97 92 69
78 98 77 31
78 99 62 29
79 80 67 83
79 81 50 77
79 82 98 42
79 83 47 55
79 84 81 85
79 85 80 34
79 86 44 91
79 87 79 48
79 88 14 27
79 89 61 68
79 90 10 84
79 91 79 68
79 92 41 40
79 93 69 78
79 94 83 87
79 95 55 68
79 96 97 97
79 97 89 35
79 98 99 84
79 99 41 72
80 81 78 49
80 82 64 57
80 83 99 47
80 84 18 16
80 85 78 52
80 86 54 56
80 87 94 86
80 88 88 50
80 89 29 22
80 90 95 23
80 91 48 8
80 92 56 93
80 93 69 69
80 94 86 77
80 95 54 28
80 96 54 49
80 97 67 28
80 98 37 89
80 99 44 62
81 82 2 49
81 83 72 82
81 84 64 10
81 85 59 57
81 86 99 79
81 87 51 16
81 88 1 66
81 89 2 37
81 90 52 83
81 91 42 75
81 92 71 70
81 93 79 20
81 94 47 22
81 95 37 56
81 96 51 23
81 97 6 20
81 98 81 49
81 99 29 35
82 83 46 12
82 84 19 8
82 85 78 13
82 86 19 75
82 87 91 55
82 88 50 48
82 89 67 53
82 90 27 72
82 91 83 56
82 92 92 26
82 93 19 77
82 94 2 36
82 95 87 71
82 96 74 33
82 97 37 88
82 98 41 15
82 99 44 55
83 84 47 75
83 85 1 82
83 86 7 27
83 87 68 32
83 88 37 77
83 89 55 79
83 90 95 17
83 91 37 90
83 92 26 72
83 93 1 7
83 94 15 29
83 95 73 87
83 96 57 46
83 97 97 27
83 98 39 42
83 99 3 70
84 85 66 18
84 86 49 62
84 87 42 38
84 88 96 83
84 89 78 75
84 90 17 28
84 91 95 37
84 92 5 44
84 93 66 48
84 94 81 82
84 95 38 39
84 96 12 40
84 97 40 62
84 98 63 74
84 99 27 86
85 86 78 95
85 87 19 74
85 88 56 39
85 89 59 62
85 90 65 37
85 91 30 46
85 92 50 60
85 93 62 90
85 94 93 33
85 95 44 11
85 96 30 66
85 97 26 88
85 98 86 74
85 99 10 15
86 87 36 81
86 88 67 44
86 89 70 83
86 90 94 25
86 91 81 42
86 92 27 52
86 93 12 80
86 94 52 23
86 95 43 48
86 96 89 54
86 97 58 21
86 98 31 20
86 99 46 46
87 88 16 40
87 89 81 60
87 90 5 72
87 91 15 63
87 92 91 71
87 93 51 62
87 94 52 62
87 95 54 21
87 96 20 77
87 97 81 72
87 98 88 60
87 99 3 75
88 89 19 26
88 90 79 70
88 91 16 9
88 92 55 18
88 93 82 31
88 94 10 7
88 95 73 28
88 96 42 18
88 97 86 53
88 98 0 38
88 99 66 37
89 90 12 16
89 91 50 8
89 92 33 79
89 93 3 45
89 94 51 88
89 95 36 8
89 96 89 87
89 97 57 73
89 98 57 64
89 99 71 39
90 91 3 47
90 92 70 7
90 93 62 73
90 94 32 84
90 95 33 38
90 96 17 64
90 97 6 89
90 98 82 34
90 99 32 9
91 92 62 7
91 93 90 44
91 94 95 11
91 95 95 56
91 96 44 41
91 97 25 11
91 98 47 13
91 99 86 85
92 93 83 45
92 94 24 56
92 95 11 3
92 96 9 79
92 97 31 58
92 98 28 63
92 99 33 12
93 94 50 24
93 95 30 71
93 96 11 70
93 97 82 35
93 98 98 80
93 99 19 63
94 95 14 49
94 96 88 21
94 97 11 61
94 98 46 32
94 99 25 78
95 96 83 32
95 97 35 43
95 98 90 81
95 99 30 33
96 97 86 45
96 98 23 42
96 99 29 64
97 98 1 4
97 99 34 82
98 99 73 46
