50
0 1 59 58
0 2 17 24
0 3 93 93
0 4 22 27
0 5 9 8
0 6 34 31
0 7 49 45
0 8 69 68
0 9 47 48
0 10 4 11
0 11 17 19
0 12 20 19
0 13 98 88
0 14 89 86
0 15 36 34
0 16 33 34
0 17 20 24
0 18 2 9
0 19 26 30
0 20 48 43
0 21 1 7
0 22 33 31
0 23 5 9
0 24 97 95
0 25 15 20
0 26 84 82
0 27 12 12
0 28 43 39
0 29 83 76
0 30 16 21
0 31 14 16
0 32 37 36
0 33 2 8
0 34 2 5
0 35 61 63
0 36 86 80
0 37 13 15
0 38 89 84
0 39 86 80
0 40 48 43
0 41 82 82
0 42 5 6
0 43 38 42
0 44 78 79
0 45 16 24
0 46 87 78
0 47 25 27
0 48 52 48
0 49 69 67
1 2 3 11
1 3 3 6
1 4 70 71
1 5 37 35
1 6 8 9
1 7 82 82
1 8 75 71
1 9 70 72
1 10 80 80
1 11 49 50
1 12 60 60
1 13 30 27
1 14 72 74
1 15 24 27
1 16 87 83
1 17 66 66
1 18 20 21
1 19 37 42
1 20 29 28
1 21 87 84
1 22 96 95
1 23 5 7
1 24 96 88
1 25 76 71
1 26 83 78
1 27 95 95
1 28 27 28
1 29 68 64
1 30 42 42
1 31 4 5
1 32 22 21
1 33 0 0
1 34 41 42
1 35 18 20
1 36 66 62
1 37 94 91
1 38 86 84
1 39 17 17
1 40 56 57
1 41 85 77
1 42 53 54
1 43 20 18
1 44 18 24
1 45 19 26
1 46 46 51
1 47 88 83
1 48 10 12
1 49 34 38
2 3 98 98
2 4 30 29
2 5 18 20
2 6 58 57
2 7 55 56
2 8 7 9
2 9 90 89
2 10 87 81
2 11 95 92
2 12 39 39
2 13 89 90
2 14 87 85
2 15 38 41
2 16 64 61
2 17 65 68
2 18 83 81
2 19 36 39
2 20 91 88
2 21 42 43
2 22 75 75
2 23 9 9
2 24 99 97
2 25 32 32
2 26 59 62
2 27 3 11
2 28 82 75
2 29 14 14
2 30 46 48
2 31 67 66
2 32 86 81
2 33 40 39
2 34 25 29
2 35 74 74
2 36 3 11
2 37 71 68
2 38 35 40
2 39 1 3
2 40 59 60
2 41 99 96
2 42 15 20
2 43 46 44
2 44 83 81
2 45 12 13
2 46 74 69
2 47 33 32
2 48 55 56
2 49 23 27
3 4 73 67
3 5 99 98
3 6 41 38
3 7 75 73
3 8 11 11
3 9 47 43
3 10 18 23
3 11 81 80
3 12 42 38
3 13 81 76
3 14 14 20
3 15 87 85
3 16 66 68
3 17 39 38
3 18 46 42
3 19 12 18
3 20 12 19
3 21 49 46
3 22 95 95
3 23 86 84
3 24 22 27
3 25 63 58
3 26 9 11
3 27 75 69
3 28 8 10
3 29 89 84
3 30 33 37
3 31 15 20
3 32 67 69
3 33 46 46
3 34 74 69
3 35 25 31
3 36 99 91
3 37 36 42
3 38 13 20
3 39 41 44
3 40 67 63
3 41 9 9
3 42 50 52
3 43 31 36
3 44 34 37
3 45 73 69
3 46 36 41
3 47 89 81
3 48 71 73
3 49 29 35
4 5 74 71
4 6 20 26
4 7 14 13
4 8 54 56
4 9 24 23
4 10 49 51
4 11 91 87
4 12 60 58
4 13 32 32
4 14 15 15
4 15 99 94
4 16 18 23
4 17 86 81
4 18 71 70
4 19 20 19
4 20 7 11
4 21 57 53
4 22 70 68
4 23 83 81
4 24 10 18
4 25 91 87
4 26 95 93
4 27 31 33
4 28 49 50
4 29 81 75
4 30 62 59
4 31 65 62
4 32 27 26
4 33 38 37
4 34 68 67
4 35 47 48
4 36 51 52
4 37 99 95
4 38 7 7
4 39 27 27
4 40 86 84
4 41 32 38
4 42 57 56
4 43 21 25
4 44 58 58
4 45 82 77
4 46 93 90
4 47 10 17
4 48 18 23
4 49 88 85
5 6 43 42
5 7 87 82
5 8 80 79
5 9 92 88
5 10 6 9
5 11 32 33
5 12 62 62
5 13 92 85
5 14 53 57
5 15 96 93
5 16 1 11
5 17 33 31
5 18 55 55
5 19 98 96
5 20 98 89
5 21 24 23
5 22 24 30
5 23 50 54
5 24 2 11
5 25 86 83
5 26 30 30
5 27 21 29
5 28 90 87
5 29 95 92
5 30 58 59
5 31 37 33
5 32 14 18
5 33 84 81
5 34 56 52
5 35 49 51
5 36 51 46
5 37 5 5
5 38 99 93
5 39 14 14
5 40 43 42
5 41 90 90
5 42 89 81
5 43 1 4
5 44 19 18
5 45 97 92
5 46 31 36
5 47 24 24
5 48 7 10
5 49 38 43
6 7 13 18
6 8 32 30
6 9 19 26
6 10 99 92
6 11 22 22
6 12 90 85
6 13 90 88
6 14 53 49
6 15 1 6
6 16 24 24
6 17 17 22
6 18 39 40
6 19 27 33
6 20 95 88
6 21 28 29
6 22 83 79
6 23 10 15
6 24 58 61
6 25 35 37
6 26 39 35
6 27 86 77
6 28 19 21
6 29 28 34
6 30 3 9
6 31 44 50
6 32 72 66
6 33 82 80
6 34 7 10
6 35 72 68
6 36 82 76
6 37 78 74
6 38 71 69
6 39 96 90
6 40 71 71
6 41 97 88
6 42 96 91
6 43 57 58
6 44 73 72
6 45 96 88
6 46 28 28
6 47 93 93
6 48 9 10
6 49 15 22
7 8 39 43
7 9 75 74
7 10 54 55
7 11 57 59
7 12 97 95
7 13 31 30
7 14 94 89
7 15 26 32
7 16 14 13
7 17 75 68
7 18 39 44
7 19 10 17
7 20 31 35
7 21 75 77
7 22 26 23
7 23 89 90
7 24 39 42
7 25 57 60
7 26 22 25
7 27 6 13
7 28 3 6
7 29 87 82
7 30 54 51
7 31 0 6
7 32 83 84
7 33 77 74
7 34 76 74
7 35 11 13
7 36 74 67
7 37 74 71
7 38 28 26
7 39 74 70
7 40 89 86
7 41 26 29
7 42 44 45
7 43 39 41
7 44 44 47
7 45 52 54
7 46 91 85
7 47 75 76
7 48 79 81
7 49 44 44
8 9 78 72
8 10 14 16
8 11 28 34
8 12 45 45
8 13 56 56
8 14 99 93
8 15 33 34
8 16 81 81
8 17 48 45
8 18 39 39
8 19 41 38
8 20 9 16
8 21 42 47
8 22 24 23
8 23 32 37
8 24 43 42
8 25 69 71
8 26 84 81
8 27 61 59
8 28 30 28
8 29 65 62
8 30 54 50
8 31 23 24
8 32 19 19
8 33 79 78
8 34 49 49
8 35 81 79
8 36 67 64
8 37 83 83
8 38 9 11
8 39 90 89
8 40 3 13
8 41 64 66
8 42 2 10
8 43 62 61
8 44 1 2
8 45 17 22
8 46 46 49
8 47 67 63
8 48 30 35
8 49 73 74
9 10 40 37
9 11 40 38
9 12 14 16
9 13 88 84
9 14 94 88
9 15 75 73
9 16 1 2
9 17 57 57
9 18 3 4
9 19 72 69
9 20 28 33
9 21 24 23
9 22 86 78
9 23 32 30
9 24 41 39
9 25 63 64
9 26 79 71
9 27 55 54
9 28 75 75
9 29 50 53
9 30 70 67
9 31 37 38
9 32 17 19
9 33 11 16
9 34 84 82
9 35 36 42
9 36 85 84
9 37 77 79
9 38 80 76
9 39 24 25
9 40 82 82
9 41 96 91
9 42 7 14
9 43 29 32
9 44 50 48
9 45 66 66
9 46 52 47
9 47 9 12
9 48 94 89
9 49 11 13
10 11 34 39
10 12 90 87
10 13 4 13
10 14 63 58
10 15 98 92
10 16 53 51
10 17 90 85
10 18 88 88
10 19 3 7
10 20 11 20
10 21 62 59
10 22 27 34
10 23 43 41
10 24 27 27
10 25 90 90
10 26 19 25
10 27 49 48
10 28 65 59
10 29 45 48
10 30 70 68
10 31 64 62
10 32 9 13
10 33 1 5
10 34 49 45
10 35 80 76
10 36 47 50
10 37 16 22
10 38 38 37
10 39 24 24
10 40 68 63
10 41 80 78
10 42 97 91
10 43 9 16
10 44 19 24
10 45 91 82
10 46 24 23
10 47 71 69
10 48 23 26
10 49 69 65
11 12 12 13
11 13 64 61
11 14 88 84
11 15 12 10
11 16 78 73
11 17 14 20
11 18 11 16
11 19 89 80
11 20 95 91
11 21 97 95
11 22 39 43
11 23 92 85
11 24 21 21
11 25 34 33
11 26 34 39
11 27 69 63
11 28 21 23
11 29 37 39
11 30 32 32
11 31 47 45
11 32 5 12
11 33 75 70
11 34 36 43
11 35 88 81
11 36 39 39
11 37 9 18
11 38 87 80
11 39 0 2
11 40 18 20
11 41 65 60
11 42 11 19
11 43 69 71
11 44 2 11
11 45 99 92
11 46 73 72
11 47 2 11
11 48 0 8
11 49 79 80
12 13 28 29
12 14 43 44
12 15 20 23
12 16 1 10
12 17 75 73
12 18 66 64
12 19 7 10
12 20 34 31
12 21 16 18
12 22 75 76
12 23 47 46
12 24 67 67
12 25 80 81
12 26 94 85
12 27 83 84
12 28 83 85
12 29 85 85
12 30 27 32
12 31 19 24
12 32 48 49
12 33 16 14
12 34 39 39
12 35 85 86
12 36 66 66
12 37 50 47
12 38 40 38
12 39 36 41
12 40 11 16
12 41 69 64
12 42 10 14
12 43 12 12
12 44 5 8
12 45 32 31
12 46 13 20
12 47 49 53
12 48 16 16
12 49 81 76
13 14 52 55
13 15 64 59
13 16 32 36
13 17 34 34
13 18 15 22
13 19 44 41
13 20 1 4
13 21 81 74
13 22 66 62
13 23 41 45
13 24 91 90
13 25 43 47
13 26 18 24
13 27 63 58
13 28 94 86
13 29 53 51
13 30 24 31
13 31 73 71
13 32 52 50
13 33 1 3
13 34 56 56
13 35 29 33
13 36 90 81
13 37 49 45
13 38 20 23
13 39 8 15
13 40 45 45
13 41 45 43
13 42 56 58
13 43 96 96
13 44 46 44
13 45 58 58
13 46 97 93
13 47 96 87
13 48 88 86
13 49 90 84
14 15 46 43
14 16 59 53
14 17 8 10
14 18 62 62
14 19 62 59
14 20 99 98
14 21 16 21
14 22 33 35
14 23 13 16
14 24 49 51
14 25 96 97
14 26 78 75
14 27 68 63
14 28 19 20
14 29 32 36
14 30 64 62
14 31 44 41
14 32 63 60
14 33 70 64
14 34 86 84
14 35 20 22
14 36 17 23
14 37 22 25
14 38 93 87
14 39 25 28
14 40 67 61
14 41 75 68
14 42 47 47
14 43 80 80
14 44 62 63
14 45 84 82
14 46 92 88
14 47 45 44
14 48 54 58
14 49 79 72
15 16 84 79
15 17 68 65
15 18 48 52
15 19 56 55
15 20 8 10
15 21 52 56
15 22 85 83
15 23 87 83
15 24 24 23
15 25 17 17
15 26 99 92
15 27 32 38
15 28 63 59
15 29 54 55
15 30 76 71
15 31 16 23
15 32 93 93
15 33 26 26
15 34 36 35
15 35 16 20
15 36 92 83
15 37 32 32
15 38 11 16
15 39 75 76
15 40 7 12
15 41 67 66
15 42 41 41
15 43 20 18
15 44 50 46
15 45 87 84
15 46 9 14
15 47 1 10
15 48 32 34
15 49 51 54
16 17 13 17
16 18 27 25
16 19 46 45
16 20 57 57
16 21 45 43
16 22 36 33
16 23 48 49
16 24 81 81
16 25 66 67
16 26 67 61
16 27 41 39
16 28 62 57
16 29 48 46
16 30 91 86
16 31 19 25
16 32 67 61
16 33 51 52
16 34 64 60
16 35 40 41
16 36 88 83
16 37 86 86
16 38 40 40
16 39 18 22
16 40 60 63
16 41 86 83
16 42 49 47
16 43 34 38
16 44 52 53
16 45 4 6
16 46 22 28
16 47 57 56
16 48 24 25
16 49 48 53
17 18 78 73
17 19 70 69
17 20 71 66
17 21 16 21
17 22 54 49
17 23 68 71
17 24 23 21
17 25 86 80
17 26 1 2
17 27 27 34
17 28 15 15
17 29 56 52
17 30 69 71
17 31 21 22
17 32 64 60
17 33 63 58
17 34 57 57
17 35 36 37
17 36 85 80
17 37 46 46
17 38 36 40
17 39 15 22
17 40 71 72
17 41 53 49
17 42 96 89
17 43 51 54
17 44 25 26
17 45 38 36
17 46 49 44
17 47 82 82
17 48 85 85
17 49 38 34
18 19 11 14
18 20 75 75
18 21 46 49
18 22 80 77
18 23 43 43
18 24 61 64
18 25 19 21
18 26 19 22
18 27 88 83
18 28 43 47
18 29 40 45
18 30 48 50
18 31 89 85
18 32 28 29
18 33 29 28
18 34 49 50
18 35 24 30
18 36 41 45
18 37 44 42
18 38 71 74
18 39 38 37
18 40 15 16
18 41 58 55
18 42 61 63
18 43 76 71
18 44 30 31
18 45 61 56
18 46 18 25
18 47 84 84
18 48 45 41
18 49 38 37
19 20 77 77
19 21 35 40
19 22 61 65
19 23 34 32
19 24 98 89
19 25 14 18
19 26 2 3
19 27 82 74
19 28 42 47
19 29 26 30
19 30 75 75
19 31 36 41
19 32 0 4
19 33 96 87
19 34 52 49
19 35 18 25
19 36 18 23
19 37 94 93
19 38 90 89
19 39 79 72
19 40 99 99
19 41 66 65
19 42 37 40
19 43 75 70
19 44 55 58
19 45 9 11
19 46 98 89
19 47 41 42
19 48 23 29
19 49 89 81
20 21 77 72
20 22 66 67
20 23 90 90
20 24 12 12
20 25 65 65
20 26 47 48
20 27 73 70
20 28 45 46
20 29 47 52
20 30 21 22
20 31 94 90
20 32 41 43
20 33 98 93
20 34 67 67
20 35 44 47
20 36 82 76
20 37 98 96
20 38 12 11
20 39 18 18
20 40 6 12
20 41 56 59
20 42 68 63
20 43 8 15
20 44 14 14
20 45 61 62
20 46 5 12
20 47 55 52
20 48 8 16
20 49 8 15
21 22 75 69
21 23 1 9
21 24 62 61
21 25 25 25
21 26 82 76
21 27 44 45
21 28 76 76
21 29 27 33
21 30 68 67
21 31 46 51
21 32 9 16
21 33 77 79
21 34 47 43
21 35 58 61
21 36 9 13
21 37 68 61
21 38 78 79
21 39 22 26
21 40 0 8
21 41 24 27
21 42 12 13
21 43 71 74
21 44 59 53
21 45 42 44
21 46 31 31
21 47 38 35
21 48 26 28
21 49 0 8
22 23 16 23
22 24 82 81
22 25 6 12
22 26 65 59
22 27 59 54
22 28 51 53
22 29 68 65
22 30 90 89
22 31 64 66
22 32 64 62
22 33 20 20
22 34 98 92
22 35 45 45
22 36 70 66
22 37 52 49
22 38 38 40
22 39 85 86
22 40 4 7
22 41 62 57
22 42 37 38
22 43 54 50
22 44 12 15
22 45 35 33
22 46 36 33
22 47 87 87
22 48 47 43
22 49 59 63
23 24 54 57
23 25 69 65
23 26 32 37
23 27 43 39
23 28 19 23
23 29 40 41
23 30 15 21
23 31 7 8
23 32 77 74
23 33 76 75
23 34 72 67
23 35 57 53
23 36 93 93
23 37 46 42
23 38 37 34
23 39 62 60
23 40 69 71
23 41 27 31
23 42 89 82
23 43 94 89
23 44 28 32
23 45 93 91
23 46 54 50
23 47 46 45
23 48 25 27
23 49 3 10
24 25 16 24
24 26 1 7
24 27 45 43
24 28 97 95
24 29 16 18
24 30 57 59
24 31 88 88
24 32 42 39
24 33 64 66
24 34 72 67
24 35 7 7
24 36 84 84
24 37 11 14
24 38 65 67
24 39 22 22
24 40 56 54
24 41 23 23
24 42 17 22
24 43 85 79
24 44 62 59
24 45 13 20
24 46 6 6
24 47 68 70
24 48 90 87
24 49 64 64
25 26 21 21
25 27 52 48
25 28 14 20
25 29 51 46
25 30 89 86
25 31 34 36
25 32 0 4
25 33 91 89
25 34 52 53
25 35 81 79
25 36 95 86
25 37 50 53
25 38 36 34
25 39 94 87
25 40 89 80
25 41 93 91
25 42 14 18
25 43 36 35
25 44 73 75
25 45 88 88
25 46 5 5
25 47 81 75
25 48 39 38
25 49 98 89
26 27 42 47
26 28 34 37
26 29 87 83
26 30 9 10
26 31 67 68
26 32 53 54
26 33 31 32
26 34 22 26
26 35 79 76
26 36 16 16
26 37 84 80
26 38 73 68
26 39 18 21
26 40 19 22
26 41 68 69
26 42 17 19
26 43 49 45
26 44 58 56
26 45 96 92
26 46 98 98
26 47 60 59
26 48 71 66
26 49 24 26
27 28 34 39
27 29 38 43
27 30 8 15
27 31 34 38
27 32 19 18
27 33 47 52
27 34 55 55
27 35 43 45
27 36 52 57
27 37 16 24
27 38 23 25
27 39 82 79
27 40 61 60
27 41 13 14
27 42 70 72
27 43 54 49
27 44 43 40
27 45 55 52
27 46 74 76
27 47 73 68
27 48 71 66
27 49 87 79
28 29 90 84
28 30 97 93
28 31 58 58
28 32 31 36
28 33 13 13
28 34 2 6
28 35 59 57
28 36 56 57
28 37 17 17
28 38 77 79
28 39 73 67
28 40 16 23
28 41 38 37
28 42 61 56
28 43 30 33
28 44 2 10
28 45 21 21
28 46 38 41
28 47 72 66
28 48 44 40
28 49 39 41
29 30 17 22
29 31 93 89
29 32 38 38
29 33 4 7
29 34 36 40
29 35 91 85
29 36 42 46
29 37 63 60
29 38 26 25
29 39 19 18
29 40 31 38
29 41 61 63
29 42 67 69
29 43 79 75
29 44 11 19
29 45 65 60
29 46 0 1
29 47 73 67
29 48 2 7
29 49 64 58
30 31 32 30
30 32 23 28
30 33 77 71
30 34 54 48
30 35 84 84
30 36 70 68
30 37 35 35
30 38 15 22
30 39 84 78
30 40 86 79
30 41 61 60
30 42 27 29
30 43 77 78
30 44 49 48
30 45 48 44
30 46 11 15
30 47 29 32
30 48 43 45
30 49 19 21
31 32 81 82
31 33 49 45
31 34 55 55
31 35 61 64
31 36 33 37
31 37 52 56
31 38 29 36
31 39 30 30
31 40 54 58
31 41 76 75
31 42 97 89
31 43 82 76
31 44 63 65
31 45 64 66
31 46 62 62
31 47 12 15
31 48 97 92
31 49 90 84
32 33 24 28
32 34 16 18
32 35 50 45
32 36 13 15
32 37 66 64
32 38 38 42
32 39 6 8
32 40 17 24
32 41 23 27
32 42 33 35
32 43 77 77
32 44 98 98
32 45 17 20
32 46 15 18
32 47 41 46
32 48 52 51
32 49 7 7
33 34 41 47
33 35 7 11
33 36 33 30
33 37 50 50
33 38 14 15
33 39 99 92
33 40 3 9
33 41 9 9
33 42 80 82
33 43 81 78
33 44 74 70
33 45 72 65
33 46 72 73
33 47 65 65
33 48 76 69
33 49 22 28
34 35 52 48
34 36 80 72
34 37 73 66
34 38 70 64
34 39 76 74
34 40 10 17
34 41 95 89
34 42 64 66
34 43 95 90
34 44 86 85
34 45 55 49
34 46 17 18
34 47 15 14
34 48 0 6
34 49 81 78
35 36 98 96
35 37 59 58
35 38 98 93
35 39 65 60
35 40 75 69
35 41 28 32
35 42 26 25
35 43 79 73
35 44 70 70
35 45 78 75
35 46 79 72
35 47 44 46
35 48 46 49
35 49 50 54
36 37 33 31
36 38 18 19
36 39 56 54
36 40 27 29
36 41 6 10
36 42 62 56
36 43 71 66
36 44 45 46
36 45 79 74
36 46 37 37
36 47 15 18
36 48 0 4
36 49 45 47
37 38 69 65
37 39 89 83
37 40 3 4
37 41 95 91
37 42 61 60
37 43 62 62
37 44 96 92
37 45 29 30
37 46 37 41
37 47 48 46
37 48 89 82
37 49 38 43
38 39 67 68
38 40 54 54
38 41 78 75
38 42 83 75
38 43 16 19
38 44 26 31
38 45 49 45
38 46 1 3
38 47 41 42
38 48 94 87
38 49 68 71
39 40 26 29
39 41 38 38
39 42 50 46
39 43 43 42
39 44 54 52
39 45 99 97
39 46 79 74
39 47 37 34
39 48 45 50
39 49 91 84
40 41 80 72
40 42 6 5
40 43 30 36
40 44 16 24
40 45 60 59
40 46 92 92
40 47 49 52
40 48 79 81
40 49 73 70
41 42 69 67
41 43 34 35
41 44 23 29
41 45 15 22
41 46 95 91
41 47 77 74
41 48 90 85
41 49 82 74
42 43 56 55
42 44 52 49
42 45 66 63
42 46 66 62
42 47 79 71
42 48 42 39
42 49 6 14
43 44 16 19
43 45 27 32
43 46 38 41
43 47 29 31
43 48 37 41
43 49 7 15
44 45 32 34
44 46 91 91
44 47 91 83
44 48 61 63
44 49 20 22
45 46 28 33
45 47 76 79
45 48 15 14
45 49 24 25
46 47 76 76
46 48 42 44
46 49 56 59
47 48 41 46
47 49 14 21
48 49 70 72
