50
0 1 17 83
0 2 40 8
0 3 49 59
0 4 89 91
0 5 0 43
0 6 51 64
0 7 23 49
0 8 49 85
0 9 7 5
0 10 29 61
0 11 25 4
0 12 7 73
0 13 97 84
0 14 17 29
0 15 0 53
0 16 3 19
0 17 35 92
0 18 40 61
0 19 18 83
0 20 9 40
0 21 39 76
0 22 34 26
0 23 96 93
0 24 61 44
0 25 0 26
0 26 20 56
0 27 77 63
0 28 74 18
0 29 2 61
0 30 83 65
0 31 96 72
0 32 56 22
0 33 5 82
0 34 91 45
0 35 5 71
0 36 47 4
0 37 67 86
0 38 91 11
0 39 67 37
0 40 3 79
0 41 29 75
0 42 70 88
0 43 33 4
0 44 15 80
0 45 36 73
0 46 94 30
0 47 94 40
0 48 71 15
0 49 66 35
1 2 97 87
1 3 73 49
1 4 35 5
1 5 16 87
1 6 14 81
1 7 90 85
1 8 45 54
1 9 98 46
1 10 28 40
1 11 10 83
1 12 45 73
1 13 17 23
1 14 23 38
1 15 19 37
1 16 11 28
1 17 89 96
1 18 60 32
1 19 71 90
1 20 89 9
1 21 6 9
1 22 89 27
1 23 42 53
1 24 93 11
1 25 13 91
1 26 35 56
1 27 74 40
1 28 68 88
1 29 10 61
1 30 96 47
1 31 96 58
1 32 76 32
1 33 34 48
1 34 43 84
1 35 38 83
1 36 38 9
1 37 55 89
1 38 82 32
1 39 63 86
1 40 97 10
1 41 13 58
1 42 21 27
1 43 67 53
1 44 67 25
1 45 46 60
1 46 23 59
1 47 11 48
1 48 98 32
1 49 44 52
2 3 23 20
2 4 22 51
2 5 49 34
2 6 93 12
2 7 98 11
2 8 56 67
2 9 81 61
2 10 8 69
2 11 12 78
2 12 62 74
2 13 69 65
2 14 29 58
2 15 38 65
2 16 72 43
2 17 66 82
2 18 63 80
2 19 0 7
2 20 18 40
2 21 71 71
2 22 42 57
2 23 94 61
2 24 25 31
2 25 49 51
2 26 86 83
2 27 6 33
2 28 74 73
2 29 39 28
2 30 23 23
2 31 38 15
2 32 82 79
2 33 0 50
2 34 15 89
2 35 50 57
2 36 53 45
2 37 19 79
2 38 47 93
2 39 93 64
2 40 38 18
2 41 91 17
2 42 65 69
2 43 23 89
2 44 35 16
2 45 30 48
2 46 46 56
2 47 58 67
2 48 31 62
2 49 28 77
3 4 51 38
3 5 18 56
3 6 0 89
3 7 41 13
3 8 34 81
3 9 6 53
3 10 7 52
3 11 21 32
3 12 57 95
3 13 89 28
3 14 56 75
3 15 81 33
3 16 2 0
3 17 2 79
3 18 81 93
3 19 54 34
3 20 71 40
3 21 86 87
3 22 19 71
3 23 18 17
3 24 76 41
3 25 31 49
3 26 74 89
3 27 73 53
3 28 50 76
3 29 40 58
3 30 75 92
3 31 0 8
3 32 74 39
3 33 29 17
3 34 93 25
3 35 18 29
3 36 22 38
3 37 4 0
3 38 8 73
3 39 66 86
3 40 87 83
3 41 76 34
3 42 57 35
3 43 86 75
3 44 55 33
3 45 18 72
3 46 57 74
3 47 76 42
3 48 75 33
3 49 37 49
4 5 15 62
4 6 81 84
4 7 21 83
4 8 56 42
4 9 4 22
4 10 41 48
4 11 0 79
4 12 53 74
4 13 76 70
4 14 17 4
4 15 18 31
4 16 53 27
4 17 24 58
4 18 4 84
4 19 22 48
4 20 73 35
4 21 76 39
4 22 52 6
4 23 5 26
4 24 46 60
4 25 39 58
4 26 73 96
4 27 24 3
4 28 49 26
4 29 35 42
4 30 37 55
4 31 73 60
4 32 3 78
4 33 0 42
4 34 42 24
4 35 66 61
4 36 86 73
4 37 84 12
4 38 81 35
4 39 34 54
4 40 47 22
4 41 63 14
4 42 80 26
4 43 53 32
4 44 57 80
4 45 12 31
4 46 33 81
4 47 77 70
4 48 67 28
4 49 7 46
5 6 20 7
5 7 80 31
5 8 63 56
5 9 21 13
5 10 60 14
5 11 26 72
5 12 60 44
5 13 34 22
5 14 73 15
5 15 26 66
5 16 27 25
5 17 15 55
5 18 63 18
5 19 74 86
5 20 49 67
5 21 31 53
5 22 85 63
5 23 99 51
5 24 56 78
5 25 38 59
5 26 80 55
5 27 30 78
5 28 51 7
5 29 23 66
5 30 0 67
5 31 38 10
5 32 51 85
5 33 72 48
5 34 80 58
5 35 41 67
5 36 63 94
5 37 68 82
5 38 37 46
5 39 31 54
5 40 73 85
5 41 23 76
5 42 8 64
5 43 87 46
5 44 96 76
5 45 7 54
5 46 47 17
5 47 44 73
5 48 12 6
5 49 16 25
6 7 30 49
6 8 3 45
6 9 67 73
6 10 7 14
6 11 24 79
6 12 73 45
6 13 93 63
6 14 65 94
6 15 19 43
6 16 8 22
6 17 54 81
6 18 58 45
6 19 58 23
6 20 7 1
6 21 77 38
6 22 49 16
6 23 63 23
6 24 84 10
6 25 79 34
6 26 87 55
6 27 39 6
6 28 9 4
6 29 20 71
6 30 82 64
6 31 80 43
6 32 12 6
6 33 86 76
6 34 48 85
6 35 43 61
6 36 84 90
6 37 86 11
6 38 82 81
6 39 73 92
6 40 27 58
6 41 52 66
6 42 73 8
6 43 62 61
6 44 13 61
6 45 92 44
6 46 19 2
6 47 2 38
6 48 96 35
6 49 58 10
7 8 47 57
7 9 71 39
7 10 7 23
7 11 5 72
7 12 29 40
7 13 62 43
7 14 85 54
7 15 85 86
7 16 1 32
7 17 42 73
7 18 31 51
7 19 49 56
7 20 76 9
7 21 26 64
7 22 86 95
7 23 2 25
7 24 19 52
7 25 21 9
7 26 94 77
7 27 21 12
7 28 75 76
7 29 84 8
7 30 99 78
7 31 95 60
7 32 33 49
7 33 27 23
7 34 69 93
7 35 81 45
7 36 64 69
7 37 15 50
7 38 93 57
7 39 46 24
7 40 45 85
7 41 98 69
7 42 10 14
7 43 12 41
7 44 67 83
7 45 60 73
7 46 76 40
7 47 17 35
7 48 25 91
7 49 32 22
8 9 87 60
8 10 67 22
8 11 99 78
8 12 68 23
8 13 78 31
8 14 48 54
8 15 99 37
8 16 26 10
8 17 51 59
8 18 50 52
8 19 6 61
8 20 20 18
8 21 86 55
8 22 38 24
8 23 2 78
8 24 49 25
8 25 59 55
8 26 98 17
8 27 81 16
8 28 2 39
8 29 9 60
8 30 45 58
8 31 9 48
8 32 12 73
8 33 67 8
8 34 41 14
8 35 95 81
8 36 5 75
8 37 88 65
8 38 71 35
8 39 84 77
8 40 17 6
8 41 36 54
8 42 42 14
8 43 3 63
8 44 98 30
8 45 75 65
8 46 34 93
8 47 1 69
8 48 27 51
8 49 63 84
9 10 16 8
9 11 5 43
9 12 19 30
9 13 95 70
9 14 36 82
9 15 91 58
9 16 19 70
9 17 19 10
9 18 72 89
9 19 81 83
9 20 56 19
9 21 40 45
9 22 44 8
9 23 79 19
9 24 14 20
9 25 89 61
9 26 0 41
9 27 52 51
9 28 33 37
9 29 14 50
9 30 82 48
9 31 51 42
9 32 60 31
9 33 50 79
9 34 25 58
9 35 83 86
9 36 99 35
9 37 7 30
9 38 10 89
9 39 33 30
9 40 42 30
9 41 52 13
9 42 69 82
9 43 12 31
9 44 77 57
9 45 0 8
9 46 73 75
9 47 17 79
9 48 50 62
9 49 45 92
10 11 86 32
10 12 27 24
10 13 9 38
10 14 76 66
10 15 8 13
10 16 20 4
10 17 0 53
10 18 50 72
10 19 22 87
10 20 49 21
10 21 45 86
10 22 93 31
10 23 45 8
10 24 60 31
10 25 91 86
10 26 62 52
10 27 57 47
10 28 75 64
10 29 24 3
10 30 14 39
10 31 78 44
10 32 60 28
10 33 11 86
10 34 3 42
10 35 46 35
10 36 18 12
10 37 21 57
10 38 27 38
10 39 54 68
10 40 52 46
10 41 68 40
10 42 87 68
10 43 36 87
10 44 26 48
10 45 33 51
10 46 65 17
10 47 42 48
10 48 65 51
10 49 86 41
11 12 26 18
11 13 35 11
11 14 59 23
11 15 92 31
11 16 79 71
11 17 81 16
11 18 89 36
11 19 64 43
11 20 65 62
11 21 66 89
11 22 92 98
11 23 58 14
11 24 41 27
11 25 1 69
11 26 51 89
11 27 93 78
11 28 74 13
11 29 13 73
11 30 30 47
11 31 54 37
11 32 39 85
11 33 37 79
11 34 18 39
11 35 67 26
11 36 22 13
11 37 10 11
11 38 64 81
11 39 50 40
11 40 11 27
11 41 13 33
11 42 41 52
11 43 21 27
11 44 90 43
11 45 6 44
11 46 62 66
11 47 38 22
11 48 15 73
11 49 82 85
12 13 4 38
12 14 45 43
12 15 73 75
12 16 80 40
12 17 25 57
12 18 48 87
12 19 51 80
12 20 86 80
12 21 46 41
12 22 4 33
12 23 76 74
12 24 91 17
12 25 5 20
12 26 57 26
12 27 85 35
12 28 7 30
12 29 91 94
12 30 58 88
12 31 19 4
12 32 37 88
12 33 65 89
12 34 13 58
12 35 94 73
12 36 51 68
12 37 3 73
12 38 43 64
12 39 77 26
12 40 67 21
12 41 51 39
12 42 46 11
12 43 33 58
12 44 17 69
12 45 44 87
12 46 86 87
12 47 26 24
12 48 89 37
12 49 23 42
13 14 80 73
13 15 47 93
13 16 71 92
13 17 55 30
13 18 77 45
13 19 28 11
13 20 13 89
13 21 89 61
13 22 41 13
13 23 77 62
13 24 89 40
13 25 34 88
13 26 32 91
13 27 21 30
13 28 67 8
13 29 82 8
13 30 63 91
13 31 59 53
13 32 75 57
13 33 55 68
13 34 76 74
13 35 5 47
13 36 94 39
13 37 91 62
13 38 28 12
13 39 24 16
13 40 24 15
13 41 13 17
13 42 18 90
13 43 28 51
13 44 67 47
13 45 16 66
13 46 21 41
13 47 55 51
13 48 72 25
13 49 52 5
14 15 21 48
14 16 93 25
14 17 56 51
14 18 53 7
14 19 62 80
14 20 70 70
14 21 14 51
14 22 26 15
14 23 28 20
14 24 87 19
14 25 86 60
14 26 88 84
14 27 53 33
14 28 55 33
14 29 51 47
14 30 16 6
14 31 56 8
14 32 66 27
14 33 38 88
14 34 99 22
14 35 76 88
14 36 91 90
14 37 59 34
14 38 97 76
14 39 35 38
14 40 40 19
14 41 28 59
14 42 22 42
14 43 76 63
14 44 63 62
14 45 35 43
14 46 15 85
14 47 95 61
14 48 32 3
14 49 81 37
15 16 2 6
15 17 68 9
15 18 93 86
15 19 3 7
15 20 27 92
15 21 51 90
15 22 63 83
15 23 49 56
15 24 64 75
15 25 64 38
15 26 98 74
15 27 84 93
15 28 80 77
15 29 50 93
15 30 35 49
15 31 34 28
15 32 24 48
15 33 96 79
15 34 10 64
15 35 64 54
15 36 92 88
15 37 36 42
15 38 24 26
15 39 78 89
15 40 75 32
15 41 78 79
15 42 22 63
15 43 24 76
15 44 78 27
15 45 18 52
15 46 25 78
15 47 1 49
15 48 15 33
15 49 61 6
16 17 43 46
16 18 87 32
16 19 46 55
16 20 83 19
16 21 47 71
16 22 4 6
16 23 18 54
16 24 86 16
16 25 95 21
16 26 23 27
16 27 23 6
16 28 29 41
16 29 76 80
16 30 89 68
16 31 66 14
16 32 15 23
16 33 1 24
16 34 17 65
16 35 0 20
16 36 74 40
16 37 18 66
16 38 8 24
16 39 22 91
16 40 83 38
16 41 15 52
16 42 97 99
16 43 49 48
16 44 94 12
16 45 36 84
16 46 90 94
16 47 17 36
16 48 62 13
16 49 10 35
17 18 9 22
17 19 41 70
17 20 55 76
17 21 54 81
17 22 56 94
17 23 50 62
17 24 29 34
17 25 18 22
17 26 40 11
17 27 24 64
17 28 48 16
17 29 0 33
17 30 47 83
17 31 4 11
17 32 72 21
17 33 69 96
17 34 96 45
17 35 27 74
17 36 80 25
17 37 64 84
17 38 1 87
17 39 75 78
17 40 1 79
17 41 77 30
17 42 52 14
17 43 21 20
17 44 20 15
17 45 40 5
17 46 0 74
17 47 60 24
17 48 33 48
17 49 27 28
18 19 85 39
18 20 62 40
18 21 13 86
18 22 93 42
18 23 53 76
18 24 22 55
18 25 20 19
18 26 85 23
18 27 44 83
18 28 44 75
18 29 86 73
18 30 17 43
18 31 41 58
18 32 32 22
18 33 58 56
18 34 16 41
18 35 36 52
18 36 96 85
18 37 63 24
18 38 39 84
18 39 97 93
18 40 42 24
18 41 48 66
18 42 69 46
18 43 27 29
18 44 40 8
18 45 51 21
18 46 60 60
18 47 27 37
18 48 87 22
18 49 67 52
19 20 52 73
19 21 6 65
19 22 42 80
19 23 53 73
19 24 93 31
19 25 84 14
19 26 47 40
19 27 67 59
19 28 89 77
19 29 58 11
19 30 60 22
19 31 12 7
19 32 57 87
19 33 26 48
19 34 78 23
19 35 30 83
19 36 18 22
19 37 38 23
19 38 55 70
19 39 8 46
19 40 95 49
19 41 57 63
19 42 44 10
19 43 25 2
19 44 27 45
19 45 92 11
19 46 71 37
19 47 24 64
19 48 79 37
19 49 24 8
20 21 27 48
20 22 38 61
20 23 66 46
20 24 53 39
20 25 52 56
20 26 57 35
20 27 52 17
20 28 86 30
20 29 24 10
20 30 58 61
20 31 45 77
20 32 47 25
20 33 75 94
20 34 88 28
20 35 11 67
20 36 25 61
20 37 59 12
20 38 32 18
20 39 83 42
20 40 66 54
20 41 90 62
20 42 51 80
20 43 6 82
20 44 99 31
20 45 55 83
20 46 2 22
20 47 33 85
20 48 20 91
20 49 85 72
21 22 9 26
21 23 16 86
21 24 34 85
21 25 1 69
21 26 84 48
21 27 35 85
21 28 8 80
21 29 59 35
21 30 41 59
21 31 41 91
21 32 83 38
21 33 26 74
21 34 15 27
21 35 98 67
21 36 51 43
21 37 63 76
21 38 45 48
21 39 23 11
21 40 57 14
21 41 79 24
21 42 73 26
21 43 5 15
21 44 66 47
21 45 7 20
21 46 36 10
21 47 51 72
21 48 7 35
21 49 9 71
22 23 90 39
22 24 70 73
22 25 33 70
22 26 90 20
22 27 56 43
22 28 66 25
22 29 21 24
22 30 6 43
22 31 56 53
22 32 79 67
22 33 36 41
22 34 67 86
22 35 15 40
22 36 64 76
22 37 39 20
22 38 56 86
22 39 13 31
22 40 63 35
22 41 69 30
22 42 76 21
22 43 8 82
22 44 23 19
22 45 0 10
22 46 13 8
22 47 69 31
22 48 33 81
22 49 14 35
23 24 46 86
23 25 83 95
23 26 30 87
23 27 99 62
23 28 80 46
23 29 43 61
23 30 20 44
23 31 4 55
23 32 49 7
23 33 22 10
23 34 46 35
23 35 27 70
23 36 22 67
23 37 10 23
23 38 28 13
23 39 43 50
23 40 70 32
23 41 76 28
23 42 97 10
23 43 91 28
23 44 72 24
23 45 3 67
23 46 54 81
23 47 99 94
23 48 48 11
23 49 24 60
24 25 27 6
24 26 71 25
24 27 26 81
24 28 24 53
24 29 80 53
24 30 42 55
24 31 91 76
24 32 59 95
24 33 46 82
24 34 32 89
24 35 60 14
24 36 51 71
24 37 10 40
24 38 84 23
24 39 98 97
24 40 98 42
24 41 12 52
24 42 63 96
24 43 61 66
24 44 35 90
24 45 27 84
24 46 10 28
24 47 58 62
24 48 69 36
24 49 36 60
25 26 31 74
25 27 58 13
25 28 71 81
25 29 71 9
25 30 5 20
25 31 98 90
25 32 79 29
25 33 19 63
25 34 44 51
25 35 79 20
25 36 4 28
25 37 62 44
25 38 45 75
25 39 10 73
25 40 5 0
25 41 62 21
25 42 40 30
25 43 92 19
25 44 28 11
25 45 32 58
25 46 3 87
25 47 40 59
25 48 55 61
25 49 12 2
26 27 72 86
26 28 71 28
26 29 37 52
26 30 79 15
26 31 57 48
26 32 38 47
26 33 59 48
26 34 53 17
26 35 76 14
26 36 0 42
26 37 97 39
26 38 73 62
26 39 25 23
26 40 34 13
26 41 18 33
26 42 22 41
26 43 25 46
26 44 31 62
26 45 4 38
26 46 88 59
26 47 94 91
26 48 28 58
26 49 51 48
27 28 5 16
27 29 83 17
27 30 12 62
27 31 25 70
27 32 27 39
27 33 58 22
27 34 73 55
27 35 86 31
27 36 68 81
27 37 93 50
27 38 97 16
27 39 60 15
27 40 40 5
27 41 76 70
27 42 26 54
27 43 44 7
27 44 6 72
27 45 14 36
27 46 64 45
27 47 30 72
27 48 38 48
27 49 23 61
28 29 2 11
28 30 99 35
28 31 38 66
28 32 52 92
28 33 46 59
28 34 6 62
28 35 28 56
28 36 40 6
28 37 94 85
28 38 96 53
28 39 28 13
28 40 4 57
28 41 48 47
28 42 87 65
28 43 82 77
28 44 4 1
28 45 41 47
28 46 60 32
28 47 56 58
28 48 25 40
28 49 27 39
29 30 4 37
29 31 32 22
29 32 36 26
29 33 62 90
29 34 16 32
29 35 13 48
29 36 17 55
29 37 58 38
29 38 76 38
29 39 92 24
29 40 9 44
29 41 27 88
29 42 84 82
29 43 34 39
29 44 21 83
29 45 53 13
29 46 58 70
29 47 77 81
29 48 5 48
29 49 37 84
30 31 3 20
30 32 7 17
30 33 97 51
30 34 60 57
30 35 79 35
30 36 59 16
30 37 41 35
30 38 85 33
30 39 48 34
30 40 55 43
30 41 34 44
30 42 89 66
30 43 52 35
30 44 60 83
30 45 74 67
30 46 12 67
30 47 88 62
30 48 19 77
30 49 63 62
31 32 98 47
31 33 14 40
31 34 23 39
31 35 51 58
31 36 84 89
31 37 56 60
31 38 88 43
31 39 34 18
31 40 53 92
31 41 22 79
31 42 46 47
31 43 62 18
31 44 75 38
31 45 92 35
31 46 9 40
31 47 89 28
31 48 10 39
31 49 32 20
32 33 98 66
32 34 93 29
32 35 64 88
32 36 70 62
32 37 43 10
32 38 75 54
32 39 17 48
32 40 29 20
32 41 86 50
32 42 1 84
32 43 62 61
32 44 88 89
32 45 43 86
32 46 24 68
32 47 47 9
32 48 35 58
32 49 38 77
33 34 42 92
33 35 4 62
33 36 11 40
33 37 99 93
33 38 22 23
33 39 1 7
33 40 83 15
33 41 31 34
33 42 20 24
33 43 41 88
33 44 4 70
33 45 0 49
33 46 37 78
33 47 49 12
33 48 34 89
33 49 86 33
34 35 69 61
34 36 54 70
34 37 84 55
34 38 34 47
34 39 22 28
34 40 77 92
34 41 86 33
34 42 51 50
34 43 35 13
34 44 27 21
34 45 71 62
34 46 92 62
34 47 36 33
34 48 40 89
34 49 42 25
35 36 84 47
35 37 72 58
35 38 16 75
35 39 17 25
35 40 95 62
35 41 54 24
35 42 76 76
35 43 94 68
35 44 27 67
35 45 17 11
35 46 69 11
35 47 84 13
35 48 98 37
35 49 61 62
36 37 8 28
36 38 25 36
36 39 83 54
36 40 36 41
36 41 67 83
36 42 11 15
36 43 89 31
36 44 80 50
36 45 70 17
36 46 9 75
36 47 35 71
36 48 74 92
36 49 98 53
37 38 0 50
37 39 16 68
37 40 87 52
37 41 55 63
37 42 5 61
37 43 10 26
37 44 87 49
37 45 52 88
37 46 2 6
37 47 91 21
37 48 94 11
37 49 7 7
38 39 57 89
38 40 60 17
38 41 88 32
38 42 25 87
38 43 67 33
38 44 77 65
38 45 63 11
38 46 50 71
38 47 23 43
38 48 18 9
38 49 2 66
39 40 87 23
39 41 63 92
39 42 10 58
39 43 99 32
39 44 40 37
39 45 67 49
39 46 56 84
39 47 4 27
39 48 11 40
39 49 95 73
40 41 43 34
40 42 11 40
40 43 3 37
40 44 31 88
40 45 81 35
40 46 8 70
40 47 13 54
40 48 87 50
40 49 27 41
41 42 39 37
41 43 81 43
41 44 13 84
41 45 25 22
41 46 42 62
41 47 32 66
41 48 72 42
41 49 27 73
42 43 46 4
42 44 54 26
42 45 68 51
42 46 93 96
42 47 16 90
42 48 99 52
42 49 56 31
43 44 84 81
43 45 25 88
43 46 46 64
43 47 4 73
43 48 4 53
43 49 56 44
44 45 57 92
44 46 51 87
44 47 49 50
44 48 54 22
44 49 98 79
45 46 61 60
45 47 53 44
45 48 85 29
45 49 47 29
46 47 65 55
46 48 80 24
46 49 72 68
47 48 56 46
47 49 57 34
48 49 19 25
