50
0 1 88 46
0 2 3 47
0 3 21 56
0 4 55 56
0 5 79 52
0 6 43 67
0 7 61 60
0 8 9 30
0 9 2 18
0 10 67 48
0 11 97 83
0 12 89 92
0 13 73 48
0 14 54 72
0 15 69 42
0 16 20 45
0 17 4 11
0 18 23 28
0 19 25 16
0 20 56 61
0 21 98 57
0 22 37 41
0 23 30 57
0 24 84 89
0 25 63 35
0 26 34 48
0 27 77 70
0 28 42 36
0 29 77 77
0 30 60 45
0 31 91 75
0 32 59 76
0 33 67 52
0 34 38 38
0 35 26 61
0 36 12 11
0 37 38 61
0 38 67 37
0 39 7 22
0 40 63 62
0 41 0 20
0 42 16 20
0 43 2 29
0 44 29 55
0 45 54 32
0 46 45 53
0 47 23 24
0 48 92 67
0 49 77 49
1 2 2 41
1 3 24 51
1 4 41 49
1 5 93 81
1 6 8 28
1 7 72 38
1 8 48 26
1 9 71 68
1 10 19 43
1 11 33 28
1 12 91 63
1 13 54 53
1 14 13 32
1 15 28 63
1 16 67 52
1 17 68 58
1 18 58 61
1 19 49 69
1 20 79 69
1 21 16 22
1 22 67 73
1 23 96 71
1 24 2 2
1 25 4 8
1 26 2 10
1 27 26 32
1 28 31 49
1 29 61 52
1 30 41 41
1 31 62 68
1 32 2 7
1 33 63 71
1 34 70 73
1 35 64 38
1 36 38 60
1 37 1 31
1 38 25 27
1 39 58 52
1 40 73 74
1 41 89 66
1 42 39 34
1 43 16 49
1 44 74 85
1 45 25 31
1 46 0 39
1 47 64 52
1 48 87 66
1 49 27 22
2 3 33 27
2 4 84 70
2 5 97 55
2 6 38 20
2 7 4 5
2 8 98 62
2 9 23 47
2 10 82 76
2 11 1 10
2 12 12 21
2 13 75 39
2 14 33 32
2 15 47 43
2 16 21 30
2 17 17 9
2 18 6 4
2 19 53 75
2 20 95 87
2 21 34 39
2 22 94 95
2 23 35 44
2 24 29 40
2 25 67 82
2 26 87 61
2 27 8 46
2 28 3 28
2 29 98 90
2 30 93 74
2 31 54 38
2 32 67 61
2 33 59 65
2 34 65 60
2 35 68 65
2 36 65 72
2 37 96 76
2 38 64 39
2 39 70 81
2 40 35 65
2 41 44 37
2 42 97 55
2 43 8 17
2 44 52 64
2 45 63 61
2 46 87 88
2 47 47 37
2 48 59 58
2 49 30 61
3 4 14 20
3 5 7 45
3 6 43 34
3 7 18 57
3 8 66 57
3 9 17 53
3 10 39 49
3 11 18 19
3 12 64 40
3 13 80 55
3 14 65 45
3 15 13 31
3 16 78 51
3 17 27 42
3 18 20 29
3 19 22 36
3 20 1 9
3 21 23 17
3 22 84 79
3 23 48 61
3 24 87 52
3 25 34 64
3 26 36 28
3 27 88 58
3 28 1 1
3 29 26 21
3 30 28 20
3 31 94 73
3 32 71 36
3 33 19 52
3 34 68 61
3 35 34 27
3 36 23 14
3 37 80 53
3 38 23 30
3 39 19 28
3 40 86 75
3 41 62 70
3 42 67 75
3 43 63 50
3 44 33 59
3 45 40 58
3 46 99 57
3 47 88 50
3 48 34 63
3 49 59 50
4 5 84 47
4 6 13 23
4 7 69 44
4 8 35 40
4 9 61 61
4 10 33 60
4 11 86 56
4 12 57 78
4 13 34 61
4 14 17 52
4 15 34 56
4 16 13 31
4 17 48 45
4 18 10 7
4 19 18 33
4 20 42 59
4 21 15 32
4 22 61 66
4 23 61 59
4 24 38 56
4 25 12 14
4 26 69 35
4 27 72 85
4 28 87 76
4 29 78 57
4 30 80 79
4 31 32 60
4 32 35 55
4 33 76 48
4 34 92 49
4 35 41 57
4 36 6 22
4 37 3 38
4 38 0 45
4 39 32 49
4 40 61 62
4 41 21 26
4 42 97 71
4 43 47 38
4 44 7 24
4 45 93 72
4 46 41 59
4 47 64 78
4 48 11 55
4 49 92 94
5 6 26 21
5 7 53 33
5 8 91 67
5 9 1 17
5 10 44 57
5 11 60 31
5 12 61 42
5 13 17 30
5 14 1 44
5 15 99 57
5 16 92 63
5 17 58 55
5 18 29 60
5 19 42 44
5 20 73 70
5 21 15 17
5 22 8 22
5 23 59 40
5 24 73 61
5 25 49 40
5 26 20 60
5 27 49 46
5 28 56 47
5 29 38 36
5 30 43 67
5 31 80 41
5 32 41 63
5 33 68 75
5 34 27 52
5 35 28 51
5 36 65 66
5 37 64 76
5 38 78 51
5 39 99 57
5 40 29 54
5 41 12 47
5 42 8 9
5 43 78 51
5 44 41 21
5 45 97 96
5 46 46 46
5 47 81 47
5 48 60 31
5 49 13 44
6 7 81 80
6 8 40 35
6 9 4 43
6 10 81 80
6 11 30 61
6 12 26 29
6 13 17 21
6 14 23 44
6 15 95 95
6 16 89 81
6 17 42 54
6 18 98 83
6 19 38 55
6 20 4 35
6 21 65 72
6 22 47 69
6 23 80 79
6 24 29 42
6 25 59 60
6 26 47 61
6 27 93 87
6 28 28 36
6 29 64 40
6 30 8 28
6 31 39 61
6 32 97 58
6 33 82 83
6 34 38 43
6 35 48 57
6 36 72 74
6 37 23 33
6 38 84 48
6 39 95 54
6 40 60 36
6 41 60 44
6 42 28 24
6 43 88 82
6 44 58 33
6 45 62 72
6 46 95 47
6 47 48 42
6 48 62 35
6 49 36 42
7 8 8 21
7 9 83 90
7 10 26 53
7 11 85 65
7 12 40 68
7 13 22 43
7 14 89 61
7 15 89 54
7 16 16 14
7 17 98 95
7 18 99 88
7 19 29 60
7 20 26 28
7 21 87 47
7 22 96 95
7 23 89 56
7 24 17 37
7 25 49 43
7 26 11 6
7 27 87 66
7 28 70 66
7 29 23 30
7 30 5 14
7 31 44 31
7 32 29 35
7 33 18 11
7 34 72 47
7 35 89 72
7 36 15 12
7 37 14 19
7 38 22 31
7 39 48 43
7 40 73 73
7 41 26 52
7 42 89 86
7 43 6 44
7 44 97 53
7 45 54 40
7 46 65 51
7 47 48 71
7 48 0 31
7 49 22 14
8 9 42 34
8 10 88 54
8 11 47 72
8 12 14 45
8 13 81 85
8 14 63 81
8 15 11 22
8 16 36 63
8 17 27 51
8 18 53 34
8 19 39 60
8 20 88 90
8 21 47 71
8 22 42 48
8 23 94 77
8 24 74 39
8 25 72 55
8 26 4 28
8 27 84 88
8 28 36 65
8 29 7 20
8 30 72 78
8 31 57 40
8 32 50 63
8 33 60 62
8 34 82 48
8 35 72 55
8 36 94 68
8 37 98 66
8 38 83 65
8 39 71 57
8 40 6 24
8 41 76 78
8 42 29 52
8 43 80 73
8 44 9 5
8 45 80 58
8 46 4 11
8 47 19 55
8 48 51 40
8 49 55 50
9 10 70 71
9 11 84 57
9 12 46 26
9 13 98 97
9 14 33 62
9 15 28 50
9 16 54 52
9 17 16 47
9 18 0 49
9 19 42 44
9 20 49 55
9 21 94 67
9 22 35 53
9 23 23 48
9 24 17 18
9 25 0 38
9 26 46 61
9 27 49 67
9 28 7 19
9 29 4 11
9 30 11 16
9 31 36 34
9 32 55 67
9 33 97 94
9 34 44 36
9 35 4 34
9 36 57 70
9 37 9 23
9 38 78 43
9 39 16 53
9 40 78 71
9 41 34 23
9 42 68 72
9 43 29 53
9 44 13 13
9 45 55 29
9 46 83 51
9 47 50 30
9 48 75 63
9 49 57 61
10 11 38 62
10 12 67 71
10 13 40 24
10 14 93 74
10 15 47 27
10 16 21 51
10 17 16 33
10 18 78 52
10 19 56 71
10 20 59 51
10 21 91 78
10 22 64 78
10 23 14 30
10 24 96 58
10 25 7 22
10 26 93 83
10 27 57 41
10 28 58 55
10 29 5 19
10 30 76 68
10 31 89 58
10 32 21 26
10 33 6 10
10 34 14 57
10 35 73 80
10 36 98 56
10 37 44 67
10 38 93 52
10 39 97 79
10 40 31 48
10 41 51 43
10 42 97 50
10 43 36 60
10 44 8 18
10 45 8 34
10 46 82 41
10 47 53 44
10 48 37 38
10 49 12 35
11 12 34 65
11 13 65 44
11 14 94 62
11 15 85 60
11 16 54 61
11 17 96 69
11 18 19 58
11 19 17 37
11 20 46 56
11 21 67 70
11 22 84 44
11 23 75 41
11 24 28 59
11 25 66 60
11 26 95 84
11 27 30 63
11 28 46 53
11 29 39 44
11 30 56 58
11 31 88 82
11 32 34 47
11 33 24 49
11 34 10 49
11 35 89 91
11 36 98 87
11 37 45 43
11 38 39 44
11 39 60 55
11 40 64 45
11 41 87 84
11 42 41 60
11 43 61 47
11 44 13 22
11 45 89 71
11 46 77 81
11 47 31 23
11 48 49 47
11 49 49 72
12 13 49 42
12 14 96 59
12 15 58 58
12 16 19 33
12 17 53 76
12 18 91 49
12 19 98 57
12 20 71 85
12 21 38 27
12 22 48 73
12 23 40 68
12 24 70 42
12 25 27 62
12 26 46 68
12 27 50 30
12 28 50 33
12 29 35 50
12 30 4 34
12 31 2 45
12 32 69 77
12 33 66 62
12 34 57 39
12 35 29 54
12 36 25 57
12 37 6 41
12 38 85 63
12 39 51 71
12 40 83 62
12 41 12 8
12 42 87 72
12 43 58 73
12 44 74 59
12 45 32 59
12 46 90 91
12 47 68 49
12 48 20 22
12 49 37 67
13 14 18 23
13 15 35 18
13 16 25 33
13 17 39 43
13 18 17 46
13 19 29 46
13 20 4 20
13 21 87 77
13 22 28 46
13 23 79 83
13 24 74 63
13 25 18 45
13 26 14 50
13 27 31 24
13 28 36 49
13 29 87 73
13 30 13 30
13 31 41 60
13 32 76 54
13 33 5 15
13 34 80 45
13 35 83 55
13 36 29 49
13 37 4 44
13 38 67 53
13 39 93 96
13 40 13 10
13 41 19 48
13 42 80 78
13 43 16 41
13 44 65 79
13 45 45 33
13 46 91 59
13 47 30 55
13 48 1 21
13 49 21 50
14 15 21 39
14 16 4 30
14 17 58 75
14 18 11 47
14 19 43 53
14 20 29 22
14 21 87 57
14 22 31 45
14 23 93 55
14 24 9 29
14 25 68 45
14 26 82 72
14 27 94 52
14 28 79 76
14 29 45 67
14 30 71 75
14 31 41 38
14 32 84 59
14 33 4 35
14 34 70 45
14 35 73 61
14 36 27 25
14 37 53 36
14 38 30 60
14 39 76 51
14 40 55 62
14 41 14 36
14 42 43 54
14 43 74 53
14 44 7 16
14 45 64 65
14 46 67 58
14 47 19 50
14 48 81 65
14 49 62 34
15 16 7 39
15 17 46 38
15 18 65 62
15 19 96 74
15 20 31 56
15 21 82 89
15 22 16 20
15 23 16 17
15 24 77 61
15 25 77 57
15 26 62 31
15 27 4 5
15 28 43 51
15 29 63 50
15 30 70 70
15 31 34 37
15 32 28 55
15 33 81 72
15 34 45 66
15 35 52 72
15 36 77 64
15 37 77 47
15 38 64 33
15 39 84 72
15 40 10 10
15 41 49 53
15 42 67 76
15 43 30 51
15 44 59 77
15 45 34 37
15 46 19 36
15 47 21 35
15 48 86 77
15 49 81 55
16 17 0 22
16 18 77 59
16 19 93 58
16 20 64 75
16 21 8 37
16 22 0 13
16 23 18 43
16 24 25 39
16 25 26 28
16 26 65 72
16 27 4 49
16 28 16 16
16 29 35 45
16 30 89 91
16 31 60 61
16 32 93 95
16 33 41 67
16 34 79 89
16 35 87 93
16 36 28 58
16 37 87 83
16 38 75 59
16 39 42 29
16 40 54 73
16 41 43 44
16 42 68 50
16 43 64 76
16 44 51 62
16 45 50 39
16 46 47 47
16 47 23 19
16 48 80 77
16 49 96 56
17 18 63 37
17 19 47 38
17 20 56 54
17 21 90 71
17 22 67 36
17 23 13 17
17 24 55 38
17 25 57 43
17 26 25 36
17 27 76 60
17 28 43 64
17 29 18 52
17 30 60 66
17 31 64 37
17 32 71 44
17 33 60 55
17 34 18 55
17 35 75 39
17 36 19 14
17 37 25 54
17 38 36 46
17 39 6 26
17 40 79 79
17 41 23 36
17 42 2 29
17 43 68 67
17 44 71 63
17 45 57 66
17 46 51 47
17 47 33 54
17 48 99 66
17 49 13 23
18 19 22 60
18 20 82 71
18 21 83 72
18 22 95 92
18 23 30 25
18 24 43 49
18 25 93 92
18 26 6 8
18 27 57 57
18 28 91 57
18 29 26 56
18 30 22 31
18 31 46 31
18 32 67 38
18 33 47 32
18 34 3 29
18 35 13 30
18 36 94 64
18 37 73 76
18 38 87 68
18 39 41 61
18 40 15 30
18 41 33 32
18 42 98 90
18 43 78 68
18 44 44 43
18 45 54 53
18 46 58 52
18 47 90 85
18 48 50 48
18 49 51 30
19 20 15 13
19 21 25 43
19 22 63 65
19 23 26 61
19 24 43 33
19 25 58 61
19 26 65 32
19 27 70 49
19 28 30 58
19 29 39 33
19 30 22 27
19 31 1 12
19 32 24 18
19 33 58 35
19 34 50 54
19 35 4 30
19 36 34 59
19 37 34 46
19 38 77 60
19 39 51 65
19 40 96 66
19 41 29 43
19 42 83 83
19 43 57 65
19 44 30 21
19 45 46 62
19 46 60 54
19 47 30 45
19 48 46 65
19 49 59 69
20 21 20 17
20 22 45 68
20 23 61 50
20 24 30 36
20 25 79 49
20 26 52 54
20 27 8 54
20 28 12 26
20 29 34 46
20 30 6 44
20 31 65 55
20 32 36 22
20 33 19 24
20 34 39 58
20 35 55 27
20 36 17 56
20 37 31 29
20 38 30 34
20 39 49 62
20 40 66 67
20 41 31 29
20 42 41 70
20 43 26 41
20 44 67 73
20 45 23 56
20 46 23 22
20 47 13 21
20 48 56 43
20 49 80 47
21 22 31 38
21 23 70 57
21 24 17 47
21 25 16 29
21 26 30 36
21 27 88 51
21 28 69 71
21 29 27 51
21 30 69 38
21 31 8 46
21 32 79 70
21 33 89 70
21 34 3 20
21 35 57 34
21 36 72 37
21 37 87 77
21 38 58 29
21 39 3 7
21 40 53 48
21 41 38 37
21 42 8 47
21 43 28 61
21 44 31 46
21 45 57 71
21 46 33 55
21 47 27 44
21 48 62 71
21 49 61 62
22 23 38 28
22 24 49 51
22 25 75 70
22 26 47 59
22 27 35 27
22 28 58 45
22 29 31 60
22 30 86 71
22 31 9 29
22 32 72 36
22 33 0 36
22 34 63 48
22 35 70 53
22 36 1 38
22 37 44 45
22 38 4 21
22 39 37 60
22 40 17 43
22 41 29 20
22 42 32 59
22 43 31 39
22 44 77 86
22 45 11 43
22 46 39 30
22 47 93 46
22 48 1 25
22 49 22 27
23 24 89 56
23 25 28 59
23 26 3 6
23 27 74 83
23 28 80 77
23 29 70 39
23 30 21 30
23 31 77 64
23 32 77 85
23 33 77 61
23 34 11 17
23 35 63 62
23 36 45 41
23 37 27 24
23 38 11 47
23 39 60 32
23 40 45 60
23 41 66 59
23 42 68 75
23 43 55 42
23 44 66 55
23 45 17 36
23 46 38 47
23 47 61 33
23 48 18 22
23 49 86 86
24 25 75 57
24 26 27 26
24 27 34 28
24 28 98 64
24 29 41 38
24 30 53 73
24 31 64 34
24 32 75 57
24 33 64 41
24 34 9 13
24 35 83 63
24 36 6 21
24 37 56 50
24 38 11 42
24 39 48 36
24 40 79 45
24 41 67 49
24 42 58 38
24 43 79 63
24 44 42 38
24 45 7 20
24 46 21 19
24 47 49 57
24 48 59 31
24 49 7 4
25 26 61 41
25 27 37 63
25 28 74 81
25 29 35 32
25 30 38 47
25 31 68 42
25 32 2 33
25 33 67 46
25 34 96 53
25 35 89 55
25 36 87 72
25 37 44 57
25 38 23 43
25 39 1 3
25 40 41 69
25 41 53 54
25 42 21 24
25 43 52 58
25 44 0 43
25 45 79 71
25 46 36 52
25 47 52 28
25 48 93 68
25 49 19 15
26 27 9 11
26 28 5 16
26 29 15 36
26 30 60 68
26 31 90 47
26 32 64 53
26 33 89 63
26 34 28 60
26 35 17 17
26 36 31 52
26 37 7 46
26 38 82 78
26 39 26 27
26 40 42 70
26 41 95 84
26 42 84 47
26 43 98 85
26 44 25 54
26 45 9 10
26 46 74 59
26 47 21 49
26 48 91 69
26 49 38 60
27 28 83 89
27 29 79 63
27 30 27 17
27 31 6 14
27 32 53 38
27 33 19 51
27 34 99 77
27 35 11 47
27 36 66 59
27 37 70 43
27 38 38 62
27 39 30 21
27 40 36 28
27 41 22 47
27 42 76 77
27 43 28 20
27 44 95 89
27 45 8 7
27 46 75 39
27 47 79 74
27 48 48 66
27 49 22 16
28 29 97 70
28 30 59 68
28 31 5 14
28 32 60 72
28 33 35 63
28 34 4 25
28 35 90 69
28 36 83 50
28 37 22 19
28 38 91 70
28 39 68 76
28 40 81 50
28 41 37 36
28 42 90 77
28 43 58 48
28 44 40 50
28 45 50 25
28 46 52 38
28 47 19 20
28 48 88 48
28 49 90 67
29 30 60 78
29 31 22 15
29 32 53 59
29 33 81 61
29 34 1 26
29 35 22 57
29 36 19 22
29 37 72 52
29 38 30 43
29 39 14 47
29 40 22 58
29 41 15 19
29 42 96 75
29 43 26 43
29 44 41 26
29 45 46 68
29 46 31 50
29 47 79 68
29 48 15 52
29 49 28 29
30 31 88 55
30 32 75 85
30 33 28 60
30 34 36 28
30 35 58 62
30 36 34 34
30 37 15 21
30 38 53 60
30 39 69 73
30 40 50 72
30 41 88 57
30 42 42 41
30 43 35 21
30 44 20 14
30 45 77 68
30 46 9 29
30 47 38 48
30 48 83 64
30 49 18 29
31 32 72 75
31 33 61 75
31 34 7 48
31 35 25 40
31 36 11 49
31 37 93 46
31 38 10 44
31 39 11 23
31 40 26 24
31 41 34 54
31 42 52 75
31 43 6 20
31 44 86 66
31 45 67 63
31 46 77 76
31 47 52 36
31 48 51 30
31 49 6 38
32 33 35 63
32 34 90 59
32 35 40 64
32 36 36 25
32 37 66 76
32 38 73 61
32 39 92 61
32 40 43 28
32 41 4 31
32 42 85 50
32 43 24 24
32 44 5 11
32 45 48 57
32 46 24 34
32 47 94 54
32 48 67 59
32 49 67 56
33 34 7 45
33 35 79 44
33 36 93 96
33 37 63 69
33 38 14 56
33 39 80 44
33 40 15 34
33 41 25 61
33 42 96 59
33 43 97 70
33 44 6 25
33 45 75 67
33 46 56 51
33 47 55 57
33 48 8 19
33 49 5 30
34 35 88 69
34 36 93 93
34 37 87 79
34 38 44 30
34 39 57 77
34 40 69 60
34 41 85 66
34 42 91 89
34 43 12 17
34 44 52 55
34 45 61 32
34 46 61 32
34 47 49 73
34 48 92 93
34 49 57 77
35 36 53 69
35 37 57 51
35 38 64 82
35 39 37 68
35 40 91 69
35 41 7 52
35 42 99 96
35 43 94 87
35 44 88 49
35 45 79 50
35 46 73 61
35 47 47 56
35 48 56 67
35 49 55 29
36 37 54 72
36 38 58 46
36 39 55 42
36 40 40 44
36 41 0 39
36 42 79 47
36 43 34 50
36 44 36 29
36 45 69 69
36 46 26 54
36 47 18 54
36 48 99 75
36 49 30 33
37 38 71 71
37 39 74 49
37 40 31 49
37 41 99 98
37 42 32 40
37 43 86 84
37 44 27 18
37 45 91 57
37 46 72 82
37 47 75 81
37 48 2 25
37 49 46 41
38 39 96 82
38 40 32 60
38 41 28 53
38 42 30 39
38 43 94 53
38 44 77 80
38 45 32 25
38 46 19 13
38 47 92 51
38 48 93 60
38 49 21 24
39 40 57 41
39 41 34 22
39 42 89 94
39 43 92 81
39 44 68 39
39 45 38 21
39 46 99 55
39 47 83 50
39 48 61 56
39 49 8 20
40 41 55 28
40 42 1 48
40 43 80 69
40 44 77 72
40 45 21 28
40 46 2 40
40 47 94 72
40 48 72 50
40 49 39 25
41 42 40 38
41 43 74 72
41 44 72 83
41 45 63 62
41 46 78 51
41 47 11 42
41 48 39 24
41 49 95 76
42 43 98 65
42 44 39 41
42 45 14 31
42 46 43 58
42 47 84 43
42 48 71 65
42 49 94 78
43 44 44 34
43 45 91 90
43 46 72 61
43 47 89 93
43 48 24 44
43 49 39 46
44 45 42 32
44 46 89 50
44 47 83 50
44 48 3 19
44 49 27 39
45 46 77 69
45 47 55 44
45 48 56 41
45 49 52 74
46 47 83 51
46 48 88 86
46 49 44 32
47 48 22 41
47 49 86 88
48 49 14 53
