50
0 1 24 21
0 2 86 83
0 3 58 65
0 4 14 29
0 5 70 71
0 6 89 75
0 7 31 25
0 8 40 37
0 9 26 33
0 10 87 80
0 11 9 12
0 12 82 74
0 13 38 42
0 14 0 3
0 15 32 33
0 16 81 62
0 17 93 71
0 18 70 71
0 19 9 7
0 20 12 23
0 21 36 46
0 22 99 76
0 23 10 16
0 24 12 27
0 25 90 91
0 26 15 32
0 27 82 76
0 28 38 33
0 29 85 74
0 30 80 64
0 31 84 88
0 32 22 34
0 33 79 85
0 34 14 15
0 35 42 34
0 36 34 47
0 37 77 64
0 38 6 6
0 39 59 50
0 40 64 62
0 41 8 24
0 42 2 12
0 43 27 41
0 44 24 20
0 45 92 65
0 46 63 54
0 47 20 36
0 48 55 53
0 49 40 36
1 2 82 83
1 3 96 71
1 4 17 26
1 5 45 48
1 6 91 73
1 7 66 61
1 8 62 59
1 9 92 67
1 10 40 53
1 11 45 48
1 12 91 76
1 13 59 62
1 14 35 31
1 15 39 43
1 16 53 40
1 17 89 71
1 18 92 70
1 19 96 84
1 20 78 72
1 21 44 37
1 22 55 66
1 23 74 66
1 24 11 15
1 25 66 57
1 26 69 62
1 27 44 38
1 28 83 65
1 29 49 58
1 30 62 73
1 31 78 58
1 32 37 49
1 33 21 16
1 34 28 25
1 35 74 56
1 36 6 14
1 37 14 38
1 38 65 56
1 39 23 42
1 40 78 55
1 41 73 56
1 42 51 63
1 43 5 31
1 44 95 94
1 45 55 44
1 46 25 32
1 47 60 71
1 48 47 58
1 49 81 85
2 3 57 44
2 4 54 47
2 5 17 32
2 6 0 6
2 7 80 70
2 8 68 57
2 9 29 45
2 10 34 40
2 11 28 38
2 12 94 89
2 13 83 63
2 14 57 47
2 15 94 67
2 16 32 31
2 17 91 67
2 18 1 27
2 19 36 26
2 20 2 27
2 21 14 39
2 22 36 41
2 23 93 91
2 24 63 44
2 25 19 23
2 26 13 13
2 27 52 37
2 28 30 48
2 29 2 16
2 30 93 72
2 31 65 65
2 32 65 61
2 33 73 76
2 34 49 62
2 35 46 33
2 36 82 66
2 37 57 43
2 38 52 53
2 39 36 27
2 40 36 31
2 41 89 69
2 42 22 17
2 43 29 34
2 44 96 95
2 45 79 56
2 46 73 65
2 47 12 11
2 48 87 88
2 49 0 2
3 4 87 87
3 5 51 45
3 6 7 30
3 7 91 69
3 8 96 80
3 9 86 77
3 10 79 56
3 11 89 73
3 12 69 60
3 13 49 42
3 14 30 35
3 15 7 12
3 16 46 43
3 17 12 18
3 18 78 65
3 19 94 80
3 20 8 30
3 21 0 19
3 22 29 47
3 23 47 43
3 24 90 88
3 25 94 71
3 26 50 41
3 27 79 78
3 28 11 17
3 29 42 43
3 30 52 41
3 31 13 23
3 32 40 40
3 33 19 16
3 34 50 61
3 35 22 40
3 36 85 76
3 37 47 58
3 38 99 86
3 39 39 37
3 40 53 63
3 41 19 30
3 42 27 21
3 43 46 47
3 44 26 34
3 45 97 84
3 46 66 52
3 47 81 57
3 48 53 58
3 49 61 61
4 5 99 94
4 6 75 65
4 7 92 77
4 8 77 73
4 9 80 58
4 10 89 67
4 11 0 21
4 12 64 51
4 13 59 68
4 14 99 89
4 15 26 39
4 16 92 69
4 17 10 26
4 18 22 35
4 19 46 56
4 20 32 50
4 21 3 29
4 22 44 53
4 23 2 4
4 24 76 78
4 25 7 28
4 26 47 45
4 27 17 15
4 28 43 43
4 29 71 68
4 30 28 30
4 31 11 28
4 32 88 77
4 33 39 47
4 34 18 37
4 35 87 79
4 36 45 37
4 37 67 58
4 38 45 46
4 39 58 51
4 40 85 61
4 41 17 19
4 42 53 61
4 43 58 45
4 44 92 88
4 45 54 45
4 46 71 51
4 47 35 47
4 48 57 63
4 49 60 52
5 6 89 81
5 7 77 75
5 8 29 29
5 9 89 64
5 10 59 49
5 11 15 12
5 12 65 48
5 13 58 48
5 14 9 29
5 15 63 57
5 16 90 88
5 17 20 24
5 18 62 50
5 19 6 24
5 20 90 78
5 21 34 43
5 22 26 29
5 23 10 31
5 24 55 46
5 25 6 19
5 26 21 36
5 27 86 66
5 28 19 29
5 29 71 72
5 30 3 23
5 31 5 27
5 32 34 33
5 33 60 67
5 34 19 26
5 35 70 67
5 36 73 69
5 37 16 33
5 38 78 73
5 39 87 74
5 40 34 53
5 41 78 70
5 42 33 45
5 43 66 46
5 44 35 39
5 45 50 47
5 46 73 74
5 47 96 93
5 48 38 44
5 49 63 63
6 7 77 62
6 8 70 55
6 9 78 72
6 10 26 38
6 11 25 22
6 12 32 48
6 13 51 42
6 14 5 11
6 15 80 75
6 16 96 95
6 17 24 19
6 18 67 53
6 19 31 26
6 20 51 57
6 21 87 84
6 22 57 52
6 23 33 46
6 24 89 65
6 25 40 50
6 26 65 48
6 27 53 38
6 28 38 30
6 29 98 78
6 30 67 58
6 31 11 17
6 32 67 49
6 33 84 62
6 34 35 27
6 35 17 17
6 36 68 69
6 37 52 58
6 38 47 50
6 39 25 35
6 40 62 69
6 41 87 78
6 42 25 31
6 43 8 14
6 44 87 66
6 45 68 59
6 46 33 30
6 47 76 73
6 48 22 22
6 49 38 52
7 8 56 62
7 9 28 27
7 10 41 45
7 11 52 42
7 12 94 74
7 13 57 48
7 14 82 70
7 15 33 43
7 16 65 60
7 17 16 11
7 18 85 66
7 19 39 42
7 20 89 66
7 21 3 24
7 22 65 63
7 23 10 30
7 24 57 51
7 25 72 55
7 26 8 15
7 27 13 30
7 28 13 24
7 29 70 50
7 30 72 62
7 31 44 45
7 32 96 95
7 33 14 22
7 34 68 57
7 35 91 92
7 36 59 55
7 37 93 74
7 38 33 28
7 39 34 42
7 40 26 23
7 41 50 47
7 42 58 49
7 43 43 35
7 44 65 68
7 45 4 17
7 46 96 93
7 47 5 26
7 48 48 56
7 49 11 24
8 9 33 45
8 10 4 13
8 11 26 32
8 12 65 45
8 13 31 46
8 14 83 71
8 15 92 76
8 16 68 58
8 17 23 21
8 18 71 71
8 19 84 67
8 20 32 24
8 21 62 59
8 22 69 55
8 23 67 51
8 24 27 19
8 25 39 40
8 26 62 64
8 27 91 77
8 28 59 70
8 29 0 13
8 30 41 39
8 31 34 51
8 32 37 26
8 33 92 85
8 34 65 50
8 35 61 44
8 36 77 56
8 37 17 41
8 38 29 47
8 39 25 25
8 40 39 50
8 41 75 65
8 42 58 48
8 43 55 46
8 44 97 71
8 45 67 69
8 46 59 68
8 47 40 43
8 48 34 27
8 49 13 15
9 10 62 71
9 11 13 31
9 12 29 29
9 13 78 65
9 14 30 23
9 15 10 36
9 16 57 68
9 17 36 55
9 18 37 35
9 19 19 28
9 20 82 71
9 21 69 76
9 22 14 21
9 23 55 56
9 24 83 72
9 25 65 51
9 26 61 70
9 27 50 44
9 28 48 53
9 29 84 79
9 30 85 75
9 31 89 64
9 32 73 66
9 33 95 68
9 34 11 21
9 35 17 33
9 36 82 77
9 37 64 68
9 38 3 15
9 39 35 54
9 40 73 75
9 41 80 57
9 42 70 57
9 43 70 70
9 44 61 62
9 45 72 78
9 46 14 39
9 47 44 54
9 48 98 73
9 49 15 15
10 11 12 31
10 12 73 63
10 13 67 52
10 14 8 19
10 15 51 59
10 16 81 76
10 17 62 71
10 18 57 55
10 19 15 22
10 20 86 87
10 21 53 51
10 22 1 13
10 23 21 30
10 24 87 68
10 25 94 70
10 26 53 44
10 27 84 65
10 28 68 62
10 29 68 56
10 30 90 79
10 31 69 75
10 32 79 73
10 33 99 89
10 34 1 8
10 35 56 50
10 36 24 19
10 37 78 55
10 38 33 28
10 39 34 47
10 40 77 74
10 41 80 81
10 42 55 39
10 43 76 75
10 44 9 8
10 45 63 62
10 46 90 76
10 47 69 51
10 48 65 64
10 49 34 33
11 12 92 84
11 13 25 31
11 14 88 85
11 15 82 73
11 16 28 26
11 17 16 16
11 18 38 27
11 19 49 48
11 20 33 46
11 21 58 51
11 22 94 94
11 23 30 40
11 24 38 39
11 25 95 68
11 26 2 6
11 27 61 59
11 28 27 28
11 29 26 40
11 30 35 41
11 31 89 79
11 32 21 31
11 33 9 26
11 34 35 33
11 35 53 48
11 36 41 51
11 37 8 8
11 38 17 18
11 39 58 68
11 40 3 11
11 41 15 17
11 42 30 26
11 43 39 43
11 44 69 75
11 45 7 11
11 46 35 34
11 47 83 62
11 48 67 68
11 49 25 37
12 13 6 9
12 14 44 33
12 15 98 80
12 16 61 47
12 17 65 53
12 18 49 62
12 19 6 9
12 20 41 52
12 21 15 34
12 22 56 57
12 23 90 65
12 24 53 63
12 25 34 26
12 26 54 58
12 27 23 39
12 28 75 80
12 29 64 53
12 30 32 52
12 31 88 78
12 32 47 40
12 33 70 49
12 34 59 69
12 35 31 25
12 36 14 21
12 37 49 42
12 38 4 16
12 39 87 88
12 40 35 25
12 41 29 32
12 42 39 44
12 43 88 64
12 44 84 71
12 45 71 52
12 46 46 48
12 47 72 58
12 48 15 15
12 49 23 24
13 14 3 7
13 15 98 73
13 16 22 34
13 17 33 45
13 18 20 25
13 19 38 35
13 20 21 40
13 21 24 38
13 22 70 59
13 23 35 25
13 24 84 73
13 25 49 55
13 26 20 27
13 27 42 33
13 28 88 80
13 29 16 32
13 30 58 55
13 31 29 28
13 32 76 53
13 33 5 29
13 34 3 25
13 35 6 24
13 36 43 40
13 37 55 43
13 38 29 31
13 39 51 48
13 40 91 74
13 41 98 94
13 42 42 32
13 43 40 39
13 44 14 17
13 45 68 67
13 46 2 12
13 47 37 30
13 48 6 4
13 49 31 43
14 15 49 56
14 16 81 59
14 17 51 37
14 18 31 38
14 19 55 58
14 20 7 28
14 21 37 44
14 22 65 53
14 23 35 39
14 24 34 38
14 25 79 70
14 26 30 21
14 27 15 30
14 28 10 24
14 29 21 29
14 30 52 61
14 31 7 24
14 32 32 41
14 33 81 66
14 34 83 62
14 35 90 69
14 36 93 76
14 37 91 72
14 38 26 33
14 39 38 43
14 40 42 47
14 41 5 30
14 42 31 23
14 43 58 62
14 44 91 84
14 45 63 44
14 46 22 16
14 47 50 51
14 48 98 88
14 49 98 71
15 16 5 7
15 17 27 21
15 18 0 12
15 19 92 85
15 20 37 34
15 21 69 58
15 22 69 66
15 23 66 61
15 24 76 67
15 25 9 29
15 26 88 82
15 27 64 64
15 28 45 54
15 29 64 54
15 30 2 18
15 31 43 53
15 32 77 71
15 33 99 81
15 34 0 20
15 35 7 13
15 36 59 48
15 37 97 97
15 38 28 29
15 39 84 63
15 40 22 24
15 41 36 28
15 42 88 90
15 43 1 5
15 44 25 35
15 45 59 44
15 46 0 10
15 47 55 60
15 48 49 50
15 49 85 79
16 17 55 62
16 18 96 85
16 19 77 79
16 20 68 65
16 21 35 49
16 22 54 56
16 23 36 45
16 24 67 55
16 25 13 11
16 26 19 29
16 27 47 57
16 28 2 10
16 29 26 35
16 30 97 96
16 31 15 38
16 32 81 78
16 33 1 15
16 34 35 41
16 35 80 83
16 36 65 56
16 37 76 73
16 38 33 43
16 39 74 69
16 40 88 67
16 41 74 73
16 42 60 45
16 43 3 25
16 44 5 5
16 45 21 36
16 46 0 18
16 47 28 28
16 48 61 48
16 49 95 84
17 18 8 30
17 19 68 58
17 20 9 32
17 21 87 79
17 22 38 27
17 23 30 27
17 24 76 81
17 25 97 96
17 26 38 37
17 27 3 11
17 28 19 34
17 29 82 71
17 30 9 14
17 31 81 84
17 32 98 79
17 33 96 68
17 34 55 62
17 35 42 52
17 36 31 36
17 37 57 64
17 38 95 78
17 39 32 44
17 40 44 58
17 41 90 80
17 42 74 78
17 43 2 27
17 44 95 75
17 45 53 50
17 46 5 16
17 47 13 19
17 48 71 74
17 49 90 89
18 19 37 56
18 20 22 31
18 21 33 39
18 22 9 21
18 23 80 62
18 24 24 40
18 25 36 27
18 26 56 43
18 27 88 85
18 28 50 39
18 29 26 28
18 30 25 44
18 31 27 35
18 32 33 34
18 33 39 50
18 34 99 80
18 35 57 53
18 36 45 48
18 37 19 39
18 38 75 72
18 39 46 51
18 40 75 75
18 41 55 68
18 42 59 65
18 43 90 78
18 44 44 35
18 45 75 56
18 46 89 82
18 47 98 71
18 48 75 55
18 49 10 23
19 20 39 52
19 21 87 82
19 22 87 68
19 23 49 50
19 24 53 60
19 25 24 22
19 26 99 87
19 27 34 24
19 28 17 20
19 29 1 10
19 30 11 24
19 31 72 60
19 32 13 27
19 33 66 61
19 34 71 68
19 35 28 32
19 36 95 81
19 37 17 39
19 38 13 17
19 39 58 57
19 40 98 87
19 41 10 25
19 42 48 49
19 43 72 71
19 44 72 61
19 45 93 74
19 46 10 14
19 47 11 9
19 48 97 91
19 49 41 40
20 21 55 39
20 22 78 62
20 23 98 82
20 24 3 23
20 25 43 39
20 26 69 73
20 27 8 7
20 28 58 50
20 29 52 38
20 30 10 22
20 31 32 36
20 32 31 42
20 33 79 70
20 34 89 71
20 35 28 43
20 36 67 72
20 37 34 52
20 38 25 30
20 39 58 49
20 40 46 45
20 41 46 42
20 42 58 61
20 43 91 85
20 44 94 74
20 45 39 28
20 46 99 82
20 47 67 68
20 48 52 47
20 49 68 53
21 22 11 24
21 23 22 16
21 24 58 57
21 25 97 83
21 26 37 29
21 27 84 60
21 28 80 82
21 29 95 68
21 30 37 37
21 31 64 63
21 32 29 25
21 33 43 54
21 34 39 41
21 35 47 55
21 36 48 36
21 37 32 28
21 38 27 28
21 39 1 3
21 40 88 65
21 41 14 31
21 42 38 39
21 43 5 17
21 44 64 49
21 45 71 61
21 46 20 31
21 47 6 32
21 48 67 55
21 49 4 33
22 23 84 61
22 24 60 63
22 25 0 18
22 26 15 33
22 27 28 37
22 28 97 88
22 29 19 43
22 30 33 52
22 31 23 33
22 32 70 69
22 33 69 56
22 34 56 43
22 35 98 89
22 36 24 33
22 37 77 62
22 38 96 90
22 39 30 24
22 40 26 32
22 41 17 25
22 42 30 38
22 43 67 63
22 44 16 18
22 45 90 79
22 46 29 46
22 47 38 51
22 48 82 80
22 49 31 47
23 24 8 22
23 25 17 39
23 26 27 31
23 27 43 40
23 28 47 34
23 29 2 8
23 30 7 27
23 31 78 71
23 32 42 55
23 33 98 93
23 34 65 73
23 35 77 72
23 36 58 69
23 37 78 73
23 38 6 31
23 39 99 87
23 40 56 68
23 41 2 15
23 42 12 38
23 43 85 71
23 44 51 59
23 45 37 39
23 46 59 43
23 47 51 52
23 48 78 81
23 49 57 63
24 25 79 75
24 26 74 81
24 27 80 85
24 28 79 56
24 29 4 8
24 30 62 57
24 31 71 64
24 32 60 43
24 33 71 76
24 34 52 42
24 35 6 19
24 36 41 51
24 37 36 39
24 38 32 30
24 39 30 42
24 40 94 91
24 41 1 25
24 42 10 20
24 43 99 79
24 44 73 65
24 45 34 28
24 46 36 25
24 47 83 75
24 48 87 75
24 49 34 39
25 26 76 59
25 27 50 64
25 28 16 39
25 29 25 25
25 30 55 62
25 31 64 72
25 32 30 43
25 33 29 42
25 34 41 32
25 35 44 52
25 36 45 31
25 37 4 9
25 38 95 78
25 39 78 55
25 40 23 37
25 41 84 72
25 42 67 58
25 43 13 20
25 44 58 57
25 45 37 44
25 46 78 73
25 47 77 79
25 48 34 43
25 49 61 55
26 27 56 63
26 28 93 90
26 29 6 18
26 30 33 27
26 31 55 66
26 32 62 64
26 33 87 70
26 34 7 13
26 35 73 72
26 36 2 19
26 37 19 24
26 38 79 72
26 39 47 38
26 40 53 47
26 41 28 43
26 42 12 27
26 43 50 60
26 44 87 89
26 45 29 29
26 46 71 56
26 47 92 74
26 48 15 25
26 49 26 22
27 28 91 66
27 29 24 38
27 30 84 84
27 31 9 33
27 32 77 83
27 33 65 47
27 34 8 8
27 35 69 78
27 36 3 30
27 37 3 13
27 38 77 72
27 39 57 62
27 40 0 27
27 41 66 51
27 42 45 52
27 43 42 38
27 44 31 34
27 45 14 37
27 46 11 32
27 47 1 5
27 48 31 27
27 49 56 40
28 29 3 2
28 30 84 71
28 31 50 48
28 32 88 66
28 33 29 28
28 34 42 32
28 35 22 34
28 36 82 83
28 37 51 64
28 38 18 16
28 39 9 30
28 40 9 22
28 41 27 19
28 42 39 48
28 43 13 24
28 44 55 41
28 45 37 29
28 46 61 68
28 47 31 51
28 48 25 45
28 49 0 25
29 30 57 61
29 31 63 68
29 32 61 69
29 33 96 80
29 34 98 98
29 35 81 72
29 36 58 69
29 37 30 32
29 38 29 48
29 39 11 30
29 40 80 67
29 41 20 24
29 42 82 61
29 43 55 58
29 44 68 56
29 45 64 46
29 46 64 60
29 47 52 45
29 48 79 71
29 49 63 70
30 31 14 25
30 32 41 57
30 33 72 59
30 34 45 60
30 35 75 62
30 36 17 18
30 37 8 27
30 38 8 11
30 39 51 51
30 40 59 47
30 41 36 55
30 42 38 33
30 43 28 49
30 44 69 49
30 45 57 63
30 46 90 65
30 47 50 61
30 48 96 79
30 49 57 48
31 32 64 64
31 33 27 39
31 34 27 22
31 35 84 88
31 36 81 80
31 37 72 51
31 38 28 41
31 39 11 24
31 40 86 63
31 41 7 19
31 42 52 38
31 43 84 73
31 44 19 19
31 45 98 77
31 46 93 80
31 47 50 48
31 48 43 48
31 49 91 89
32 33 2 14
32 34 84 78
32 35 89 62
32 36 75 53
32 37 81 68
32 38 43 50
32 39 90 74
32 40 92 93
32 41 6 32
32 42 22 44
32 43 92 91
32 44 10 34
32 45 36 36
32 46 33 47
32 47 29 38
32 48 51 61
32 49 84 77
33 34 10 24
33 35 0 7
33 36 84 60
33 37 72 61
33 38 51 43
33 39 27 42
33 40 54 59
33 41 15 27
33 42 31 34
33 43 1 13
33 44 19 30
33 45 33 40
33 46 90 72
33 47 79 79
33 48 5 30
33 49 51 57
34 35 7 13
34 36 48 38
34 37 56 47
34 38 75 66
34 39 95 94
34 40 9 30
34 41 24 29
34 42 63 52
34 43 18 23
34 44 0 21
34 45 45 45
34 46 87 89
34 47 56 69
34 48 3 19
34 49 13 31
35 36 97 85
35 37 56 43
35 38 73 65
35 39 22 23
35 40 54 59
35 41 96 89
35 42 3 3
35 43 90 78
35 44 90 90
35 45 4 8
35 46 51 43
35 47 65 51
35 48 36 35
35 49 45 42
36 37 96 78
36 38 40 52
36 39 86 61
36 40 81 60
36 41 82 82
36 42 66 70
36 43 27 24
36 44 75 64
36 45 35 46
36 46 70 64
36 47 99 85
36 48 22 32
36 49 85 71
37 38 75 65
37 39 50 50
37 40 12 38
37 41 76 62
37 42 40 50
37 43 60 71
37 44 9 8
37 45 11 34
37 46 20 28
37 47 32 34
37 48 51 53
37 49 68 77
38 39 72 59
38 40 69 61
38 41 10 31
38 42 61 51
38 43 57 40
38 44 45 39
38 45 22 26
38 46 27 21
38 47 47 44
38 48 63 60
38 49 59 57
39 40 0 2
39 41 13 9
39 42 74 55
39 43 18 37
39 44 15 34
39 45 64 71
39 46 88 72
39 47 73 71
39 48 94 81
39 49 3 23
40 41 10 30
40 42 93 68
40 43 93 70
40 44 70 63
40 45 33 24
40 46 94 80
40 47 73 72
40 48 2 12
40 49 33 49
41 42 35 51
41 43 79 57
41 44 36 41
41 45 16 27
41 46 81 74
41 47 88 84
41 48 84 79
41 49 89 75
42 43 32 26
42 44 59 52
42 45 33 27
42 46 14 31
42 47 2 31
42 48 11 29
42 49 14 15
43 44 31 40
43 45 76 57
43 46 13 10
43 47 32 34
43 48 5 30
43 49 28 24
44 45 4 24
44 46 42 37
44 47 38 53
44 48 85 62
44 49 52 40
45 46 74 58
45 47 45 50
45 48 37 37
45 49 54 67
46 47 29 22
46 48 98 69
46 49 38 41
47 48 88 81
47 49 62 69
48 49 44 40
