50
0 1 2 13
0 2 71 34
0 3 35 45
0 4 47 14
0 5 89 80
0 6 97 67
0 7 42 43
0 8 29 49
0 9 30 48
0 10 98 68
0 11 36 39
0 12 98 74
0 13 60 49
0 14 61 41
0 15 60 45
0 16 12 65
0 17 21 29
0 18 33 33
0 19 48 61
0 20 60 61
0 21 72 62
0 22 89 33
0 23 18 68
0 24 29 53
0 25 64 30
0 26 85 61
0 27 62 26
0 28 95 33
0 29 29 51
0 30 63 74
0 31 88 72
0 32 4 35
0 33 86 72
0 34 67 64
0 35 96 91
0 36 63 69
0 37 65 43
0 38 44 66
0 39 30 51
0 40 54 32
0 41 13 57
0 42 44 64
0 43 46 29
0 44 79 92
0 45 5 71
0 46 84 91
0 47 30 29
0 48 62 22
0 49 15 16
1 2 37 49
1 3 89 75
1 4 43 73
1 5 89 29
1 6 45 20
1 7 40 24
1 8 39 51
1 9 28 33
1 10 69 25
1 11 58 78
1 12 25 37
1 13 33 70
1 14 70 31
1 15 42 41
1 16 34 29
1 17 15 12
1 18 80 91
1 19 94 49
1 20 21 24
1 21 7 62
1 22 80 47
1 23 96 33
1 24 67 26
1 25 39 22
1 26 57 86
1 27 1 10
1 28 77 29
1 29 69 63
1 30 8 26
1 31 56 17
1 32 28 75
1 33 62 47
1 34 49 55
1 35 31 24
1 36 99 54
1 37 98 71
1 38 69 24
1 39 51 31
1 40 73 42
1 41 5 49
1 42 3 32
1 43 95 35
1 44 14 32
1 45 29 77
1 46 85 71
1 47 15 63
1 48 35 17
1 49 26 20
2 3 82 39
2 4 24 40
2 5 60 82
2 6 70 48
2 7 51 46
2 8 70 66
2 9 66 72
2 10 96 40
2 11 63 35
2 12 44 15
2 13 9 35
2 14 66 46
2 15 71 40
2 16 54 29
2 17 76 24
2 18 86 41
2 19 17 39
2 20 66 32
2 21 34 23
2 22 88 31
2 23 81 91
2 24 87 68
2 25 10 42
2 26 55 25
2 27 17 71
2 28 11 13
2 29 67 63
2 30 68 31
2 31 32 16
2 32 93 75
2 33 78 58
2 34 69 44
2 35 91 50
2 36 5 4
2 37 80 50
2 38 69 71
2 39 41 18
2 40 64 84
2 41 35 37
2 42 16 22
2 43 53 30
2 44 54 33
2 45 87 41
2 46 22 47
2 47 14 5
2 48 39 77
2 49 84 75
3 4 66 30
3 5 52 60
3 6 75 29
3 7 25 38
3 8 82 64
3 9 34 47
3 10 92 61
3 11 10 9
3 12 6 27
3 13 92 68
3 14 36 70
3 15 7 57
3 16 35 23
3 17 16 32
3 18 28 31
3 19 40 59
3 20 45 68
3 21 48 82
3 22 28 18
3 23 56 40
3 24 72 35
3 25 42 33
3 26 1 1
3 27 64 26
3 28 86 75
3 29 20 26
3 30 55 62
3 31 13 50
3 32 7 51
3 33 79 73
3 34 12 66
3 35 74 49
3 36 16 39
3 37 14 4
3 38 93 71
3 39 36 14
3 40 77 57
3 41 9 15
3 42 42 65
3 43 83 93
3 44 23 47
3 45 1 61
3 46 22 55
3 47 24 65
3 48 23 14
3 49 47 44
4 5 37 45
4 6 40 49
4 7 3 41
4 8 54 54
4 9 51 46
4 10 66 23
4 11 42 76
4 12 80 26
4 13 45 15
4 14 23 53
4 15 37 28
4 16 40 73
4 17 46 33
4 18 63 87
4 19 71 31
4 20 81 75
4 21 70 72
4 22 53 26
4 23 45 54
4 24 39 42
4 25 72 41
4 26 22 47
4 27 97 96
4 28 40 38
4 29 35 43
4 30 6 56
4 31 52 67
4 32 98 58
4 33 69 44
4 34 86 86
4 35 97 82
4 36 42 71
4 37 59 41
4 38 52 29
4 39 76 36
4 40 82 74
4 41 38 13
4 42 84 95
4 43 1 53
4 44 34 59
4 45 8 38
4 46 59 83
4 47 28 68
4 48 62 86
4 49 23 61
5 6 85 53
5 7 28 56
5 8 22 22
5 9 22 27
5 10 73 51
5 11 13 9
5 12 17 74
5 13 5 12
5 14 76 91
5 15 71 89
5 16 25 14
5 17 44 48
5 18 82 62
5 19 38 51
5 20 80 38
5 21 94 59
5 22 79 66
5 23 77 36
5 24 47 71
5 25 41 79
5 26 37 46
5 27 16 25
5 28 17 41
5 29 25 11
5 30 40 30
5 31 99 57
5 32 9 34
5 33 31 46
5 34 93 89
5 35 57 59
5 36 47 80
5 37 48 48
5 38 89 61
5 39 92 75
5 40 81 77
5 41 28 65
5 42 48 67
5 43 58 59
5 44 62 66
5 45 39 14
5 46 60 22
5 47 50 15
5 48 53 61
5 49 54 80
6 7 90 34
6 8 41 72
6 9 3 62
6 10 55 48
6 11 75 44
6 12 11 46
6 13 5 17
6 14 94 76
6 15 94 60
6 16 23 16
6 17 5 31
6 18 83 91
6 19 54 55
6 20 29 76
6 21 39 59
6 22 77 64
6 23 0 56
6 24 56 32
6 25 93 62
6 26 1 34
6 27 72 23
6 28 88 71
6 29 78 36
6 30 90 81
6 31 82 51
6 32 18 41
6 33 36 77
6 34 98 88
6 35 53 36
6 36 55 37
6 37 59 38
6 38 54 41
6 39 82 83
6 40 46 61
6 41 3 20
6 42 27 53
6 43 31 49
6 44 20 61
6 45 89 94
6 46 31 34
6 47 71 42
6 48 13 51
6 49 40 51
7 8 7 65
7 9 44 59
7 10 88 96
7 11 18 38
7 12 34 48
7 13 92 85
7 14 85 87
7 15 14 22
7 16 53 77
7 17 89 32
7 18 3 21
7 19 84 60
7 20 15 8
7 21 15 37
7 22 20 57
7 23 28 69
7 24 93 50
7 25 70 32
7 26 20 36
7 27 96 63
7 28 81 92
7 29 22 52
7 30 23 62
7 31 10 40
7 32 17 70
7 33 63 75
7 34 39 40
7 35 75 25
7 36 44 42
7 37 58 40
7 38 58 71
7 39 52 70
7 40 84 87
7 41 44 52
7 42 49 26
7 43 36 28
7 44 95 73
7 45 14 64
7 46 5 50
7 47 22 40
7 48 56 68
7 49 10 32
8 9 67 53
8 10 44 46
8 11 55 60
8 12 22 44
8 13 72 66
8 14 98 55
8 15 72 80
8 16 12 62
8 17 16 30
8 18 65 41
8 19 80 46
8 20 85 34
8 21 91 84
8 22 15 71
8 23 22 37
8 24 51 67
8 25 77 89
8 26 45 67
8 27 14 65
8 28 41 46
8 29 80 58
8 30 14 23
8 31 89 46
8 32 53 73
8 33 44 28
8 34 56 69
8 35 4 31
8 36 93 95
8 37 46 19
8 38 20 25
8 39 24 12
8 40 26 39
8 41 71 64
8 42 13 19
8 43 77 61
8 44 33 39
8 45 83 25
8 46 96 73
8 47 87 36
8 48 73 37
8 49 18 33
9 10 2 35
9 11 11 13
9 12 35 12
9 13 91 40
9 14 1 5
9 15 16 45
9 16 14 52
9 17 41 45
9 18 10 4
9 19 65 50
9 20 85 79
9 21 86 83
9 22 57 20
9 23 51 16
9 24 13 27
9 25 99 45
9 26 13 14
9 27 50 76
9 28 56 32
9 29 52 32
9 30 63 36
9 31 16 61
9 32 81 61
9 33 73 72
9 34 68 84
9 35 1 49
9 36 55 48
9 37 26 35
9 38 3 51
9 39 57 41
9 40 9 36
9 41 60 75
9 42 20 12
9 43 27 25
9 44 71 45
9 45 54 55
9 46 93 65
9 47 3 17
9 48 24 61
9 49 68 52
10 11 99 55
10 12 5 58
10 13 70 28
10 14 52 26
10 15 3 45
10 16 36 14
10 17 49 48
10 18 56 35
10 19 8 5
10 20 63 87
10 21 71 53
10 22 99 93
10 23 61 80
10 24 40 81
10 25 9 69
10 26 37 33
10 27 26 15
10 28 30 51
10 29 77 90
10 30 70 66
10 31 66 31
10 32 75 54
10 33 58 60
10 34 35 76
10 35 34 65
10 36 24 64
10 37 62 59
10 38 40 57
10 39 62 70
10 40 53 62
10 41 82 29
10 42 48 35
10 43 57 72
10 44 78 63
10 45 66 82
10 46 22 12
10 47 85 55
10 48 2 9
10 49 30 48
11 12 79 66
11 13 10 71
11 14 97 48
11 15 38 27
11 16 95 63
11 17 9 9
11 18 89 32
11 19 73 39
11 20 87 40
11 21 62 43
11 22 75 39
11 23 95 43
11 24 91 66
11 25 37 38
11 26 92 66
11 27 93 39
11 28 73 73
11 29 57 56
11 30 9 65
11 31 67 81
11 32 95 81
11 33 46 63
11 34 3 44
11 35 14 21
11 36 36 70
11 37 48 14
11 38 16 45
11 39 63 57
11 40 74 26
11 41 52 40
11 42 28 59
11 43 80 79
11 44 20 63
11 45 46 47
11 46 96 77
11 47 66 32
11 48 65 77
11 49 82 67
12 13 91 93
12 14 79 50
12 15 9 56
12 16 55 61
12 17 14 42
12 18 76 58
12 19 80 70
12 20 18 44
12 21 83 61
12 22 48 28
12 23 71 24
12 24 61 26
12 25 85 29
12 26 38 75
12 27 68 22
12 28 77 77
12 29 79 55
12 30 12 50
12 31 22 34
12 32 26 11
12 33 87 79
12 34 80 26
12 35 56 67
12 36 45 31
12 37 26 67
12 38 20 64
12 39 75 72
12 40 86 74
12 41 19 47
12 42 41 63
12 43 32 28
12 44 85 57
12 45 78 77
12 46 22 55
12 47 72 89
12 48 41 55
12 49 7 25
13 14 50 30
13 15 90 62
13 16 9 63
13 17 56 64
13 18 4 62
13 19 12 63
13 20 67 50
13 21 6 8
13 22 99 40
13 23 22 53
13 24 56 81
13 25 13 19
13 26 15 16
13 27 89 58
13 28 24 56
13 29 98 81
13 30 69 83
13 31 82 30
13 32 63 64
13 33 32 16
13 34 66 24
13 35 50 22
13 36 5 7
13 37 72 42
13 38 83 58
13 39 24 71
13 40 72 47
13 41 52 77
13 42 35 55
13 43 64 54
13 44 46 60
13 45 31 18
13 46 11 26
13 47 93 33
13 48 35 66
13 49 41 58
14 15 24 17
14 16 51 16
14 17 29 14
14 18 57 53
14 19 59 84
14 20 91 52
14 21 66 30
14 22 2 65
14 23 86 30
14 24 45 52
14 25 76 60
14 26 48 29
14 27 45 63
14 28 29 75
14 29 33 14
14 30 23 47
14 31 51 69
14 32 22 71
14 33 8 56
14 34 95 40
14 35 6 71
14 36 13 69
14 37 70 55
14 38 12 12
14 39 3 39
14 40 91 74
14 41 5 27
14 42 59 46
14 43 46 14
14 44 0 44
14 45 65 64
14 46 65 27
14 47 52 76
14 48 54 85
14 49 31 63
15 16 40 34
15 17 75 82
15 18 0 44
15 19 19 72
15 20 18 23
15 21 44 42
15 22 71 23
15 23 48 33
15 24 20 38
15 25 18 14
15 26 73 68
15 27 10 72
15 28 80 52
15 29 6 5
15 30 96 84
15 31 45 15
15 32 61 87
15 33 56 34
15 34 1 56
15 35 10 3
15 36 85 88
15 37 18 28
15 38 15 8
15 39 35 22
15 40 25 21
15 41 85 95
15 42 81 62
15 43 78 35
15 44 29 59
15 45 88 47
15 46 86 57
15 47 65 22
15 48 99 82
15 49 89 55
16 17 54 22
16 18 14 7
16 19 12 17
16 20 20 72
16 21 85 66
16 22 29 63
16 23 69 84
16 24 79 67
16 25 70 27
16 26 22 68
16 27 41 80
16 28 23 41
16 29 15 70
16 30 76 39
16 31 65 71
16 32 83 70
16 33 39 46
16 34 20 29
16 35 44 24
16 36 26 11
16 37 2 11
16 38 98 85
16 39 98 87
16 40 86 93
16 41 39 45
16 42 87 76
16 43 17 21
16 44 18 25
16 45 52 49
16 46 21 11
16 47 12 42
16 48 80 38
16 49 42 39
17 18 9 15
17 19 1 11
17 20 5 16
17 21 49 80
17 22 2 22
17 23 45 60
17 24 49 68
17 25 35 18
17 26 46 48
17 27 5 44
17 28 28 54
17 29 91 89
17 30 59 56
17 31 17 62
17 32 5 25
17 33 43 28
17 34 76 92
17 35 31 25
17 36 10 70
17 37 11 13
17 38 34 24
17 39 65 71
17 40 42 32
17 41 52 20
17 42 14 27
17 43 46 58
17 44 1 11
17 45 99 49
17 46 54 75
17 47 45 83
17 48 16 60
17 49 74 54
18 19 22 35
18 20 65 70
18 21 52 77
18 22 86 42
18 23 12 36
18 24 79 89
18 25 24 71
18 26 94 93
18 27 93 72
18 28 51 39
18 29 59 80
18 30 76 29
18 31 20 74
18 32 97 44
18 33 50 43
18 34 55 23
18 35 43 82
18 36 25 21
18 37 12 53
18 38 40 14
18 39 72 81
18 40 52 46
18 41 33 42
18 42 27 73
18 43 83 87
18 44 2 17
18 45 84 43
18 46 82 73
18 47 44 57
18 48 85 38
18 49 78 38
19 20 49 38
19 21 60 44
19 22 67 49
19 23 53 71
19 24 33 64
19 25 84 26
19 26 33 67
19 27 73 41
19 28 99 86
19 29 61 73
19 30 20 40
19 31 52 22
19 32 77 27
19 33 94 90
19 34 53 26
19 35 9 54
19 36 7 39
19 37 71 60
19 38 15 39
19 39 78 34
19 40 35 15
19 41 36 23
19 42 17 43
19 43 4 39
19 44 81 44
19 45 51 29
19 46 98 61
19 47 5 49
19 48 17 60
19 49 18 55
20 21 87 43
20 22 73 54
20 23 38 61
20 24 48 75
20 25 58 32
20 26 0 17
20 27 59 34
20 28 70 46
20 29 5 31
20 30 64 82
20 31 8 66
20 32 58 60
20 33 65 26
20 34 8 51
20 35 81 89
20 36 38 74
20 37 89 36
20 38 42 21
20 39 68 23
20 40 83 50
20 41 64 37
20 42 48 65
20 43 72 28
20 44 52 28
20 45 93 60
20 46 78 75
20 47 58 34
20 48 32 36
20 49 6 37
21 22 97 49
21 23 24 9
21 24 73 56
21 25 18 66
21 26 98 44
21 27 62 60
21 28 68 47
21 29 17 35
21 30 68 72
21 31 92 45
21 32 93 50
21 33 35 76
21 34 28 13
21 35 30 64
21 36 5 65
21 37 62 53
21 38 83 25
21 39 4 17
21 40 18 26
21 41 65 67
21 42 15 29
21 43 51 34
21 44 37 34
21 45 23 56
21 46 81 76
21 47 64 59
21 48 64 35
21 49 62 56
22 23 15 50
22 24 56 35
22 25 91 82
22 26 20 75
22 27 64 28
22 28 98 37
22 29 39 76
22 30 87 41
22 31 2 39
22 32 55 75
22 33 63 70
22 34 94 94
22 35 41 31
22 36 96 44
22 37 96 64
22 38 69 30
22 39 45 57
22 40 30 29
22 41 85 68
22 42 95 87
22 43 63 63
22 44 9 23
22 45 97 47
22 46 44 22
22 47 99 41
22 48 1 55
22 49 73 27
23 24 99 65
23 25 41 55
23 26 64 20
23 27 31 31
23 28 57 76
23 29 98 49
23 30 46 54
23 31 21 12
23 32 88 68
23 33 44 48
23 34 30 49
23 35 33 40
23 36 55 53
23 37 53 29
23 38 90 52
23 39 60 21
23 40 4 71
23 41 18 38
23 42 1 29
23 43 19 6
23 44 21 69
23 45 35 47
23 46 46 81
23 47 51 54
23 48 12 70
23 49 40 69
24 25 31 13
24 26 31 55
24 27 38 69
24 28 54 66
24 29 53 68
24 30 35 77
24 31 39 78
24 32 31 30
24 33 43 19
24 34 32 73
24 35 97 33
24 36 85 56
24 37 18 27
24 38 83 89
24 39 26 60
24 40 77 76
24 41 69 56
24 42 58 51
24 43 98 69
24 44 79 83
24 45 62 72
24 46 50 74
24 47 63 45
24 48 2 47
24 49 86 26
25 26 37 79
25 27 90 73
25 28 91 61
25 29 94 68
25 30 9 59
25 31 78 57
25 32 33 56
25 33 4 64
25 34 29 48
25 35 64 79
25 36 62 56
25 37 59 48
25 38 93 36
25 39 96 50
25 40 12 66
25 41 74 28
25 42 79 71
25 43 13 58
25 44 95 89
25 45 8 9
25 46 80 67
25 47 88 41
25 48 1 64
25 49 77 58
26 27 15 29
26 28 94 50
26 29 78 85
26 30 15 48
26 31 71 90
26 32 46 35
26 33 27 57
26 34 51 51
26 35 9 18
26 36 91 64
26 37 92 87
26 38 21 38
26 39 59 61
26 40 37 26
26 41 61 82
26 42 60 47
26 43 98 75
26 44 38 58
26 45 39 33
26 46 95 70
26 47 2 41
26 48 72 59
26 49 80 31
27 28 6 59
27 29 62 46
27 30 44 56
27 31 59 72
27 32 90 48
27 33 24 52
27 34 62 49
27 35 81 89
27 36 98 93
27 37 6 50
27 38 85 72
27 39 49 80
27 40 70 54
27 41 95 57
27 42 50 74
27 43 88 39
27 44 17 58
27 45 29 29
27 46 16 41
27 47 99 81
27 48 38 80
27 49 71 52
28 29 59 29
28 30 63 83
28 31 81 28
28 32 52 57
28 33 16 35
28 34 67 85
28 35 9 16
28 36 13 52
28 37 61 52
28 38 58 46
28 39 68 54
28 40 35 16
28 41 18 45
28 42 7 48
28 43 27 19
28 44 40 59
28 45 27 48
28 46 86 95
28 47 25 48
28 48 29 46
28 49 47 28
29 30 50 24
29 31 34 69
29 32 48 55
29 33 81 88
29 34 50 55
29 35 84 40
29 36 0 31
29 37 98 74
29 38 15 40
29 39 23 25
29 40 82 50
29 41 55 59
29 42 24 32
29 43 41 68
29 44 23 54
29 45 37 58
29 46 93 71
29 47 4 49
29 48 32 72
29 49 34 21
30 31 81 56
30 32 7 66
30 33 30 46
30 34 59 56
30 35 20 63
30 36 55 53
30 37 91 46
30 38 14 10
30 39 50 37
30 40 29 48
30 41 97 38
30 42 6 5
30 43 89 72
30 44 95 67
30 45 6 31
30 46 71 35
30 47 75 24
30 48 19 52
30 49 0 38
31 32 36 40
31 33 49 48
31 34 23 41
31 35 13 49
31 36 43 42
31 37 54 43
31 38 70 86
31 39 29 57
31 40 23 39
31 41 58 61
31 42 66 80
31 43 82 66
31 44 87 85
31 45 89 65
31 46 19 57
31 47 35 77
31 48 58 54
31 49 44 15
32 33 85 60
32 34 93 59
32 35 20 60
32 36 94 45
32 37 13 14
32 38 84 61
32 39 95 91
32 40 42 44
32 41 33 48
32 42 37 60
32 43 30 77
32 44 32 42
32 45 42 17
32 46 98 47
32 47 50 16
32 48 21 28
32 49 24 9
33 34 4 5
33 35 13 53
33 36 24 55
33 37 65 60
33 38 59 85
33 39 67 86
33 40 53 23
33 41 1 6
33 42 98 39
33 43 34 64
33 44 29 72
33 45 17 25
33 46 56 64
33 47 92 40
33 48 11 46
33 49 5 45
34 35 94 72
34 36 74 30
34 37 58 69
34 38 30 28
34 39 85 44
34 40 66 76
34 41 6 36
34 42 43 49
34 43 7 61
34 44 30 44
34 45 55 82
34 46 80 84
34 47 55 31
34 48 3 8
34 49 47 39
35 36 93 30
35 37 54 56
35 38 54 62
35 39 59 32
35 40 29 75
35 41 31 50
35 42 18 46
35 43 91 35
35 44 49 73
35 45 28 28
35 46 55 80
35 47 48 39
35 48 64 46
35 49 95 56
36 37 54 68
36 38 44 60
36 39 62 53
36 40 80 66
36 41 57 68
36 42 24 36
36 43 66 83
36 44 48 49
36 45 78 32
36 46 99 62
36 47 19 64
36 48 69 77
36 49 4 10
37 38 4 63
37 39 25 32
37 40 70 52
37 41 87 44
37 42 68 66
37 43 69 83
37 44 42 39
37 45 48 58
37 46 17 16
37 47 78 84
37 48 52 72
37 49 28 41
38 39 57 78
38 40 67 58
38 41 14 6
38 42 45 68
38 43 25 48
38 44 50 16
38 45 74 73
38 46 43 47
38 47 17 19
38 48 78 74
38 49 84 25
39 40 59 67
39 41 69 36
39 42 63 41
39 43 18 61
39 44 34 56
39 45 31 51
39 46 77 89
39 47 78 61
39 48 38 66
39 49 82 81
40 41 82 72
40 42 25 34
40 43 79 39
40 44 15 45
40 45 74 66
40 46 4 40
40 47 24 28
40 48 12 9
40 49 20 43
41 42 76 51
41 43 37 76
41 44 73 48
41 45 96 55
41 46 53 35
41 47 69 21
41 48 95 92
41 49 5 52
42 43 44 17
42 44 28 20
42 45 36 56
42 46 54 77
42 47 39 31
42 48 63 20
42 49 87 82
43 44 31 44
43 45 28 28
43 46 11 33
43 47 57 18
43 48 44 82
43 49 11 64
44 45 41 15
44 46 15 11
44 47 60 30
44 48 54 52
44 49 15 36
45 46 15 43
45 47 59 60
45 48 73 31
45 49 69 74
46 47 66 29
46 48 42 63
46 49 33 25
47 48 12 49
47 49 77 25
48 49 79 88
