100
0 1 13 78 84 87
0 2 90 17 10 9
0 3 89 11 13 13
0 4 34 59 67 59
0 5 96 3 10 5
0 6 77 23 30 21
0 7 49 47 45 54
0 8 35 62 58 65
0 9 60 42 41 37
0 10 69 32 35 31
0 11 59 46 37 43
0 12 81 23 25 17
0 13 59 43 38 37
0 14 83 22 23 25
0 15 40 58 55 58
0 16 39 56 59 57
0 17 86 15 12 13
0 18 59 43 43 46
0 19 4 95 88 93
0 20 99 3 2 8
0 21 76 31 28 25
0 22 39 63 58 57
0 23 56 42 41 44
0 24 89 16 16 15
0 25 15 76 81 83
0 26 47 55 56 56
0 27 11 83 81 83
0 28 5 91 88 85
0 29 86 18 22 22
0 30 2 94 96 94
0 31 69 33 32 29
0 32 60 44 40 37
0 33 36 63 57 62
0 34 78 25 22 22
0 35 17 75 80 82
0 36 32 64 63 62
0 37 56 44 43 44
0 38 86 19 13 15
0 39 11 88 85 84
0 40 40 62 62 55
0 41 33 65 64 68
0 42 7 88 86 85
0 43 6 89 91 87
0 44 46 56 49 50
0 45 51 49 46 52
0 46 50 52 49 46
0 47 33 65 63 67
0 48 48 50 49 47
0 49 98 8 9 7
0 50 7 87 88 88
0 51 18 74 80 82
0 52 56 46 48 44
0 53 21 71 77 79
0 54 93 11 11 13
0 55 28 65 67 68
0 56 72 34 28 31
0 57 11 86 85 81
0 58 45 52 51 51
0 59 50 44 51 50
0 60 70 32 29 35
0 61 63 37 34 37
0 62 72 33 30 27
0 63 37 66 58 57
0 64 7 83 83 87
0 65 37 56 60 64
0 66 63 33 42 40
0 67 97 7 10 6
0 68 15 85 84 81
0 69 69 31 35 32
0 70 57 47 46 46
0 71 45 54 56 50
0 72 5 94 91 92
0 73 8 89 82 91
0 74 35 68 59 64
0 75 36 65 58 63
0 76 30 67 66 64
0 77 59 40 37 38
0 78 49 51 45 46
0 79 72 33 26 33
0 80 36 63 64 62
0 81 65 32 35 30
0 82 75 28 26 26
0 83 99 0 5 1
0 84 68 30 37 30
0 85 13 86 84 82
0 86 34 69 69 65
0 87 13 85 82 87
0 88 21 71 72 70
0 89 23 77 75 74
0 90 60 39 43 40
0 91 65 37 39 40
0 92 90 9 11 13
0 93 79 28 24 25
0 94 52 50 44 47
0 95 39 58 56 63
0 96 33 68 61 66
0 97 89 12 9 10
0 98 5 89 90 86
0 99 73 33 30 30
1 2 94 10 13 7
1 3 38 56 62 55
1 4 28 72 65 64
1 5 67 37 38 31
1 6 22 71 71 72
1 7 49 55 45 49
1 8 31 67 70 71
1 9 54 42 46 49
1 10 90 13 14 15
1 11 85 14 17 17
1 12 7 90 84 83
1 13 67 29 29 32
1 14 96 7 8 12
1 15 29 67 65 66
1 16 81 25 23 23
1 17 19 76 82 76
1 18 87 18 14 12
1 19 42 60 52 52
1 20 47 54 56 53
1 21 21 73 71 76
1 22 77 23 20 27
1 23 21 76 74 77
1 24 98 4 10 9
1 25 79 18 18 20
1 26 71 26 30 29
1 27 94 13 8 14
1 28 55 46 41 40
1 29 67 30 37 31
1 30 59 46 40 45
1 31 10 80 82 84
1 32 1 93 92 94
1 33 95 8 12 9
1 34 32 63 63 67
1 35 61 39 35 43
1 36 48 56 51 52
1 37 35 64 67 58
1 38 38 60 57 57
1 39 15 76 79 83
1 40 11 86 82 85
1 41 64 36 35 38
1 42 16 79 76 81
1 43 37 56 60 59
1 44 28 64 71 63
1 45 9 87 84 83
1 46 91 12 11 15
1 47 92 16 13 7
1 48 39 60 60 59
1 49 68 33 34 30
1 50 86 18 22 13
1 51 14 79 76 83
1 52 37 60 58 59
1 53 76 28 27 27
1 54 65 32 37 34
1 55 13 83 86 84
1 56 71 34 31 35
1 57 77 23 28 20
1 58 90 14 14 13
1 59 39 61 58 55
1 60 87 15 16 19
1 61 31 69 67 69
1 62 69 35 33 33
1 63 33 63 61 63
1 64 88 15 13 16
1 65 44 54 59 59
1 66 7 90 87 89
1 67 13 85 86 81
1 68 45 56 56 54
1 69 73 30 33 33
1 70 90 17 15 17
1 71 42 57 58 56
1 72 99 6 1 9
1 73 21 80 75 76
1 74 94 10 13 5
1 75 25 69 69 70
1 76 75 25 23 27
1 77 49 50 48 53
1 78 40 62 58 57
1 79 94 10 5 5
1 80 35 62 66 67
1 81 40 58 58 61
1 82 41 59 56 57
1 83 30 69 70 65
1 84 53 45 44 46
1 85 0 89 90 95
1 86 68 38 33 38
1 87 22 75 73 78
1 88 83 20 14 18
1 89 24 74 69 76
1 90 44 49 54 53
1 91 12 83 85 79
1 92 53 50 44 43
1 93 43 56 58 51
1 94 19 74 75 73
1 95 64 41 40 36
1 96 98 6 1 11
1 97 52 44 42 50
1 98 38 57 62 61
1 99 89 9 13 12
2 3 87 18 14 18
2 4 39 60 62 63
2 5 62 35 35 35
2 6 86 12 12 18
2 7 22 78 79 79
2 8 24 74 70 75
2 9 23 71 74 69
2 10 51 46 49 49
2 11 21 77 79 72
2 12 65 33 39 39
2 13 15 81 84 79
2 14 86 17 19 21
2 15 78 29 20 26
2 16 72 34 32 31
2 17 9 90 83 89
2 18 45 49 49 50
2 19 48 48 48 52
2 20 36 58 61 64
2 21 66 38 33 34
2 22 99 9 10 9
2 23 86 14 16 13
2 24 61 34 39 39
2 25 18 75 80 81
2 26 77 21 23 26
2 27 17 83 81 76
2 28 59 41 38 40
2 29 73 30 33 25
2 30 18 76 74 74
2 31 14 76 80 83
2 32 59 45 37 39
2 33 46 56 52 52
2 34 97 11 3 7
2 35 57 47 40 43
2 36 79 25 24 26
2 37 88 20 11 17
2 38 86 14 17 17
2 39 71 30 30 30
2 40 72 29 27 34
2 41 61 42 36 43
2 42 28 71 71 64
2 43 41 52 59 55
2 44 51 51 53 52
2 45 35 66 59 60
2 46 23 72 77 77
2 47 96 5 10 5
2 48 76 30 21 23
2 49 71 29 35 31
2 50 43 53 59 56
2 51 19 81 79 75
2 52 69 33 37 29
2 53 76 26 26 22
2 54 6 86 91 90
2 55 8 88 84 84
2 56 81 26 25 16
2 57 75 30 24 26
2 58 63 41 33 37
2 59 33 62 63 68
2 60 66 36 38 30
2 61 40 63 57 55
2 62 55 48 45 49
2 63 90 13 16 10
2 64 81 23 26 26
2 65 52 42 43 48
2 66 94 14 9 6
2 67 19 80 78 79
2 68 77 25 24 24
2 69 7 87 90 90
2 70 33 61 62 68
2 71 57 41 46 39
2 72 76 25 23 25
2 73 72 30 27 28
2 74 6 93 89 85
2 75 44 53 50 59
2 76 48 48 54 47
2 77 8 92 90 90
2 78 15 81 78 84
2 79 46 54 50 48
2 80 33 61 62 64
2 81 0 99 95 90
2 82 84 16 18 19
2 83 55 40 49 40
2 84 43 60 53 59
2 85 10 89 85 84
2 86 23 74 74 74
2 87 16 81 82 76
2 88 46 49 51 56
2 89 81 20 25 21
2 90 94 10 12 8
2 91 60 38 45 42
2 92 43 54 54 59
2 93 40 56 55 59
2 94 39 58 63 56
2 95 46 56 50 48
2 96 44 52 57 58
2 97 81 19 17 24
2 98 36 58 60 61
2 99 22 71 70 78
3 4 35 60 65 66
3 5 5 87 84 89
3 6 87 18 20 16
3 7 17 78 78 78
3 8 86 12 21 17
3 9 20 80 72 77
3 10 90 12 11 13
3 11 21 75 78 79
3 12 78 19 23 28
3 13 92 7 14 9
3 14 58 39 41 40
3 15 36 63 63 56
3 16 6 92 86 91
3 17 57 45 39 40
3 18 36 62 65 64
3 19 62 35 42 36
3 20 2 90 88 88
3 21 34 62 66 66
3 22 19 77 73 80
3 23 52 42 51 46
3 24 53 50 47 43
3 25 99 8 1 3
3 26 15 77 85 85
3 27 85 20 19 20
3 28 20 73 80 78
3 29 85 22 16 16
3 30 92 13 13 9
3 31 39 57 56 56
3 32 99 4 4 0
3 33 88 14 19 12
3 34 10 89 87 85
3 35 78 21 23 22
3 36 83 20 16 19
3 37 81 16 20 19
3 38 8 87 88 88
3 39 46 54 55 50
3 40 64 40 38 38
3 41 1 95 94 91
3 42 44 60 50 58
3 43 7 93 83 84
3 44 36 63 57 59
3 45 18 74 79 78
3 46 38 57 60 61
3 47 95 9 11 11
3 48 33 67 63 68
3 49 24 71 69 75
3 50 91 9 9 13
3 51 70 33 33 34
3 52 70 30 35 35
3 53 17 76 74 74
3 54 63 34 41 33
3 55 56 38 43 39
3 56 41 54 54 58
3 57 33 69 61 69
3 58 62 34 35 34
3 59 57 46 47 45
3 60 89 13 14 12
3 61 67 31 32 36
3 62 5 87 85 94
3 63 52 43 42 46
3 64 68 36 34 28
3 65 35 64 67 62
3 66 17 76 77 74
3 67 9 82 90 83
3 68 61 34 38 44
3 69 39 55 56 63
3 70 46 49 55 48
3 71 68 37 36 35
3 72 25 71 69 70
3 73 53 47 48 50
3 74 99 2 0 5
3 75 37 56 56 57
3 76 52 46 43 44
3 77 11 88 83 81
3 78 53 48 43 51
3 79 59 42 38 41
3 80 57 39 45 47
3 81 8 84 82 82
3 82 5 88 95 89
3 83 64 36 35 36
3 84 93 11 11 13
3 85 53 49 43 42
3 86 52 44 51 47
3 87 68 34 32 36
3 88 50 45 54 44
3 89 15 77 79 79
3 90 93 11 8 11
3 91 22 73 78 76
3 92 90 17 16 9
3 93 49 54 47 52
3 94 97 3 9 5
3 95 7 85 90 88
3 96 35 65 68 66
3 97 50 47 47 52
3 98 7 93 87 83
3 99 67 32 33 33
4 5 75 25 28 25
4 6 34 64 67 68
4 7 17 82 76 78
4 8 67 35 37 34
4 9 77 26 22 28
4 10 99 10 6 6
4 11 87 16 14 14
4 12 95 12 8 14
4 13 77 24 28 25
4 14 39 56 63 63
4 15 90 9 15 17
4 16 70 30 29 30
4 17 59 40 41 36
4 18 83 20 21 17
4 19 2 90 91 88
4 20 46 56 56 49
4 21 6 89 84 89
4 22 1 98 94 93
4 23 48 47 50 53
4 24 26 72 73 66
4 25 3 95 95 95
4 26 67 30 29 31
4 27 15 84 79 80
4 28 46 49 55 50
4 29 98 7 2 5
4 30 47 47 51 47
4 31 98 4 6 10
4 32 47 47 48 55
4 33 19 76 80 76
4 34 46 54 50 52
4 35 54 40 47 42
4 36 37 59 58 65
4 37 29 71 69 72
4 38 85 14 21 19
4 39 9 84 87 87
4 40 52 43 47 44
4 41 67 36 36 31
4 42 68 32 37 37
4 43 35 63 59 63
4 44 85 19 15 19
4 45 49 50 49 49
4 46 60 43 41 44
4 47 91 9 8 9
4 48 53 42 47 50
4 49 57 43 46 41
4 50 72 31 28 32
4 51 38 62 62 57
4 52 40 59 59 59
4 53 27 71 73 66
4 54 13 83 86 83
4 55 99 9 3 2
4 56 79 24 22 22
4 57 40 55 53 60
4 58 36 59 57 63
4 59 70 34 27 32
4 60 11 80 88 83
4 61 18 79 79 79
4 62 9 90 86 81
4 63 92 9 10 12
4 64 88 17 19 10
4 65 80 23 19 20
4 66 91 8 10 14
4 67 39 57 63 54
4 68 86 18 21 13
4 69 69 35 32 34
4 70 75 26 26 30
4 71 43 56 58 56
4 72 23 72 68 77
4 73 75 24 32 22
4 74 1 91 93 95
4 75 10 86 81 84
4 76 43 53 56 59
4 77 2 95 93 91
4 78 12 84 80 79
4 79 59 39 38 42
4 80 47 55 49 49
4 81 67 32 30 36
4 82 95 12 13 7
4 83 37 61 58 57
4 84 7 92 84 90
4 85 24 72 75 76
4 86 18 77 74 79
4 87 48 48 51 55
4 88 74 30 27 29
4 89 70 35 28 27
4 90 94 12 6 8
4 91 38 57 59 56
4 92 25 69 69 68
4 93 60 39 37 38
4 94 1 93 92 93
4 95 91 14 15 11
4 96 68 37 31 37
4 97 94 5 10 5
4 98 57 42 48 40
4 99 10 88 84 83
5 6 71 33 34 29
5 7 8 86 90 90
5 8 65 33 31 40
5 9 86 15 13 12
5 10 88 17 20 20
5 11 64 35 38 33
5 12 75 25 29 29
5 13 56 46 45 42
5 14 5 88 94 87
5 15 75 24 31 26
5 16 5 94 90 91
5 17 64 32 39 40
5 18 70 31 26 34
5 19 76 24 29 21
5 20 50 49 54 51
5 21 3 94 90 86
5 22 59 39 46 42
5 23 82 24 19 19
5 24 77 25 24 21
5 25 24 71 72 77
5 26 29 64 68 67
5 27 92 10 7 13
5 28 0 92 91 95
5 29 89 9 17 12
5 30 69 30 31 36
5 31 19 77 80 81
5 32 50 50 51 48
5 33 89 12 10 19
5 34 31 68 65 61
5 35 39 54 62 55
5 36 24 70 70 74
5 37 80 19 19 19
5 38 38 58 58 56
5 39 64 40 34 34
5 40 18 79 74 78
5 41 34 61 64 68
5 42 79 21 19 27
5 43 31 63 66 61
5 44 61 42 41 38
5 45 18 80 80 74
5 46 71 33 27 33
5 47 54 48 44 41
5 48 28 65 70 72
5 49 70 36 30 33
5 50 82 19 20 20
5 51 66 38 33 34
5 52 41 53 62 61
5 53 19 76 75 73
5 54 81 20 25 22
5 55 84 20 16 22
5 56 73 25 25 33
5 57 64 34 39 33
5 58 11 87 87 81
5 59 39 55 58 62
5 60 60 42 42 38
5 61 7 90 86 85
5 62 97 8 9 7
5 63 5 92 86 93
5 64 73 26 26 31
5 65 70 30 32 34
5 66 61 39 36 43
5 67 18 74 81 74
5 68 41 59 57 60
5 69 44 55 59 50
5 70 18 76 78 76
5 71 74 27 32 28
5 72 74 32 24 29
5 73 78 20 20 22
5 74 87 18 16 20
5 75 16 79 80 76
5 76 0 94 95 90
5 77 86 16 16 13
5 78 16 81 78 79
5 79 46 57 55 55
5 80 45 52 57 55
5 81 69 31 29 33
5 82 72 28 27 24
5 83 68 33 33 37
5 84 52 49 51 49
5 85 24 76 71 75
5 86 81 25 23 24
5 87 74 25 32 24
5 88 98 4 9 9
5 89 24 77 71 71
5 90 79 27 24 23
5 91 73 31 31 33
5 92 34 61 67 68
5 93 32 67 61 65
5 94 30 69 67 71
5 95 37 65 59 58
5 96 85 20 13 20
5 97 56 45 42 41
5 98 23 76 77 77
5 99 69 34 34 33
6 7 82 24 20 16
6 8 91 10 13 10
6 9 50 54 51 48
6 10 0 90 98 91
6 11 13 87 81 79
6 12 30 65 66 64
6 13 44 55 54 51
6 14 52 52 44 48
6 15 30 72 64 65
6 16 84 18 22 20
6 17 99 4 3 7
6 18 45 53 52 51
6 19 87 12 16 13
6 20 71 30 28 26
6 21 3 91 93 94
6 22 51 52 50 53
6 23 62 36 43 42
6 24 90 14 16 14
6 25 91 7 11 17
6 26 34 66 66 59
6 27 76 21 24 30
6 28 2 95 94 95
6 29 93 14 13 6
6 30 71 26 26 34
6 31 21 71 79 73
6 32 94 8 8 5
6 33 60 37 44 42
6 34 48 50 49 50
6 35 26 69 74 68
6 36 52 51 49 45
6 37 53 48 49 49
6 38 50 50 53 48
6 39 33 66 67 64
6 40 27 67 70 71
6 41 37 65 59 61
6 42 9 90 90 83
6 43 70 35 29 28
6 44 96 4 10 7
6 45 54 44 44 50
6 46 69 27 36 30
6 47 76 20 22 28
6 48 9 87 82 87
6 49 32 63 69 61
6 50 15 84 84 77
6 51 63 37 34 42
6 52 26 69 67 73
6 53 61 43 43 35
6 54 62 41 36 41
6 55 8 88 91 86
6 56 48 51 52 51
6 57 83 17 22 21
6 58 16 79 80 77
6 59 38 61 56 61
6 60 63 39 38 42
6 61 20 71 72 73
6 62 19 73 77 78
6 63 5 86 95 85
6 64 72 30 30 27
6 65 32 63 63 62
6 66 24 72 75 77
6 67 53 51 42 47
6 68 90 8 18 8
6 69 18 76 77 78
6 70 76 29 22 28
6 71 34 65 67 61
6 72 63 35 39 36
6 73 36 63 57 61
6 74 15 81 78 85
6 75 34 65 64 66
6 76 75 27 24 22
6 77 94 10 7 5
6 78 26 75 72 69
6 79 85 16 17 13
6 80 24 75 67 70
6 81 53 48 42 42
6 82 24 76 70 77
6 83 1 92 95 93
6 84 53 42 48 50
6 85 34 64 67 65
6 86 74 26 31 30
6 87 35 65 68 64
6 88 33 63 66 61
6 89 75 28 29 31
6 90 39 61 59 58
6 91 75 24 23 29
6 92 69 36 27 37
6 93 33 61 69 65
6 94 44 53 58 59
6 95 77 25 23 22
6 96 10 85 82 89
6 97 47 55 51 56
6 98 97 7 11 5
6 99 57 44 47 38
7 8 34 66 68 65
7 9 41 57 56 53
7 10 28 66 67 72
7 11 22 79 79 75
7 12 86 17 13 14
7 13 60 45 38 36
7 14 77 27 20 26
7 15 22 74 74 73
7 16 94 8 6 10
7 17 45 50 54 54
7 18 68 28 31 36
7 19 20 72 80 72
7 20 84 18 23 21
7 21 73 31 24 30
7 22 9 88 84 85
7 23 70 35 35 33
7 24 58 43 43 41
7 25 26 67 75 72
7 26 86 18 14 20
7 27 88 20 10 17
7 28 70 35 35 34
7 29 10 81 84 84
7 30 24 70 68 72
7 31 35 67 67 59
7 32 69 30 27 28
7 33 69 30 29 32
7 34 1 96 92 91
7 35 10 87 88 88
7 36 50 47 52 46
7 37 43 57 54 51
7 38 95 9 8 7
7 39 46 56 49 53
7 40 45 57 55 54
7 41 91 8 11 14
7 42 44 56 50 52
7 43 9 89 83 87
7 44 40 58 55 54
7 45 94 4 11 10
7 46 46 56 56 51
7 47 51 51 51 47
7 48 27 68 66 73
7 49 38 58 57 61
7 50 83 21 14 20
7 51 52 45 51 51
7 52 24 77 72 72
7 53 81 17 26 24
7 54 50 53 52 52
7 55 44 59 52 54
7 56 7 91 88 92
7 57 13 82 81 83
7 58 14 85 84 77
7 59 88 12 19 13
7 60 17 77 81 82
7 61 59 43 41 38
7 62 19 81 76 72
7 63 41 53 55 54
7 64 25 76 77 75
7 65 46 54 50 49
7 66 63 35 38 38
7 67 28 68 65 74
7 68 20 73 72 71
7 69 82 17 25 19
7 70 57 42 45 42
7 71 64 35 40 39
7 72 44 57 56 55
7 73 7 82 85 86
7 74 51 51 45 50
7 75 17 77 79 75
7 76 88 17 13 20
7 77 68 33 33 29
7 78 56 48 48 43
7 79 74 25 26 31
7 80 52 45 45 44
7 81 79 26 23 24
7 82 12 78 86 79
7 83 55 49 46 46
7 84 63 42 34 40
7 85 97 8 6 8
7 86 32 63 69 66
7 87 29 63 70 67
7 88 72 28 32 27
7 89 13 82 81 78
7 90 33 65 65 65
7 91 99 6 3 5
7 92 77 23 26 20
7 93 83 21 23 19
7 94 91 7 13 16
7 95 54 46 50 50
7 96 22 79 71 76
7 97 89 12 18 17
7 98 76 29 26 21
7 99 37 57 65 63
8 9 57 44 46 47
8 10 31 65 69 62
8 11 53 43 43 42
8 12 73 24 28 29
8 13 84 21 14 18
8 14 71 30 27 29
8 15 21 77 73 75
8 16 12 83 86 88
8 17 72 25 32 34
8 18 49 49 51 51
8 19 94 7 13 14
8 20 11 89 88 85
8 21 41 57 54 61
8 22 27 66 66 75
8 23 0 95 90 94
8 24 34 64 59 67
8 25 73 25 33 27
8 26 64 31 34 40
8 27 9 89 89 85
8 28 33 63 59 65
8 29 84 23 18 15
8 30 96 8 6 10
8 31 75 27 25 21
8 32 78 24 22 28
8 33 33 69 67 60
8 34 58 45 47 43
8 35 24 76 72 76
8 36 24 68 76 73
8 37 99 0 3 2
8 38 95 10 9 8
8 39 89 13 18 14
8 40 81 21 18 22
8 41 27 71 66 67
8 42 20 77 73 73
8 43 68 37 35 36
8 44 13 78 78 82
8 45 43 55 58 51
8 46 16 82 82 82
8 47 18 77 79 80
8 48 67 35 30 30
8 49 69 28 29 27
8 50 0 98 98 92
8 51 17 79 80 78
8 52 40 54 56 62
8 53 17 76 75 79
8 54 33 60 62 62
8 55 9 86 85 89
8 56 25 67 75 75
8 57 86 19 15 21
8 58 97 12 2 4
8 59 39 59 56 62
8 60 54 44 49 43
8 61 27 69 71 71
8 62 38 59 64 63
8 63 74 26 27 24
8 64 64 38 41 32
8 65 57 45 47 37
8 66 98 5 3 9
8 67 34 65 63 62
8 68 27 74 65 69
8 69 72 30 29 29
8 70 93 11 7 8
8 71 18 78 83 81
8 72 97 3 8 6
8 73 5 91 89 89
8 74 15 81 80 80
8 75 69 33 30 30
8 76 19 77 81 79
8 77 14 78 84 76
8 78 60 40 39 36
8 79 25 76 70 76
8 80 68 32 31 33
8 81 22 72 78 78
8 82 22 71 75 71
8 83 41 55 54 61
8 84 99 7 4 7
8 85 47 48 52 52
8 86 67 37 33 37
8 87 36 60 58 60
8 88 37 61 64 61
8 89 86 19 17 16
8 90 8 87 84 84
8 91 63 36 34 34
8 92 54 45 42 47
8 93 42 58 60 59
8 94 98 9 9 10
8 95 6 86 91 85
8 96 27 68 69 74
8 97 88 15 18 11
8 98 56 42 46 40
8 99 18 76 76 83
9 10 78 20 26 28
9 11 69 35 29 36
9 12 32 68 67 63
9 13 5 90 87 87
9 14 77 22 23 28
9 15 85 20 13 19
9 16 62 38 42 34
9 17 27 71 70 67
9 18 56 44 46 48
9 19 72 27 25 30
9 20 76 27 30 27
9 21 77 26 24 23
9 22 26 75 74 70
9 23 12 83 84 81
9 24 93 13 14 10
9 25 72 32 25 32
9 26 11 79 79 83
9 27 71 32 28 27
9 28 49 49 53 49
9 29 45 54 51 50
9 30 47 51 50 47
9 31 35 62 67 58
9 32 20 73 76 76
9 33 73 27 33 27
9 34 38 60 62 62
9 35 80 20 20 23
9 36 18 79 77 78
9 37 25 73 76 71
9 38 70 28 31 26
9 39 55 42 43 47
9 40 55 40 41 44
9 41 81 20 21 22
9 42 99 6 10 1
9 43 12 79 82 83
9 44 39 56 57 55
9 45 0 98 89 98
9 46 1 98 96 97
9 47 54 48 47 48
9 48 49 52 48 54
9 49 76 29 29 29
9 50 42 58 56 58
9 51 58 41 45 46
9 52 84 19 17 20
9 53 72 30 25 28
9 54 39 55 57 58
9 55 53 43 48 48
9 56 85 18 15 18
9 57 89 12 12 14
9 58 13 81 82 84
9 59 52 44 48 48
9 60 54 48 50 46
9 61 37 60 63 66
9 62 65 41 32 37
9 63 74 31 27 29
9 64 25 74 67 73
9 65 68 34 28 34
9 66 35 61 65 58
9 67 24 71 72 71
9 68 10 82 82 86
9 69 52 49 45 46
9 70 37 64 65 65
9 71 31 63 63 63
9 72 63 42 40 37
9 73 14 80 78 86
9 74 94 10 10 10
9 75 0 98 91 90
9 76 14 84 83 84
9 77 86 13 15 13
9 78 83 16 22 19
9 79 83 19 20 20
9 80 67 34 33 37
9 81 61 39 41 41
9 82 80 21 27 20
9 83 62 41 38 40
9 84 14 84 86 78
9 85 8 86 83 86
9 86 34 60 60 59
9 87 64 37 35 33
9 88 28 69 69 70
9 89 85 13 13 14
9 90 76 21 23 27
9 91 21 75 76 76
9 92 32 61 67 65
9 93 41 59 56 56
9 94 21 80 79 76
9 95 34 65 60 61
9 96 70 34 27 28
9 97 10 81 87 89
9 98 79 18 26 28
9 99 23 73 69 74
10 11 31 64 69 66
10 12 23 70 70 69
10 13 25 68 74 72
10 14 99 5 5 1
10 15 70 26 29 31
10 16 91 12 12 15
10 17 84 17 16 20
10 18 12 84 84 85
10 19 13 84 79 78
10 20 22 69 72 73
10 21 44 51 59 56
10 22 57 45 46 38
10 23 85 16 16 21
10 24 8 90 86 85
10 25 54 50 48 47
10 26 33 67 61 67
10 27 42 54 60 55
10 28 2 93 89 90
10 29 77 29 29 26
10 30 26 73 74 68
10 31 40 57 59 58
10 32 6 91 90 88
10 33 85 21 21 23
10 34 55 44 44 47
10 35 92 7 14 12
10 36 71 28 35 25
10 37 27 70 72 66
10 38 5 93 91 92
10 39 48 46 47 54
10 40 27 74 66 66
10 41 62 42 34 38
10 42 38 64 57 60
10 43 83 17 18 16
10 44 0 92 94 95
10 45 70 31 33 30
10 46 28 68 73 69
10 47 35 62 67 65
10 48 5 89 90 92
10 49 13 85 85 81
10 50 87 18 20 12
10 51 57 47 42 42
10 52 96 4 11 8
10 53 68 35 29 29
10 54 19 81 76 78
10 55 85 17 20 19
10 56 57 45 46 45
10 57 32 69 63 62
10 58 25 74 76 74
10 59 85 21 20 17
10 60 88 12 19 15
10 61 48 54 51 55
10 62 75 24 25 29
10 63 9 90 85 82
10 64 42 61 55 53
10 65 1 89 96 92
10 66 58 41 38 43
10 67 10 89 86 86
10 68 36 66 56 61
10 69 21 79 76 71
10 70 70 31 33 27
10 71 31 61 62 69
10 72 10 89 86 87
10 73 1 92 92 96
10 74 48 52 47 54
10 75 38 59 59 61
10 76 94 13 11 7
10 77 46 49 55 56
10 78 65 36 37 34
10 79 7 84 84 89
10 80 8 88 92 87
10 81 34 66 59 62
10 82 22 70 79 75
10 83 7 86 87 91
10 84 94 13 10 9
10 85 5 90 86 90
10 86 45 51 57 51
10 87 48 48 50 48
10 88 21 73 76 76
10 89 30 68 66 71
10 90 84 23 20 23
10 91 87 13 19 20
10 92 79 19 23 22
10 93 25 74 71 77
10 94 26 74 70 73
10 95 42 55 58 53
10 96 81 18 21 18
10 97 10 81 84 90
10 98 23 69 69 76
10 99 0 94 92 97
11 12 57 41 41 43
11 13 35 60 64 59
11 14 47 55 54 51
11 15 29 64 70 72
11 16 71 33 28 27
11 17 88 11 14 11
11 18 33 62 67 67
11 19 81 24 25 23
11 20 19 78 74 76
11 21 18 82 79 79
11 22 26 70 73 68
11 23 95 13 6 4
11 24 44 53 52 58
11 25 20 73 79 74
11 26 74 24 23 25
11 27 54 45 45 44
11 28 63 38 41 33
11 29 33 63 60 69
11 30 39 57 56 60
11 31 67 30 32 37
11 32 34 63 64 63
11 33 1 90 96 98
11 34 41 61 60 52
11 35 32 64 66 66
11 36 54 51 47 41
11 37 53 42 50 51
11 38 22 78 70 72
11 39 42 59 57 53
11 40 33 59 69 60
11 41 20 73 76 78
11 42 73 29 29 25
11 43 90 14 12 14
11 44 28 64 70 71
11 45 19 76 74 78
11 46 65 38 40 34
11 47 94 14 4 8
11 48 20 75 74 76
11 49 71 27 27 31
11 50 28 71 70 70
11 51 19 73 81 82
11 52 87 15 15 19
11 53 63 41 39 39
11 54 1 96 93 94
11 55 37 64 62 65
11 56 14 85 79 82
11 57 80 19 18 26
11 58 16 80 75 82
11 59 85 14 16 14
11 60 74 25 25 23
11 61 12 79 86 85
11 62 20 77 79 79
11 63 41 57 60 55
11 64 0 95 97 91
11 65 19 80 78 78
11 66 56 47 43 43
11 67 69 28 36 34
11 68 38 55 63 61
11 69 34 59 68 67
11 70 11 84 89 86
11 71 9 83 89 91
11 72 37 62 58 62
11 73 25 73 72 72
11 74 21 75 74 75
11 75 19 74 78 76
11 76 83 15 17 24
11 77 99 5 1 9
11 78 94 9 5 7
11 79 9 88 91 83
11 80 31 70 68 68
11 81 78 26 26 24
11 82 3 96 93 92
11 83 22 77 74 77
11 84 7 87 89 85
11 85 54 41 43 46
11 86 75 27 24 22
11 87 84 23 23 16
11 88 1 93 89 90
11 89 99 5 2 1
11 90 2 87 88 89
11 91 24 71 73 72
11 92 10 88 83 84
11 93 32 68 61 69
11 94 44 50 51 53
11 95 44 51 55 59
11 96 22 79 75 72
11 97 73 31 24 30
11 98 71 32 27 34
11 99 36 57 59 59
12 13 59 43 40 42
12 14 60 38 36 38
12 15 65 39 32 33
12 16 36 61 58 59
12 17 24 73 69 69
12 18 9 82 85 86
12 19 3 94 93 92
12 20 98 3 4 6
12 21 97 4 3 7
12 22 37 57 59 62
12 23 63 36 40 39
12 24 84 20 18 19
12 25 39 60 62 62
12 26 25 74 73 72
12 27 79 21 19 22
12 28 32 68 61 65
12 29 6 90 85 93
12 30 32 67 69 64
12 31 18 80 77 80
12 32 6 86 90 92
12 33 7 90 92 91
12 34 54 48 43 48
12 35 30 64 66 65
12 36 63 33 40 37
12 37 73 25 30 33
12 38 16 77 80 82
12 39 66 35 31 33
12 40 7 92 89 85
12 41 83 22 16 17
12 42 98 5 5 2
12 43 47 49 55 52
12 44 41 54 53 56
12 45 4 93 92 88
12 46 13 87 86 84
12 47 97 6 11 10
12 48 58 45 41 39
12 49 97 10 11 2
12 50 47 50 48 56
12 51 40 53 60 62
12 52 32 68 69 70
12 53 84 17 19 23
12 54 9 82 91 85
12 55 64 41 33 39
12 56 12 85 80 82
12 57 31 65 65 61
12 58 34 59 64 63
12 59 6 90 89 85
12 60 76 24 21 27
12 61 55 41 44 45
12 62 26 70 72 71
12 63 54 46 47 44
12 64 21 76 76 71
12 65 14 81 77 85
12 66 91 9 14 16
12 67 84 14 23 23
12 68 3 90 89 93
12 69 64 37 38 34
12 70 19 77 76 75
12 71 58 41 45 46
12 72 60 36 35 35
12 73 39 58 59 54
12 74 36 63 57 65
12 75 91 7 10 7
12 76 2 96 96 90
12 77 83 20 18 21
12 78 19 76 78 76
12 79 91 16 16 10
12 80 13 83 86 78
12 81 70 31 29 27
12 82 44 54 55 54
12 83 22 72 76 79
12 84 26 69 67 73
12 85 58 40 41 46
12 86 60 37 42 37
12 87 44 50 52 58
12 88 92 16 11 9
12 89 95 10 11 5
12 90 73 25 33 27
12 91 11 84 88 85
12 92 30 68 65 65
12 93 69 32 36 33
12 94 17 74 82 77
12 95 56 47 48 45
12 96 66 37 31 34
12 97 27 67 68 73
12 98 14 86 79 83
12 99 28 66 67 66
13 14 17 75 81 75
13 15 25 77 73 69
13 16 57 42 48 43
13 17 47 50 52 48
13 18 42 57 53 54
13 19 9 88 82 91
13 20 13 81 88 85
13 21 94 12 9 10
13 22 14 77 83 82
13 23 90 10 13 14
13 24 97 7 2 10
13 25 83 20 17 20
13 26 45 56 58 53
13 27 8 85 86 82
13 28 5 88 86 89
13 29 67 29 33 35
13 30 56 41 45 41
13 31 6 93 88 88
13 32 29 68 72 66
13 33 63 40 36 33
13 34 29 68 70 63
13 35 76 28 29 30
13 36 94 9 12 7
13 37 25 76 67 72
13 38 92 11 8 11
13 39 12 79 81 87
13 40 5 93 89 88
13 41 55 48 40 41
13 42 63 33 36 41
13 43 78 28 19 28
13 44 35 65 63 61
13 45 13 85 81 85
13 46 98 7 9 7
13 47 65 30 34 37
13 48 23 74 78 73
13 49 0 96 98 98
13 50 4 92 94 93
13 51 24 68 77 74
13 52 13 86 84 78
13 53 34 68 65 66
13 54 31 68 71 64
13 55 77 25 25 21
13 56 90 11 14 15
13 57 70 33 32 29
13 58 72 25 28 27
13 59 21 71 73 75
13 60 31 70 64 67
13 61 75 23 22 29
13 62 26 66 69 70
13 63 41 55 58 54
13 64 37 57 56 56
13 65 20 75 80 78
13 66 81 26 19 22
13 67 60 41 36 44
13 68 95 10 13 9
13 69 67 29 33 38
13 70 4 92 91 95
13 71 41 57 61 57
13 72 64 33 38 41
13 73 32 70 66 69
13 74 47 48 52 53
13 75 11 86 85 81
13 76 3 94 91 90
13 77 57 41 43 38
13 78 37 65 62 63
13 79 27 74 73 75
13 80 89 12 10 11
13 81 97 11 9 9
13 82 58 40 44 38
13 83 56 43 43 45
13 84 84 20 17 15
13 85 27 71 65 66
13 86 48 50 48 51
13 87 1 89 96 91
13 88 71 27 26 29
13 89 38 65 60 65
13 90 3 88 88 95
13 91 35 59 65 67
13 92 3 90 89 90
13 93 35 66 62 65
13 94 27 71 71 74
13 95 96 10 11 11
13 96 21 78 70 80
13 97 24 71 68 71
13 98 3 95 90 88
13 99 44 52 54 51
14 15 82 18 21 19
14 16 8 85 86 82
14 17 94 11 5 11
14 18 14 77 81 77
14 19 19 80 72 77
14 20 19 75 79 80
14 21 42 54 53 58
14 22 68 36 29 31
14 23 90 15 18 12
14 24 94 9 7 12
14 25 80 23 20 25
14 26 29 73 69 72
14 27 1 92 97 93
14 28 86 18 17 12
14 29 49 48 49 48
14 30 74 28 29 27
14 31 57 47 46 41
14 32 49 53 48 49
14 33 35 62 63 62
14 34 26 74 75 71
14 35 19 76 78 75
14 36 94 14 7 13
14 37 86 12 18 16
14 38 26 71 69 73
14 39 18 81 79 77
14 40 69 29 34 31
14 41 94 5 14 9
14 42 15 81 82 75
14 43 76 23 22 28
14 44 7 85 89 86
14 45 70 34 32 34
14 46 14 79 81 85
14 47 50 45 44 50
14 48 71 33 35 33
14 49 26 76 73 74
14 50 67 35 35 34
14 51 18 74 78 83
14 52 4 91 95 93
14 53 95 9 13 8
14 54 33 60 62 69
14 55 49 45 53 52
14 56 68 34 33 30
14 57 99 5 5 5
14 58 94 7 5 11
14 59 19 77 79 75
14 60 13 79 83 85
14 61 17 79 83 79
14 62 95 10 11 7
14 63 22 72 71 74
14 64 27 67 67 68
14 65 60 44 36 35
14 66 77 24 24 21
14 67 58 46 46 43
14 68 48 52 48 51
14 69 96 9 9 9
14 70 22 73 69 70
14 71 10 83 88 87
14 72 33 68 62 61
14 73 92 15 7 9
14 74 21 71 77 77
14 75 42 55 55 55
14 76 78 20 22 28
14 77 72 27 31 27
14 78 23 68 69 78
14 79 37 62 62 59
14 80 54 48 50 48
14 81 21 77 76 72
14 82 56 44 40 42
14 83 68 34 29 29
14 84 21 76 74 75
14 85 5 87 94 89
14 86 1 97 92 91
14 87 89 17 19 17
14 88 73 26 27 32
14 89 46 57 56 49
14 90 34 68 64 59
14 91 32 67 69 69
14 92 56 46 44 42
14 93 33 60 64 66
14 94 66 34 37 33
14 95 65 37 38 36
14 96 16 85 78 80
14 97 34 65 68 66
14 98 10 81 84 89
14 99 68 32 29 32
15 16 27 67 66 69
15 17 2 91 93 92
15 18 27 67 73 69
15 19 4 86 91 91
15 20 84 20 22 16
15 21 36 65 63 66
15 22 64 41 38 35
15 23 1 95 97 89
15 24 86 12 17 21
15 25 72 27 27 32
15 26 89 15 11 12
15 27 66 31 35 31
15 28 83 17 20 17
15 29 18 77 82 73
15 30 26 73 75 67
15 31 25 72 73 69
15 32 25 73 75 75
15 33 89 13 9 18
15 34 53 41 42 41
15 35 59 44 36 45
15 36 18 76 73 75
15 37 65 37 39 39
15 38 61 43 39 44
15 39 86 12 16 18
15 40 21 76 76 71
15 41 0 92 98 93
15 42 50 45 50 48
15 43 27 68 69 73
15 44 36 57 62 56
15 45 20 80 79 80
15 46 24 72 72 77
15 47 37 60 58 57
15 48 62 37 39 41
15 49 24 69 69 69
15 50 16 77 82 79
15 51 61 39 34 36
15 52 46 55 57 52
15 53 14 78 83 77
15 54 98 9 7 3
15 55 59 38 40 42
15 56 21 71 73 79
15 57 39 54 60 63
15 58 59 45 40 38
15 59 37 62 60 59
15 60 26 69 67 71
15 61 7 83 84 88
15 62 92 16 6 11
15 63 21 80 73 78
15 64 44 51 59 54
15 65 48 49 46 50
15 66 60 40 41 40
15 67 24 72 69 73
15 68 23 76 72 75
15 69 96 5 3 7
15 70 76 26 27 21
15 71 47 47 56 51
15 72 72 28 29 32
15 73 23 73 70 76
15 74 46 50 56 56
15 75 86 14 21 16
15 76 87 17 13 19
15 77 70 33 33 31
15 78 0 90 96 90
15 79 5 88 89 91
15 80 1 95 90 91
15 81 35 62 63 67
15 82 59 40 43 41
15 83 76 22 23 22
15 84 63 37 37 40
15 85 80 22 27 21
15 86 6 89 93 87
15 87 25 70 75 76
15 88 28 66 74 72
15 89 3 91 96 97
15 90 70 30 34 29
15 91 41 61 57 60
15 92 76 23 28 31
15 93 32 67 68 66
15 94 54 47 41 46
15 95 49 47 53 52
15 96 71 32 32 33
15 97 74 30 24 29
15 98 39 62 61 58
15 99 37 60 61 57
16 17 73 27 28 24
16 18 47 54 49 53
16 19 13 86 86 85
16 20 4 93 88 89
16 21 54 46 47 42
16 22 41 61 54 57
16 23 4 93 91 94
16 24 64 35 32 36
16 25 20 78 75 76
16 26 50 45 50 53
16 27 69 27 29 27
16 28 57 39 42 38
16 29 78 24 23 20
16 30 38 64 55 56
16 31 0 91 96 92
16 32 4 92 92 95
16 33 36 57 60 62
16 34 54 41 44 41
16 35 17 82 80 75
16 36 68 34 36 31
16 37 92 10 9 13
16 38 72 32 29 28
16 39 35 62 65 59
16 40 63 40 34 37
16 41 20 78 75 78
16 42 65 40 37 39
16 43 52 43 47 49
16 44 58 42 40 45
16 45 3 89 90 93
16 46 48 55 50 53
16 47 63 38 37 37
16 48 25 70 74 72
16 49 88 12 20 16
16 50 13 85 79 87
16 51 99 6 4 1
16 52 21 80 78 77
16 53 89 12 13 17
16 54 1 97 91 89
16 55 6 92 92 85
16 56 77 27 21 27
16 57 20 72 78 80
16 58 56 46 43 47
16 59 42 54 59 59
16 60 13 82 82 78
16 61 89 12 17 15
16 62 11 84 85 85
16 63 36 62 66 60
16 64 32 61 63 67
16 65 51 47 53 46
16 66 52 44 52 46
16 67 9 89 84 85
16 68 38 63 64 59
16 69 7 85 89 93
16 70 6 91 88 90
16 71 92 9 14 14
16 72 99 1 9 4
16 73 59 42 36 42
16 74 18 79 73 73
16 75 95 8 4 4
16 76 45 52 57 50
16 77 50 54 45 45
16 78 86 16 19 18
16 79 36 61 66 62
16 80 95 8 12 12
16 81 25 68 67 75
16 82 71 27 26 27
16 83 13 77 77 86
16 84 93 11 11 9
16 85 87 15 16 20
16 86 91 16 13 11
16 87 87 20 16 13
16 88 95 7 7 12
16 89 45 53 53 56
16 90 12 82 86 80
16 91 72 34 32 32
16 92 58 42 44 44
16 93 74 29 29 30
16 94 37 56 58 59
16 95 17 80 84 81
16 96 55 44 46 48
16 97 87 17 13 12
16 98 87 14 15 19
16 99 85 16 18 22
17 18 9 84 84 90
17 19 72 32 27 28
17 20 0 94 91 94
17 21 85 22 20 22
17 22 46 49 52 54
17 23 43 55 53 51
17 24 83 24 20 23
17 25 74 24 28 29
17 26 39 59 61 61
17 27 50 53 52 49
17 28 82 16 22 18
17 29 37 60 62 65
17 30 26 70 68 68
17 31 99 0 8 3
17 32 2 89 90 94
17 33 61 39 39 40
17 34 32 69 65 67
17 35 62 34 35 38
17 36 21 78 78 76
17 37 82 17 17 18
17 38 84 16 19 15
17 39 14 82 87 84
17 40 58 39 38 41
17 41 24 72 75 75
17 42 33 60 65 66
17 43 28 69 73 70
17 44 82 23 22 22
17 45 13 81 82 85
17 46 80 26 24 20
17 47 64 34 37 35
17 48 92 9 15 11
17 49 8 85 86 84
17 50 48 50 50 53
17 51 59 37 40 40
17 52 25 74 77 76
17 53 71 30 32 30
17 54 59 44 42 43
17 55 20 80 79 76
17 56 70 30 32 31
17 57 12 83 79 86
17 58 20 73 79 72
17 59 69 31 35 29
17 60 4 86 87 94
17 61 75 23 25 23
17 62 25 70 69 71
17 63 17 80 78 75
17 64 70 34 32 29
17 65 69 31 36 33
17 66 11 84 88 88
17 67 45 53 57 51
17 68 84 20 14 17
17 69 7 92 88 89
17 70 77 27 20 23
17 71 85 18 15 12
17 72 10 87 80 87
17 73 90 9 12 10
17 74 34 58 66 63
17 75 60 39 41 36
17 76 54 42 50 48
17 77 79 24 24 26
17 78 58 40 42 41
17 79 75 26 22 23
17 80 10 88 84 87
17 81 17 83 77 76
17 82 59 39 39 40
17 83 52 48 43 44
17 84 96 10 6 4
17 85 67 34 30 30
17 86 15 83 85 75
17 87 29 68 65 68
17 88 62 35 38 35
17 89 52 49 50 47
17 90 39 63 57 60
17 91 17 77 82 77
17 92 31 68 67 69
17 93 18 77 75 73
17 94 4 95 92 86
17 95 59 40 40 40
17 96 90 16 15 12
17 97 45 57 52 56
17 98 75 25 25 26
17 99 64 37 36 36
18 19 32 64 61 63
18 20 33 68 68 62
18 21 96 4 5 10
18 22 89 11 15 18
18 23 28 73 66 73
18 24 48 49 53 54
18 25 15 80 82 85
18 26 81 22 21 22
18 27 23 73 71 74
18 28 8 82 90 85
18 29 9 81 84 87
18 30 55 43 41 44
18 31 69 30 29 30
18 32 20 74 77 81
18 33 63 38 33 32
18 34 16 82 80 79
18 35 75 28 23 29
18 36 42 52 56 60
18 37 7 91 91 90
18 38 57 45 45 45
18 39 63 35 35 33
18 40 26 72 72 69
18 41 24 71 74 73
18 42 1 91 95 91
18 43 82 16 21 16
18 44 63 41 35 40
18 45 56 48 45 43
18 46 62 37 39 37
18 47 48 54 53 47
18 48 45 56 49 58
18 49 23 70 73 70
18 50 35 67 67 60
18 51 1 89 94 97
18 52 50 46 52 49
18 53 37 61 64 63
18 54 68 32 37 33
18 55 62 41 40 39
18 56 47 57 56 57
18 57 23 68 72 72
18 58 83 16 23 16
18 59 62 42 38 43
18 60 49 50 47 45
18 61 32 61 64 66
18 62 43 57 52 51
18 63 41 55 56 55
18 64 41 56 61 61
18 65 46 49 49 51
18 66 92 9 14 8
18 67 10 83 81 88
18 68 93 6 15 9
18 69 75 26 25 27
18 70 9 84 88 84
18 71 78 24 20 22
18 72 50 44 49 45
18 73 90 13 13 18
18 74 46 48 48 55
18 75 15 76 85 85
18 76 71 29 33 33
18 77 66 37 30 33
18 78 97 7 11 7
18 79 76 29 25 22
18 80 23 70 78 72
18 81 58 38 43 38
18 82 14 81 84 84
18 83 35 65 61 63
18 84 59 36 42 37
18 85 11 89 81 89
18 86 93 6 14 9
18 87 30 63 67 63
18 88 32 61 67 62
18 89 41 54 61 58
18 90 49 51 48 53
18 91 20 72 73 75
18 92 73 33 27 24
18 93 60 37 44 38
18 94 51 52 47 46
18 95 45 59 51 55
18 96 33 63 64 64
18 97 43 55 53 56
18 98 23 70 69 69
18 99 96 7 7 7
19 20 81 19 21 20
19 21 5 91 84 92
19 22 45 56 52 51
19 23 23 73 70 77
19 24 99 2 3 10
19 25 41 56 55 62
19 26 35 61 64 60
19 27 56 39 47 49
19 28 53 49 46 48
19 29 55 46 41 47
19 30 13 84 77 83
19 31 18 74 79 76
19 32 88 12 17 19
19 33 63 38 34 36
19 34 36 59 62 67
19 35 5 91 85 85
19 36 1 96 97 95
19 37 23 72 77 74
19 38 23 73 73 73
19 39 30 66 63 70
19 40 58 45 44 40
19 41 4 86 92 91
19 42 93 9 14 14
19 43 0 90 94 97
19 44 79 24 27 18
19 45 11 87 84 82
19 46 44 57 54 57
19 47 80 24 24 23
19 48 51 52 51 52
19 49 28 65 73 72
19 50 99 0 9 9
19 51 78 26 27 26
19 52 2 95 92 88
19 53 48 48 49 52
19 54 20 79 79 79
19 55 46 55 49 48
19 56 26 70 69 75
19 57 42 53 54 53
19 58 82 16 17 22
19 59 38 64 63 60
19 60 31 71 70 62
19 61 15 77 81 78
19 62 58 41 37 44
19 63 67 30 29 38
19 64 54 45 46 43
19 65 81 22 22 18
19 66 27 70 65 71
19 67 95 12 12 5
19 68 75 30 23 27
19 69 86 20 21 20
19 70 5 88 91 88
19 71 25 69 68 76
19 72 54 48 47 48
19 73 18 82 75 82
19 74 39 61 58 55
19 75 46 58 51 57
19 76 4 86 90 86
19 77 47 50 54 56
19 78 91 15 8 16
19 79 9 83 87 87
19 80 63 39 35 36
19 81 56 43 39 40
19 82 28 67 66 67
19 83 51 47 48 49
19 84 37 63 59 57
19 85 70 26 30 32
19 86 94 10 6 12
19 87 36 57 57 59
19 88 98 10 7 4
19 89 43 56 58 58
19 90 56 47 49 40
19 91 74 28 29 22
19 92 26 68 72 74
19 93 38 55 59 65
19 94 65 37 34 32
19 95 19 75 72 77
19 96 34 64 59 68
19 97 7 90 88 86
19 98 18 77 75 78
19 99 72 25 32 25
20 21 54 50 48 48
20 22 47 54 51 52
20 23 27 72 74 72
20 24 19 79 73 81
20 25 46 49 51 57
20 26 82 22 20 16
20 27 25 76 68 67
20 28 46 51 48 55
20 29 76 27 24 24
20 30 44 53 55 57
20 31 23 71 69 73
20 32 65 31 37 32
20 33 7 86 84 88
20 34 87 14 19 13
20 35 73 28 30 26
20 36 21 72 77 80
20 37 61 35 43 42
20 38 35 66 59 60
20 39 28 69 71 74
20 40 78 21 19 19
20 41 28 65 70 72
20 42 81 22 25 19
20 43 45 58 54 50
20 44 49 46 52 49
20 45 21 75 73 74
20 46 67 29 31 37
20 47 19 77 79 79
20 48 50 48 51 50
20 49 81 19 23 24
20 50 76 21 28 21
20 51 97 3 10 10
20 52 22 76 78 78
20 53 16 80 78 80
20 54 63 40 37 42
20 55 56 40 43 48
20 56 3 94 94 86
20 57 32 61 67 67
20 58 81 24 25 26
20 59 66 38 31 39
20 60 99 8 1 4
20 61 46 54 48 54
20 62 33 61 70 62
20 63 55 42 48 47
20 64 37 62 63 63
20 65 20 72 78 78
20 66 40 54 61 54
20 67 58 45 47 40
20 68 62 34 41 36
20 69 91 8 10 8
20 70 88 16 13 14
20 71 90 17 14 10
20 72 24 77 73 68
20 73 76 27 28 21
20 74 86 14 21 17
20 75 11 84 82 82
20 76 67 35 37 30
20 77 82 24 17 19
20 78 12 83 85 87
20 79 17 82 76 77
20 80 83 23 20 21
20 81 79 22 28 24
20 82 58 39 45 45
20 83 12 86 79 81
20 84 26 75 66 67
20 85 14 81 85 79
20 86 65 31 35 30
20 87 78 21 24 25
20 88 92 8 14 13
20 89 36 57 61 59
20 90 82 25 18 24
20 91 47 48 56 51
20 92 91 10 16 12
20 93 19 78 78 76
20 94 40 61 56 55
20 95 90 11 15 16
20 96 11 80 79 88
20 97 70 35 30 28
20 98 50 52 53 49
20 99 12 88 79 86
21 22 16 80 75 81
21 23 84 19 17 16
21 24 52 52 51 42
21 25 42 56 57 59
21 26 2 97 95 95
21 27 51 52 53 53
21 28 17 77 80 82
21 29 11 87 86 84
21 30 48 47 46 47
21 31 39 58 61 60
21 32 36 63 57 61
21 33 32 70 62 70
21 34 99 5 0 0
21 35 74 31 27 27
21 36 54 44 49 48
21 37 71 26 34 32
21 38 58 40 45 42
21 39 57 43 46 45
21 40 66 32 32 34
21 41 20 73 78 81
21 42 37 63 62 64
21 43 76 22 22 22
21 44 33 64 65 63
21 45 49 48 46 47
21 46 33 62 69 68
21 47 14 83 80 80
21 48 8 91 83 89
21 49 87 19 15 16
21 50 12 80 79 84
21 51 94 5 11 4
21 52 64 38 36 37
21 53 4 87 86 92
21 54 13 84 82 86
21 55 97 2 4 7
21 56 88 15 17 14
21 57 69 30 35 35
21 58 52 52 45 42
21 59 38 57 63 58
21 60 29 67 73 65
21 61 40 62 53 53
21 62 58 40 45 38
21 63 89 17 13 17
21 64 78 19 24 22
21 65 2 97 93 90
21 66 1 91 90 90
21 67 14 84 81 80
21 68 26 66 73 70
21 69 53 48 43 51
21 70 66 32 38 36
21 71 12 78 82 85
21 72 34 67 65 67
21 73 66 31 32 39
21 74 20 80 72 73
21 75 28 65 69 66
21 76 25 77 67 71
21 77 17 83 75 78
21 78 31 62 64 64
21 79 10 80 85 89
21 80 12 86 87 88
21 81 76 25 24 29
21 82 2 97 95 97
21 83 85 17 18 20
21 84 12 84 86 81
21 85 28 66 70 64
21 86 46 49 50 57
21 87 97 10 8 10
21 88 47 52 51 56
21 89 47 50 47 56
21 90 14 77 84 81
21 91 6 84 86 93
21 92 86 20 19 21
21 93 61 43 34 35
21 94 98 3 7 2
21 95 70 35 32 35
21 96 69 36 28 28
21 97 49 45 48 51
21 98 25 71 70 73
21 99 31 65 67 70
22 23 49 53 51 47
22 24 99 8 9 8
22 25 10 89 85 82
22 26 24 67 68 69
22 27 1 92 90 90
22 28 90 15 18 15
22 29 82 20 24 22
22 30 76 21 27 28
22 31 6 88 89 86
22 32 81 23 26 24
22 33 83 19 18 16
22 34 5 94 87 94
22 35 81 23 24 26
22 36 62 35 41 37
22 37 53 43 48 47
22 38 54 42 42 43
22 39 13 81 77 78
22 40 54 42 47 49
22 41 6 85 91 84
22 42 74 22 28 23
22 43 71 32 28 34
22 44 34 60 66 64
22 45 89 18 18 12
22 46 29 65 69 66
22 47 41 59 59 62
22 48 65 40 38 31
22 49 87 11 13 19
22 50 26 72 70 68
22 51 37 66 59 65
22 52 65 40 31 34
22 53 21 76 71 71
22 54 36 59 66 63
22 55 90 9 17 13
22 56 35 58 60 65
22 57 46 50 50 57
22 58 44 52 51 53
22 59 58 39 46 46
22 60 67 38 34 33
22 61 68 35 32 37
22 62 78 27 20 24
22 63 49 48 53 47
22 64 29 66 71 68
22 65 72 29 33 26
22 66 91 14 11 7
22 67 91 17 16 15
22 68 25 72 72 69
22 69 69 35 35 28
22 70 34 62 62 69
22 71 48 47 46 55
22 72 66 36 31 37
22 73 83 14 21 24
22 74 0 98 93 97
22 75 39 62 56 60
22 76 67 33 30 35
22 77 43 59 58 51
22 78 88 18 16 16
22 79 41 61 54 60
22 80 36 57 61 64
22 81 88 18 14 12
22 82 66 36 36 32
22 83 68 29 31 37
22 84 5 92 94 92
22 85 18 82 78 76
22 86 18 82 82 76
22 87 27 74 69 70
22 88 58 47 41 42
22 89 5 87 93 88
22 90 80 26 26 27
22 91 63 38 40 41
22 92 72 25 34 34
22 93 94 10 6 11
22 94 47 55 48 50
22 95 42 56 61 51
22 96 45 50 55 56
22 97 97 9 9 2
22 98 0 94 90 98
22 99 55 45 41 45
23 24 74 28 33 30
23 25 14 86 84 82
23 26 75 22 23 25
23 27 44 50 58 50
23 28 54 45 48 43
23 29 61 44 42 44
23 30 8 91 90 90
23 31 23 69 70 70
23 32 47 55 47 53
23 33 59 37 44 36
23 34 26 67 70 72
23 35 87 20 18 12
23 36 30 69 65 63
23 37 25 71 69 72
23 38 12 83 88 80
23 39 15 76 79 81
23 40 78 20 20 20
23 41 11 80 85 83
23 42 78 22 25 25
23 43 19 76 73 79
23 44 99 2 5 1
23 45 89 10 16 12
23 46 68 36 38 31
23 47 27 73 68 74
23 48 8 86 85 83
23 49 46 56 53 51
23 50 47 56 52 49
23 51 9 86 88 91
23 52 71 27 30 35
23 53 51 44 52 50
23 54 94 6 5 12
23 55 89 13 14 12
23 56 48 50 53 46
23 57 49 46 52 55
23 58 26 72 75 67
23 59 71 29 28 27
23 60 48 56 48 50
23 61 98 7 2 4
23 62 20 74 80 80
23 63 58 44 40 47
23 64 81 23 24 22
23 65 25 70 69 75
23 66 43 54 54 55
23 67 87 20 14 12
23 68 80 26 25 18
23 69 25 70 70 67
23 70 88 13 19 10
23 71 6 89 85 91
23 72 21 74 78 72
23 73 24 75 76 73
23 74 82 24 24 20
23 75 44 60 54 52
23 76 4 87 95 92
23 77 54 50 42 44
23 78 29 70 72 64
23 79 23 78 74 74
23 80 33 61 60 61
23 81 77 20 25 25
23 82 86 18 19 18
23 83 18 78 78 79
23 84 15 82 84 85
23 85 55 42 41 41
23 86 90 9 16 9
23 87 11 83 81 80
23 88 63 33 42 39
23 89 69 33 31 29
23 90 6 90 87 92
23 91 85 21 18 16
23 92 61 44 37 39
23 93 36 60 66 63
23 94 20 81 75 77
23 95 45 58 55 52
23 96 26 74 74 70
23 97 4 89 89 88
23 98 14 77 82 78
23 99 25 67 76 71
24 25 14 80 81 83
24 26 71 33 35 31
24 27 7 85 88 91
24 28 19 78 81 78
24 29 77 25 26 23
24 30 45 57 50 58
24 31 63 37 42 33
24 32 87 18 17 13
24 33 19 74 74 73
24 34 8 88 83 83
24 35 62 36 36 43
24 36 34 68 67 62
24 37 98 10 2 7
24 38 48 51 55 51
24 39 62 43 38 36
24 40 63 35 34 36
24 41 30 69 63 64
24 42 58 39 41 39
24 43 7 91 87 83
24 44 17 81 78 75
24 45 72 34 34 31
24 46 66 31 38 36
24 47 88 10 15 11
24 48 15 83 80 80
24 49 23 69 73 68
24 50 99 3 5 9
24 51 82 19 23 17
24 52 66 37 30 34
24 53 12 84 79 85
24 54 96 6 5 5
24 55 70 34 33 32
24 56 90 8 9 11
24 57 67 36 34 34
24 58 2 94 91 97
24 59 65 33 34 40
24 60 53 47 50 46
24 61 43 53 53 60
24 62 69 32 28 35
24 63 93 13 14 15
24 64 14 86 82 82
24 65 97 6 8 9
24 66 91 14 13 14
24 67 4 90 93 87
24 68 46 55 51 51
24 69 60 38 42 45
24 70 80 25 19 20
24 71 85 21 21 14
24 72 20 79 79 78
24 73 84 16 22 18
24 74 17 78 75 82
24 75 26 71 71 71
24 76 65 40 31 33
24 77 42 53 60 60
24 78 51 44 53 45
24 79 60 42 36 45
24 80 83 15 16 18
24 81 56 48 40 45
24 82 38 55 58 57
24 83 35 61 66 67
24 84 60 36 38 44
24 85 87 15 21 18
24 86 56 40 39 39
24 87 25 73 76 74
24 88 64 35 34 33
24 89 71 27 33 30
24 90 62 36 42 37
24 91 64 42 36 39
24 92 4 90 88 95
24 93 99 2 9 4
24 94 37 62 60 60
24 95 94 11 5 7
24 96 96 8 12 11
24 97 42 59 57 55
24 98 96 10 4 6
24 99 78 27 22 26
25 26 29 64 73 67
25 27 89 19 17 18
25 28 78 20 22 23
25 29 99 2 2 7
25 30 12 87 83 86
25 31 8 82 88 85
25 32 90 13 15 15
25 33 70 33 32 28
25 34 84 13 14 20
25 35 94 9 14 9
25 36 34 65 62 68
25 37 74 25 29 28
25 38 66 31 38 37
25 39 68 37 28 30
25 40 89 17 9 16
25 41 27 72 73 67
25 42 3 88 94 90
25 43 41 54 55 54
25 44 36 63 64 64
25 45 38 64 57 56
25 46 6 90 84 85
25 47 45 54 53 49
25 48 46 57 58 53
25 49 42 53 58 54
25 50 74 28 26 22
25 51 4 94 91 92
25 52 28 68 65 66
25 53 78 27 26 24
25 54 61 37 44 39
25 55 97 7 6 10
25 56 36 57 61 59
25 57 98 11 4 1
25 58 70 36 28 35
25 59 51 44 48 51
25 60 27 69 68 71
25 61 44 51 52 53
25 62 77 25 25 21
25 63 84 16 14 22
25 64 94 12 15 6
25 65 33 63 66 65
25 66 82 18 16 21
25 67 89 9 12 13
25 68 14 76 86 80
25 69 87 16 10 15
25 70 41 59 61 53
25 71 41 53 53 58
25 72 26 70 74 73
25 73 63 33 38 41
25 74 11 88 82 88
25 75 11 87 80 80
25 76 70 26 29 29
25 77 17 74 82 80
25 78 77 25 20 23
25 79 44 54 53 55
25 80 18 74 75 83
25 81 99 4 5 0
25 82 73 30 26 30
25 83 51 44 43 45
25 84 37 58 61 63
25 85 59 39 42 45
25 86 34 60 61 66
25 87 11 89 81 87
25 88 63 37 35 35
25 89 51 43 45 52
25 90 87 18 19 14
25 91 15 76 77 85
25 92 35 65 65 68
25 93 90 10 10 15
25 94 18 79 81 76
25 95 27 72 69 73
25 96 85 20 23 19
25 97 40 59 53 62
25 98 54 47 45 41
25 99 80 21 21 24
26 27 22 75 77 76
26 28 45 51 51 54
26 29 50 54 46 53
26 30 75 29 22 30
26 31 92 12 9 13
26 32 91 15 13 11
26 33 57 44 43 43
26 34 68 28 32 32
26 35 97 10 9 7
26 36 94 8 8 9
26 37 44 52 57 55
26 38 45 52 50 56
26 39 73 32 25 26
26 40 32 62 67 65
26 41 72 31 32 31
26 42 86 15 20 19
26 43 36 61 60 57
26 44 17 81 79 75
26 45 39 64 62 61
26 46 6 91 92 90
26 47 38 63 55 55
26 48 29 71 66 73
26 49 50 45 49 49
26 50 63 39 34 41
26 51 43 60 59 58
26 52 71 28 26 33
26 53 33 66 63 61
26 54 24 76 75 70
26 55 37 60 62 64
26 56 5 91 89 86
26 57 97 8 2 7
26 58 8 91 90 88
26 59 15 77 83 79
26 60 78 19 21 21
26 61 76 24 28 25
26 62 41 58 56 53
26 63 74 27 29 29
26 64 94 13 6 12
26 65 45 54 50 58
26 66 31 66 63 65
26 67 67 34 33 32
26 68 53 51 50 46
26 69 43 51 56 55
26 70 0 94 97 94
26 71 21 74 72 77
26 72 70 28 33 27
26 73 3 96 90 89
26 74 48 53 51 46
26 75 80 18 27 17
26 76 56 43 48 41
26 77 34 63 65 60
26 78 45 53 52 56
26 79 52 46 43 49
26 80 81 20 17 18
26 81 76 27 29 24
26 82 76 24 27 26
26 83 71 33 33 33
26 84 35 67 63 59
26 85 3 92 96 96
26 86 50 51 48 47
26 87 56 41 46 41
26 88 95 8 8 6
26 89 30 67 63 66
26 90 71 31 33 33
26 91 67 29 35 36
26 92 81 21 26 22
26 93 3 88 90 95
26 94 1 98 91 98
26 95 97 9 5 11
26 96 70 33 35 29
26 97 88 13 11 13
26 98 87 11 18 13
26 99 2 90 88 89
27 28 28 66 71 67
27 29 33 68 60 64
27 30 56 46 47 42
27 31 13 87 86 81
27 32 72 34 34 34
27 33 25 69 68 75
27 34 61 34 36 42
27 35 24 77 77 75
27 36 73 25 24 26
27 37 67 32 35 37
27 38 84 17 15 15
27 39 32 67 63 70
27 40 40 61 61 61
27 41 31 66 69 62
27 42 74 26 24 28
27 43 51 45 44 46
27 44 29 66 67 73
27 45 77 27 21 26
27 46 39 54 57 56
27 47 27 66 71 73
27 48 15 80 83 81
27 49 87 10 13 12
27 50 17 74 83 82
27 51 43 58 53 53
27 52 79 22 23 21
27 53 63 34 33 36
27 54 25 77 68 67
27 55 74 31 31 32
27 56 19 75 82 72
27 57 98 7 4 5
27 58 18 80 80 74
27 59 16 84 82 80
27 60 15 86 76 79
27 61 93 12 7 8
27 62 93 7 5 13
27 63 29 66 69 70
27 64 54 43 43 45
27 65 51 46 44 46
27 66 39 54 63 61
27 67 78 24 19 21
27 68 95 4 11 8
27 69 5 91 87 90
27 70 43 53 58 54
27 71 42 53 59 55
27 72 35 67 66 58
27 73 27 70 75 74
27 74 62 43 37 43
27 75 75 26 29 29
27 76 5 93 88 86
27 77 14 84 80 78
27 78 34 61 60 64
27 79 83 24 17 15
27 80 94 9 10 12
27 81 44 54 58 54
27 82 4 86 95 92
27 83 63 39 33 37
27 84 16 76 80 79
27 85 8 84 88 86
27 86 90 13 11 11
27 87 40 55 59 56
27 88 90 10 17 14
27 89 76 27 27 24
27 90 54 48 43 48
27 91 8 90 90 84
27 92 92 11 16 15
27 93 66 35 37 36
27 94 76 22 28 29
27 95 18 79 80 82
27 96 8 86 83 83
27 97 83 16 19 15
27 98 51 47 50 51
27 99 83 21 23 18
28 29 17 79 75 80
28 30 68 33 37 33
28 31 71 35 34 27
28 32 17 79 79 79
28 33 91 11 14 11
28 34 16 77 82 82
28 35 9 84 85 86
28 36 12 81 81 82
28 37 53 44 46 43
28 38 42 60 52 54
28 39 14 78 86 82
28 40 5 90 94 92
28 41 42 60 58 58
28 42 44 50 51 52
28 43 51 52 45 43
28 44 34 59 66 67
28 45 28 69 74 72
28 46 35 62 66 59
28 47 53 47 45 50
28 48 75 24 30 24
28 49 92 11 10 16
28 50 22 71 69 76
28 51 72 29 33 28
28 52 80 22 18 25
28 53 52 47 51 44
28 54 4 88 89 86
28 55 32 64 63 64
28 56 13 85 86 80
28 57 66 34 32 38
28 58 28 68 65 72
28 59 21 73 80 73
28 60 36 66 64 59
28 61 24 77 75 72
28 62 94 14 6 13
28 63 71 31 34 32
28 64 67 33 32 31
28 65 86 12 20 17
28 66 1 94 95 94
28 67 21 72 79 71
28 68 55 43 41 44
28 69 14 85 85 81
28 70 26 70 74 71
28 71 5 88 85 89
28 72 58 42 44 40
28 73 29 71 68 70
28 74 72 27 25 28
28 75 66 32 40 40
28 76 82 19 20 17
28 77 55 49 43 46
28 78 35 66 64 63
28 79 22 73 70 78
28 80 78 27 28 24
28 81 90 10 10 14
28 82 92 14 12 10
28 83 34 65 66 65
28 84 41 57 59 53
28 85 25 76 70 75
28 86 95 4 9 10
28 87 10 83 83 85
28 88 4 88 89 94
28 89 77 23 28 24
28 90 90 17 16 9
28 91 72 25 29 31
28 92 60 39 40 40
28 93 46 49 51 52
28 94 98 4 4 10
28 95 3 89 92 94
28 96 39 63 60 62
28 97 28 65 70 74
28 98 65 35 37 38
28 99 66 36 30 37
29 30 19 77 82 74
29 31 16 79 85 81
29 32 20 77 75 74
29 33 61 40 39 35
29 34 93 8 9 14
29 35 25 73 69 76
29 36 49 50 51 47
29 37 32 65 61 66
29 38 69 31 30 28
29 39 76 24 29 28
29 40 8 88 82 88
29 41 94 14 11 11
29 42 86 19 15 18
29 43 80 17 20 25
29 44 4 91 88 94
29 45 45 49 55 51
29 46 41 53 60 61
29 47 92 11 10 13
29 48 67 30 37 30
29 49 18 75 73 78
29 50 14 78 81 85
29 51 61 36 35 38
29 52 0 97 95 92
29 53 72 30 32 26
29 54 52 45 44 49
29 55 65 35 32 32
29 56 45 53 55 54
29 57 30 64 64 71
29 58 13 80 78 81
29 59 49 53 51 52
29 60 80 21 17 26
29 61 13 87 82 85
29 62 63 39 41 35
29 63 50 45 50 48
29 64 44 52 53 57
29 65 31 67 66 62
29 66 18 80 81 75
29 67 26 71 67 75
29 68 99 9 5 8
29 69 44 54 57 54
29 70 41 58 53 60
29 71 56 44 39 41
29 72 65 37 40 35
29 73 92 15 11 10
29 74 35 64 58 64
29 75 86 13 18 16
29 76 10 81 88 87
29 77 45 51 55 57
29 78 28 73 65 66
29 79 57 46 40 38
29 80 66 36 36 38
29 81 71 35 27 33
29 82 96 6 8 3
29 83 74 29 27 24
29 84 55 47 39 39
29 85 11 81 80 84
29 86 56 41 40 40
29 87 76 29 23 21
29 88 50 46 53 48
29 89 73 30 25 25
29 90 52 51 48 44
29 91 85 19 18 17
29 92 66 30 34 34
29 93 90 15 17 15
29 94 38 59 56 55
29 95 92 14 13 9
29 96 42 53 55 57
29 97 32 63 61 70
29 98 58 43 43 37
29 99 9 82 84 90
30 31 73 29 31 29
30 32 74 30 25 29
30 33 17 80 75 83
30 34 10 88 83 86
30 35 96 8 10 3
30 36 6 88 90 93
30 37 51 47 51 50
30 38 42 57 61 60
30 39 40 62 59 57
30 40 72 25 30 32
30 41 31 69 68 69
30 42 97 11 2 2
30 43 84 15 18 16
30 44 48 55 47 46
30 45 84 16 21 14
30 46 73 26 32 28
30 47 61 39 42 43
30 48 80 20 17 24
30 49 61 37 38 42
30 50 77 22 29 26
30 51 55 43 45 41
30 52 75 28 24 31
30 53 29 70 66 66
30 54 75 32 27 27
30 55 84 20 17 16
30 56 38 59 60 63
30 57 44 58 59 52
30 58 28 64 72 71
30 59 66 32 34 39
30 60 36 64 64 66
30 61 40 61 60 55
30 62 34 64 68 60
30 63 48 49 47 47
30 64 84 21 18 23
30 65 48 55 46 55
30 66 38 58 63 58
30 67 55 45 49 44
30 68 60 36 44 37
30 69 92 14 12 12
30 70 14 81 84 82
30 71 25 75 69 68
30 72 55 44 45 41
30 73 90 12 17 12
30 74 97 4 8 4
30 75 77 30 29 29
30 76 49 47 51 49
30 77 26 67 66 66
30 78 68 31 34 36
30 79 49 52 51 51
30 80 18 78 78 74
30 81 29 73 68 72
30 82 2 89 96 90
30 83 6 90 88 85
30 84 45 54 57 55
30 85 95 9 6 5
30 86 63 34 34 39
30 87 45 58 58 54
30 88 3 96 94 92
30 89 27 72 68 72
30 90 79 22 21 23
30 91 1 91 92 98
30 92 8 86 83 90
30 93 9 90 85 83
30 94 47 52 50 55
30 95 66 30 34 34
30 96 28 68 72 66
30 97 31 66 67 63
30 98 30 69 72 67
30 99 11 81 80 87
31 32 97 4 5 10
31 33 0 94 94 98
31 34 14 79 82 82
31 35 93 9 10 14
31 36 88 13 13 15
31 37 71 34 28 30
31 38 63 34 38 36
31 39 34 61 62 62
31 40 37 60 60 62
31 41 64 38 36 37
31 42 60 39 40 40
31 43 27 71 69 74
31 44 49 48 49 50
31 45 43 54 56 58
31 46 26 74 69 70
31 47 53 47 43 44
31 48 68 31 35 32
31 49 70 32 35 30
31 50 4 87 87 91
31 51 99 7 7 4
31 52 79 19 27 19
31 53 48 47 54 53
31 54 43 53 57 60
31 55 86 12 16 19
31 56 47 48 54 55
31 57 43 57 56 54
31 58 87 14 19 20
31 59 82 23 17 23
31 60 87 21 18 13
31 61 98 4 2 4
31 62 2 95 93 92
31 63 58 37 41 41
31 64 81 17 16 21
31 65 35 66 64 58
31 66 19 77 82 77
31 67 0 95 96 94
31 68 55 44 49 45
31 69 77 25 22 22
31 70 7 89 92 90
31 71 63 34 39 36
31 72 79 22 28 19
31 73 85 22 15 14
31 74 18 79 75 81
31 75 25 76 68 69
31 76 16 76 77 82
31 77 56 44 41 44
31 78 11 80 86 81
31 79 92 11 13 11
31 80 11 87 85 83
31 81 70 29 27 35
31 82 40 61 58 54
31 83 50 51 49 46
31 84 43 59 56 59
31 85 26 71 71 70
31 86 93 6 8 6
31 87 63 41 34 40
31 88 78 23 24 28
31 89 18 75 74 80
31 90 91 9 11 13
31 91 92 11 10 15
31 92 99 6 3 5
31 93 34 60 62 68
31 94 22 73 76 70
31 95 64 36 33 37
31 96 2 97 96 97
31 97 7 84 84 83
31 98 19 82 82 80
31 99 20 74 81 78
32 33 64 39 32 33
32 34 61 37 35 39
32 35 74 28 24 30
32 36 75 31 23 30
32 37 59 42 41 37
32 38 86 20 20 16
32 39 52 49 46 46
32 40 2 89 89 88
32 41 31 63 61 67
32 42 99 5 8 7
32 43 21 73 75 75
32 44 26 70 73 70
32 45 8 91 87 85
32 46 6 86 85 84
32 47 30 65 63 68
32 48 84 20 16 17
32 49 6 91 91 86
32 50 51 52 44 51
32 51 46 50 48 51
32 52 71 27 29 33
32 53 70 31 34 36
32 54 94 7 12 9
32 55 29 65 66 71
32 56 36 66 65 59
32 57 70 29 28 32
32 58 99 5 1 3
32 59 22 77 77 73
32 60 92 15 13 9
32 61 11 84 85 86
32 62 69 34 35 29
32 63 29 68 72 68
32 64 35 61 62 59
32 65 53 52 50 49
32 66 93 14 15 12
32 67 48 46 48 50
32 68 44 56 55 55
32 69 16 76 77 81
32 70 17 82 82 82
32 71 72 30 30 25
32 72 70 33 29 26
32 73 59 41 36 39
32 74 37 57 65 57
32 75 67 32 37 31
32 76 79 20 26 26
32 77 95 12 6 7
32 78 57 46 46 40
32 79 53 47 45 49
32 80 95 8 11 8
32 81 2 97 93 90
32 82 71 34 28 31
32 83 12 79 85 79
32 84 68 30 30 31
32 85 14 79 81 82
32 86 13 79 82 83
32 87 55 47 46 43
32 88 70 32 34 31
32 89 24 70 68 70
32 90 86 13 20 21
32 91 61 39 44 43
32 92 24 72 76 74
32 93 35 64 60 67
32 94 22 72 76 75
32 95 90 18 15 17
32 96 32 68 70 62
32 97 67 38 33 31
32 98 64 33 41 41
32 99 24 73 77 69
33 34 35 61 61 64
33 35 28 65 73 64
33 36 96 11 12 10
33 37 76 27 29 26
33 38 75 23 29 31
33 39 68 33 29 28
33 40 43 51 54 55
33 41 21 73 76 80
33 42 98 5 2 10
33 43 18 74 79 82
33 44 91 8 7 8
33 45 21 79 70 73
33 46 16 81 77 84
33 47 34 60 60 66
33 48 94 10 7 8
33 49 36 66 66 61
33 50 88 13 14 16
33 51 66 34 30 32
33 52 66 30 34 32
33 53 62 42 34 41
33 54 81 24 20 25
33 55 52 43 49 49
33 56 20 73 76 79
33 57 17 74 78 83
33 58 3 90 95 89
33 59 12 84 87 87
33 60 8 87 86 86
33 61 14 78 79 82
33 62 52 43 50 45
33 63 35 67 62 62
33 64 6 84 93 91
33 65 89 17 12 12
33 66 71 27 30 26
33 67 70 32 26 33
33 68 16 76 84 81
33 69 61 35 37 37
33 70 81 26 23 25
33 71 54 42 47 47
33 72 42 61 58 61
33 73 17 80 83 80
33 74 38 56 60 56
33 75 47 49 47 50
33 76 44 52 51 57
33 77 13 83 83 83
33 78 10 83 90 89
33 79 89 16 13 12
33 80 11 87 79 82
33 81 72 25 33 30
33 82 97 6 7 10
33 83 95 8 13 10
33 84 6 85 91 85
33 85 51 49 47 49
33 86 5 88 86 90
33 87 87 12 16 19
33 88 2 87 91 93
33 89 76 26 28 29
33 90 63 34 40 41
33 91 23 78 77 69
33 92 75 29 31 31
33 93 6 89 85 89
33 94 11 87 88 86
33 95 8 87 84 89
33 96 18 76 74 75
33 97 68 30 35 36
33 98 25 75 74 71
33 99 3 89 88 94
34 35 19 82 77 79
34 36 81 21 18 20
34 37 14 77 79 85
34 38 80 17 20 17
34 39 0 92 90 97
34 40 79 19 20 24
34 41 38 59 60 56
34 42 43 59 53 55
34 43 87 16 15 16
34 44 84 22 18 20
34 45 91 10 12 16
34 46 2 88 95 96
34 47 11 80 84 80
34 48 10 81 85 88
34 49 21 79 78 73
34 50 54 44 41 45
34 51 36 58 59 59
34 52 49 52 53 47
34 53 66 34 40 35
34 54 50 51 44 46
34 55 74 24 26 24
34 56 68 34 35 29
34 57 98 7 9 3
34 58 55 47 42 45
34 59 42 60 58 55
34 60 61 44 35 37
34 61 11 85 83 88
34 62 70 30 33 33
34 63 78 26 26 25
34 64 91 15 10 8
34 65 25 73 77 74
34 66 5 91 89 89
34 67 42 55 56 59
34 68 62 34 35 39
34 69 5 85 92 93
34 70 53 48 43 49
34 71 93 8 9 7
34 72 32 70 62 67
34 73 8 90 85 89
34 74 94 10 7 10
34 75 27 72 67 67
34 76 75 26 32 27
34 77 47 49 53 55
34 78 57 43 44 47
34 79 67 34 35 35
34 80 78 20 27 21
34 81 70 34 26 27
34 82 14 84 77 83
34 83 11 85 82 80
34 84 72 25 24 29
34 85 69 35 29 35
34 86 38 61 56 58
34 87 67 32 33 31
34 88 82 22 17 21
34 89 76 25 27 30
34 90 77 27 28 28
34 91 42 52 56 52
34 92 38 62 59 64
34 93 1 89 97 94
34 94 8 87 83 87
34 95 40 62 58 63
34 96 7 84 89 84
34 97 56 42 49 42
34 98 74 31 24 31
34 99 60 44 36 36
35 36 77 21 24 24
35 37 56 49 40 40
35 38 73 29 25 30
35 39 53 51 50 47
35 40 51 43 47 49
35 41 48 53 51 50
35 42 81 25 19 21
35 43 10 87 86 81
35 44 86 21 16 20
35 45 43 51 51 51
35 46 93 11 12 11
35 47 80 23 19 19
35 48 74 29 28 33
35 49 21 78 79 72
35 50 68 36 35 31
35 51 76 22 29 28
35 52 33 64 61 61
35 53 72 26 33 27
35 54 54 47 48 42
35 55 80 23 22 21
35 56 75 23 23 27
35 57 31 70 63 71
35 58 35 65 59 63
35 59 11 80 81 82
35 60 85 21 18 21
35 61 67 38 30 34
35 62 50 54 49 45
35 63 71 26 27 34
35 64 48 50 50 55
35 65 19 80 77 81
35 66 91 8 10 11
35 67 50 50 53 50
35 68 42 52 61 55
35 69 99 4 0 4
35 70 0 90 92 93
35 71 92 14 12 8
35 72 81 25 19 22
35 73 24 70 71 75
35 74 34 61 67 64
35 75 21 78 79 78
35 76 93 9 13 15
35 77 87 16 20 18
35 78 20 80 73 71
35 79 22 73 69 77
35 80 74 29 24 30
35 81 31 68 69 65
35 82 49 53 51 48
35 83 71 31 28 33
35 84 39 64 59 63
35 85 90 15 17 11
35 86 46 56 51 56
35 87 48 46 48 52
35 88 16 82 77 76
35 89 59 38 40 37
35 90 1 94 96 95
35 91 86 17 17 14
35 92 78 27 27 26
35 93 13 81 80 83
35 94 54 40 49 45
35 95 36 64 61 65
35 96 26 72 67 66
35 97 45 51 57 52
35 98 2 89 96 93
35 99 56 44 46 42
36 37 64 40 37 32
36 38 86 21 20 12
36 39 28 70 66 73
36 40 30 67 62 63
36 41 43 60 57 50
36 42 25 77 73 74
36 43 82 19 18 18
36 44 99 3 1 4
36 45 70 36 33 30
36 46 73 30 30 29
36 47 43 53 54 54
36 48 81 25 16 20
36 49 69 30 31 29
36 50 52 51 52 46
36 51 13 84 82 86
36 52 46 52 52 53
36 53 17 78 76 80
36 54 59 37 41 43
36 55 94 7 6 7
36 56 80 20 25 25
36 57 80 25 18 18
36 58 32 64 66 65
36 59 20 74 77 75
36 60 82 24 24 15
36 61 31 64 62 66
36 62 44 50 53 58
36 63 47 48 49 56
36 64 78 24 25 25
36 65 89 15 13 13
36 66 93 8 13 11
36 67 90 17 16 13
36 68 20 80 80 79
36 69 2 97 93 92
36 70 32 67 64 62
36 71 83 16 16 20
36 72 38 59 55 63
36 73 81 22 25 17
36 74 83 24 17 18
36 75 83 20 17 18
36 76 34 61 60 65
36 77 62 43 35 40
36 78 44 54 55 56
36 79 75 22 29 28
36 80 98 2 7 5
36 81 97 5 9 7
36 82 25 70 69 67
36 83 65 37 38 35
36 84 93 9 10 9
36 85 28 70 64 64
36 86 47 56 53 49
36 87 83 22 15 24
36 88 32 61 64 67
36 89 34 62 64 59
36 90 2 89 94 94
36 91 73 25 26 29
36 92 31 71 66 70
36 93 36 62 62 60
36 94 21 74 79 72
36 95 11 79 81 82
36 96 3 89 94 96
36 97 63 42 35 34
36 98 45 54 50 58
36 99 49 47 55 48
37 38 46 57 48 48
37 39 52 43 47 48
37 40 49 46 51 53
37 41 99 7 2 4
37 42 32 68 70 64
37 43 87 17 13 19
37 44 76 22 23 25
37 45 71 26 33 31
37 46 5 88 89 89
37 47 13 84 81 80
37 48 74 32 25 31
37 49 91 8 16 11
37 50 36 59 59 57
37 51 69 27 32 36
37 52 13 81 78 80
37 53 15 80 81 77
37 54 87 16 11 13
37 55 45 56 53 59
37 56 14 86 77 81
37 57 70 34 32 36
37 58 31 63 62 68
37 59 66 35 32 34
37 60 74 29 32 27
37 61 84 20 20 20
37 62 59 43 44 42
37 63 17 81 75 74
37 64 37 59 59 60
37 65 5 91 93 88
37 66 6 84 89 91
37 67 46 56 56 50
37 68 41 59 52 52
37 69 17 84 82 79
37 70 25 69 77 77
37 71 99 8 1 5
37 72 33 62 63 67
37 73 21 77 78 78
37 74 34 60 63 68
37 75 5 94 88 92
37 76 98 9 6 7
37 77 26 67 66 66
37 78 59 38 45 38
37 79 0 92 95 93
37 80 54 42 43 49
37 81 47 47 55 53
37 82 52 47 48 48
37 83 98 9 4 6
37 84 59 41 42 37
37 85 64 39 39 41
37 86 15 81 83 84
37 87 57 39 40 46
37 88 98 3 1 2
37 89 20 78 79 71
37 90 10 81 87 81
37 91 81 25 17 26
37 92 59 38 44 42
37 93 66 30 37 38
37 94 4 87 94 93
37 95 85 19 14 17
37 96 61 44 35 35
37 97 50 54 51 49
37 98 89 11 16 15
37 99 95 11 11 6
38 39 16 77 76 75
38 40 48 46 47 50
38 41 6 88 92 93
38 42 12 88 81 87
38 43 95 11 10 4
38 44 88 10 13 17
38 45 7 85 88 87
38 46 78 29 25 19
38 47 55 49 41 41
38 48 93 8 8 12
38 49 8 90 84 85
38 50 56 46 41 42
38 51 62 37 42 42
38 52 45 52 56 52
38 53 18 76 79 80
38 54 89 10 18 18
38 55 37 61 57 62
38 56 60 44 44 38
38 57 41 61 59 62
38 58 64 38 37 36
38 59 91 16 15 13
38 60 53 49 50 47
38 61 48 47 54 53
38 62 84 21 21 19
38 63 44 55 50 51
38 64 56 39 39 45
38 65 59 43 43 36
38 66 85 15 22 18
38 67 21 77 77 76
38 68 14 78 77 77
38 69 83 20 15 22
38 70 11 82 85 81
38 71 88 19 17 19
38 72 60 36 37 42
38 73 33 65 65 61
38 74 94 9 7 10
38 75 53 49 48 49
38 76 72 28 34 29
38 77 38 57 63 56
38 78 71 32 30 34
38 79 49 46 46 52
38 80 12 79 81 83
38 81 49 51 54 47
38 82 40 61 54 55
38 83 85 20 22 20
38 84 52 43 44 45
38 85 22 70 76 71
38 86 19 78 75 80
38 87 28 66 67 66
38 88 5 85 94 89
38 89 58 38 45 44
38 90 99 4 4 9
38 91 60 42 36 40
38 92 2 95 91 96
38 93 17 83 82 76
38 94 24 72 74 75
38 95 54 47 49 46
38 96 44 55 51 52
38 97 95 8 9 13
38 98 71 28 27 29
38 99 10 82 83 81
39 40 19 81 78 77
39 41 98 3 4 6
39 42 54 50 42 44
39 43 37 62 65 61
39 44 38 55 62 61
39 45 71 32 31 34
39 46 60 36 36 38
39 47 50 52 50 47
39 48 96 5 3 3
39 49 41 57 61 53
39 50 95 7 7 5
39 51 23 74 69 76
39 52 94 4 14 8
39 53 87 15 16 14
39 54 87 17 17 17
39 55 78 24 27 20
39 56 49 48 46 49
39 57 68 36 29 37
39 58 85 19 18 15
39 59 41 52 52 58
39 60 62 33 39 35
39 61 3 96 95 90
39 62 43 56 57 55
39 63 52 44 47 48
39 64 4 88 94 86
39 65 7 90 90 84
39 66 16 80 80 84
39 67 57 47 40 43
39 68 54 47 43 44
39 69 41 57 54 54
39 70 17 81 81 74
39 71 47 48 54 51
39 72 86 16 15 12
39 73 85 19 13 21
39 74 53 45 48 46
39 75 71 35 30 31
39 76 38 58 64 63
39 77 10 81 89 86
39 78 80 27 17 22
39 79 23 73 71 73
39 80 38 58 58 60
39 81 34 67 62 62
39 82 28 72 71 71
39 83 38 62 60 57
39 84 40 55 61 55
39 85 7 91 87 83
39 86 59 40 37 36
39 87 32 63 68 67
39 88 54 41 45 42
39 89 70 32 34 30
39 90 83 19 16 21
39 91 57 44 46 45
39 92 30 72 67 63
39 93 17 81 78 82
39 94 75 22 22 26
39 95 51 50 46 44
39 96 32 63 62 63
39 97 87 17 12 21
39 98 1 96 92 91
39 99 0 92 91 97
40 41 14 78 84 81
40 42 34 66 62 64
40 43 99 4 5 8
40 44 34 63 67 68
40 45 22 77 72 79
40 46 97 2 6 9
40 47 20 80 80 77
40 48 96 8 8 11
40 49 60 38 45 39
40 50 31 66 68 69
40 51 39 60 63 63
40 52 55 45 41 41
40 53 77 22 29 24
40 54 67 36 34 35
40 55 37 65 56 59
40 56 52 47 47 44
40 57 80 24 24 17
40 58 17 78 83 83
40 59 88 14 16 14
40 60 17 81 78 75
40 61 17 81 83 76
40 62 31 63 68 67
40 63 39 58 60 56
40 64 57 45 40 40
40 65 55 46 43 48
40 66 29 69 68 67
40 67 57 40 46 41
40 68 91 16 14 13
40 69 71 26 35 30
40 70 33 61 69 63
40 71 93 12 9 8
40 72 94 13 12 11
40 73 75 23 28 30
40 74 39 62 55 57
40 75 67 36 35 33
40 76 48 54 49 49
40 77 72 32 24 34
40 78 33 68 68 62
40 79 56 48 42 39
40 80 63 32 38 40
40 81 44 50 59 58
40 82 85 20 18 22
40 83 3 89 95 87
40 84 9 89 85 90
40 85 19 79 75 81
40 86 22 77 73 73
40 87 66 33 33 33
40 88 88 16 13 19
40 89 46 56 49 54
40 90 14 82 77 83
40 91 35 66 63 59
40 92 26 71 69 70
40 93 74 23 25 23
40 94 45 53 57 49
40 95 56 46 41 48
40 96 67 31 37 35
40 97 87 15 11 20
40 98 53 43 42 49
40 99 53 49 46 46
41 42 63 32 36 38
41 43 76 28 25 25
41 44 15 80 81 84
41 45 2 93 88 89
41 46 83 23 24 24
41 47 14 81 84 84
41 48 82 24 18 23
41 49 63 39 38 38
41 50 1 88 91 94
41 51 22 75 72 73
41 52 14 85 79 76
41 53 88 11 14 14
41 54 35 65 63 61
41 55 28 71 68 73
41 56 72 28 30 33
41 57 59 37 41 41
41 58 20 77 81 81
41 59 96 8 3 4
41 60 7 85 88 85
41 61 32 63 64 64
41 62 48 53 50 49
41 63 7 89 87 86
41 64 6 89 90 84
41 65 49 53 52 54
41 66 68 34 32 29
41 67 32 66 63 67
41 68 52 51 51 44
41 69 10 82 90 87
41 70 27 69 74 69
41 71 5 94 85 93
41 72 22 73 75 76
41 73 77 25 24 27
41 74 18 73 76 75
41 75 25 74 72 75
41 76 90 15 12 17
41 77 11 85 86 80
41 78 58 43 42 43
41 79 40 55 60 63
41 80 39 62 57 57
41 81 40 57 61 60
41 82 86 16 13 16
41 83 82 18 17 25
41 84 98 10 11 9
41 85 35 62 60 62
41 86 99 2 1 7
41 87 61 37 35 36
41 88 35 65 64 66
41 89 34 66 67 62
41 90 8 90 82 91
41 91 75 28 24 31
41 92 18 80 74 73
41 93 12 80 81 84
41 94 91 9 10 12
41 95 49 50 55 47
41 96 34 66 60 63
41 97 51 53 50 48
41 98 65 34 35 39
41 99 65 32 31 37
42 43 74 27 32 30
42 44 64 40 38 33
42 45 55 40 49 49
42 46 90 14 12 9
42 47 4 91 93 95
42 48 44 52 59 56
42 49 11 84 84 80
42 50 83 16 20 18
42 51 31 67 64 67
42 52 10 85 89 82
42 53 70 26 34 28
42 54 64 38 41 36
42 55 4 93 95 94
42 56 48 55 46 52
42 57 81 17 20 20
42 58 78 28 25 28
42 59 30 66 66 63
42 60 4 88 95 90
42 61 90 14 10 14
42 62 84 15 17 18
42 63 59 46 45 40
42 64 90 18 8 11
42 65 89 17 19 17
42 66 55 48 47 44
42 67 76 26 24 25
42 68 12 86 78 78
42 69 92 14 9 15
42 70 51 49 44 51
42 71 34 66 69 66
42 72 35 59 58 65
42 73 89 11 11 11
42 74 26 70 76 67
42 75 75 25 29 28
42 76 48 54 50 49
42 77 19 73 75 81
42 78 5 87 88 89
42 79 30 72 69 66
42 80 87 14 13 17
42 81 89 11 13 15
42 82 47 52 52 56
42 83 36 66 64 58
42 84 92 16 13 11
42 85 95 7 12 4
42 86 74 27 32 31
42 87 93 8 12 15
42 88 78 20 20 26
42 89 91 9 12 16
42 90 75 23 26 23
42 91 99 3 9 6
42 92 12 84 83 80
42 93 65 35 37 38
42 94 40 57 61 62
42 95 74 26 25 31
42 96 52 43 44 50
42 97 58 43 45 38
42 98 81 20 16 23
42 99 59 41 45 41
43 44 50 53 51 46
43 45 77 26 29 28
43 46 22 72 70 73
43 47 85 14 18 13
43 48 10 80 87 82
43 49 69 33 36 36
43 50 67 36 38 38
43 51 75 26 29 27
43 52 71 26 27 28
43 53 18 78 80 76
43 54 47 51 47 52
43 55 81 16 25 20
43 56 27 69 67 74
43 57 36 60 61 59
43 58 62 35 42 37
43 59 65 34 41 36
43 60 76 25 29 26
43 61 22 78 76 75
43 62 43 52 55 56
43 63 74 26 23 23
43 64 88 19 17 11
43 65 9 83 87 82
43 66 44 54 59 50
43 67 7 87 90 87
43 68 37 60 60 65
43 69 70 28 35 32
43 70 74 27 25 27
43 71 44 55 51 56
43 72 24 75 76 68
43 73 96 3 11 10
43 74 30 70 64 68
43 75 1 91 95 88
43 76 24 71 67 72
43 77 77 25 25 23
43 78 72 34 34 30
43 79 53 48 43 47
43 80 15 76 83 85
43 81 35 63 66 67
43 82 69 33 31 34
43 83 6 91 92 88
43 84 36 61 60 66
43 85 77 29 28 26
43 86 23 74 76 75
43 87 79 27 22 20
43 88 83 22 16 16
43 89 10 82 86 85
43 90 93 11 10 10
43 91 77 22 26 22
43 92 57 38 38 45
43 93 55 43 45 47
43 94 47 55 55 55
43 95 68 37 33 33
43 96 42 53 57 54
43 97 2 92 93 91
43 98 24 69 69 73
43 99 27 66 72 72
44 45 43 57 54 59
44 46 26 69 72 75
44 47 26 70 75 69
44 48 66 37 37 31
44 49 82 19 21 21
44 50 22 75 75 79
44 51 17 82 77 74
44 52 31 67 71 71
44 53 30 63 67 66
44 54 24 70 70 77
44 55 62 42 36 37
44 56 78 25 20 24
44 57 60 45 38 40
44 58 68 31 29 35
44 59 43 57 57 51
44 60 73 28 26 32
44 61 19 80 80 80
44 62 12 79 85 87
44 63 21 76 78 72
44 64 77 27 29 25
44 65 35 59 60 64
44 66 14 81 79 82
44 67 88 19 20 11
44 68 49 52 46 54
44 69 74 32 25 31
44 70 15 80 76 83
44 71 32 69 69 64
44 72 76 26 29 28
44 73 63 39 37 40
44 74 80 22 20 23
44 75 22 70 74 78
44 76 83 19 18 24
44 77 13 84 81 83
44 78 43 59 53 54
44 79 84 16 19 22
44 80 12 85 87 86
44 81 16 78 81 79
44 82 47 51 50 53
44 83 84 17 16 22
44 84 49 52 45 53
44 85 77 24 21 24
44 86 8 89 82 85
44 87 36 59 58 66
44 88 27 66 65 68
44 89 89 18 14 10
44 90 86 21 17 19
44 91 5 85 94 86
44 92 79 20 21 19
44 93 20 77 76 80
44 94 7 86 93 93
44 95 9 88 91 83
44 96 93 12 9 15
44 97 68 30 33 38
44 98 12 87 82 84
44 99 36 61 58 64
45 46 74 27 31 26
45 47 4 90 96 88
45 48 6 86 93 91
45 49 14 84 77 87
45 50 69 35 35 31
45 51 32 63 67 65
45 52 20 80 75 74
45 53 4 87 92 94
45 54 22 78 70 76
45 55 50 51 48 50
45 56 41 56 59 53
45 57 55 46 44 40
45 58 30 64 65 69
45 59 24 68 70 70
45 60 58 38 41 38
45 61 31 68 68 68
45 62 42 55 53 58
45 63 96 11 9 13
45 64 66 32 36 34
45 65 17 83 76 77
45 66 87 11 14 15
45 67 75 25 30 31
45 68 93 15 12 6
45 69 55 44 44 46
45 70 68 36 36 37
45 71 73 33 30 28
45 72 4 90 86 93
45 73 20 74 77 79
45 74 45 57 58 50
45 75 31 69 67 63
45 76 62 42 34 35
45 77 69 31 34 36
45 78 65 37 33 35
45 79 44 50 50 59
45 80 14 80 85 80
45 81 51 49 53 49
45 82 28 65 69 68
45 83 75 28 31 22
45 84 75 30 23 23
45 85 28 69 68 69
45 86 8 87 85 89
45 87 52 45 50 45
45 88 35 60 59 62
45 89 23 77 76 75
45 90 70 30 29 32
45 91 80 24 22 25
45 92 50 50 51 54
45 93 87 10 15 12
45 94 54 50 47 45
45 95 73 28 29 33
45 96 3 94 96 93
45 97 23 75 69 75
45 98 84 23 16 21
45 99 77 21 29 24
46 47 85 13 22 15
46 48 90 9 13 11
46 49 87 18 13 16
46 50 3 95 90 90
46 51 16 82 84 75
46 52 81 23 24 17
46 53 70 31 36 29
46 54 57 41 44 45
46 55 47 48 47 49
46 56 79 26 23 22
46 57 70 32 28 31
46 58 49 51 45 47
46 59 6 88 86 88
46 60 53 51 45 42
46 61 36 63 60 59
46 62 96 10 4 5
46 63 64 37 34 35
46 64 2 94 92 96
46 65 33 60 69 68
46 66 44 53 56 50
46 67 9 88 86 84
46 68 52 51 47 46
46 69 4 90 90 91
46 70 4 94 92 86
46 71 81 25 19 24
46 72 48 51 47 54
46 73 66 38 33 34
46 74 38 61 62 56
46 75 87 11 16 12
46 76 46 54 50 48
46 77 16 77 80 77
46 78 44 57 52 53
46 79 84 19 18 21
46 80 12 83 81 80
46 81 84 21 22 14
46 82 96 10 7 9
46 83 63 35 41 38
46 84 85 21 19 21
46 85 61 38 42 37
46 86 47 50 52 56
46 87 21 76 79 77
46 88 41 60 52 58
46 89 25 76 75 70
46 90 41 53 56 59
46 91 33 65 67 66
46 92 24 76 72 68
46 93 13 82 81 81
46 94 3 94 94 93
46 95 91 15 10 16
46 96 1 94 89 89
46 97 12 87 86 86
46 98 86 12 17 19
46 99 58 38 39 38
47 48 88 12 16 15
47 49 22 74 70 71
47 50 47 50 56 53
47 51 95 11 11 9
47 52 11 80 81 89
47 53 98 6 10 8
47 54 68 32 28 30
47 55 93 7 9 13
47 56 97 4 7 7
47 57 85 17 22 18
47 58 66 38 33 32
47 59 22 75 70 74
47 60 28 66 66 71
47 61 73 26 28 26
47 62 85 16 14 22
47 63 96 5 8 9
47 64 18 76 79 74
47 65 81 21 22 22
47 66 17 75 81 81
47 67 26 73 70 69
47 68 40 54 60 58
47 69 54 42 41 50
47 70 8 87 89 88
47 71 98 10 10 8
47 72 4 86 90 91
47 73 58 42 38 44
47 74 79 25 24 22
47 75 66 32 38 30
47 76 60 42 43 39
47 77 82 20 25 23
47 78 69 32 37 34
47 79 8 84 82 88
47 80 59 39 45 37
47 81 34 68 59 66
47 82 77 25 27 20
47 83 27 68 71 69
47 84 23 71 74 74
47 85 77 20 22 26
47 86 51 44 49 44
47 87 61 43 42 41
47 88 97 5 4 7
47 89 64 36 38 33
47 90 85 21 21 21
47 91 91 10 16 11
47 92 32 62 66 68
47 93 66 32 39 31
47 94 3 93 90 90
47 95 2 87 94 90
47 96 11 80 81 81
47 97 67 35 31 37
47 98 27 68 65 70
47 99 20 73 73 76
48 49 90 10 14 11
48 50 88 14 18 19
48 51 18 80 80 74
48 52 38 65 59 64
48 53 79 28 26 26
48 54 82 20 20 19
48 55 80 21 26 20
48 56 39 60 59 60
48 57 45 55 56 58
48 58 9 90 81 89
48 59 13 78 78 78
48 60 82 22 22 20
48 61 50 51 46 50
48 62 2 93 89 92
48 63 55 41 49 41
48 64 76 22 24 21
48 65 66 31 37 34
48 66 96 6 5 8
48 67 14 80 81 79
48 68 84 18 23 17
48 69 22 74 74 74
48 70 56 45 40 47
48 71 40 55 60 59
48 72 37 58 57 57
48 73 80 22 26 17
48 74 88 20 14 20
48 75 89 16 10 18
48 76 9 87 84 90
48 77 36 59 65 61
48 78 45 54 57 58
48 79 66 38 29 30
48 80 67 37 35 32
48 81 76 21 26 24
48 82 76 29 30 29
48 83 32 64 70 63
48 84 94 8 6 12
48 85 6 86 86 94
48 86 73 30 29 32
48 87 70 29 30 31
48 88 7 91 88 91
48 89 87 16 15 20
48 90 86 20 16 16
48 91 21 71 76 80
48 92 16 85 82 79
48 93 49 54 46 48
48 94 96 8 12 6
48 95 96 10 6 8
48 96 49 50 50 54
48 97 43 56 54 56
48 98 91 9 14 8
48 99 25 71 71 69
49 50 56 41 45 40
49 51 35 65 63 59
49 52 30 67 71 67
49 53 19 73 81 74
49 54 86 17 14 14
49 55 82 19 17 25
49 56 79 19 21 21
49 57 4 93 94 94
49 58 42 55 53 53
49 59 25 71 72 71
49 60 72 28 33 26
49 61 14 86 82 79
49 62 78 23 28 22
49 63 50 48 53 53
49 64 94 9 9 10
49 65 87 11 20 16
49 66 5 86 86 89
49 67 46 50 52 49
49 68 99 2 10 8
49 69 6 92 90 93
49 70 23 72 75 74
49 71 12 84 87 86
49 72 94 8 13 14
49 73 62 40 40 35
49 74 75 23 25 28
49 75 61 41 40 37
49 76 7 84 84 83
49 77 42 52 53 52
49 78 2 94 94 96
49 79 61 40 37 44
49 80 73 27 30 24
49 81 22 78 77 78
49 82 92 14 9 15
49 83 88 17 11 18
49 84 19 81 78 73
49 85 58 45 39 40
49 86 94 9 6 14
49 87 29 71 70 64
49 88 4 88 87 91
49 89 85 13 19 19
49 90 85 14 21 14
49 91 57 41 48 43
49 92 27 66 66 72
49 93 40 62 56 62
49 94 68 37 37 34
49 95 64 37 32 37
49 96 93 11 14 8
49 97 28 70 71 74
49 98 68 36 35 28
49 99 44 53 58 53
50 51 77 23 24 30
50 52 81 24 19 25
50 53 73 24 24 32
50 54 35 59 61 67
50 55 2 91 97 95
50 56 21 73 72 74
50 57 94 14 6 10
50 58 56 48 39 47
50 59 23 76 69 73
50 60 81 18 18 21
50 61 0 95 95 91
50 62 97 3 4 9
50 63 70 30 27 30
50 64 71 32 35 27
50 65 48 54 48 49
50 66 81 21 18 23
50 67 31 62 70 71
50 68 60 39 38 44
50 69 32 63 66 67
50 70 60 36 36 41
50 71 36 64 61 65
50 72 80 26 17 26
50 73 31 69 68 64
50 74 46 49 57 50
50 75 66 32 39 32
50 76 95 6 12 9
50 77 76 30 26 22
50 78 56 45 46 43
50 79 39 62 62 59
50 80 54 42 45 47
50 81 83 22 20 16
50 82 23 75 72 77
50 83 71 25 34 31
50 84 52 46 49 44
50 85 39 55 57 55
50 86 59 44 39 44
50 87 55 47 40 43
50 88 83 16 23 21
50 89 6 89 89 85
50 90 47 55 55 48
50 91 96 10 10 12
50 92 38 61 62 63
50 93 1 93 95 91
50 94 27 71 75 66
50 95 57 46 39 43
50 96 8 83 84 90
50 97 89 16 14 19
50 98 41 55 56 55
50 99 13 84 82 81
51 52 87 14 18 18
51 53 99 6 9 1
51 54 96 11 8 7
51 55 20 74 74 76
51 56 65 37 40 38
51 57 20 81 72 76
51 58 67 38 33 34
51 59 12 84 79 87
51 60 33 61 60 62
51 61 74 27 26 27
51 62 18 79 80 80
51 63 47 49 49 57
51 64 44 57 57 51
51 65 38 61 64 60
51 66 19 76 77 78
51 67 51 52 49 45
51 68 74 25 28 23
51 69 48 54 47 46
51 70 52 47 49 46
51 71 62 37 38 38
51 72 37 64 59 62
51 73 26 69 74 68
51 74 29 71 67 66
51 75 73 32 32 26
51 76 87 18 18 17
51 77 70 35 27 35
51 78 41 59 53 55
51 79 17 79 81 80
51 80 28 65 65 71
51 81 32 69 66 70
51 82 94 6 11 9
51 83 26 68 68 73
51 84 25 75 71 75
51 85 98 5 4 4
51 86 58 40 37 37
51 87 14 77 81 86
51 88 75 27 29 29
51 89 74 29 32 27
51 90 35 64 59 65
51 91 47 50 56 52
51 92 99 0 5 1
51 93 72 28 30 30
51 94 3 93 93 90
51 95 91 8 11 12
51 96 1 93 96 90
51 97 55 42 40 41
51 98 96 3 10 10
51 99 61 35 40 34
52 53 27 65 69 71
52 54 70 31 27 28
52 55 71 31 34 33
52 56 25 72 71 70
52 57 34 65 64 59
52 58 28 70 69 70
52 59 94 6 11 11
52 60 16 79 83 78
52 61 88 18 14 10
52 62 13 79 80 84
52 63 60 37 40 39
52 64 32 68 62 61
52 65 51 49 46 51
52 66 56 46 43 44
52 67 69 34 30 36
52 68 39 59 60 60
52 69 97 8 3 12
52 70 22 77 75 77
52 71 29 71 66 66
52 72 79 22 27 18
52 73 7 87 93 85
52 74 73 27 25 33
52 75 81 20 22 22
52 76 69 30 30 28
52 77 21 78 78 74
52 78 46 48 50 52
52 79 13 87 81 82
52 80 52 48 43 51
52 81 27 72 65 66
52 82 34 62 66 63
52 83 3 92 88 90
52 84 78 23 22 21
52 85 22 76 74 79
52 86 88 11 13 15
52 87 96 8 7 9
52 88 62 40 36 35
52 89 77 26 21 28
52 90 86 19 12 11
52 91 15 80 85 80
52 92 6 91 92 89
52 93 18 82 73 82
52 94 78 26 27 26
52 95 53 44 48 50
52 96 28 64 65 69
52 97 54 45 41 42
52 98 89 11 17 13
52 99 32 61 66 68
53 54 55 47 46 44
53 55 2 93 94 91
53 56 25 76 70 76
53 57 89 13 18 14
53 58 0 97 97 96
53 59 76 23 22 24
53 60 14 85 84 84
53 61 68 34 32 28
53 62 82 15 22 22
53 63 11 88 88 87
53 64 62 38 37 39
53 65 65 39 32 31
53 66 72 33 29 31
53 67 53 50 50 44
53 68 50 48 48 44
53 69 36 61 63 63
53 70 99 6 7 6
53 71 52 44 51 44
53 72 51 47 43 49
53 73 10 86 82 83
53 74 99 10 9 9
53 75 23 78 69 69
53 76 67 37 33 35
53 77 16 78 75 83
53 78 64 38 39 33
53 79 21 74 78 75
53 80 25 72 72 71
53 81 27 71 73 73
53 82 59 44 45 37
53 83 12 86 88 87
53 84 37 56 60 58
53 85 25 69 67 67
53 86 54 42 50 44
53 87 48 52 48 55
53 88 50 53 45 46
53 89 85 18 19 14
53 90 19 74 79 72
53 91 27 71 69 72
53 92 75 28 23 27
53 93 48 47 48 53
53 94 70 32 30 28
53 95 69 29 34 28
53 96 62 38 40 41
53 97 21 79 74 75
53 98 61 36 42 38
53 99 89 18 15 17
54 55 69 31 30 36
54 56 79 25 24 27
54 57 45 50 50 56
54 58 40 55 57 62
54 59 45 55 58 56
54 60 30 68 63 68
54 61 21 71 77 72
54 62 97 7 10 10
54 63 94 12 9 7
54 64 97 7 12 9
54 65 85 20 16 14
54 66 61 37 35 34
54 67 57 39 45 47
54 68 50 47 49 45
54 69 96 7 6 12
54 70 82 24 16 20
54 71 63 37 42 33
54 72 40 55 57 60
54 73 25 71 70 71
54 74 77 20 28 24
54 75 60 40 41 37
54 76 8 87 90 85
54 77 84 14 21 16
54 78 94 11 10 8
54 79 80 23 20 25
54 80 48 50 52 51
54 81 87 14 15 20
54 82 73 27 30 30
54 83 36 66 65 59
54 84 82 19 25 25
54 85 21 70 79 79
54 86 98 3 10 8
54 87 13 87 82 79
54 88 54 47 46 49
54 89 13 85 85 84
54 90 42 55 53 55
54 91 38 57 64 60
54 92 97 10 4 3
54 93 68 30 35 32
54 94 89 17 11 18
54 95 18 82 76 78
54 96 36 61 65 66
54 97 23 70 73 77
54 98 46 48 53 49
54 99 72 27 28 31
55 56 58 39 44 43
55 57 20 77 75 74
55 58 32 65 62 66
55 59 77 21 20 27
55 60 13 78 81 86
55 61 79 18 20 25
55 62 80 18 23 27
55 63 79 23 25 23
55 64 40 61 62 57
55 65 98 11 6 10
55 66 67 35 29 31
55 67 8 84 83 89
55 68 20 78 72 75
55 69 33 66 66 64
55 70 35 58 64 65
55 71 10 84 80 85
55 72 72 27 33 32
55 73 32 62 63 70
55 74 82 20 24 22
55 75 79 19 23 22
55 76 3 93 95 88
55 77 30 66 71 68
55 78 35 64 61 61
55 79 6 86 89 84
55 80 30 71 69 67
55 81 6 85 86 84
55 82 32 64 70 61
55 83 42 58 56 55
55 84 29 68 68 63
55 85 45 53 50 58
55 86 26 66 74 69
55 87 77 26 28 28
55 88 58 42 42 39
55 89 4 93 89 90
55 90 0 90 93 90
55 91 93 9 7 15
55 92 14 85 85 79
55 93 67 34 29 33
55 94 21 77 74 73
55 95 45 55 49 54
55 96 47 52 50 50
55 97 97 12 7 9
55 98 1 90 90 91
55 99 91 17 8 16
56 57 71 35 28 27
56 58 85 18 14 20
56 59 73 32 32 33
56 60 31 64 65 63
56 61 5 88 88 94
56 62 93 14 7 7
56 63 31 66 66 62
56 64 78 20 27 26
56 65 81 17 23 18
56 66 62 36 35 37
56 67 29 73 68 72
56 68 18 76 80 77
56 69 3 90 91 88
56 70 24 75 72 75
56 71 89 10 12 18
56 72 50 51 45 52
56 73 31 63 63 66
56 74 63 33 37 34
56 75 34 63 62 66
56 76 73 29 25 23
56 77 47 54 55 52
56 78 30 65 71 63
56 79 7 91 85 85
56 80 93 11 13 15
56 81 96 12 10 7
56 82 22 72 73 76
56 83 16 78 78 77
56 84 92 13 10 14
56 85 61 41 42 39
56 86 17 77 81 83
56 87 72 32 31 29
56 88 55 48 45 46
56 89 38 65 61 57
56 90 80 25 24 24
56 91 80 23 18 20
56 92 0 97 94 94
56 93 20 78 72 79
56 94 98 7 6 10
56 95 44 56 54 59
56 96 90 13 10 11
56 97 78 21 26 21
56 98 21 75 72 80
56 99 79 26 19 25
57 58 81 22 24 24
57 59 36 62 60 62
57 60 58 38 39 37
57 61 29 73 69 66
57 62 99 1 5 8
57 63 67 33 30 33
57 64 94 8 11 11
57 65 95 7 9 10
57 66 42 60 53 55
57 67 70 27 30 33
57 68 90 10 8 11
57 69 31 63 62 64
57 70 10 81 87 90
57 71 7 87 91 89
57 72 82 23 25 23
57 73 96 3 7 10
57 74 17 78 78 74
57 75 51 44 45 46
57 76 17 76 75 75
57 77 70 29 33 26
57 78 73 30 32 29
57 79 88 15 10 20
57 80 44 57 58 58
57 81 34 62 62 68
57 82 88 11 10 17
57 83 75 30 25 26
57 84 10 86 84 85
57 85 89 17 12 12
57 86 66 34 38 35
57 87 78 27 21 23
57 88 74 26 31 29
57 89 7 90 92 89
57 90 26 73 72 73
57 91 6 92 88 91
57 92 64 39 36 35
57 93 90 10 17 18
57 94 72 30 24 34
57 95 23 76 76 74
57 96 48 53 49 48
57 97 44 58 54 56
57 98 81 22 20 23
57 99 4 92 88 93
58 59 76 29 27 24
58 60 70 26 29 33
58 61 39 54 55 62
58 62 73 30 32 28
58 63 8 83 84 86
58 64 87 18 16 12
58 65 36 60 62 56
58 66 78 27 28 22
58 67 53 48 45 44
58 68 87 19 11 14
58 69 99 5 2 5
58 70 67 34 37 29
58 71 40 59 54 55
58 72 6 89 84 86
58 73 96 8 7 6
58 74 67 31 29 38
58 75 46 49 55 57
58 76 2 94 90 92
58 77 34 60 60 65
58 78 83 17 18 15
58 79 13 79 82 85
58 80 40 60 60 56
58 81 63 35 38 39
58 82 75 29 30 26
58 83 13 87 86 87
58 84 87 17 12 19
58 85 96 7 10 11
58 86 39 54 58 62
58 87 87 20 12 14
58 88 53 46 44 43
58 89 26 69 73 75
58 90 72 31 27 28
58 91 47 52 52 50
58 92 87 19 16 20
58 93 74 30 25 26
58 94 83 19 24 23
58 95 41 52 59 58
58 96 47 49 55 48
58 97 76 29 28 29
58 98 82 17 23 22
58 99 52 42 52 43
59 60 24 72 76 72
59 61 38 64 59 56
59 62 40 57 60 62
59 63 5 89 94 87
59 64 91 14 16 8
59 65 56 48 44 43
59 66 10 89 89 89
59 67 17 82 76 83
59 68 56 42 47 41
59 69 39 61 60 63
59 70 37 61 58 56
59 71 11 81 87 82
59 72 16 82 84 81
59 73 43 51 53 60
59 74 87 12 15 20
59 75 55 41 43 40
59 76 83 17 15 23
59 77 67 29 38 38
59 78 47 48 52 55
59 79 11 86 88 82
59 80 0 96 96 98
59 81 14 79 81 77
59 82 95 4 6 12
59 83 42 58 55 58
59 84 1 90 92 88
59 85 48 55 50 53
59 86 24 71 72 76
59 87 44 56 50 56
59 88 21 78 74 74
59 89 39 59 56 61
59 90 82 25 25 19
59 91 87 11 13 15
59 92 39 56 56 63
59 93 71 30 28 35
59 94 4 93 91 86
59 95 96 8 9 6
59 96 83 21 17 15
59 97 97 10 10 3
59 98 96 3 7 3
59 99 13 86 80 77
60 61 90 14 11 8
60 62 90 9 16 10
60 63 18 76 79 79
60 64 23 73 72 75
60 65 70 29 36 33
60 66 35 64 65 64
60 67 10 81 89 83
60 68 2 95 89 95
60 69 81 21 23 21
60 70 18 76 79 82
60 71 63 42 39 37
60 72 22 72 70 77
60 73 48 51 50 47
60 74 46 57 57 52
60 75 9 81 86 84
60 76 42 54 56 52
60 77 99 3 1 9
60 78 95 6 5 9
60 79 61 38 39 37
60 80 6 85 86 88
60 81 72 30 27 29
60 82 24 67 76 75
60 83 48 55 56 47
60 84 5 91 89 87
60 85 83 16 15 21
60 86 44 52 55 59
60 87 93 8 10 8
60 88 5 91 91 88
60 89 55 49 44 50
60 90 22 75 76 76
60 91 52 45 47 42
60 92 11 86 83 86
60 93 45 51 58 55
60 94 18 76 79 79
60 95 51 46 50 51
60 96 29 66 66 71
60 97 69 36 29 31
60 98 64 39 34 35
60 99 62 37 36 38
61 62 79 19 23 25
61 63 60 41 42 42
61 64 4 93 85 93
61 65 47 48 50 53
61 66 95 7 7 5
61 67 48 49 51 53
61 68 34 60 67 63
61 69 58 39 45 41
61 70 96 5 9 4
61 71 76 23 25 24
61 72 5 93 86 85
61 73 21 71 72 71
61 74 11 84 86 84
61 75 65 39 35 32
61 76 12 84 85 81
61 77 88 17 14 11
61 78 82 24 18 20
61 79 85 17 19 22
61 80 42 53 52 60
61 81 21 73 78 76
61 82 96 8 5 4
61 83 16 76 84 83
61 84 10 83 83 85
61 85 31 62 66 63
61 86 74 24 31 30
61 87 27 71 72 68
61 88 11 89 85 80
61 89 62 34 39 41
61 90 23 73 71 77
61 91 14 80 78 77
61 92 97 9 8 6
61 93 32 66 65 70
61 94 34 65 62 66
61 95 73 29 27 27
61 96 89 15 13 19
61 97 19 76 79 75
61 98 59 43 45 44
61 99 99 5 2 8
62 63 91 8 10 9
62 64 56 41 45 43
62 65 66 31 37 34
62 66 18 74 78 82
62 67 64 39 33 38
62 68 22 75 74 77
62 69 29 64 64 67
62 70 21 77 73 78
62 71 44 57 50 58
62 72 72 29 29 25
62 73 6 87 90 87
62 74 4 88 89 87
62 75 66 33 30 34
62 76 87 20 17 18
62 77 32 64 69 69
62 78 85 17 16 18
62 79 50 53 51 47
62 80 45 52 57 49
62 81 99 2 5 8
62 82 61 37 34 41
62 83 26 68 73 75
62 84 11 83 83 89
62 85 4 86 90 89
62 86 16 80 82 79
62 87 41 60 57 59
62 88 65 37 36 34
62 89 39 58 57 56
62 90 44 58 56 56
62 91 84 22 16 23
62 92 50 51 49 45
62 93 7 89 92 83
62 94 6 91 84 88
62 95 27 67 67 71
62 96 99 7 10 8
62 97 97 4 2 10
62 98 72 31 25 27
62 99 70 34 30 31
63 64 79 20 20 24
63 65 52 52 48 50
63 66 6 89 92 92
63 67 55 49 46 43
63 68 61 41 41 40
63 69 99 7 4 4
63 70 27 67 68 69
63 71 9 83 84 91
63 72 82 20 21 16
63 73 64 36 41 38
63 74 11 83 84 87
63 75 38 56 57 61
63 76 93 10 11 11
63 77 37 60 65 64
63 78 89 18 18 16
63 79 71 31 31 27
63 80 66 31 31 33
63 81 92 14 9 10
63 82 51 43 50 50
63 83 15 85 78 76
63 84 76 28 28 25
63 85 31 68 62 64
63 86 43 60 57 54
63 87 80 18 25 27
63 88 8 91 90 88
63 89 7 87 86 91
63 90 39 59 60 62
63 91 63 38 40 35
63 92 97 6 7 2
63 93 63 38 41 36
63 94 42 53 61 53
63 95 18 80 82 77
63 96 21 78 75 74
63 97 12 84 83 86
63 98 8 84 87 85
63 99 96 3 8 3
64 65 73 30 31 28
64 66 47 54 55 54
64 67 77 29 22 23
64 68 78 20 20 28
64 69 81 17 21 18
64 70 49 53 47 47
64 71 22 69 76 78
64 72 14 80 86 78
64 73 63 34 34 37
64 74 64 39 38 36
64 75 8 84 91 89
64 76 11 85 86 83
64 77 34 67 67 61
64 78 42 58 58 55
64 79 80 21 21 21
64 80 91 9 17 10
64 81 49 53 52 46
64 82 12 84 80 86
64 83 4 94 94 94
64 84 95 4 5 4
64 85 73 30 28 29
64 86 46 57 48 53
64 87 54 49 48 43
64 88 24 71 77 72
64 89 67 39 31 31
64 90 82 17 16 25
64 91 85 18 14 12
64 92 9 83 86 83
64 93 6 92 87 88
64 94 95 12 12 8
64 95 73 24 25 24
64 96 34 58 64 67
64 97 33 66 61 64
64 98 9 88 88 90
64 99 16 76 83 78
65 66 31 68 69 67
65 67 77 20 30 27
65 68 74 24 31 32
65 69 19 81 80 76
65 70 6 92 90 89
65 71 85 18 20 21
65 72 49 52 53 51
65 73 23 78 69 77
65 74 31 66 70 63
65 75 96 4 5 5
65 76 11 83 83 80
65 77 70 26 32 29
65 78 95 8 5 6
65 79 53 48 42 45
65 80 40 62 59 59
65 81 35 58 67 58
65 82 89 16 16 14
65 83 16 84 83 79
65 84 38 62 57 58
65 85 56 42 47 49
65 86 46 48 52 52
65 87 39 60 56 60
65 88 6 91 92 88
65 89 98 9 9 8
65 90 31 68 63 67
65 91 71 28 33 27
65 92 7 83 83 91
65 93 43 51 52 60
65 94 28 71 66 71
65 95 35 60 57 63
65 96 57 39 44 39
65 97 11 82 87 89
65 98 25 76 76 72
65 99 58 39 39 42
66 67 45 52 55 50
66 68 59 39 41 40
66 69 63 37 40 40
66 70 43 58 52 60
66 71 14 86 86 78
66 72 35 64 61 59
66 73 21 80 72 71
66 74 13 81 78 79
66 75 43 59 51 57
66 76 85 14 17 18
66 77 19 73 75 76
66 78 3 86 92 88
66 79 85 16 21 13
66 80 51 48 49 45
66 81 27 74 66 66
66 82 29 69 67 66
66 83 26 72 71 68
66 84 76 27 21 22
66 85 21 74 76 80
66 86 99 1 1 8
66 87 1 93 92 96
66 88 46 48 50 55
66 89 45 53 57 53
66 90 74 27 32 28
66 91 80 26 27 22
66 92 32 67 65 65
66 93 52 50 43 44
66 94 40 62 60 53
66 95 43 51 51 55
66 96 75 26 25 31
66 97 43 60 57 50
66 98 14 84 80 78
66 99 76 29 27 24
67 68 94 7 10 13
67 69 66 38 34 35
67 70 52 47 48 46
67 71 45 58 52 52
67 72 50 54 49 50
67 73 28 73 67 68
67 74 43 56 56 52
67 75 39 54 55 59
67 76 6 86 87 88
67 77 28 70 66 72
67 78 92 8 7 10
67 79 12 79 80 85
67 80 31 69 71 62
67 81 16 75 85 80
67 82 68 36 28 38
67 83 90 12 10 16
67 84 17 84 82 75
67 85 54 50 43 45
67 86 61 39 40 35
67 87 20 72 79 77
67 88 20 79 78 80
67 89 13 79 81 81
67 90 94 12 11 5
67 91 48 55 52 55
67 92 82 25 22 23
67 93 67 36 33 37
67 94 57 47 47 42
67 95 16 85 83 78
67 96 74 27 27 25
67 97 27 64 65 66
67 98 17 77 74 80
67 99 70 29 34 34
68 69 10 81 86 83
68 70 33 65 68 68
68 71 63 36 40 40
68 72 36 66 62 66
68 73 69 30 34 35
68 74 67 33 35 31
68 75 0 93 92 92
68 76 88 15 18 16
68 77 75 25 29 25
68 78 96 3 9 4
68 79 56 45 43 44
68 80 43 52 60 53
68 81 60 36 43 36
68 82 14 81 77 85
68 83 11 86 79 85
68 84 4 88 90 94
68 85 96 6 9 3
68 86 97 11 8 8
68 87 7 93 91 84
68 88 66 35 34 34
68 89 16 85 77 84
68 90 92 8 16 12
68 91 18 79 73 76
68 92 70 33 35 31
68 93 81 22 17 20
68 94 36 58 62 62
68 95 11 85 85 82
68 96 2 97 90 93
68 97 0 93 90 98
68 98 65 31 37 34
68 99 43 53 56 60
69 70 4 89 95 95
69 71 16 85 82 75
69 72 32 61 66 65
69 73 50 47 46 46
69 74 60 39 37 44
69 75 47 54 56 56
69 76 27 66 70 67
69 77 25 68 75 75
69 78 29 69 70 66
69 79 86 18 15 21
69 80 10 89 88 90
69 81 67 31 32 30
69 82 9 88 82 85
69 83 5 94 91 88
69 84 64 36 42 36
69 85 60 39 36 39
69 86 9 82 81 83
69 87 80 26 22 18
69 88 33 65 67 61
69 89 44 58 58 56
69 90 54 48 48 50
69 91 53 44 43 47
69 92 69 37 35 37
69 93 6 85 92 92
69 94 43 60 54 59
69 95 78 26 20 27
69 96 40 54 54 59
69 97 50 50 50 50
69 98 77 28 29 26
69 99 17 75 74 77
70 71 66 39 34 33
70 72 3 90 89 92
70 73 79 22 26 19
70 74 56 39 46 41
70 75 33 69 64 65
70 76 14 80 79 78
70 77 8 91 86 89
70 78 73 27 27 28
70 79 54 49 41 41
70 80 98 11 8 4
70 81 92 11 8 7
70 82 77 27 28 29
70 83 76 22 29 27
70 84 62 39 43 42
70 85 38 60 55 62
70 86 64 36 40 41
70 87 29 71 64 70
70 88 49 47 52 46
70 89 37 63 65 61
70 90 96 10 6 8
70 91 15 76 81 78
70 92 98 10 8 9
70 93 81 22 17 26
70 94 77 25 21 27
70 95 32 64 66 70
70 96 24 75 73 76
70 97 55 43 40 42
70 98 71 28 27 29
70 99 54 42 40 43
71 72 99 3 4 7
71 73 28 70 74 70
71 74 78 20 21 19
71 75 20 77 80 79
71 76 74 22 31 22
71 77 91 10 13 12
71 78 96 6 6 6
71 79 74 29 26 31
71 80 3 93 96 94
71 81 60 38 37 37
71 82 63 41 41 39
71 83 96 4 9 11
71 84 55 46 46 46
71 85 22 79 77 76
71 86 8 87 91 85
71 87 72 26 26 32
71 88 10 85 83 86
71 89 82 23 20 25
71 90 61 38 40 37
71 91 28 73 73 72
71 92 57 43 47 41
71 93 29 65 72 67
71 94 75 27 30 27
71 95 97 9 4 8
71 96 40 53 60 61
71 97 39 59 63 55
71 98 45 59 57 51
71 99 29 72 64 71
72 73 42 52 57 52
72 74 72 32 30 25
72 75 79 26 28 25
72 76 59 41 45 40
72 77 73 32 31 24
72 78 58 38 42 44
72 79 8 86 91 88
72 80 89 17 14 16
72 81 94 7 11 14
72 82 59 45 36 38
72 83 4 95 87 91
72 84 60 39 38 45
72 85 47 53 48 51
72 86 91 8 17 16
72 87 84 19 20 19
72 88 97 6 8 6
72 89 66 35 33 32
72 90 90 16 16 15
72 91 36 62 58 61
72 92 97 7 10 10
72 93 73 31 29 31
72 94 38 60 58 61
72 95 99 3 2 8
72 96 37 58 65 62
72 97 37 57 62 63
72 98 33 65 63 64
72 99 76 26 27 26
73 74 99 2 8 9
73 75 42 61 57 61
73 76 19 79 75 78
73 77 67 35 31 33
73 78 94 8 14 11
73 79 36 62 64 65
73 80 51 51 48 49
73 81 49 52 49 46
73 82 71 34 25 27
73 83 74 32 25 23
73 84 4 93 94 89
73 85 85 15 16 15
73 86 37 61 57 57
73 87 72 28 28 27
73 88 84 16 18 21
73 89 83 23 24 20
73 90 7 90 92 90
73 91 73 30 33 24
73 92 8 84 86 82
73 93 11 85 88 81
73 94 59 38 39 42
73 95 41 61 60 54
73 96 41 55 55 59
73 97 54 44 41 42
73 98 67 35 30 29
73 99 25 72 71 68
74 75 71 32 32 33
74 76 82 21 16 20
74 77 76 22 28 29
74 78 17 82 83 79
74 79 2 88 93 96
74 80 46 55 52 56
74 81 3 95 88 90
74 82 14 77 82 85
74 83 93 6 14 7
74 84 86 14 18 20
74 85 39 60 62 60
74 86 27 68 67 74
74 87 53 49 45 44
74 88 99 6 6 4
74 89 38 55 62 58
74 90 94 8 12 7
74 91 96 6 9 3
74 92 56 46 42 46
74 93 42 53 56 53
74 94 42 60 60 53
74 95 9 87 84 89
74 96 75 24 30 22
74 97 94 11 6 10
74 98 70 35 27 34
74 99 57 43 42 46
75 76 46 51 51 50
75 77 96 6 7 9
75 78 87 13 20 12
75 79 89 15 17 15
75 80 69 28 34 34
75 81 72 25 33 33
75 82 91 8 16 10
75 83 65 36 38 36
75 84 10 84 84 89
75 85 50 50 50 44
75 86 94 12 6 6
75 87 28 69 70 71
75 88 68 30 37 29
75 89 1 90 98 89
75 90 20 73 80 76
75 91 32 68 64 62
75 92 50 49 48 54
75 93 7 84 82 91
75 94 96 10 9 6
75 95 90 12 17 17
75 96 0 92 92 91
75 97 60 44 39 36
75 98 19 79 75 76
75 99 68 36 32 37
76 77 85 21 15 20
76 78 6 88 91 91
76 79 68 34 31 33
76 80 99 7 4 6
76 81 27 70 65 65
76 82 51 47 50 47
76 83 78 27 22 25
76 84 73 27 32 31
76 85 81 25 25 23
76 86 53 45 44 49
76 87 66 31 36 39
76 88 38 61 57 64
76 89 9 87 86 81
76 90 67 33 35 33
76 91 55 40 39 48
76 92 10 88 87 88
76 93 88 17 10 10
76 94 84 14 20 22
76 95 53 42 44 45
76 96 43 61 60 55
76 97 24 70 68 72
76 98 71 31 28 31
76 99 75 30 24 28
77 78 98 2 7 1
77 79 8 92 84 85
77 80 58 45 44 46
77 81 95 13 11 4
77 82 95 7 9 7
77 83 36 63 62 58
77 84 69 31 29 35
77 85 14 84 77 78
77 86 28 65 67 68
77 87 63 40 37 35
77 88 2 93 92 92
77 89 69 29 29 28
77 90 45 57 56 49
77 91 91 12 7 9
77 92 0 94 98 98
77 93 75 23 22 28
77 94 56 43 47 40
77 95 9 90 85 89
77 96 21 74 75 76
77 97 76 31 26 21
77 98 0 92 92 97
77 99 12 82 79 85
78 79 12 79 80 86
78 80 55 48 46 40
78 81 49 54 53 50
78 82 7 85 92 86
78 83 77 28 25 26
78 84 49 54 48 52
78 85 82 20 21 25
78 86 66 30 38 30
78 87 37 59 64 60
78 88 69 30 28 31
78 89 10 82 86 86
78 90 24 73 68 76
78 91 36 59 62 66
78 92 83 15 18 16
78 93 96 3 9 8
78 94 39 60 57 61
78 95 11 85 88 85
78 96 3 92 94 90
78 97 76 27 22 30
78 98 91 8 12 17
78 99 36 60 59 67
79 80 56 45 44 41
79 81 60 44 44 40
79 82 48 56 55 48
79 83 86 20 16 20
79 84 82 24 22 25
79 85 36 64 58 60
79 86 31 64 68 65
79 87 12 78 87 82
79 88 91 8 15 13
79 89 81 22 24 22
79 90 18 81 79 80
79 91 54 43 44 42
79 92 9 91 83 90
79 93 14 85 77 80
79 94 42 55 59 56
79 95 59 39 41 45
79 96 35 60 61 64
79 97 74 28 24 23
79 98 34 64 67 62
79 99 2 90 97 88
80 81 97 4 2 3
80 82 7 87 85 85
80 83 11 87 81 83
80 84 17 76 80 83
80 85 1 90 96 92
80 86 52 47 44 45
80 87 27 71 71 66
80 88 86 16 18 18
80 89 35 63 66 65
80 90 19 74 78 79
80 91 78 27 28 21
80 92 19 79 72 78
80 93 18 77 75 74
80 94 33 63 69 65
80 95 2 96 89 97
80 96 69 30 36 27
80 97 70 31 31 29
80 98 77 27 21 28
80 99 79 28 24 26
81 82 98 8 10 9
81 83 75 24 25 25
81 84 46 57 49 55
81 85 66 40 35 36
81 86 33 69 64 65
81 87 9 83 83 88
81 88 4 87 87 87
81 89 48 51 52 54
81 90 28 73 70 73
81 91 41 62 56 59
81 92 92 8 9 9
81 93 3 93 91 95
81 94 34 62 62 62
81 95 59 40 41 38
81 96 31 71 65 65
81 97 62 42 36 39
81 98 71 35 28 27
81 99 87 20 15 13
82 83 6 84 93 92
82 84 17 74 78 81
82 85 66 38 38 33
82 86 19 77 73 80
82 87 76 26 24 25
82 88 30 71 68 68
82 89 33 68 67 66
82 90 21 71 76 73
82 91 99 5 4 8
82 92 54 50 41 44
82 93 7 85 90 86
82 94 1 89 96 90
82 95 81 22 24 18
82 96 59 42 40 36
82 97 12 85 80 87
82 98 24 72 72 70
82 99 52 48 52 46
83 84 36 58 58 62
83 85 85 18 16 17
83 86 21 71 72 72
83 87 65 37 41 39
83 88 87 12 16 15
83 89 62 36 38 40
83 90 50 46 49 50
83 91 76 30 29 22
83 92 70 30 31 35
83 93 4 90 88 91
83 94 55 48 47 41
83 95 65 31 32 32
83 96 48 53 49 47
83 97 39 56 62 60
83 98 93 12 14 13
83 99 22 73 78 76
84 85 43 55 56 55
84 86 39 64 61 58
84 87 93 9 10 9
84 88 77 20 27 29
84 89 24 73 69 69
84 90 61 42 39 43
84 91 43 55 56 56
84 92 23 77 72 74
84 93 99 1 4 1
84 94 79 26 25 21
84 95 27 69 66 69
84 96 98 8 3 7
84 97 97 8 6 8
84 98 34 64 66 61
84 99 86 21 13 21
85 86 44 50 60 51
85 87 53 42 43 48
85 88 74 31 30 26
85 89 2 88 93 92
85 90 86 12 18 13
85 91 32 67 63 67
85 92 89 18 11 18
85 93 0 89 98 89
85 94 98 10 4 6
85 95 71 26 26 26
85 96 8 89 92 90
85 97 44 56 50 57
85 98 69 30 34 34
85 99 84 22 14 15
86 87 70 34 34 27
86 88 31 68 69 65
86 89 53 43 41 41
86 90 45 51 50 58
86 91 59 39 37 41
86 92 15 76 77 79
86 93 24 74 77 72
86 94 88 10 18 12
86 95 39 57 57 58
86 96 8 89 90 83
86 97 33 69 66 63
86 98 21 73 79 73
86 99 49 50 51 46
87 88 67 34 31 29
87 89 8 84 88 92
87 90 45 55 50 50
87 91 39 58 63 63
87 92 11 81 82 81
87 93 77 27 24 23
87 94 20 77 76 74
87 95 61 40 37 35
87 96 28 65 71 69
87 97 78 20 26 21
87 98 57 39 45 45
87 99 51 44 48 49
88 89 48 50 46 51
88 90 22 77 73 77
88 91 75 27 27 26
88 92 55 47 43 45
88 93 32 67 63 63
88 94 24 76 72 70
88 95 44 55 51 52
88 96 81 18 19 24
88 97 76 29 29 21
88 98 27 73 73 75
88 99 68 31 29 35
89 90 51 44 50 51
89 91 79 23 24 19
89 92 6 92 90 93
89 93 61 44 43 37
89 94 50 46 51 51
89 95 69 32 28 32
89 96 96 4 11 10
89 97 84 20 22 15
89 98 40 57 59 63
89 99 45 55 51 56
90 91 20 80 74 77
90 92 15 83 81 78
90 93 70 32 31 31
90 94 19 72 74 73
90 95 18 76 78 75
90 96 44 50 56 51
90 97 39 59 55 58
90 98 92 12 15 15
90 99 53 44 51 46
91 92 88 18 19 10
91 93 19 80 73 80
91 94 58 46 44 45
91 95 28 71 66 66
91 96 49 53 51 46
91 97 13 86 84 87
91 98 15 78 84 79
91 99 11 89 89 85
92 93 45 58 56 56
92 94 65 36 38 35
92 95 76 26 22 29
92 96 44 59 51 50
92 97 52 48 49 52
92 98 82 22 25 22
92 99 32 63 65 65
93 94 78 27 24 20
93 95 85 14 14 16
93 96 3 90 91 90
93 97 6 85 84 86
93 98 95 6 11 4
93 99 61 43 38 35
94 95 79 24 22 19
94 96 32 65 70 69
94 97 88 16 20 18
94 98 44 52 58 57
94 99 98 4 7 9
95 96 44 56 55 54
95 97 10 80 87 80
95 98 52 49 52 47
95 99 74 30 27 30
96 97 35 62 66 60
96 98 80 25 18 26
96 99 19 74 82 81
97 98 92 15 14 13
97 99 59 36 37 37
98 99 40 60 59 58
