100
0 1 42 48 30 58
0 2 31 63 65 75
0 3 91 20 17 24
0 4 74 35 44 61
0 5 29 75 59 82
0 6 96 28 13 18
0 7 80 34 25 17
0 8 84 10 52 8
0 9 6 49 56 70
0 10 65 18 52 64
0 11 97 19 46 13
0 12 16 62 78 51
0 13 27 76 63 78
0 14 69 21 48 15
0 15 74 59 39 25
0 16 85 57 32 33
0 17 50 33 44 46
0 18 26 41 79 69
0 19 2 80 74 85
0 20 10 45 87 45
0 21 70 39 49 14
0 22 58 43 30 66
0 23 30 62 40 56
0 24 80 19 57 13
0 25 58 66 64 58
0 26 14 55 77 53
0 27 97 16 50 41
0 28 71 20 52 49
0 29 43 60 40 45
0 30 29 40 49 64
0 31 81 15 44 36
0 32 35 74 41 71
0 33 18 65 48 49
0 34 22 87 55 39
0 35 76 33 60 45
0 36 34 68 75 37
0 37 35 66 64 61
0 38 98 5 24 43
0 39 38 72 41 37
0 40 49 47 68 36
0 41 44 44 57 43
0 42 47 38 70 68
0 43 81 44 20 43
0 44 8 68 85 59
0 45 33 33 49 43
0 46 53 71 44 60
0 47 89 34 50 7
0 48 34 50 43 57
0 49 17 54 59 73
0 50 61 22 23 48
0 51 94 43 28 13
0 52 82 45 33 48
0 53 58 61 29 38
0 54 92 14 21 46
0 55 9 91 56 47
0 56 55 58 30 61
0 57 67 45 60 41
0 58 42 46 62 31
0 59 65 56 27 22
0 60 13 85 61 66
0 61 90 14 12 50
0 62 47 72 61 45
0 63 78 39 26 31
0 64 97 1 28 5
0 65 32 36 80 38
0 66 57 30 24 69
0 67 29 55 77 47
0 68 7 53 67 66
0 69 24 37 66 42
0 70 3 88 55 89
0 71 58 30 55 69
0 72 9 82 66 64
0 73 32 48 63 55
0 74 36 79 73 56
0 75 37 38 43 77
0 76 88 10 24 34
0 77 42 44 47 45
0 78 47 62 62 45
0 79 10 76 52 80
0 80 20 72 55 66
0 81 65 47 62 62
0 82 7 67 84 61
0 83 98 41 2 40
0 84 63 43 39 66
0 85 52 49 28 55
0 86 61 45 49 50
0 87 74 21 17 17
0 88 75 47 38 43
0 89 18 61 71 44
0 90 1 71 79 65
0 91 42 39 59 76
0 92 4 54 89 67
0 93 73 48 30 22
0 94 52 36 52 44
0 95 38 68 61 31
0 96 45 29 72 59
0 97 49 37 57 53
0 98 63 62 36 25
0 99 44 74 35 68
1 2 92 12 8 6
1 3 60 39 22 36
1 4 18 77 62 41
1 5 42 36 63 35
1 6 9 78 59 59
1 7 23 70 47 86
1 8 49 57 29 37
1 9 97 14 12 33
1 10 92 3 45 27
1 11 10 81 49 65
1 12 42 50 65 38
1 13 32 61 54 76
1 14 69 64 29 23
1 15 9 52 86 56
1 16 45 70 46 31
1 17 73 48 48 29
1 18 57 44 67 68
1 19 26 75 52 75
1 20 3 70 63 63
1 21 61 49 66 33
1 22 29 79 66 56
1 23 8 69 46 52
1 24 35 64 50 79
1 25 64 36 64 58
1 26 76 36 31 13
1 27 47 53 65 28
1 28 54 31 33 55
1 29 81 38 20 16
1 30 39 46 31 60
1 31 18 61 45 60
1 32 36 53 54 36
1 33 63 40 42 66
1 34 56 31 31 49
1 35 58 54 56 56
1 36 24 46 66 49
1 37 21 72 56 71
1 38 33 63 69 79
1 39 8 95 68 59
1 40 53 26 32 57
1 41 76 59 14 16
1 42 20 61 54 75
1 43 86 38 7 47
1 44 3 71 61 64
1 45 8 89 51 91
1 46 68 24 53 51
1 47 92 50 35 47
1 48 22 73 63 43
1 49 47 46 72 40
1 50 63 37 34 48
1 51 88 47 11 46
1 52 3 64 75 86
1 53 10 78 84 73
1 54 43 39 30 62
1 55 25 47 54 85
1 56 5 85 61 63
1 57 49 72 71 54
1 58 44 60 49 28
1 59 1 65 67 64
1 60 56 38 70 28
1 61 38 53 67 43
1 62 32 75 80 42
1 63 0 89 86 67
1 64 74 54 41 61
1 65 9 54 88 79
1 66 18 44 86 72
1 67 73 61 46 57
1 68 78 36 25 56
1 69 53 67 32 45
1 70 36 45 36 55
1 71 67 32 48 45
1 72 58 68 54 67
1 73 75 55 28 14
1 74 1 75 72 97
1 75 88 5 15 6
1 76 88 27 42 9
1 77 80 16 19 13
1 78 97 45 47 17
1 79 91 22 26 38
1 80 72 30 32 36
1 81 72 61 28 36
1 82 99 48 23 49
1 83 91 21 8 13
1 84 92 3 40 21
1 85 75 46 42 37
1 86 58 43 44 59
1 87 12 81 62 90
1 88 4 60 79 88
1 89 78 12 48 35
1 90 71 38 26 61
1 91 56 57 24 28
1 92 11 54 73 65
1 93 46 32 60 71
1 94 87 11 44 9
1 95 1 54 71 81
1 96 96 26 4 32
1 97 6 61 65 52
1 98 60 30 24 46
1 99 31 35 55 35
2 3 22 58 65 70
2 4 96 40 39 12
2 5 76 27 60 15
2 6 75 14 25 26
2 7 60 53 32 45
2 8 56 38 61 32
2 9 9 66 91 63
2 10 82 36 17 17
2 11 12 70 80 83
2 12 95 42 45 28
2 13 32 43 72 51
2 14 44 66 38 31
2 15 24 75 75 60
2 16 96 9 51 37
2 17 71 51 64 50
2 18 56 27 45 39
2 19 62 46 29 49
2 20 7 63 77 95
2 21 20 55 77 88
2 22 50 60 69 51
2 23 82 42 24 25
2 24 93 14 36 29
2 25 55 22 51 30
2 26 68 56 35 47
2 27 96 35 9 20
2 28 7 85 78 71
2 29 59 46 22 22
2 30 7 56 55 95
2 31 81 39 20 19
2 32 22 83 73 71
2 33 67 48 29 30
2 34 36 65 76 61
2 35 41 49 65 54
2 36 0 60 79 61
2 37 60 23 50 30
2 38 72 63 16 52
2 39 66 60 31 33
2 40 88 22 24 33
2 41 45 35 49 43
2 42 35 79 60 52
2 43 0 56 85 55
2 44 86 29 48 15
2 45 95 8 44 15
2 46 81 54 20 40
2 47 67 30 21 32
2 48 24 59 38 84
2 49 68 27 40 39
2 50 71 52 23 56
2 51 16 90 82 79
2 52 43 30 56 33
2 53 12 52 46 57
2 54 88 43 34 33
2 55 77 57 46 56
2 56 5 80 54 68
2 57 85 56 44 12
2 58 36 62 51 78
2 59 36 81 53 58
2 60 55 69 27 49
2 61 52 42 65 39
2 62 16 70 81 86
2 63 78 51 59 28
2 64 9 79 72 76
2 65 89 39 8 50
2 66 56 42 62 40
2 67 20 63 42 61
2 68 83 22 53 47
2 69 87 51 44 26
2 70 40 79 39 72
2 71 24 38 67 73
2 72 6 86 72 51
2 73 84 23 10 45
2 74 40 71 50 74
2 75 79 47 28 23
2 76 44 29 47 42
2 77 25 67 70 41
2 78 24 70 56 51
2 79 41 47 41 47
2 80 75 55 19 19
2 81 93 31 46 35
2 82 6 74 51 95
2 83 6 82 74 89
2 84 59 68 61 58
2 85 39 48 68 42
2 86 24 42 45 47
2 87 53 33 28 46
2 88 89 10 33 8
2 89 79 25 54 47
2 90 28 59 79 39
2 91 48 61 48 35
2 92 88 48 48 23
2 93 82 37 18 13
2 94 36 48 50 61
2 95 2 72 50 60
2 96 3 77 86 90
2 97 22 38 49 80
2 98 16 54 44 61
2 99 12 78 78 52
3 4 31 64 69 52
3 5 91 4 14 34
3 6 13 90 87 89
3 7 63 42 52 65
3 8 76 22 54 47
3 9 10 52 79 73
3 10 95 36 8 18
3 11 50 44 70 72
3 12 20 44 53 65
3 13 17 78 58 58
3 14 68 28 27 58
3 15 26 59 79 84
3 16 52 28 44 31
3 17 64 23 37 45
3 18 51 39 41 70
3 19 83 19 52 11
3 20 49 70 62 31
3 21 67 52 33 44
3 22 48 56 73 45
3 23 21 65 69 59
3 24 0 75 79 61
3 25 70 32 58 57
3 26 3 94 62 60
3 27 33 40 63 43
3 28 43 72 37 29
3 29 82 45 29 56
3 30 89 45 41 41
3 31 86 7 25 50
3 32 46 42 30 60
3 33 44 45 68 32
3 34 79 17 59 50
3 35 39 56 62 66
3 36 53 53 53 25
3 37 3 67 56 54
3 38 30 45 78 79
3 39 71 49 30 30
3 40 63 22 36 47
3 41 45 50 59 27
3 42 96 8 23 17
3 43 87 27 28 48
3 44 45 50 65 58
3 45 79 46 22 53
3 46 80 16 17 35
3 47 82 43 27 40
3 48 37 80 59 32
3 49 69 35 61 21
3 50 35 44 57 80
3 51 70 63 30 34
3 52 64 29 41 21
3 53 19 84 76 75
3 54 30 56 78 39
3 55 75 18 50 12
3 56 89 35 55 44
3 57 4 61 91 76
3 58 20 51 45 61
3 59 54 72 51 29
3 60 67 23 53 38
3 61 49 67 72 31
3 62 62 21 30 35
3 63 34 70 67 53
3 64 53 71 62 28
3 65 8 48 77 68
3 66 16 88 64 82
3 67 63 19 36 22
3 68 66 42 43 31
3 69 64 47 37 35
3 70 49 60 39 38
3 71 49 48 56 47
3 72 55 70 39 36
3 73 36 77 70 38
3 74 76 38 57 13
3 75 23 53 42 41
3 76 10 93 91 91
3 77 16 58 45 80
3 78 37 49 64 46
3 79 14 59 80 70
3 80 35 32 43 54
3 81 41 54 34 57
3 82 62 60 27 47
3 83 0 88 74 61
3 84 53 31 31 39
3 85 23 51 51 69
3 86 25 71 54 84
3 87 98 26 30 22
3 88 18 82 89 81
3 89 63 67 57 56
3 90 1 92 93 77
3 91 8 71 70 72
3 92 19 60 40 67
3 93 94 45 30 38
3 94 66 65 39 65
3 95 87 33 9 32
3 96 90 31 11 17
3 97 73 23 45 31
3 98 41 72 57 35
3 99 22 45 60 62
4 5 3 75 70 72
4 6 85 45 17 25
4 7 87 44 40 40
4 8 51 46 56 28
4 9 41 31 70 63
4 10 75 26 21 42
4 11 19 52 76 74
4 12 85 50 27 29
4 13 45 75 62 44
4 14 5 54 96 83
4 15 56 30 42 67
4 16 64 47 31 64
4 17 62 19 57 67
4 18 94 21 40 7
4 19 45 45 46 32
4 20 41 38 49 68
4 21 63 32 57 35
4 22 10 76 93 70
4 23 47 29 67 27
4 24 87 12 32 40
4 25 24 40 38 59
4 26 54 59 23 30
4 27 92 9 48 20
4 28 41 61 73 68
4 29 82 57 47 10
4 30 52 50 69 30
4 31 79 45 21 32
4 32 32 69 44 58
4 33 34 42 59 52
4 34 63 47 30 49
4 35 35 33 55 79
4 36 63 18 53 60
4 37 97 7 5 38
4 38 89 12 35 47
4 39 73 61 14 44
4 40 4 75 94 89
4 41 27 70 76 47
4 42 44 51 59 30
4 43 50 35 69 57
4 44 74 23 54 25
4 45 56 43 41 45
4 46 85 48 7 48
4 47 27 47 63 60
4 48 87 39 31 41
4 49 71 16 31 36
4 50 52 53 46 31
4 51 8 62 94 74
4 52 2 77 59 60
4 53 60 21 21 30
4 54 24 80 53 66
4 55 45 73 46 29
4 56 15 66 42 65
4 57 56 61 49 58
4 58 7 69 76 68
4 59 59 39 36 30
4 60 57 58 39 68
4 61 27 36 50 61
4 62 56 58 34 70
4 63 69 38 15 48
4 64 35 80 41 40
4 65 93 14 44 26
4 66 11 68 63 77
4 67 70 46 50 22
4 68 40 53 53 37
4 69 69 48 47 61
4 70 97 3 40 45
4 71 79 37 48 57
4 72 96 11 17 29
4 73 41 33 78 35
4 74 27 46 48 69
4 75 9 73 48 60
4 76 44 45 44 72
4 77 69 63 43 46
4 78 8 46 94 85
4 79 48 74 62 62
4 80 37 34 78 61
4 81 20 65 79 64
4 82 70 34 53 43
4 83 52 68 27 33
4 84 32 57 55 45
4 85 99 44 28 23
4 86 72 40 47 32
4 87 91 19 21 18
4 88 14 68 49 63
4 89 83 50 30 33
4 90 25 59 84 51
4 91 26 77 62 46
4 92 34 56 54 81
4 93 83 29 38 20
4 94 34 44 45 42
4 95 42 53 44 32
4 96 42 66 31 47
4 97 1 68 95 60
4 98 6 72 60 72
4 99 96 11 25 28
5 6 43 29 29 38
5 7 88 52 46 49
5 8 45 45 37 29
5 9 6 47 69 60
5 10 15 54 55 56
5 11 43 54 74 48
5 12 47 27 62 40
5 13 5 81 60 76
5 14 56 32 48 54
5 15 52 30 59 42
5 16 29 72 42 43
5 17 17 69 73 57
5 18 74 25 20 37
5 19 77 28 54 29
5 20 15 80 80 62
5 21 26 39 65 78
5 22 43 53 44 41
5 23 6 84 52 68
5 24 50 59 32 52
5 25 22 55 72 87
5 26 52 63 67 45
5 27 11 84 50 69
5 28 51 45 68 32
5 29 44 33 43 56
5 30 74 39 24 32
5 31 28 69 49 46
5 32 18 51 89 48
5 33 70 49 58 19
5 34 13 43 81 64
5 35 7 61 73 90
5 36 51 40 67 39
5 37 67 44 17 28
5 38 73 47 15 57
5 39 45 29 56 30
5 40 23 79 80 51
5 41 41 75 69 42
5 42 55 22 44 43
5 43 2 50 72 73
5 44 21 86 61 59
5 45 82 50 44 25
5 46 99 44 48 46
5 47 4 97 91 86
5 48 82 20 55 46
5 49 98 8 37 24
5 50 89 39 38 19
5 51 23 56 62 71
5 52 78 58 13 19
5 53 75 40 58 50
5 54 33 43 83 55
5 55 29 74 35 40
5 56 1 70 81 84
5 57 19 64 75 82
5 58 26 67 64 82
5 59 7 48 49 93
5 60 86 14 21 14
5 61 70 38 28 61
5 62 86 45 26 49
5 63 30 73 49 78
5 64 25 78 68 37
5 65 65 59 46 48
5 66 61 47 41 29
5 67 33 50 56 58
5 68 46 33 58 72
5 69 48 29 74 62
5 70 10 50 72 64
5 71 24 42 86 68
5 72 3 79 81 67
5 73 57 47 49 41
5 74 7 54 54 94
5 75 80 32 55 19
5 76 77 15 35 28
5 77 36 69 67 81
5 78 56 42 25 67
5 79 55 65 31 37
5 80 42 54 33 53
5 81 83 25 33 36
5 82 45 55 74 68
5 83 73 49 51 54
5 84 15 66 48 47
5 85 53 68 70 62
5 86 88 48 39 22
5 87 20 39 56 70
5 88 87 53 47 15
5 89 38 45 78 48
5 90 79 14 41 35
5 91 59 36 56 63
5 92 81 58 44 15
5 93 6 63 52 62
5 94 69 56 33 44
5 95 51 52 39 72
5 96 84 49 48 41
5 97 5 74 64 57
5 98 9 94 73 76
5 99 37 66 52 56
6 7 50 73 72 49
6 8 54 57 27 65
6 9 13 60 70 67
6 10 19 58 89 77
6 11 12 56 59 44
6 12 27 61 69 71
6 13 14 71 48 54
6 14 85 45 47 16
6 15 59 42 25 54
6 16 17 57 68 59
6 17 40 37 39 34
6 18 40 46 55 47
6 19 64 66 48 19
6 20 4 65 88 55
6 21 72 62 20 22
6 22 35 70 77 57
6 23 82 41 44 16
6 24 67 57 18 17
6 25 57 30 60 35
6 26 29 62 43 50
6 27 45 62 47 70
6 28 61 33 51 44
6 29 20 88 48 62
6 30 21 76 71 68
6 31 96 12 42 44
6 32 81 45 17 16
6 33 96 44 28 50
6 34 73 37 30 49
6 35 61 28 36 69
6 36 96 44 48 31
6 37 53 25 45 31
6 38 19 49 76 87
6 39 78 44 44 60
6 40 68 65 48 30
6 41 15 51 44 61
6 42 2 95 83 70
6 43 84 32 43 33
6 44 76 61 25 39
6 45 77 48 48 52
6 46 39 34 36 71
6 47 13 48 79 83
6 48 83 48 45 31
6 49 95 30 21 10
6 50 70 47 50 27
6 51 16 62 64 59
6 52 52 26 71 24
6 53 41 54 36 56
6 54 92 48 42 10
6 55 96 32 24 15
6 56 17 48 63 64
6 57 2 74 78 53
6 58 90 52 5 18
6 59 51 53 48 64
6 60 9 69 66 46
6 61 27 61 50 79
6 62 65 56 36 32
6 63 20 86 89 59
6 64 99 4 17 16
6 65 45 60 52 51
6 66 45 32 64 69
6 67 71 37 37 55
6 68 3 51 83 69
6 69 71 51 44 16
6 70 21 88 51 45
6 71 0 63 98 58
6 72 98 32 35 27
6 73 82 29 24 51
6 74 59 29 30 57
6 75 14 61 58 89
6 76 32 71 73 50
6 77 1 84 55 65
6 78 15 64 49 81
6 79 32 59 44 74
6 80 97 14 22 10
6 81 74 61 55 22
6 82 47 75 46 60
6 83 89 53 31 47
6 84 63 50 47 66
6 85 31 45 47 38
6 86 19 75 84 73
6 87 95 44 32 25
6 88 26 43 82 49
6 89 2 63 85 83
6 90 97 20 33 5
6 91 4 76 60 94
6 92 69 17 38 61
6 93 90 38 41 36
6 94 94 44 31 25
6 95 41 31 39 43
6 96 9 62 61 88
6 97 39 70 68 49
6 98 0 62 85 53
6 99 57 22 63 57
7 8 28 38 80 56
7 9 14 44 74 88
7 10 82 35 38 14
7 11 63 59 22 48
7 12 52 64 58 53
7 13 20 55 67 86
7 14 38 38 48 56
7 15 51 29 51 40
7 16 94 14 40 20
7 17 92 16 19 40
7 18 50 40 49 47
7 19 33 55 53 33
7 20 29 69 49 78
7 21 94 27 8 52
7 22 14 55 81 81
7 23 59 29 26 64
7 24 93 8 27 16
7 25 46 47 53 58
7 26 83 26 30 49
7 27 67 45 52 46
7 28 19 89 70 56
7 29 25 82 84 65
7 30 97 36 3 46
7 31 2 84 73 49
7 32 45 48 75 71
7 33 14 64 86 70
7 34 66 48 37 52
7 35 9 64 49 90
7 36 80 15 50 12
7 37 57 29 21 43
7 38 77 30 54 34
7 39 91 16 16 32
7 40 32 34 74 68
7 41 27 53 81 46
7 42 79 52 20 34
7 43 30 62 74 54
7 44 12 77 87 83
7 45 39 30 74 42
7 46 55 49 48 70
7 47 63 66 39 47
7 48 77 26 11 27
7 49 72 15 41 58
7 50 88 23 42 50
7 51 52 30 25 50
7 52 8 76 77 89
7 53 25 59 73 64
7 54 56 24 51 68
7 55 63 59 23 35
7 56 69 50 57 24
7 57 94 17 43 22
7 58 9 77 56 72
7 59 69 64 64 27
7 60 77 15 35 42
7 61 70 17 44 61
7 62 84 30 41 47
7 63 87 49 55 8
7 64 95 37 36 32
7 65 43 64 62 33
7 66 56 29 36 55
7 67 72 63 22 34
7 68 62 45 24 51
7 69 15 79 72 85
7 70 56 33 68 60
7 71 25 85 62 76
7 72 67 22 66 19
7 73 75 41 37 24
7 74 19 59 87 42
7 75 76 48 57 36
7 76 85 46 53 52
7 77 85 49 21 45
7 78 44 53 48 63
7 79 7 79 94 50
7 80 76 15 26 33
7 81 27 36 38 79
7 82 31 52 60 48
7 83 25 42 49 66
7 84 45 52 53 31
7 85 43 77 54 31
7 86 94 12 31 28
7 87 22 53 82 44
7 88 26 85 55 84
7 89 27 42 57 72
7 90 21 57 72 75
7 91 47 63 75 47
7 92 68 64 28 57
7 93 74 53 19 19
7 94 87 27 52 24
7 95 17 48 68 74
7 96 3 60 77 90
7 97 68 49 47 29
7 98 98 29 38 49
7 99 35 62 55 61
8 9 16 79 63 43
8 10 29 44 38 49
8 11 15 89 75 67
8 12 82 58 30 15
8 13 23 40 59 78
8 14 25 48 86 48
8 15 84 56 34 36
8 16 41 58 47 64
8 17 41 50 44 55
8 18 53 64 70 39
8 19 86 53 44 13
8 20 59 23 31 51
8 21 81 50 44 56
8 22 80 58 41 31
8 23 16 79 72 48
8 24 71 50 61 47
8 25 43 67 63 40
8 26 82 43 54 9
8 27 7 68 91 77
8 28 1 74 70 75
8 29 3 82 74 91
8 30 47 45 55 28
8 31 97 48 3 18
8 32 71 52 26 27
8 33 67 28 60 36
8 34 83 10 9 18
8 35 10 83 86 73
8 36 58 56 21 46
8 37 49 37 63 72
8 38 29 58 43 70
8 39 61 45 64 64
8 40 49 27 60 40
8 41 38 44 76 57
8 42 36 80 36 76
8 43 49 44 51 29
8 44 88 46 9 19
8 45 24 84 57 75
8 46 3 59 68 74
8 47 99 46 36 10
8 48 51 38 54 68
8 49 2 68 86 96
8 50 71 29 53 35
8 51 75 32 60 43
8 52 39 76 43 62
8 53 66 43 65 65
8 54 45 30 70 28
8 55 34 60 41 78
8 56 59 43 58 67
8 57 0 70 87 65
8 58 45 60 76 50
8 59 70 40 24 35
8 60 26 37 41 40
8 61 31 77 56 83
8 62 62 35 25 19
8 63 70 41 34 28
8 64 82 49 49 10
8 65 44 32 38 54
8 66 69 42 56 50
8 67 40 45 77 41
8 68 11 93 49 68
8 69 43 77 73 36
8 70 39 36 74 44
8 71 42 34 45 77
8 72 23 74 57 55
8 73 0 83 68 66
8 74 6 96 81 57
8 75 15 91 87 57
8 76 14 59 82 86
8 77 80 33 27 41
8 78 54 33 29 46
8 79 13 84 89 46
8 80 67 47 33 46
8 81 89 54 14 42
8 82 93 47 29 26
8 83 77 40 41 41
8 84 7 69 52 57
8 85 5 91 80 56
8 86 95 30 28 18
8 87 8 81 73 51
8 88 31 83 39 62
8 89 52 66 56 35
8 90 61 48 67 55
8 91 99 4 15 1
8 92 49 32 43 44
8 93 1 65 72 77
8 94 35 41 76 70
8 95 72 63 32 18
8 96 65 60 65 18
8 97 16 71 46 48
8 98 86 10 35 26
8 99 93 46 18 37
9 10 64 37 57 31
9 11 52 59 60 70
9 12 28 45 42 51
9 13 86 17 37 20
9 14 61 23 30 30
9 15 16 66 74 76
9 16 81 40 30 28
9 17 86 47 26 45
9 18 45 27 65 60
9 19 7 49 92 94
9 20 17 74 74 63
9 21 48 59 33 52
9 22 90 44 46 19
9 23 17 84 58 53
9 24 16 55 87 75
9 25 15 56 85 42
9 26 41 55 77 71
9 27 55 49 63 22
9 28 99 37 0 37
9 29 80 13 9 19
9 30 71 24 58 28
9 31 65 39 29 18
9 32 17 89 52 74
9 33 51 28 49 56
9 34 99 2 48 4
9 35 71 46 30 24
9 36 85 45 14 26
9 37 22 49 58 61
9 38 22 54 38 40
9 39 95 8 7 28
9 40 14 52 65 68
9 41 75 30 24 55
9 42 71 19 45 35
9 43 24 65 60 84
9 44 89 7 39 28
9 45 43 51 46 49
9 46 75 14 29 47
9 47 56 32 53 46
9 48 35 35 68 64
9 49 81 25 11 23
9 50 17 50 88 76
9 51 22 84 62 49
9 52 32 73 43 35
9 53 6 65 59 75
9 54 40 40 74 41
9 55 68 17 63 58
9 56 98 32 20 50
9 57 81 10 19 53
9 58 8 93 89 68
9 59 53 33 39 45
9 60 27 81 71 47
9 61 61 29 35 52
9 62 93 30 38 41
9 63 15 52 63 89
9 64 48 50 26 50
9 65 36 71 78 46
9 66 22 45 56 59
9 67 70 22 46 25
9 68 40 43 58 70
9 69 9 86 64 81
9 70 10 47 69 57
9 71 33 41 65 81
9 72 55 35 45 26
9 73 20 52 46 83
9 74 93 33 47 37
9 75 80 56 39 39
9 76 44 54 40 28
9 77 57 66 24 48
9 78 61 65 23 29
9 79 60 20 67 58
9 80 8 89 76 57
9 81 74 49 16 40
9 82 74 33 38 60
9 83 86 18 24 53
9 84 20 75 81 44
9 85 92 37 20 53
9 86 17 64 47 72
9 87 76 41 26 39
9 88 71 14 27 34
9 89 16 67 53 85
9 90 88 49 39 55
9 91 6 77 62 59
9 92 79 50 42 45
9 93 78 51 50 36
9 94 14 87 62 65
9 95 55 45 57 58
9 96 80 11 56 32
9 97 17 53 63 88
9 98 71 15 19 16
9 99 0 99 60 79
10 11 1 90 71 63
10 12 97 39 31 28
10 13 33 58 34 35
10 14 72 58 15 31
10 15 51 60 44 40
10 16 27 42 80 51
10 17 98 13 13 16
10 18 41 46 58 75
10 19 8 67 53 67
10 20 87 18 40 21
10 21 14 87 46 56
10 22 34 37 50 35
10 23 45 33 50 48
10 24 79 42 40 15
10 25 58 50 30 67
10 26 46 44 54 65
10 27 40 66 65 64
10 28 52 35 32 73
10 29 87 51 46 35
10 30 21 64 71 51
10 31 38 57 71 39
10 32 8 69 94 93
10 33 59 22 69 21
10 34 59 42 62 57
10 35 97 1 48 21
10 36 54 68 38 41
10 37 32 63 37 68
10 38 83 25 20 27
10 39 19 46 65 78
10 40 92 46 19 26
10 41 76 45 15 36
10 42 72 48 29 63
10 43 89 24 12 37
10 44 75 57 26 33
10 45 81 40 22 50
10 46 32 75 41 44
10 47 8 56 47 72
10 48 67 49 51 44
10 49 85 38 50 26
10 50 18 42 61 52
10 51 87 34 19 54
10 52 39 79 61 67
10 53 67 56 37 46
10 54 86 20 42 17
10 55 62 46 28 55
10 56 7 80 82 84
10 57 72 39 34 15
10 58 31 56 81 65
10 59 31 78 81 69
10 60 50 71 47 47
10 61 53 63 57 31
10 62 52 63 28 48
10 63 70 46 34 15
10 64 9 60 69 74
10 65 7 77 65 92
10 66 55 33 68 24
10 67 66 18 38 32
10 68 33 67 55 59
10 69 12 62 53 48
10 70 80 17 12 23
10 71 73 47 33 19
10 72 30 63 42 58
10 73 80 37 27 30
10 74 88 6 25 32
10 75 8 58 75 75
10 76 39 31 71 47
10 77 33 48 80 60
10 78 16 72 83 85
10 79 86 51 48 12
10 80 89 55 23 5
10 81 90 22 47 20
10 82 60 56 44 65
10 83 68 54 57 28
10 84 36 49 74 43
10 85 98 38 17 29
10 86 6 84 89 60
10 87 72 32 26 62
10 88 15 79 85 86
10 89 42 46 60 61
10 90 59 34 41 37
10 91 87 50 18 30
10 92 98 50 2 42
10 93 64 53 37 54
10 94 47 70 46 33
10 95 38 56 31 34
10 96 48 72 66 65
10 97 56 53 34 40
10 98 72 20 63 32
10 99 21 40 44 85
11 12 78 17 20 54
11 13 25 70 42 62
11 14 27 53 42 56
11 15 73 49 44 51
11 16 3 83 66 75
11 17 88 51 34 6
11 18 94 2 24 22
11 19 86 42 9 18
11 20 10 67 50 45
11 21 3 72 64 75
11 22 52 47 26 31
11 23 0 97 91 63
11 24 53 48 33 67
11 25 34 39 64 65
11 26 59 54 27 30
11 27 60 38 25 56
11 28 44 29 33 36
11 29 34 47 74 59
11 30 93 37 13 12
11 31 32 64 44 72
11 32 36 56 50 36
11 33 1 63 49 75
11 34 67 43 64 44
11 35 54 28 39 67
11 36 92 20 33 26
11 37 43 75 47 32
11 38 19 43 60 77
11 39 12 84 84 82
11 40 98 16 2 20
11 41 14 75 59 67
11 42 52 69 66 63
11 43 90 31 26 47
11 44 78 29 49 18
11 45 47 73 43 46
11 46 63 37 18 65
11 47 71 27 50 55
11 48 59 54 36 41
11 49 90 50 16 29
11 50 84 27 42 48
11 51 38 42 48 73
11 52 73 47 18 56
11 53 15 45 82 55
11 54 15 56 78 79
11 55 82 37 19 41
11 56 85 31 27 55
11 57 97 41 12 31
11 58 19 49 48 56
11 59 9 49 49 67
11 60 42 64 60 32
11 61 43 33 51 39
11 62 65 23 44 37
11 63 76 49 43 55
11 64 10 47 92 89
11 65 15 50 49 67
11 66 79 21 17 27
11 67 81 46 38 22
11 68 42 48 36 54
11 69 57 67 40 54
11 70 95 35 46 32
11 71 48 38 71 28
11 72 99 16 16 49
11 73 1 74 76 82
11 74 34 73 65 56
11 75 8 65 95 49
11 76 82 15 50 27
11 77 2 68 81 58
11 78 38 32 67 56
11 79 79 33 25 24
11 80 36 49 38 56
11 81 38 61 74 66
11 82 3 71 92 69
11 83 27 56 63 85
11 84 45 42 66 51
11 85 28 61 82 62
11 86 61 57 55 46
11 87 23 57 60 48
11 88 21 51 69 76
11 89 79 22 43 54
11 90 20 86 51 53
11 91 98 12 39 44
11 92 67 49 19 55
11 93 10 70 78 94
11 94 69 58 61 58
11 95 39 50 31 40
11 96 48 58 69 51
11 97 61 58 49 28
11 98 56 31 41 50
11 99 8 92 48 92
12 13 84 21 40 21
12 14 4 59 51 62
12 15 4 72 94 50
12 16 12 68 47 85
12 17 77 49 17 59
12 18 6 61 74 91
12 19 95 22 8 11
12 20 63 55 25 67
12 21 58 61 36 70
12 22 13 91 90 75
12 23 0 77 81 50
12 24 3 88 78 62
12 25 89 20 29 51
12 26 44 73 44 72
12 27 22 61 72 58
12 28 63 47 64 51
12 29 5 53 83 61
12 30 52 42 57 35
12 31 68 32 63 37
12 32 25 70 60 48
12 33 93 5 30 4
12 34 57 36 69 47
12 35 29 45 46 37
12 36 44 53 28 67
12 37 2 69 70 97
12 38 23 85 75 40
12 39 44 28 36 34
12 40 18 50 86 73
12 41 80 57 57 54
12 42 3 92 52 75
12 43 33 33 36 45
12 44 51 55 49 57
12 45 85 48 17 44
12 46 47 58 31 31
12 47 63 22 26 24
12 48 53 55 41 66
12 49 30 61 36 80
12 50 52 57 48 36
12 51 79 42 25 45
12 52 7 75 53 55
12 53 1 64 82 61
12 54 30 52 73 80
12 55 54 39 71 28
12 56 35 61 73 56
12 57 38 72 72 73
12 58 2 68 54 69
12 59 30 35 70 54
12 60 39 79 40 51
12 61 26 66 57 59
12 62 84 52 45 37
12 63 26 70 79 51
12 64 14 83 80 74
12 65 10 81 73 68
12 66 32 60 71 57
12 67 1 68 85 95
12 68 14 61 54 88
12 69 2 76 77 86
12 70 31 45 78 38
12 71 28 82 71 75
12 72 86 41 46 39
12 73 13 71 43 60
12 74 14 47 67 64
12 75 78 12 23 44
12 76 94 50 12 6
12 77 22 66 50 50
12 78 51 69 42 46
12 79 27 55 37 58
12 80 46 39 29 45
12 81 49 48 31 52
12 82 26 77 38 72
12 83 18 51 65 53
12 84 97 41 49 4
12 85 80 36 28 35
12 86 96 23 46 51
12 87 70 50 33 48
12 88 26 82 79 78
12 89 63 29 41 61
12 90 30 40 62 47
12 91 89 17 50 42
12 92 4 93 89 86
12 93 37 49 37 44
12 94 80 29 40 44
12 95 32 37 46 38
12 96 29 52 56 43
12 97 82 28 9 39
12 98 70 22 22 54
12 99 91 53 47 17
13 14 20 71 76 43
13 15 63 55 29 26
13 16 53 25 36 66
13 17 15 76 59 74
13 18 3 53 82 91
13 19 85 47 42 56
13 20 96 11 1 8
13 21 45 39 66 69
13 22 87 56 21 35
13 23 77 58 24 39
13 24 87 29 21 39
13 25 38 57 47 67
13 26 86 35 47 47
13 27 3 93 55 62
13 28 18 79 84 43
13 29 15 61 53 57
13 30 85 11 41 20
13 31 0 72 99 96
13 32 68 48 59 64
13 33 52 27 68 54
13 34 36 41 49 80
13 35 66 31 29 59
13 36 46 65 75 52
13 37 72 62 34 15
13 38 97 22 20 12
13 39 54 35 33 69
13 40 6 86 52 54
13 41 70 21 23 56
13 42 80 50 28 37
13 43 49 67 32 56
13 44 28 64 71 38
13 45 18 79 86 57
13 46 46 51 60 50
13 47 59 49 22 41
13 48 62 33 41 37
13 49 51 52 46 64
13 50 94 4 4 10
13 51 25 44 37 38
13 52 89 31 49 40
13 53 84 50 39 34
13 54 40 71 69 73
13 55 49 61 47 65
13 56 8 84 50 83
13 57 57 22 48 26
13 58 37 34 53 59
13 59 67 19 57 18
13 60 76 49 50 57
13 61 36 47 38 65
13 62 84 28 44 7
13 63 57 49 29 56
13 64 31 51 80 82
13 65 38 36 69 38
13 66 29 58 50 51
13 67 88 39 50 48
13 68 44 55 31 31
13 69 67 22 45 61
13 70 72 51 41 42
13 71 49 37 51 71
13 72 85 46 11 30
13 73 67 63 51 51
13 74 57 52 68 38
13 75 96 15 29 5
13 76 19 48 61 74
13 77 0 64 74 75
13 78 40 65 50 61
13 79 5 57 54 60
13 80 85 40 10 29
13 81 2 62 69 91
13 82 16 85 63 80
13 83 30 79 52 68
13 84 0 53 63 97
13 85 32 58 47 49
13 86 60 42 55 53
13 87 57 68 23 52
13 88 19 80 78 66
13 89 1 98 95 57
13 90 31 60 41 76
13 91 15 67 66 51
13 92 95 5 9 35
13 93 26 72 46 77
13 94 46 44 71 34
13 95 50 40 37 59
13 96 52 48 24 32
13 97 68 16 33 46
13 98 88 51 27 27
13 99 92 49 53 26
14 15 45 40 77 40
14 16 95 29 10 41
14 17 96 47 20 32
14 18 38 64 49 37
14 19 20 84 65 80
14 20 5 69 75 88
14 21 80 40 15 50
14 22 3 52 84 55
14 23 70 51 57 54
14 24 77 41 45 57
14 25 48 63 72 51
14 26 66 25 53 39
14 27 93 49 51 42
14 28 66 44 37 48
14 29 54 50 54 55
14 30 16 57 70 79
14 31 61 28 41 39
14 32 6 53 81 67
14 33 57 34 69 49
14 34 22 52 49 68
14 35 71 21 48 17
14 36 46 53 36 58
14 37 2 63 51 91
14 38 85 53 49 43
14 39 23 46 38 56
14 40 33 62 43 50
14 41 21 49 46 85
14 42 62 57 34 57
14 43 1 73 96 79
14 44 87 19 52 31
14 45 43 61 30 75
14 46 61 25 24 26
14 47 13 75 57 58
14 48 31 43 56 49
14 49 94 17 42 27
14 50 47 28 64 59
14 51 33 59 74 73
14 52 9 69 87 55
14 53 76 36 47 34
14 54 99 27 44 10
14 55 32 80 74 61
14 56 27 79 37 41
14 57 61 53 41 46
14 58 53 52 24 48
14 59 72 52 14 20
14 60 60 23 62 38
14 61 66 42 60 58
14 62 86 49 46 8
14 63 53 24 36 40
14 64 43 54 43 76
14 65 9 65 91 71
14 66 58 62 56 24
14 67 4 92 84 51
14 68 91 33 24 38
14 69 55 39 33 57
14 70 37 45 46 66
14 71 80 27 54 45
14 72 27 54 36 47
14 73 16 43 48 57
14 74 28 41 49 45
14 75 83 32 53 45
14 76 63 66 47 40
14 77 13 84 60 67
14 78 3 82 59 48
14 79 2 89 90 61
14 80 47 26 60 51
14 81 53 51 67 24
14 82 8 95 67 81
14 83 69 29 17 54
14 84 57 44 28 50
14 85 6 67 69 78
14 86 88 24 40 33
14 87 50 63 54 72
14 88 11 81 86 88
14 89 38 33 70 54
14 90 69 48 50 53
14 91 80 50 46 22
14 92 64 32 40 31
14 93 80 39 32 18
14 94 68 57 54 64
14 95 0 87 64 77
14 96 83 17 43 38
14 97 54 64 58 61
14 98 51 44 53 64
14 99 73 51 49 24
15 16 84 49 45 36
15 17 94 37 20 6
15 18 70 30 17 50
15 19 5 72 79 85
15 20 75 34 15 29
15 21 36 45 47 76
15 22 65 25 62 56
15 23 72 13 38 24
15 24 32 55 64 41
15 25 7 95 70 52
15 26 41 40 57 65
15 27 97 25 4 38
15 28 87 29 15 38
15 29 83 8 24 41
15 30 39 52 70 77
15 31 77 44 39 24
15 32 0 51 65 72
15 33 0 65 87 93
15 34 88 33 13 33
15 35 33 82 77 79
15 36 91 21 28 49
15 37 40 32 45 48
15 38 88 6 6 29
15 39 68 37 36 44
15 40 92 28 26 47
15 41 12 54 48 92
15 42 16 71 57 86
15 43 35 35 70 55
15 44 71 44 24 51
15 45 69 46 36 31
15 46 96 19 2 31
15 47 34 33 81 39
15 48 49 70 74 28
15 49 55 39 26 45
15 50 98 36 11 27
15 51 52 54 71 63
15 52 83 25 10 46
15 53 86 21 21 15
15 54 24 80 77 58
15 55 13 62 70 81
15 56 98 27 6 29
15 57 65 60 59 65
15 58 8 55 72 56
15 59 64 61 51 53
15 60 45 76 48 45
15 61 93 17 5 31
15 62 59 46 43 45
15 63 14 53 56 54
15 64 83 8 13 14
15 65 95 52 36 15
15 66 29 45 81 45
15 67 90 44 36 9
15 68 76 46 16 14
15 69 60 60 38 55
15 70 61 21 28 64
15 71 44 43 42 43
15 72 70 45 56 41
15 73 50 25 43 33
15 74 51 46 54 48
15 75 82 12 49 18
15 76 4 72 63 78
15 77 6 78 51 54
15 78 7 79 95 53
15 79 19 46 42 58
15 80 55 69 48 38
15 81 42 67 77 55
15 82 77 17 58 47
15 83 85 36 8 30
15 84 86 40 22 31
15 85 40 63 46 46
15 86 29 50 39 37
15 87 73 29 20 54
15 88 65 59 65 18
15 89 28 84 47 73
15 90 83 54 34 28
15 91 89 32 14 24
15 92 33 36 66 45
15 93 24 51 38 57
15 94 49 32 50 61
15 95 4 88 66 87
15 96 86 11 34 27
15 97 40 37 76 50
15 98 84 42 41 16
15 99 33 55 72 49
16 17 81 11 50 12
16 18 74 39 52 57
16 19 46 27 38 67
16 20 87 23 35 16
16 21 74 60 54 43
16 22 33 55 36 52
16 23 46 52 29 46
16 24 44 31 72 66
16 25 96 23 7 19
16 26 42 41 44 74
16 27 24 64 81 78
16 28 64 21 52 52
16 29 18 89 78 87
16 30 24 59 86 73
16 31 33 65 57 65
16 32 79 58 47 48
16 33 86 8 42 26
16 34 93 29 28 6
16 35 96 19 29 4
16 36 15 71 74 76
16 37 76 59 25 53
16 38 88 8 45 30
16 39 59 66 20 66
16 40 9 51 55 75
16 41 84 47 55 26
16 42 36 33 32 55
16 43 57 48 23 28
16 44 89 15 11 36
16 45 32 69 64 78
16 46 15 66 87 48
16 47 78 56 48 48
16 48 40 48 77 61
16 49 66 54 51 45
16 50 64 66 55 35
16 51 30 61 43 71
16 52 15 91 83 46
16 53 54 51 40 43
16 54 68 32 25 43
16 55 9 59 66 82
16 56 80 11 39 47
16 57 84 41 40 18
16 58 56 27 65 32
16 59 35 74 73 36
16 60 81 25 34 48
16 61 21 66 54 75
16 62 67 42 39 53
16 63 82 34 24 17
16 64 0 86 86 63
16 65 47 50 58 69
16 66 70 44 52 24
16 67 59 47 21 30
16 68 29 65 41 63
16 69 19 50 49 74
16 70 95 30 33 28
16 71 77 20 21 55
16 72 52 39 29 45
16 73 48 44 72 59
16 74 51 67 46 45
16 75 36 52 38 69
16 76 30 67 70 43
16 77 16 86 50 58
16 78 51 32 56 61
16 79 36 41 45 35
16 80 19 55 68 57
16 81 55 71 30 56
16 82 29 77 76 81
16 83 90 38 32 29
16 84 57 68 55 39
16 85 50 64 56 29
16 86 95 31 24 25
16 87 74 15 34 60
16 88 21 41 40 50
16 89 33 79 33 81
16 90 28 78 53 73
16 91 40 68 54 34
16 92 11 50 91 65
16 93 85 49 18 32
16 94 52 25 72 47
16 95 22 77 57 83
16 96 25 47 68 44
16 97 15 88 79 62
16 98 0 80 99 83
16 99 91 19 21 10
17 18 57 32 30 41
17 19 88 53 42 32
17 20 94 21 35 39
17 21 30 80 72 51
17 22 85 35 37 38
17 23 82 22 26 15
17 24 75 17 27 53
17 25 71 42 45 45
17 26 76 22 29 37
17 27 50 57 45 50
17 28 47 31 57 28
17 29 66 56 46 31
17 30 44 36 32 73
17 31 12 90 60 92
17 32 49 74 48 55
17 33 31 62 83 50
17 34 17 85 63 45
17 35 95 43 41 45
17 36 85 48 17 24
17 37 67 54 60 65
17 38 73 30 58 51
17 39 93 19 26 4
17 40 62 26 37 22
17 41 85 28 23 45
17 42 11 56 52 50
17 43 45 44 61 58
17 44 46 45 57 66
17 45 46 41 56 72
17 46 54 56 59 35
17 47 12 75 82 93
17 48 94 33 5 40
17 49 8 72 55 49
17 50 76 18 31 60
17 51 69 28 25 50
17 52 14 58 79 80
17 53 35 57 69 32
17 54 8 92 55 75
17 55 82 37 47 42
17 56 11 50 85 60
17 57 13 46 89 45
17 58 34 80 43 50
17 59 17 54 42 79
17 60 48 29 65 72
17 61 22 69 52 42
17 62 32 78 82 56
17 63 53 58 67 30
17 64 70 45 23 19
17 65 19 81 55 45
17 66 85 47 55 11
17 67 89 6 43 33
17 68 28 81 45 65
17 69 22 87 84 84
17 70 21 48 52 70
17 71 38 53 38 37
17 72 22 85 49 51
17 73 16 49 43 46
17 74 75 20 18 36
17 75 21 57 67 86
17 76 84 17 12 46
17 77 36 54 33 79
17 78 84 14 50 18
17 79 46 36 46 44
17 80 34 53 41 50
17 81 46 72 61 42
17 82 30 51 56 40
17 83 80 26 38 10
17 84 33 64 59 35
17 85 71 43 28 38
17 86 83 42 48 25
17 87 73 39 33 18
17 88 34 77 60 48
17 89 14 74 51 68
17 90 8 69 62 68
17 91 94 37 50 33
17 92 10 69 72 73
17 93 18 53 71 60
17 94 86 25 44 9
17 95 85 55 9 19
17 96 80 17 48 43
17 97 66 53 33 46
17 98 55 38 68 38
17 99 35 63 40 56
18 19 56 59 39 53
18 20 87 46 42 21
18 21 78 21 17 54
18 22 55 44 58 50
18 23 10 65 66 70
18 24 44 45 72 31
18 25 25 67 63 52
18 26 77 33 29 42
18 27 73 47 43 25
18 28 36 43 57 60
18 29 83 8 52 30
18 30 80 47 16 12
18 31 3 69 60 57
18 32 71 42 43 16
18 33 20 64 71 67
18 34 3 66 79 63
18 35 97 33 19 45
18 36 75 27 13 51
18 37 12 57 51 78
18 38 96 39 9 5
18 39 91 35 52 6
18 40 17 48 42 76
18 41 87 54 10 22
18 42 50 67 41 61
18 43 3 65 86 94
18 44 44 33 54 38
18 45 1 50 78 96
18 46 97 20 31 50
18 47 53 59 52 35
18 48 70 48 30 20
18 49 45 60 54 43
18 50 25 55 75 44
18 51 70 23 55 59
18 52 81 26 36 17
18 53 45 63 44 61
18 54 41 36 60 76
18 55 75 22 60 20
18 56 57 34 42 69
18 57 22 48 58 78
18 58 52 72 69 63
18 59 6 84 75 78
18 60 6 47 54 72
18 61 82 57 50 15
18 62 88 22 39 39
18 63 16 89 51 67
18 64 73 45 59 26
18 65 54 35 71 36
18 66 62 39 57 66
18 67 89 36 12 37
18 68 31 67 56 37
18 69 96 34 42 4
18 70 57 54 39 63
18 71 80 50 53 15
18 72 45 50 67 72
18 73 70 22 63 44
18 74 59 43 46 54
18 75 32 56 37 38
18 76 61 58 57 65
18 77 15 84 65 80
18 78 4 54 68 52
18 79 23 58 64 80
18 80 94 15 40 12
18 81 6 60 91 73
18 82 85 17 53 45
18 83 0 66 67 94
18 84 34 69 37 36
18 85 31 47 79 44
18 86 56 63 32 54
18 87 39 76 38 39
18 88 94 38 42 42
18 89 38 44 79 53
18 90 74 20 14 19
18 91 47 50 47 57
18 92 84 54 53 34
18 93 41 71 57 66
18 94 6 86 50 68
18 95 75 58 42 39
18 96 38 64 76 56
18 97 66 38 22 19
18 98 88 21 52 49
18 99 73 60 59 56
19 20 3 93 63 56
19 21 22 46 86 87
19 22 70 18 27 25
19 23 39 47 44 39
19 24 27 52 76 42
19 25 98 35 42 23
19 26 60 42 57 67
19 27 0 63 84 87
19 28 84 29 56 22
19 29 54 51 71 29
19 30 60 65 30 57
19 31 5 82 70 60
19 32 47 51 67 61
19 33 60 23 37 27
19 34 21 74 57 63
19 35 79 21 37 12
19 36 17 76 52 42
19 37 20 54 69 40
19 38 49 66 72 36
19 39 11 83 55 88
19 40 62 26 43 54
19 41 57 56 46 60
19 42 22 50 72 74
19 43 22 39 49 57
19 44 9 69 90 57
19 45 84 9 38 27
19 46 24 42 57 57
19 47 56 31 27 49
19 48 35 48 77 52
19 49 61 61 23 66
19 50 6 69 75 91
19 51 35 33 38 74
19 52 55 67 40 56
19 53 7 58 87 75
19 54 47 52 30 72
19 55 96 42 21 32
19 56 99 48 33 13
19 57 62 23 56 53
19 58 14 81 57 71
19 59 24 62 45 75
19 60 92 47 40 40
19 61 81 11 24 37
19 62 90 42 12 13
19 63 11 48 61 54
19 64 0 71 55 53
19 65 22 55 63 52
19 66 41 38 57 44
19 67 84 34 12 24
19 68 12 91 74 70
19 69 98 3 14 19
19 70 48 68 63 45
19 71 64 57 26 53
19 72 44 33 47 70
19 73 44 71 67 68
19 74 4 50 63 62
19 75 88 46 40 31
19 76 1 85 83 73
19 77 59 27 29 33
19 78 20 67 63 84
19 79 42 49 40 74
19 80 92 50 5 18
19 81 28 71 48 83
19 82 11 59 89 55
19 83 84 41 36 47
19 84 68 50 30 54
19 85 32 34 54 70
19 86 64 53 47 41
19 87 99 9 46 27
19 88 98 42 5 32
19 89 23 83 86 58
19 90 7 88 88 83
19 91 88 44 35 12
19 92 3 52 88 90
19 93 42 29 31 48
19 94 81 24 16 49
19 95 40 52 54 50
19 96 19 87 87 71
19 97 49 73 30 35
19 98 67 61 47 50
19 99 97 51 36 9
20 21 39 76 66 75
20 22 35 58 40 37
20 23 46 60 36 67
20 24 87 31 15 25
20 25 0 97 55 50
20 26 23 43 87 52
20 27 64 48 22 36
20 28 42 31 56 50
20 29 70 48 38 37
20 30 79 37 47 50
20 31 45 50 36 57
20 32 45 41 67 56
20 33 69 32 36 37
20 34 17 71 42 65
20 35 43 37 29 28
20 36 59 40 65 68
20 37 42 56 50 66
20 38 29 44 58 48
20 39 0 63 82 83
20 40 27 69 42 37
20 41 55 25 46 49
20 42 18 50 78 41
20 43 58 35 39 46
20 44 60 54 26 26
20 45 45 35 59 77
20 46 34 55 81 57
20 47 45 76 48 67
20 48 40 71 59 76
20 49 92 44 5 38
20 50 23 73 73 65
20 51 34 54 64 78
20 52 40 43 72 34
20 53 91 47 51 35
20 54 81 49 48 18
20 55 98 7 6 29
20 56 4 97 63 79
20 57 8 68 52 91
20 58 62 45 64 55
20 59 39 52 61 72
20 60 3 94 58 86
20 61 99 44 4 27
20 62 55 70 66 31
20 63 59 42 55 35
20 64 67 43 22 60
20 65 36 64 81 45
20 66 80 21 20 21
20 67 32 62 54 81
20 68 56 54 33 70
20 69 28 78 61 60
20 70 0 86 74 79
20 71 56 28 24 67
20 72 1 55 90 54
20 73 17 47 49 63
20 74 71 42 54 26
20 75 59 27 68 46
20 76 82 11 22 44
20 77 8 76 72 52
20 78 74 58 61 42
20 79 54 30 46 40
20 80 1 83 76 57
20 81 55 45 60 24
20 82 57 61 64 65
20 83 69 17 63 31
20 84 98 42 5 4
20 85 93 41 32 25
20 86 69 40 44 54
20 87 90 38 42 50
20 88 41 49 30 43
20 89 75 31 31 41
20 90 39 47 49 45
20 91 39 31 53 77
20 92 56 64 33 56
20 93 44 32 35 74
20 94 93 26 25 17
20 95 36 76 39 58
20 96 75 13 21 44
20 97 15 84 75 47
20 98 5 55 80 80
20 99 45 34 31 66
21 22 50 33 57 34
21 23 95 5 47 9
21 24 14 80 82 63
21 25 90 17 28 25
21 26 89 49 30 13
21 27 31 65 64 68
21 28 97 23 5 18
21 29 39 67 74 71
21 30 82 13 56 30
21 31 93 48 5 41
21 32 8 92 47 75
21 33 73 25 47 48
21 34 11 71 65 85
21 35 7 90 60 65
21 36 31 40 38 70
21 37 75 53 40 52
21 38 50 50 52 63
21 39 25 68 50 54
21 40 89 44 35 45
21 41 1 76 88 67
21 42 70 17 41 60
21 43 15 76 68 48
21 44 54 49 52 31
21 45 39 61 31 50
21 46 50 60 74 39
21 47 4 66 80 57
21 48 37 64 78 65
21 49 7 46 72 48
21 50 99 26 8 7
21 51 66 45 39 64
21 52 41 67 61 36
21 53 17 64 57 48
21 54 41 69 76 77
21 55 56 31 47 23
21 56 13 46 72 59
21 57 45 51 38 74
21 58 93 12 40 47
21 59 37 39 54 60
21 60 12 66 64 89
21 61 33 54 73 68
21 62 18 73 78 77
21 63 98 31 26 18
21 64 12 79 75 81
21 65 44 61 31 38
21 66 46 27 51 71
21 67 53 54 56 26
21 68 36 52 72 75
21 69 88 24 13 33
21 70 52 31 68 33
21 71 80 24 38 56
21 72 46 33 38 44
21 73 15 65 83 76
21 74 32 70 34 79
21 75 75 25 56 59
21 76 88 49 46 35
21 77 16 54 87 75
21 78 50 68 30 67
21 79 74 50 42 36
21 80 93 4 37 32
21 81 99 33 38 13
21 82 37 35 62 38
21 83 98 15 30 31
21 84 38 48 36 59
21 85 12 76 72 75
21 86 65 23 63 64
21 87 6 56 72 91
21 88 23 63 43 86
21 89 54 49 60 67
21 90 62 45 30 36
21 91 37 51 72 43
21 92 70 32 22 53
21 93 46 64 47 34
21 94 68 29 42 26
21 95 60 66 65 33
21 96 49 73 33 46
21 97 33 40 54 78
21 98 30 47 38 52
21 99 92 50 6 15
22 23 70 63 58 30
22 24 40 41 40 40
22 25 69 31 32 15
22 26 15 73 58 51
22 27 21 67 45 66
22 28 50 62 25 33
22 29 54 52 28 41
22 30 5 77 65 79
22 31 59 22 31 63
22 32 29 39 59 42
22 33 99 34 9 44
22 34 38 55 70 72
22 35 83 56 24 26
22 36 88 6 6 55
22 37 97 43 13 13
22 38 13 60 88 91
22 39 38 70 63 72
22 40 65 19 48 24
22 41 20 47 43 60
22 42 34 74 54 33
22 43 94 3 50 13
22 44 22 58 75 74
22 45 71 35 21 36
22 46 53 54 66 57
22 47 85 41 38 29
22 48 17 83 42 73
22 49 43 71 54 51
22 50 72 42 61 35
22 51 63 55 36 36
22 52 53 58 48 50
22 53 98 35 26 11
22 54 3 88 88 72
22 55 52 44 63 32
22 56 84 9 49 35
22 57 69 45 51 38
22 58 45 68 68 58
22 59 24 69 55 85
22 60 84 18 17 34
22 61 26 65 68 45
22 62 72 56 55 55
22 63 30 82 77 51
22 64 0 68 56 88
22 65 31 74 55 72
22 66 41 49 50 46
22 67 81 9 10 17
22 68 65 66 60 29
22 69 46 50 44 60
22 70 44 75 37 77
22 71 77 28 29 54
22 72 18 76 57 53
22 73 8 70 86 62
22 74 94 10 33 33
22 75 85 38 16 26
22 76 86 8 29 9
22 77 43 43 62 51
22 78 0 84 80 83
22 79 43 67 60 76
22 80 90 25 36 9
22 81 35 74 62 49
22 82 59 54 68 31
22 83 13 45 56 46
22 84 75 17 19 47
22 85 98 19 39 22
22 86 79 46 24 60
22 87 35 43 66 58
22 88 85 8 39 25
22 89 2 91 94 82
22 90 38 43 35 41
22 91 25 48 54 64
22 92 71 34 52 43
22 93 82 45 18 12
22 94 43 47 30 28
22 95 72 52 48 24
22 96 71 21 19 64
22 97 31 54 82 83
22 98 55 26 68 27
22 99 72 18 48 27
23 24 78 36 18 58
23 25 47 27 34 28
23 26 61 66 56 40
23 27 33 34 71 45
23 28 92 5 43 23
23 29 26 58 70 75
23 30 2 62 50 53
23 31 42 29 31 74
23 32 40 46 34 53
23 33 35 63 33 47
23 34 28 38 77 84
23 35 60 63 24 25
23 36 68 25 32 51
23 37 11 57 58 71
23 38 36 45 73 32
23 39 36 79 67 56
23 40 22 83 65 63
23 41 38 66 67 79
23 42 91 30 50 6
23 43 51 71 63 28
23 44 99 4 2 28
23 45 96 29 18 47
23 46 80 55 31 10
23 47 98 48 32 34
23 48 83 27 35 34
23 49 1 78 56 65
23 50 1 69 65 61
23 51 51 36 42 49
23 52 54 38 68 42
23 53 93 21 37 51
23 54 6 78 56 49
23 55 97 36 35 26
23 56 64 42 28 56
23 57 40 35 71 47
23 58 2 68 69 77
23 59 80 33 45 27
23 60 80 41 53 50
23 61 31 64 42 57
23 62 32 67 70 69
23 63 66 26 42 47
23 64 46 38 64 69
23 65 26 52 81 69
23 66 43 44 37 55
23 67 9 56 62 76
23 68 35 69 34 59
23 69 42 74 76 60
23 70 69 54 49 62
23 71 99 25 47 4
23 72 21 65 76 54
23 73 39 42 65 67
23 74 32 78 66 54
23 75 70 40 16 19
23 76 80 18 26 19
23 77 80 59 55 34
23 78 24 49 53 77
23 79 68 22 64 43
23 80 88 52 19 48
23 81 78 28 23 16
23 82 33 78 42 55
23 83 98 7 17 23
23 84 30 63 62 81
23 85 56 61 26 69
23 86 29 42 61 65
23 87 66 33 28 33
23 88 86 21 51 22
23 89 87 24 36 10
23 90 0 93 49 51
23 91 2 70 52 65
23 92 38 38 54 44
23 93 82 53 40 30
23 94 45 28 68 71
23 95 65 59 45 51
23 96 99 42 45 41
23 97 84 30 34 23
23 98 33 45 78 52
23 99 45 51 44 32
24 25 45 48 31 31
24 26 64 30 25 46
24 27 77 22 43 13
24 28 10 73 52 86
24 29 0 62 86 52
24 30 30 40 40 70
24 31 49 65 54 41
24 32 47 44 69 54
24 33 40 74 41 32
24 34 99 5 13 31
24 35 24 79 75 62
24 36 69 49 24 21
24 37 33 36 75 54
24 38 22 64 40 76
24 39 37 75 58 65
24 40 60 35 39 56
24 41 80 29 46 12
24 42 18 67 47 50
24 43 66 37 36 25
24 44 29 59 55 65
24 45 35 74 44 65
24 46 99 20 6 10
24 47 50 54 54 44
24 48 40 76 36 70
24 49 87 51 39 40
24 50 86 14 41 32
24 51 12 53 80 48
24 52 65 42 55 61
24 53 23 53 38 54
24 54 35 39 60 55
24 55 48 48 38 44
24 56 94 29 46 44
24 57 26 51 43 77
24 58 71 15 20 46
24 59 84 41 44 56
24 60 94 23 10 15
24 61 44 48 59 57
24 62 0 95 85 94
24 63 15 65 52 59
24 64 3 67 72 94
24 65 75 28 61 14
24 66 25 59 49 86
24 67 91 48 25 30
24 68 70 29 35 21
24 69 21 49 81 60
24 70 68 42 54 35
24 71 5 68 52 73
24 72 94 30 25 37
24 73 24 65 58 51
24 74 88 45 27 18
24 75 68 58 15 23
24 76 80 16 19 24
24 77 70 59 50 50
24 78 61 23 36 42
24 79 46 66 76 74
24 80 98 11 1 39
24 81 61 20 31 37
24 82 94 10 19 29
24 83 68 38 43 47
24 84 11 73 71 91
24 85 7 81 64 71
24 86 75 44 58 31
24 87 18 58 52 65
24 88 65 34 67 20
24 89 9 51 61 91
24 90 59 23 62 46
24 91 53 55 65 63
24 92 21 48 63 48
24 93 2 86 91 80
24 94 3 69 74 49
24 95 75 36 28 36
24 96 2 58 52 76
24 97 86 12 16 31
24 98 29 53 59 36
24 99 10 93 53 66
25 26 98 29 28 19
25 27 96 17 22 44
25 28 76 18 13 27
25 29 98 34 2 2
25 30 57 48 57 31
25 31 56 67 47 37
25 32 19 62 81 65
25 33 57 36 38 30
25 34 24 77 57 72
25 35 62 19 19 25
25 36 98 27 20 29
25 37 83 37 54 57
25 38 17 50 58 72
25 39 49 66 70 42
25 40 76 36 44 60
25 41 48 53 58 69
25 42 16 84 70 86
25 43 44 52 43 51
25 44 17 75 51 83
25 45 87 46 51 48
25 46 13 78 48 52
25 47 94 17 4 36
25 48 32 49 51 69
25 49 88 33 48 33
25 50 53 68 58 72
25 51 21 48 44 50
25 52 72 60 26 25
25 53 78 60 31 24
25 54 89 16 22 27
25 55 72 36 62 36
25 56 71 55 35 27
25 57 61 43 23 42
25 58 99 37 1 33
25 59 23 52 62 85
25 60 97 25 48 29
25 61 4 87 96 71
25 62 77 39 18 52
25 63 62 68 39 23
25 64 19 47 61 43
25 65 5 47 58 91
25 66 53 27 68 50
25 67 50 30 57 24
25 68 46 72 54 72
25 69 24 45 79 72
25 70 21 68 51 62
25 71 32 62 44 83
25 72 86 7 11 56
25 73 91 49 15 40
25 74 22 85 51 68
25 75 0 68 75 71
25 76 56 43 23 65
25 77 72 57 34 58
25 78 73 44 30 28
25 79 79 20 30 31
25 80 18 58 53 60
25 81 38 31 63 37
25 82 49 37 60 55
25 83 68 55 40 47
25 84 20 54 60 61
25 85 64 51 56 46
25 86 90 7 21 45
25 87 72 58 37 16
25 88 7 66 83 87
25 89 67 20 50 32
25 90 95 39 40 33
25 91 85 53 7 56
25 92 2 95 59 83
25 93 7 72 95 69
25 94 32 69 71 55
25 95 4 82 75 84
25 96 5 83 47 67
25 97 55 33 49 56
25 98 2 62 61 89
25 99 1 93 76 98
26 27 19 76 74 57
26 28 36 69 39 70
26 29 75 59 40 33
26 30 62 24 44 61
26 31 13 84 72 53
26 32 53 25 41 68
26 33 95 36 30 39
26 34 28 44 82 74
26 35 90 35 12 38
26 36 83 9 32 40
26 37 28 58 41 36
26 38 90 18 20 27
26 39 24 78 74 58
26 40 15 53 48 58
26 41 77 19 20 43
26 42 35 50 80 68
26 43 29 73 69 43
26 44 84 54 12 57
26 45 56 37 53 56
26 46 87 49 7 43
26 47 86 8 16 48
26 48 96 17 10 46
26 49 45 72 36 43
26 50 89 50 53 30
26 51 86 19 25 54
26 52 85 47 45 48
26 53 17 77 89 50
26 54 54 48 33 42
26 55 47 56 30 49
26 56 7 94 71 89
26 57 53 57 66 39
26 58 66 66 31 25
26 59 96 48 29 7
26 60 92 49 6 5
26 61 91 46 8 33
26 62 56 59 68 35
26 63 26 63 55 45
26 64 36 67 37 49
26 65 64 48 51 42
26 66 17 70 85 41
26 67 61 34 58 46
26 68 83 13 43 45
26 69 18 45 78 75
26 70 86 42 10 12
26 71 62 24 51 46
26 72 91 35 31 5
26 73 50 38 32 63
26 74 20 87 59 62
26 75 8 93 68 94
26 76 44 50 41 55
26 77 50 48 35 32
26 78 25 56 60 75
26 79 27 45 70 59
26 80 47 50 27 44
26 81 36 47 37 78
26 82 31 73 77 58
26 83 80 48 44 45
26 84 75 24 16 33
26 85 75 48 36 12
26 86 80 13 28 17
26 87 97 44 29 4
26 88 54 40 45 34
26 89 93 45 4 48
26 90 0 55 79 98
26 91 43 37 45 57
26 92 44 51 54 45
26 93 17 86 54 45
26 94 42 38 40 59
26 95 75 41 40 52
26 96 41 74 74 33
26 97 85 35 23 28
26 98 79 59 36 18
26 99 58 23 20 59
27 28 11 73 70 60
27 29 85 37 8 51
27 30 29 82 77 52
27 31 71 63 29 55
27 32 35 52 77 32
27 33 86 40 30 42
27 34 2 78 69 84
27 35 85 14 23 54
27 36 70 53 28 26
27 37 26 48 53 83
27 38 39 62 65 36
27 39 56 43 58 21
27 40 79 13 33 49
27 41 52 46 53 71
27 42 53 67 72 39
27 43 38 57 54 65
27 44 51 58 65 28
27 45 70 30 19 38
27 46 1 50 58 86
27 47 62 23 51 68
27 48 37 64 62 61
27 49 86 31 15 51
27 50 46 30 27 51
27 51 62 56 52 50
27 52 65 47 31 65
27 53 65 44 35 44
27 54 88 53 20 9
27 55 40 76 52 61
27 56 42 66 53 56
27 57 44 52 66 68
27 58 79 53 54 35
27 59 18 43 89 50
27 60 6 93 93 57
27 61 88 13 41 41
27 62 98 27 23 37
27 63 86 19 9 15
27 64 87 24 25 42
27 65 8 45 88 78
27 66 13 86 63 45
27 67 27 70 64 66
27 68 0 95 83 95
27 69 57 51 25 61
27 70 52 72 55 29
27 71 45 69 55 73
27 72 23 64 58 66
27 73 55 70 41 67
27 74 4 83 65 66
27 75 54 48 34 30
27 76 65 28 24 45
27 77 90 35 18 15
27 78 70 29 22 31
27 79 95 41 21 15
27 80 74 42 36 44
27 81 73 47 60 35
27 82 37 73 57 35
27 83 71 43 36 43
27 84 30 43 45 71
27 85 62 61 44 43
27 86 92 26 16 38
27 87 53 42 67 25
27 88 85 30 21 27
27 89 4 88 66 71
27 90 26 60 55 49
27 91 71 17 59 26
27 92 57 57 30 60
27 93 7 90 93 91
27 94 12 47 76 54
27 95 52 50 23 36
27 96 78 35 48 15
27 97 14 76 74 58
27 98 14 63 77 84
27 99 68 34 17 52
28 29 93 52 35 26
28 30 81 12 44 38
28 31 65 28 17 40
28 32 36 38 72 63
28 33 56 64 33 52
28 34 83 41 34 48
28 35 46 71 30 28
28 36 81 34 53 28
28 37 37 44 81 67
28 38 54 64 35 47
28 39 57 30 31 42
28 40 44 55 31 63
28 41 61 28 57 67
28 42 54 56 43 35
28 43 66 54 37 48
28 44 78 46 45 23
28 45 25 39 73 41
28 46 0 55 50 90
28 47 11 66 74 69
28 48 37 63 47 46
28 49 74 59 59 16
28 50 32 76 34 36
28 51 93 41 7 49
28 52 3 94 48 58
28 53 34 81 59 55
28 54 94 51 5 42
28 55 86 19 11 10
28 56 66 24 63 44
28 57 86 14 44 39
28 58 57 36 46 26
28 59 91 19 25 15
28 60 99 36 12 34
28 61 38 67 48 67
28 62 78 54 30 13
28 63 25 79 50 85
28 64 63 30 22 50
28 65 32 74 75 34
28 66 96 37 27 29
28 67 27 36 42 43
28 68 22 79 80 51
28 69 50 30 46 63
28 70 80 22 53 47
28 71 80 50 43 19
28 72 9 77 70 65
28 73 69 57 35 39
28 74 32 44 48 81
28 75 16 76 66 65
28 76 34 74 80 38
28 77 92 52 28 48
28 78 20 44 40 48
28 79 39 41 65 42
28 80 38 70 71 51
28 81 55 70 50 44
28 82 15 44 51 45
28 83 62 56 57 58
28 84 94 30 26 26
28 85 70 45 44 58
28 86 32 80 73 79
28 87 21 46 79 42
28 88 16 78 76 77
28 89 45 40 46 41
28 90 41 58 31 59
28 91 50 50 55 35
28 92 84 21 41 35
28 93 73 51 19 29
28 94 96 45 11 29
28 95 53 56 65 67
28 96 91 37 26 9
28 97 44 30 48 62
28 98 87 13 27 36
28 99 78 44 44 26
29 30 2 70 77 56
29 31 24 74 86 40
29 32 9 63 75 50
29 33 37 55 79 44
29 34 24 83 61 57
29 35 17 88 48 69
29 36 64 42 30 25
29 37 67 28 22 46
29 38 64 25 64 38
29 39 91 38 51 16
29 40 58 29 36 21
29 41 82 50 29 19
29 42 90 48 43 40
29 43 43 38 62 41
29 44 27 85 82 58
29 45 21 65 60 77
29 46 32 61 73 78
29 47 14 73 72 44
29 48 57 55 45 64
29 49 89 9 25 26
29 50 35 39 43 79
29 51 11 52 46 48
29 52 10 50 83 83
29 53 57 52 34 31
29 54 66 60 56 59
29 55 11 54 91 81
29 56 78 43 59 21
29 57 51 46 68 35
29 58 21 68 74 41
29 59 98 10 11 33
29 60 44 32 70 55
29 61 67 24 53 34
29 62 23 84 77 54
29 63 96 32 20 25
29 64 79 44 21 23
29 65 23 48 77 65
29 66 5 62 67 90
29 67 77 38 39 18
29 68 34 76 53 67
29 69 68 19 23 61
29 70 25 38 42 47
29 71 99 33 6 38
29 72 87 25 9 40
29 73 0 56 63 59
29 74 12 57 49 85
29 75 55 54 40 38
29 76 2 52 93 70
29 77 62 31 47 35
29 78 59 69 66 42
29 79 60 24 31 62
29 80 78 37 16 18
29 81 53 68 48 28
29 82 16 69 59 78
29 83 14 53 60 90
29 84 79 18 30 44
29 85 92 26 43 44
29 86 60 34 62 57
29 87 1 99 75 51
29 88 34 36 48 75
29 89 55 49 67 23
29 90 38 41 48 36
29 91 0 67 77 70
29 92 17 68 86 82
29 93 18 75 80 71
29 94 40 50 35 35
29 95 8 57 65 73
29 96 32 66 82 59
29 97 73 55 19 54
29 98 35 35 62 43
29 99 0 66 62 70
30 31 69 32 58 53
30 32 68 27 48 32
30 33 6 96 91 67
30 34 1 56 56 76
30 35 16 59 80 89
30 36 29 50 63 50
30 37 45 33 62 75
30 38 20 67 52 71
30 39 19 74 47 70
30 40 26 64 52 75
30 41 53 71 33 61
30 42 99 36 25 15
30 43 51 32 54 47
30 44 92 22 6 10
30 45 27 68 68 81
30 46 88 38 23 32
30 47 29 47 43 73
30 48 86 17 11 56
30 49 70 21 37 59
30 50 37 71 59 53
30 51 40 49 31 41
30 52 59 44 20 39
30 53 81 28 17 46
30 54 74 45 34 28
30 55 25 74 72 71
30 56 35 34 51 67
30 57 21 47 39 78
30 58 66 43 60 28
30 59 89 52 31 9
30 60 45 47 39 32
30 61 71 34 52 15
30 62 52 35 35 34
30 63 26 64 56 53
30 64 24 59 50 75
30 65 96 33 36 41
30 66 92 43 29 44
30 67 55 41 63 72
30 68 83 40 15 13
30 69 17 73 70 86
30 70 58 34 36 21
30 71 40 39 74 74
30 72 43 34 65 62
30 73 16 70 59 79
30 74 50 42 47 34
30 75 45 66 29 72
30 76 69 25 43 50
30 77 58 64 20 47
30 78 30 74 67 37
30 79 38 67 66 73
30 80 31 72 64 55
30 81 32 45 82 41
30 82 95 8 16 28
30 83 74 13 58 62
30 84 25 79 43 76
30 85 93 46 49 23
30 86 83 54 49 34
30 87 10 72 67 94
30 88 94 51 27 47
30 89 75 46 42 61
30 90 7 67 49 53
30 91 53 29 60 36
30 92 58 34 35 27
30 93 45 40 75 30
30 94 11 48 76 71
30 95 14 47 54 60
30 96 1 93 65 70
30 97 75 58 20 47
30 98 58 38 42 68
30 99 39 30 52 49
31 32 64 29 24 36
31 33 7 61 75 70
31 34 83 22 51 36
31 35 86 31 31 51
31 36 11 69 65 79
31 37 89 13 21 49
31 38 50 29 28 68
31 39 60 22 23 63
31 40 86 45 49 13
31 41 84 28 56 15
31 42 28 73 55 64
31 43 6 94 85 68
31 44 38 33 41 61
31 45 27 37 58 82
31 46 3 87 94 75
31 47 6 77 95 91
31 48 47 28 36 54
31 49 15 75 61 53
31 50 31 48 50 42
31 51 21 44 53 53
31 52 35 52 59 74
31 53 66 61 45 35
31 54 35 77 36 56
31 55 18 83 59 82
31 56 65 44 24 63
31 57 77 48 44 29
31 58 46 38 30 64
31 59 66 28 22 35
31 60 0 51 67 57
31 61 97 13 8 21
31 62 4 60 54 81
31 63 59 66 22 47
31 64 70 31 48 49
31 65 63 42 28 34
31 66 31 73 37 80
31 67 63 47 32 30
31 68 37 41 81 75
31 69 34 61 70 72
31 70 10 45 77 89
31 71 19 80 48 63
31 72 8 84 65 83
31 73 21 72 71 78
31 74 79 31 45 27
31 75 71 41 44 20
31 76 86 52 40 21
31 77 56 23 61 55
31 78 87 53 41 45
31 79 81 56 52 45
31 80 95 22 23 46
31 81 49 46 28 71
31 82 43 57 56 28
31 83 53 34 52 70
31 84 91 37 54 12
31 85 14 56 46 85
31 86 69 53 37 51
31 87 24 52 82 59
31 88 97 26 44 7
31 89 73 49 30 51
31 90 15 72 72 42
31 91 32 48 63 50
31 92 96 38 31 6
31 93 90 15 45 42
31 94 94 28 36 4
31 95 55 70 57 35
31 96 59 64 69 57
31 97 15 59 80 84
31 98 18 71 46 71
31 99 11 64 56 55
32 33 96 26 11 29
32 34 61 59 24 65
32 35 35 70 74 73
32 36 45 74 66 58
32 37 11 89 53 85
32 38 24 81 79 78
32 39 45 63 54 43
32 40 77 35 57 15
32 41 42 52 58 37
32 42 80 28 28 57
32 43 90 42 45 25
32 44 72 52 58 57
32 45 61 30 31 29
32 46 70 44 42 25
32 47 37 45 77 72
32 48 48 30 27 68
32 49 70 51 51 48
32 50 96 3 25 31
32 51 18 47 68 86
32 52 95 15 25 11
32 53 1 65 59 75
32 54 1 83 63 57
32 55 49 71 53 56
32 56 24 60 40 78
32 57 97 19 38 8
32 58 6 90 64 73
32 59 69 21 64 62
32 60 11 66 47 55
32 61 76 32 51 18
32 62 7 60 57 65
32 63 82 26 53 51
32 64 76 51 18 30
32 65 58 65 29 47
32 66 21 43 50 53
32 67 9 53 50 59
32 68 56 42 60 52
32 69 25 73 70 67
32 70 96 33 9 14
32 71 20 86 85 70
32 72 61 27 33 31
32 73 98 43 25 23
32 74 33 65 74 45
32 75 31 83 56 79
32 76 92 30 50 46
32 77 32 53 55 72
32 78 12 52 82 49
32 79 21 70 69 62
32 80 30 82 47 79
32 81 35 69 51 32
32 82 35 43 36 80
32 83 40 72 71 58
32 84 86 26 38 21
32 85 75 32 56 56
32 86 99 44 22 46
32 87 94 47 12 3
32 88 27 58 78 53
32 89 95 45 40 7
32 90 27 46 36 45
32 91 10 58 66 59
32 92 76 46 32 41
32 93 86 19 23 44
32 94 83 24 50 23
32 95 69 40 16 61
32 96 7 64 81 49
32 97 60 45 69 37
32 98 30 39 81 65
32 99 56 31 56 45
33 34 31 82 78 64
33 35 18 68 41 72
33 36 98 11 36 36
33 37 28 76 43 57
33 38 6 67 96 52
33 39 75 37 34 18
33 40 10 44 46 60
33 41 33 38 71 46
33 42 22 78 79 47
33 43 60 55 40 52
33 44 27 60 41 72
33 45 68 19 26 24
33 46 11 72 49 84
33 47 40 47 46 45
33 48 48 33 33 54
33 49 47 66 59 55
33 50 92 8 25 38
33 51 90 54 27 37
33 52 43 36 57 36
33 53 87 10 10 44
33 54 18 83 42 69
33 55 3 60 71 79
33 56 18 51 46 52
33 57 95 32 9 22
33 58 54 30 41 27
33 59 18 41 74 62
33 60 44 62 33 59
33 61 57 65 26 37
33 62 50 63 60 69
33 63 68 25 55 42
33 64 93 22 26 28
33 65 86 25 49 55
33 66 52 40 48 47
33 67 42 32 73 29
33 68 37 54 53 38
33 69 19 47 76 77
33 70 16 78 42 48
33 71 99 44 46 38
33 72 64 29 39 51
33 73 22 63 82 76
33 74 20 40 80 63
33 75 60 64 20 45
33 76 82 47 40 21
33 77 36 35 68 57
33 78 23 75 69 43
33 79 86 53 38 33
33 80 23 65 54 49
33 81 61 45 51 30
33 82 75 23 28 48
33 83 57 40 58 68
33 84 76 60 14 38
33 85 25 47 69 41
33 86 56 56 53 54
33 87 60 63 59 29
33 88 9 57 51 49
33 89 67 18 37 21
33 90 42 37 37 46
33 91 90 14 30 12
33 92 61 51 52 58
33 93 12 58 89 87
33 94 96 40 50 17
33 95 59 62 39 70
33 96 28 77 37 45
33 97 27 65 64 66
33 98 96 3 45 19
33 99 68 58 63 21
34 35 14 87 60 59
34 36 23 86 70 86
34 37 40 57 69 47
34 38 33 73 63 65
34 39 11 71 60 86
34 40 66 41 60 31
34 41 2 65 91 53
34 42 32 61 57 75
34 43 27 85 43 77
34 44 7 79 76 54
34 45 96 28 34 37
34 46 2 67 82 98
34 47 42 70 51 56
34 48 79 53 49 19
34 49 80 27 19 15
34 50 92 23 42 35
34 51 92 36 50 27
34 52 93 24 20 12
34 53 89 36 38 18
34 54 94 22 42 7
34 55 13 65 84 58
34 56 50 61 73 45
34 57 26 81 51 40
34 58 73 30 28 51
34 59 96 17 48 22
34 60 51 63 55 60
34 61 20 48 61 80
34 62 54 59 48 23
34 63 40 42 46 43
34 64 20 80 59 46
34 65 46 46 72 55
34 66 96 45 45 46
34 67 76 18 47 23
34 68 75 62 25 20
34 69 70 49 40 60
34 70 86 55 13 40
34 71 47 54 51 61
34 72 40 31 48 57
34 73 73 57 28 53
34 74 39 66 49 53
34 75 95 16 28 10
34 76 5 70 58 87
34 77 80 16 22 59
34 78 86 46 43 44
34 79 69 25 52 38
34 80 54 29 23 49
34 81 51 31 67 70
34 82 24 84 78 71
34 83 9 91 49 81
34 84 31 72 58 47
34 85 99 38 3 46
34 86 63 25 58 67
34 87 23 72 73 60
34 88 22 49 67 73
34 89 16 88 77 50
34 90 30 47 66 80
34 91 88 50 48 19
34 92 9 84 69 48
34 93 16 60 80 78
34 94 97 22 29 20
34 95 40 53 40 44
34 96 24 84 71 79
34 97 37 43 75 78
34 98 31 68 50 45
34 99 49 30 73 44
35 36 50 64 32 47
35 37 1 55 84 97
35 38 17 86 88 85
35 39 27 52 40 78
35 40 77 14 20 37
35 41 32 55 37 40
35 42 26 45 66 85
35 43 8 88 79 67
35 44 15 46 62 61
35 45 82 28 37 21
35 46 99 30 34 7
35 47 55 31 45 22
35 48 40 57 69 67
35 49 75 54 15 19
35 50 0 79 88 68
35 51 92 52 10 31
35 52 79 32 43 16
35 53 89 23 9 24
35 54 68 64 35 23
35 55 76 60 13 40
35 56 65 49 32 26
35 57 71 49 18 46
35 58 64 29 57 42
35 59 80 52 29 27
35 60 14 56 66 73
35 61 46 29 70 71
35 62 56 48 30 32
35 63 20 78 81 49
35 64 89 51 43 9
35 65 57 44 42 51
35 66 90 30 24 12
35 67 84 38 14 30
35 68 41 70 53 45
35 69 53 52 26 44
35 70 0 64 86 65
35 71 68 42 46 26
35 72 95 43 31 10
35 73 20 65 47 43
35 74 55 46 64 35
35 75 16 88 58 76
35 76 55 22 38 24
35 77 52 63 28 37
35 78 52 41 41 65
35 79 1 71 61 75
35 80 87 41 27 55
35 81 48 29 26 32
35 82 80 29 55 24
35 83 14 66 80 59
35 84 5 63 70 81
35 85 21 71 60 46
35 86 13 79 54 75
35 87 38 38 32 72
35 88 45 51 50 41
35 89 15 47 60 69
35 90 44 33 72 65
35 91 31 78 83 53
35 92 90 6 33 7
35 93 23 55 75 44
35 94 75 16 47 17
35 95 18 58 83 70
35 96 67 29 21 17
35 97 95 47 43 12
35 98 12 77 79 70
35 99 83 11 49 19
36 37 36 37 77 41
36 38 63 57 20 62
36 39 55 37 65 61
36 40 16 82 48 66
36 41 38 69 77 75
36 42 71 28 37 15
36 43 97 7 48 31
36 44 65 61 24 62
36 45 44 31 66 67
36 46 41 63 48 42
36 47 28 71 56 41
36 48 9 69 71 84
36 49 77 46 38 34
36 50 63 27 51 47
36 51 53 31 32 50
36 52 81 56 22 17
36 53 53 42 70 61
36 54 97 11 38 9
36 55 83 12 31 38
36 56 68 47 61 30
36 57 30 61 42 63
36 58 58 62 65 49
36 59 28 81 77 48
36 60 74 20 18 15
36 61 60 52 48 63
36 62 86 53 46 31
36 63 40 50 48 75
36 64 94 20 6 30
36 65 64 43 40 46
36 66 25 39 72 47
36 67 3 88 69 76
36 68 40 78 67 54
36 69 35 53 50 50
36 70 34 68 51 75
36 71 65 34 30 45
36 72 59 38 57 53
36 73 96 17 44 35
36 74 97 11 30 49
36 75 40 70 43 35
36 76 88 8 43 42
36 77 98 46 5 32
36 78 52 64 39 28
36 79 53 29 34 48
36 80 98 6 22 17
36 81 66 20 38 56
36 82 91 51 42 52
36 83 90 10 6 39
36 84 46 61 46 43
36 85 35 73 71 74
36 86 69 47 64 38
36 87 52 48 38 26
36 88 30 53 55 65
36 89 35 43 42 38
36 90 13 57 88 56
36 91 79 48 49 16
36 92 97 42 40 25
36 93 71 32 46 59
36 94 85 18 48 11
36 95 46 59 66 66
36 96 17 57 81 55
36 97 17 77 75 90
36 98 67 60 53 27
36 99 13 77 44 47
37 38 54 36 28 69
37 39 39 47 39 43
37 40 3 62 73 67
37 41 48 70 32 45
37 42 69 41 45 64
37 43 0 95 76 99
37 44 71 28 48 50
37 45 37 38 70 44
37 46 30 76 50 53
37 47 60 39 30 45
37 48 61 44 44 46
37 49 39 68 64 39
37 50 94 30 19 33
37 51 69 52 20 17
37 52 33 34 37 51
37 53 88 22 49 32
37 54 12 51 47 60
37 55 13 53 64 71
37 56 92 27 41 33
37 57 34 45 48 44
37 58 8 56 50 63
37 59 63 58 59 28
37 60 79 17 37 11
37 61 56 51 28 50
37 62 9 54 74 80
37 63 96 9 13 36
37 64 19 40 44 47
37 65 92 45 21 38
37 66 1 87 97 81
37 67 8 88 49 54
37 68 40 55 61 40
37 69 12 75 73 81
37 70 48 73 44 35
37 71 19 42 65 73
37 72 89 54 48 52
37 73 1 62 92 69
37 74 90 11 42 7
37 75 76 49 54 30
37 76 74 51 38 61
37 77 75 58 24 14
37 78 21 66 44 77
37 79 29 70 47 60
37 80 24 56 71 78
37 81 38 69 34 78
37 82 37 76 36 74
37 83 56 41 50 69
37 84 66 65 63 19
37 85 24 49 71 43
37 86 21 80 68 59
37 87 95 49 25 36
37 88 18 73 58 46
37 89 16 50 55 65
37 90 80 54 15 49
37 91 92 48 21 18
37 92 36 76 44 66
37 93 76 40 17 45
37 94 23 53 55 61
37 95 4 55 88 93
37 96 95 33 50 5
37 97 40 47 42 57
37 98 25 73 69 75
37 99 59 30 64 29
38 39 40 66 32 71
38 40 82 20 56 23
38 41 39 42 68 51
38 42 81 17 11 35
38 43 65 58 49 31
38 44 19 62 81 58
38 45 56 30 65 31
38 46 24 81 87 50
38 47 87 44 25 16
38 48 50 50 55 67
38 49 86 7 38 22
38 50 0 99 51 67
38 51 91 49 50 37
38 52 4 49 95 66
38 53 11 45 46 59
38 54 17 85 75 55
38 55 29 78 43 60
38 56 50 57 39 52
38 57 29 51 52 50
38 58 21 83 43 78
38 59 19 40 86 82
38 60 51 66 46 63
38 61 52 65 35 42
38 62 82 49 17 23
38 63 49 74 57 54
38 64 12 90 44 52
38 65 9 64 47 59
38 66 43 70 44 60
38 67 0 56 90 69
38 68 94 18 38 10
38 69 37 65 68 53
38 70 43 66 39 56
38 71 89 40 35 20
38 72 87 46 45 53
38 73 97 11 22 46
38 74 66 19 45 17
38 75 69 37 35 27
38 76 38 78 42 57
38 77 9 46 50 80
38 78 95 32 24 45
38 79 27 43 67 75
38 80 40 53 30 53
38 81 49 47 75 66
38 82 79 37 30 25
38 83 28 58 59 47
38 84 27 58 39 72
38 85 82 20 49 56
38 86 60 58 54 40
38 87 55 33 36 57
38 88 47 27 50 62
38 89 87 54 22 31
38 90 93 51 6 4
38 91 24 65 65 46
38 92 53 46 29 67
38 93 76 31 42 28
38 94 56 38 29 47
38 95 52 24 26 34
38 96 98 30 24 12
38 97 80 26 41 39
38 98 48 63 45 64
38 99 89 15 52 26
39 40 76 55 47 43
39 41 50 29 60 27
39 42 67 39 33 35
39 43 51 68 65 69
39 44 52 48 65 47
39 45 10 61 48 47
39 46 28 80 37 57
39 47 22 72 63 67
39 48 64 67 31 54
39 49 11 56 59 89
39 50 26 80 68 74
39 51 18 50 88 69
39 52 90 37 15 11
39 53 1 79 98 82
39 54 37 52 69 60
39 55 78 52 56 45
39 56 71 52 47 43
39 57 88 8 21 31
39 58 33 67 50 49
39 59 84 19 52 47
39 60 62 19 24 67
39 61 9 73 59 92
39 62 78 58 56 56
39 63 16 71 71 82
39 64 99 19 15 49
39 65 16 44 66 60
39 66 42 50 51 45
39 67 92 24 31 26
39 68 27 79 84 39
39 69 33 79 79 77
39 70 85 31 51 20
39 71 85 52 44 53
39 72 56 23 55 49
39 73 28 36 41 63
39 74 64 64 34 62
39 75 9 76 64 88
39 76 68 55 50 38
39 77 73 33 58 22
39 78 61 25 58 25
39 79 91 42 15 53
39 80 75 20 12 19
39 81 34 77 33 60
39 82 79 17 39 52
39 83 76 25 52 54
39 84 19 49 82 75
39 85 66 43 32 39
39 86 33 62 58 44
39 87 18 60 52 81
39 88 16 58 77 58
39 89 14 85 45 47
39 90 24 85 75 44
39 91 50 43 61 34
39 92 97 19 45 13
39 93 23 42 83 58
39 94 68 41 16 27
39 95 45 58 49 36
39 96 55 54 44 30
39 97 92 24 43 15
39 98 41 72 75 53
39 99 78 49 54 40
40 41 85 11 39 55
40 42 40 69 72 42
40 43 34 58 65 36
40 44 13 90 73 64
40 45 96 17 38 20
40 46 77 40 12 49
40 47 70 39 48 19
40 48 66 58 49 23
40 49 54 69 43 39
40 50 65 56 61 57
40 51 72 41 37 27
40 52 40 61 30 33
40 53 29 45 70 69
40 54 56 29 49 62
40 55 88 36 42 29
40 56 49 62 34 26
40 57 60 65 48 63
40 58 58 48 59 36
40 59 70 40 64 44
40 60 44 47 55 73
40 61 73 18 32 31
40 62 41 29 77 58
40 63 49 63 73 69
40 64 91 4 39 21
40 65 52 45 37 33
40 66 70 61 55 36
40 67 53 55 69 53
40 68 76 36 40 37
40 69 60 36 48 35
40 70 61 44 69 55
40 71 60 31 27 40
40 72 54 58 47 72
40 73 18 66 49 42
40 74 79 43 28 17
40 75 26 58 84 61
40 76 59 49 40 33
40 77 18 76 77 61
40 78 9 68 88 77
40 79 98 25 47 28
40 80 77 33 45 23
40 81 53 23 70 50
40 82 35 50 38 65
40 83 45 67 63 69
40 84 30 39 75 71
40 85 97 50 23 20
40 86 0 66 68 95
40 87 97 30 9 4
40 88 12 83 73 56
40 89 79 11 48 28
40 90 61 57 50 19
40 91 46 31 62 30
40 92 11 51 65 53
40 93 33 62 34 80
40 94 46 47 27 69
40 95 19 82 66 62
40 96 46 75 56 31
40 97 35 68 73 36
40 98 59 26 66 48
40 99 80 55 30 51
41 42 22 44 52 57
41 43 65 43 32 24
41 44 2 86 96 56
41 45 74 16 18 51
41 46 94 33 32 49
41 47 66 38 43 49
41 48 46 51 30 48
41 49 74 17 14 38
41 50 70 54 26 18
41 51 71 22 27 21
41 52 54 46 31 60
41 53 49 65 61 32
41 54 37 37 65 37
41 55 88 16 6 55
41 56 42 35 78 29
41 57 65 30 31 51
41 58 87 28 45 39
41 59 94 29 38 16
41 60 40 43 31 34
41 61 91 49 47 47
41 62 15 69 88 60
41 63 42 68 62 48
41 64 77 52 40 35
41 65 9 90 67 84
41 66 79 42 40 59
41 67 6 78 87 93
41 68 98 24 4 1
41 69 4 96 48 76
41 70 6 90 78 51
41 71 46 32 28 52
41 72 59 67 33 53
41 73 33 50 68 44
41 74 40 37 43 62
41 75 67 37 61 57
41 76 74 54 15 14
41 77 37 49 61 53
41 78 63 58 65 56
41 79 30 80 56 56
41 80 93 8 50 27
41 81 77 60 51 57
41 82 82 9 50 21
41 83 54 47 62 26
41 84 73 61 19 46
41 85 63 34 36 29
41 86 90 19 19 34
41 87 8 53 92 58
41 88 45 60 63 73
41 89 19 70 70 71
41 90 48 70 63 47
41 91 91 21 15 44
41 92 39 52 47 55
41 93 72 60 54 20
41 94 84 8 17 50
41 95 8 49 56 70
41 96 9 54 91 78
41 97 13 78 88 87
41 98 47 38 52 35
41 99 62 34 39 25
42 43 73 20 50 46
42 44 34 74 64 49
42 45 8 67 87 48
42 46 73 51 30 40
42 47 51 29 61 51
42 48 99 35 49 5
42 49 24 59 74 85
42 50 16 47 90 60
42 51 27 53 52 60
42 52 84 29 44 37
42 53 45 76 70 50
42 54 21 40 69 57
42 55 15 79 60 72
42 56 61 50 31 51
42 57 99 37 38 21
42 58 27 66 38 82
42 59 11 66 92 51
42 60 17 89 57 72
42 61 87 44 19 23
42 62 99 37 25 44
42 63 91 44 46 21
42 64 61 69 24 30
42 65 15 46 82 44
42 66 10 75 49 60
42 67 82 31 28 53
42 68 90 28 49 37
42 69 58 67 47 65
42 70 70 22 29 62
42 71 22 56 39 83
42 72 18 79 78 80
42 73 29 82 43 75
42 74 73 47 25 31
42 75 91 25 14 24
42 76 56 71 24 25
42 77 39 44 33 69
42 78 53 43 61 30
42 79 3 49 57 71
42 80 23 56 71 77
42 81 20 55 40 71
42 82 82 55 29 49
42 83 71 30 46 22
42 84 93 47 52 52
42 85 29 73 63 58
42 86 6 62 52 77
42 87 96 48 49 37
42 88 20 61 41 72
42 89 90 36 36 12
42 90 34 76 65 49
42 91 10 83 52 50
42 92 58 50 42 22
42 93 9 64 67 65
42 94 35 78 80 60
42 95 27 71 65 72
42 96 85 37 31 37
42 97 19 61 43 72
42 98 96 38 31 27
42 99 14 71 87 47
43 44 97 33 2 19
43 45 1 62 60 86
43 46 39 35 32 38
43 47 11 51 83 86
43 48 37 43 31 52
43 49 96 37 23 31
43 50 66 59 55 52
43 51 47 48 59 29
43 52 93 14 26 12
43 53 7 91 73 71
43 54 22 68 80 87
43 55 23 72 59 55
43 56 46 56 28 34
43 57 99 33 9 27
43 58 73 41 52 17
43 59 24 42 77 57
43 60 73 51 16 53
43 61 79 27 29 13
43 62 86 7 25 17
43 63 79 25 19 22
43 64 25 80 37 57
43 65 85 12 22 21
43 66 61 36 30 46
43 67 78 19 16 20
43 68 42 57 38 37
43 69 58 66 43 47
43 70 47 37 62 65
43 71 99 41 14 34
43 72 21 88 48 56
43 73 21 88 60 70
43 74 23 71 59 43
43 75 59 35 25 36
43 76 21 82 81 62
43 77 30 49 38 51
43 78 96 40 11 49
43 79 76 18 25 12
43 80 23 71 51 40
43 81 18 41 51 65
43 82 39 63 77 41
43 83 51 37 34 33
43 84 6 86 62 90
43 85 87 47 13 45
43 86 28 46 78 61
43 87 59 29 28 54
43 88 25 61 75 77
43 89 91 38 16 50
43 90 21 73 78 68
43 91 29 66 42 60
43 92 34 67 53 34
43 93 68 27 25 30
43 94 10 64 83 49
43 95 12 68 79 60
43 96 14 75 67 70
43 97 17 65 61 77
43 98 77 14 27 41
43 99 89 30 37 19
44 45 73 56 29 28
44 46 36 45 34 66
44 47 7 92 58 89
44 48 86 8 44 51
44 49 78 29 41 25
44 50 61 64 64 31
44 51 68 18 20 25
44 52 30 51 53 83
44 53 76 54 41 34
44 54 42 65 30 53
44 55 73 51 45 42
44 56 9 50 54 56
44 57 90 42 43 24
44 58 73 45 39 43
44 59 98 20 10 29
44 60 89 38 38 20
44 61 96 50 11 40
44 62 15 48 47 68
44 63 85 38 54 46
44 64 50 31 42 59
44 65 63 24 33 31
44 66 99 25 4 24
44 67 64 45 59 51
44 68 55 24 71 36
44 69 28 39 81 73
44 70 24 87 50 53
44 71 34 68 71 45
44 72 21 43 48 84
44 73 62 37 44 23
44 74 85 40 32 23
44 75 53 66 47 26
44 76 61 53 57 29
44 77 18 55 71 83
44 78 24 49 74 57
44 79 50 63 36 72
44 80 56 27 44 46
44 81 61 29 48 59
44 82 39 63 67 73
44 83 95 3 3 14
44 84 47 40 47 56
44 85 25 68 47 78
44 86 77 42 49 56
44 87 0 61 79 85
44 88 14 44 49 84
44 89 89 52 8 30
44 90 49 33 70 39
44 91 33 64 82 50
44 92 14 49 73 44
44 93 95 12 42 2
44 94 49 75 64 56
44 95 37 73 53 57
44 96 7 62 95 58
44 97 20 54 85 65
44 98 44 52 50 76
44 99 66 46 34 60
45 46 39 75 42 38
45 47 48 55 52 71
45 48 91 50 32 36
45 49 21 70 77 40
45 50 81 17 37 51
45 51 66 32 17 62
45 52 3 90 52 65
45 53 94 43 20 26
45 54 82 58 17 55
45 55 80 47 54 50
45 56 77 48 52 17
45 57 48 49 54 65
45 58 41 38 31 31
45 59 56 65 56 25
45 60 22 51 47 83
45 61 29 74 39 65
45 62 98 45 2 42
45 63 83 46 40 14
45 64 69 24 58 17
45 65 33 40 63 68
45 66 5 57 79 83
45 67 19 67 44 54
45 68 11 74 59 51
45 69 11 85 69 67
45 70 23 75 77 71
45 71 85 51 24 30
45 72 13 80 76 66
45 73 75 17 49 29
45 74 51 39 38 48
45 75 0 83 87 97
45 76 81 9 23 39
45 77 75 30 18 46
45 78 23 80 57 50
45 79 65 29 43 29
45 80 54 37 24 40
45 81 34 44 60 42
45 82 85 7 25 11
45 83 49 58 71 30
45 84 89 38 47 10
45 85 61 41 45 45
45 86 13 51 62 70
45 87 47 28 56 47
45 88 6 95 52 81
45 89 47 55 54 49
45 90 15 64 60 60
45 91 50 40 28 73
45 92 4 70 88 74
45 93 40 65 60 78
45 94 35 56 37 77
45 95 9 68 79 84
45 96 21 78 70 55
45 97 84 22 10 36
45 98 14 70 77 42
45 99 18 85 70 43
46 47 56 34 71 46
46 48 21 73 72 56
46 49 25 51 65 84
46 50 52 70 24 48
46 51 13 45 47 79
46 52 81 21 38 32
46 53 49 40 41 46
46 54 49 49 48 68
46 55 1 92 70 95
46 56 97 34 38 5
46 57 62 66 53 22
46 58 75 37 49 44
46 59 55 47 62 29
46 60 76 22 26 49
46 61 90 21 18 13
46 62 83 46 17 54
46 63 10 72 84 75
46 64 18 41 58 82
46 65 70 34 36 43
46 66 56 26 53 21
46 67 89 9 40 13
46 68 99 2 49 28
46 69 24 42 82 48
46 70 91 11 20 51
46 71 61 66 60 31
46 72 4 68 91 78
46 73 71 48 32 16
46 74 4 84 92 62
46 75 13 60 80 74
46 76 10 88 83 64
46 77 31 48 36 84
46 78 16 43 61 70
46 79 1 59 79 96
46 80 70 43 15 64
46 81 54 52 25 69
46 82 77 14 25 32
46 83 64 34 60 22
46 84 93 10 51 39
46 85 91 18 12 37
46 86 54 52 64 41
46 87 7 81 96 80
46 88 70 35 27 32
46 89 43 71 38 73
46 90 24 65 87 65
46 91 65 33 48 53
46 92 24 82 57 47
46 93 70 18 22 51
46 94 25 69 75 54
46 95 52 38 52 71
46 96 40 46 52 69
46 97 29 65 62 57
46 98 75 21 47 24
46 99 94 47 25 11
47 48 25 76 75 54
47 49 63 66 37 66
47 50 32 57 38 56
47 51 25 47 86 45
47 52 5 63 87 96
47 53 14 60 89 85
47 54 12 84 81 55
47 55 31 43 83 39
47 56 92 17 34 21
47 57 84 26 20 51
47 58 36 68 55 33
47 59 53 37 52 58
47 60 13 63 45 69
47 61 14 59 64 43
47 62 60 25 66 32
47 63 92 18 31 20
47 64 26 43 66 50
47 65 11 56 93 75
47 66 9 64 54 87
47 67 48 47 37 29
47 68 63 39 52 35
47 69 55 66 37 23
47 70 35 61 42 61
47 71 17 87 50 64
47 72 13 91 44 84
47 73 31 35 38 72
47 74 20 52 67 65
47 75 68 44 27 27
47 76 11 84 54 69
47 77 55 30 63 65
47 78 49 57 58 44
47 79 44 46 66 52
47 80 3 59 85 82
47 81 5 61 64 84
47 82 97 31 24 22
47 83 38 65 73 31
47 84 25 37 48 73
47 85 4 51 80 90
47 86 62 48 44 45
47 87 8 64 76 63
47 88 93 35 38 15
47 89 98 2 35 29
47 90 71 18 48 62
47 91 40 54 64 30
47 92 60 38 49 63
47 93 62 37 57 27
47 94 96 45 26 26
47 95 39 31 57 48
47 96 47 44 48 66
47 97 30 68 81 73
47 98 43 48 34 55
47 99 78 33 31 11
48 49 27 54 66 82
48 50 31 70 56 73
48 51 98 28 31 5
48 52 99 2 6 49
48 53 95 50 26 51
48 54 26 82 42 66
48 55 87 50 45 23
48 56 79 37 26 49
48 57 13 55 69 60
48 58 10 62 60 93
48 59 14 72 54 45
48 60 9 74 47 53
48 61 30 53 67 73
48 62 34 36 36 78
48 63 23 83 46 53
48 64 19 72 48 69
48 65 61 22 44 53
48 66 29 82 59 58
48 67 90 52 33 17
48 68 80 57 21 42
48 69 23 51 72 44
48 70 35 60 51 64
48 71 28 70 76 52
48 72 74 17 54 24
48 73 20 44 51 72
48 74 89 31 55 52
48 75 23 58 86 80
48 76 52 48 28 28
48 77 47 60 63 48
48 78 3 82 70 77
48 79 8 68 90 49
48 80 68 27 57 52
48 81 47 58 26 66
48 82 46 33 43 62
48 83 41 38 50 74
48 84 90 13 9 49
48 85 46 44 48 29
48 86 10 57 71 67
48 87 38 68 77 63
48 88 0 77 54 87
48 89 63 35 25 42
48 90 84 9 42 19
48 91 44 67 52 36
48 92 87 7 33 11
48 93 90 22 9 45
48 94 53 65 39 39
48 95 74 58 19 38
48 96 71 22 58 51
48 97 82 26 20 40
48 98 34 80 67 64
48 99 74 22 31 54
49 50 95 44 37 33
49 51 15 85 82 85
49 52 14 92 86 58
49 53 13 52 51 59
49 54 92 27 14 15
49 55 94 7 26 29
49 56 68 20 43 32
49 57 85 14 36 10
49 58 87 25 37 14
49 59 80 40 38 13
49 60 21 87 66 82
49 61 20 63 59 63
49 62 40 77 71 52
49 63 93 47 40 16
49 64 65 50 28 61
49 65 65 54 56 18
49 66 78 60 25 47
49 67 7 57 84 52
49 68 2 79 80 60
49 69 83 24 10 24
49 70 46 59 33 62
49 71 12 91 74 74
49 72 75 61 36 48
49 73 31 59 42 43
49 74 57 46 61 39
49 75 32 40 77 74
49 76 97 47 47 13
49 77 87 7 51 39
49 78 49 74 63 52
49 79 12 59 47 91
49 80 60 58 24 37
49 81 65 62 49 60
49 82 12 67 70 51
49 83 57 65 37 42
49 84 20 63 64 74
49 85 81 17 26 9
49 86 60 26 44 35
49 87 6 70 50 63
49 88 21 77 71 69
49 89 29 75 53 45
49 90 57 60 47 23
49 91 4 79 94 91
49 92 74 35 33 28
49 93 45 67 42 73
49 94 65 52 48 52
49 95 28 52 52 49
49 96 19 60 66 43
49 97 20 71 61 74
49 98 53 54 36 58
49 99 72 59 15 47
50 51 25 82 46 52
50 52 66 48 48 28
50 53 39 32 64 52
50 54 87 18 18 46
50 55 47 27 46 55
50 56 82 47 36 24
50 57 35 79 38 74
50 58 12 49 90 54
50 59 38 60 52 41
50 60 33 38 74 74
50 61 77 36 23 14
50 62 24 48 79 53
50 63 54 24 56 67
50 64 47 41 56 26
50 65 88 15 45 10
50 66 12 85 63 87
50 67 91 31 21 19
50 68 62 39 56 20
50 69 71 61 42 45
50 70 73 36 55 32
50 71 91 53 43 22
50 72 87 48 22 46
50 73 85 19 31 28
50 74 18 55 62 46
50 75 81 33 30 48
50 76 75 16 42 40
50 77 56 64 28 21
50 78 78 39 19 57
50 79 77 19 42 28
50 80 42 32 72 73
50 81 98 48 39 1
50 82 28 84 45 59
50 83 24 39 43 47
50 84 1 97 97 58
50 85 71 28 57 33
50 86 26 66 83 45
50 87 49 66 50 69
50 88 77 26 25 42
50 89 39 76 70 75
50 90 31 58 74 62
50 91 49 69 68 31
50 92 76 24 41 44
50 93 64 28 35 38
50 94 89 6 37 10
50 95 88 53 48 40
50 96 47 48 55 70
50 97 35 59 74 58
50 98 96 21 8 25
50 99 1 53 63 81
51 52 15 50 52 89
51 53 72 54 16 40
51 54 53 51 59 56
51 55 17 56 49 68
51 56 8 80 81 92
51 57 1 92 69 94
51 58 6 94 84 74
51 59 94 38 49 19
51 60 50 39 51 70
51 61 50 66 32 56
51 62 87 28 53 44
51 63 39 39 44 66
51 64 27 41 61 52
51 65 8 66 49 68
51 66 53 38 46 56
51 67 98 48 38 7
51 68 92 24 42 4
51 69 55 55 42 41
51 70 4 81 55 48
51 71 79 26 52 31
51 72 17 88 75 58
51 73 93 34 33 24
51 74 39 64 68 54
51 75 25 62 77 82
51 76 28 36 51 46
51 77 75 58 13 32
51 78 18 73 43 66
51 79 43 52 32 71
51 80 45 66 77 47
51 81 35 38 49 37
51 82 27 86 49 60
51 83 37 54 46 68
51 84 22 69 50 73
51 85 49 34 33 26
51 86 97 7 45 8
51 87 25 44 63 51
51 88 45 75 76 42
51 89 48 31 45 71
51 90 89 10 10 27
51 91 54 68 56 58
51 92 38 33 51 68
51 93 14 45 45 52
51 94 12 57 46 91
51 95 65 41 41 17
51 96 35 46 39 72
51 97 89 33 31 13
51 98 96 33 46 23
51 99 67 40 58 28
52 53 70 52 32 19
52 54 0 64 81 50
52 55 35 72 50 67
52 56 7 57 84 73
52 57 21 78 51 88
52 58 81 14 39 52
52 59 48 67 56 46
52 60 52 34 68 57
52 61 34 68 50 45
52 62 82 45 31 22
52 63 27 65 58 45
52 64 35 76 65 45
52 65 12 48 64 69
52 66 46 38 44 28
52 67 38 45 40 66
52 68 72 37 24 62
52 69 88 20 14 18
52 70 81 21 52 20
52 71 1 86 68 76
52 72 84 45 11 49
52 73 40 39 68 62
52 74 21 44 45 71
52 75 47 29 42 28
52 76 56 22 63 71
52 77 50 33 59 44
52 78 96 14 12 21
52 79 33 70 80 50
52 80 22 68 40 58
52 81 60 49 60 44
52 82 5 77 64 77
52 83 88 20 43 29
52 84 38 64 80 45
52 85 93 13 20 11
52 86 95 44 11 27
52 87 92 34 42 27
52 88 4 74 92 73
52 89 79 46 51 28
52 90 93 51 37 50
52 91 97 2 24 8
52 92 62 62 36 46
52 93 11 72 74 53
52 94 81 56 24 18
52 95 74 51 60 53
52 96 0 65 84 82
52 97 70 49 34 21
52 98 39 64 38 79
52 99 5 87 85 85
53 54 44 56 47 54
53 55 61 34 29 40
53 56 77 57 45 45
53 57 6 80 85 48
53 58 6 82 54 47
53 59 91 30 47 8
53 60 31 83 46 52
53 61 90 13 41 27
53 62 1 73 73 88
53 63 70 25 35 43
53 64 90 5 23 22
53 65 78 50 15 18
53 66 28 79 64 51
53 67 16 42 73 54
53 68 43 37 58 39
53 69 47 72 60 75
53 70 19 49 42 45
53 71 3 77 82 71
53 72 63 57 64 33
53 73 3 96 83 53
53 74 81 52 10 46
53 75 84 40 10 35
53 76 26 57 68 85
53 77 11 60 88 85
53 78 18 76 55 65
53 79 34 44 49 55
53 80 22 67 86 73
53 81 17 75 42 77
53 82 70 37 36 17
53 83 54 70 55 49
53 84 64 39 29 51
53 85 40 73 70 33
53 86 57 54 26 50
53 87 93 29 9 37
53 88 7 82 87 85
53 89 15 43 80 70
53 90 14 92 54 92
53 91 32 55 40 77
53 92 46 54 65 58
53 93 18 44 62 88
53 94 63 42 48 55
53 95 72 50 39 46
53 96 76 35 61 56
53 97 53 46 72 46
53 98 9 94 66 57
53 99 34 57 49 54
54 55 37 45 79 47
54 56 91 25 40 33
54 57 45 46 71 45
54 58 91 49 33 37
54 59 51 37 39 49
54 60 31 49 57 42
54 61 54 26 68 61
54 62 61 23 31 63
54 63 68 43 58 38
54 64 8 73 91 86
54 65 92 36 48 16
54 66 64 42 28 23
54 67 8 56 47 95
54 68 61 45 62 41
54 69 56 65 65 70
54 70 55 36 59 58
54 71 10 63 49 93
54 72 70 15 20 38
54 73 48 47 73 63
54 74 66 54 46 52
54 75 68 19 23 65
54 76 47 27 39 38
54 77 21 77 67 45
54 78 3 65 60 50
54 79 65 50 40 45
54 80 75 39 43 47
54 81 70 16 62 55
54 82 1 83 56 92
54 83 19 48 61 60
54 84 21 56 78 69
54 85 80 50 24 45
54 86 30 60 64 50
54 87 88 27 17 7
54 88 65 39 43 63
54 89 59 46 52 23
54 90 68 32 34 48
54 91 42 36 74 43
54 92 34 49 45 79
54 93 52 66 32 36
54 94 90 39 44 44
54 95 83 11 54 47
54 96 66 17 43 41
54 97 54 69 34 52
54 98 19 47 81 47
54 99 25 55 40 53
55 56 71 16 43 49
55 57 24 73 40 41
55 58 45 53 55 33
55 59 79 46 19 31
55 60 52 60 32 64
55 61 83 34 22 55
55 62 35 75 43 46
55 63 70 34 47 53
55 64 95 10 33 45
55 65 91 37 8 49
55 66 27 43 74 71
55 67 9 47 86 62
55 68 95 5 24 17
55 69 36 59 62 57
55 70 6 93 88 47
55 71 17 56 63 64
55 72 75 46 34 52
55 73 22 63 75 41
55 74 69 16 29 37
55 75 8 72 78 57
55 76 42 69 58 76
55 77 29 73 60 57
55 78 46 26 45 28
55 79 70 40 41 38
55 80 35 71 48 33
55 81 54 26 37 39
55 82 41 65 40 53
55 83 81 58 35 26
55 84 10 78 52 75
55 85 5 67 64 61
55 86 70 59 46 64
55 87 82 34 34 37
55 88 10 58 72 52
55 89 78 13 14 24
55 90 15 89 54 42
55 91 76 12 21 30
55 92 63 33 42 67
55 93 12 84 79 50
55 94 30 64 41 67
55 95 24 55 79 77
55 96 24 42 70 78
55 97 34 72 77 48
55 98 21 67 73 88
55 99 11 76 66 78
56 57 76 60 31 14
56 58 50 36 46 57
56 59 90 12 30 13
56 60 41 38 41 32
56 61 62 37 32 53
56 62 63 50 45 68
56 63 22 71 68 57
56 64 22 41 40 67
56 65 41 52 78 64
56 66 40 75 39 59
56 67 70 43 19 40
56 68 1 81 67 52
56 69 19 64 67 81
56 70 5 74 47 84
56 71 60 61 20 50
56 72 79 27 14 36
56 73 9 46 59 47
56 74 53 34 35 49
56 75 51 63 64 60
56 76 56 29 34 50
56 77 29 65 51 77
56 78 80 20 29 58
56 79 74 62 46 47
56 80 92 49 52 50
56 81 41 55 56 51
56 82 45 32 38 67
56 83 75 50 29 56
56 84 63 46 64 41
56 85 81 57 58 57
56 86 7 72 85 91
56 87 11 78 87 59
56 88 6 74 83 65
56 89 33 65 75 67
56 90 66 34 49 48
56 91 89 31 40 7
56 92 14 61 86 44
56 93 21 68 43 81
56 94 52 50 69 25
56 95 12 73 46 69
56 96 28 83 59 44
56 97 76 50 32 23
56 98 0 68 96 92
56 99 67 57 51 61
57 58 28 38 41 60
57 59 77 52 49 22
57 60 69 39 43 34
57 61 97 49 32 37
57 62 66 34 53 28
57 63 23 77 40 77
57 64 43 51 44 73
57 65 47 52 50 48
57 66 28 46 84 83
57 67 44 64 29 35
57 68 85 26 16 42
57 69 98 31 48 2
57 70 91 29 49 24
57 71 78 34 25 13
57 72 37 41 38 69
57 73 35 80 41 37
57 74 53 66 65 31
57 75 49 70 31 62
57 76 18 55 42 85
57 77 66 49 66 32
57 78 60 48 25 59
57 79 45 45 28 46
57 80 70 21 50 50
57 81 35 62 79 56
57 82 88 41 28 15
57 83 88 25 33 38
57 84 4 59 58 88
57 85 98 27 37 34
57 86 39 45 69 74
57 87 68 31 62 18
57 88 94 32 45 9
57 89 26 52 52 76
57 90 86 55 16 18
57 91 16 74 52 56
57 92 42 61 64 44
57 93 12 70 75 84
57 94 65 48 58 22
57 95 23 71 82 69
57 96 35 40 73 61
57 97 8 83 90 55
57 98 7 64 94 64
57 99 58 46 53 40
58 59 9 58 62 64
58 60 97 35 8 33
58 61 49 27 36 57
58 62 48 36 41 28
58 63 69 43 15 46
58 64 30 71 36 68
58 65 61 60 50 27
58 66 81 59 42 25
58 67 70 32 35 44
58 68 13 57 86 50
58 69 67 39 27 51
58 70 79 32 13 57
58 71 20 57 85 56
58 72 99 38 2 11
58 73 68 47 24 24
58 74 17 64 72 80
58 75 13 80 46 74
58 76 70 53 46 19
58 77 19 75 43 71
58 78 53 26 50 31
58 79 33 64 66 38
58 80 19 66 43 80
58 81 13 58 50 73
58 82 61 55 57 65
58 83 60 31 35 34
58 84 69 45 42 59
58 85 97 35 40 37
58 86 27 76 59 60
58 87 60 22 62 48
58 88 7 57 90 54
58 89 88 19 7 6
58 90 47 41 46 67
58 91 27 78 73 58
58 92 18 72 60 64
58 93 98 43 42 7
58 94 55 64 61 27
58 95 76 47 32 59
58 96 67 41 57 44
58 97 84 28 15 15
58 98 35 67 81 80
58 99 52 66 55 56
59 60 47 44 28 51
59 61 55 51 63 41
59 62 35 79 52 72
59 63 13 54 52 44
59 64 92 36 12 42
59 65 58 31 36 59
59 66 4 53 67 69
59 67 39 73 66 60
59 68 6 67 71 81
59 69 68 64 61 50
59 70 22 40 71 80
59 71 52 28 39 59
59 72 80 50 44 56
59 73 41 60 48 63
59 74 6 91 46 85
59 75 29 66 80 41
59 76 16 61 75 45
59 77 75 55 15 30
59 78 10 53 92 81
59 79 88 30 15 5
59 80 39 73 35 68
59 81 13 58 58 66
59 82 26 53 54 75
59 83 18 40 81 71
59 84 21 70 51 68
59 85 29 78 77 68
59 86 10 79 61 51
59 87 61 50 48 21
59 88 80 31 48 50
59 89 5 92 79 91
59 90 1 71 52 86
59 91 22 58 39 80
59 92 13 54 67 44
59 93 56 32 58 22
59 94 75 17 52 15
59 95 48 41 35 64
59 96 54 53 67 63
59 97 79 20 23 10
59 98 92 52 15 17
59 99 11 77 93 77
60 61 56 68 54 27
60 62 8 61 77 76
60 63 73 43 21 46
60 64 19 45 52 87
60 65 48 45 49 47
60 66 38 79 55 64
60 67 26 47 51 78
60 68 8 95 93 85
60 69 39 67 37 78
60 70 80 32 34 51
60 71 2 73 58 66
60 72 1 97 83 83
60 73 28 85 76 47
60 74 36 68 55 47
60 75 5 73 50 81
60 76 49 33 51 34
60 77 43 28 59 63
60 78 89 53 46 41
60 79 69 20 52 19
60 80 36 51 44 47
60 81 53 72 72 30
60 82 24 61 53 72
60 83 5 93 63 84
60 84 84 24 41 34
60 85 82 22 54 25
60 86 80 35 26 39
60 87 73 23 51 24
60 88 87 30 18 54
60 89 84 8 39 32
60 90 6 80 77 94
60 91 58 43 30 42
60 92 12 85 65 86
60 93 64 58 19 38
60 94 18 60 88 68
60 95 14 66 79 69
60 96 4 68 50 68
60 97 1 51 59 70
60 98 50 41 44 25
60 99 11 71 68 94
61 62 47 52 50 34
61 63 91 50 14 14
61 64 15 48 56 58
61 65 66 49 25 42
61 66 66 42 59 25
61 67 73 47 29 23
61 68 92 33 35 47
61 69 69 37 25 43
61 70 21 68 70 64
61 71 93 11 14 35
61 72 89 7 35 52
61 73 45 36 52 65
61 74 58 61 23 28
61 75 12 51 75 50
61 76 78 34 51 48
61 77 82 23 32 22
61 78 3 49 51 83
61 79 74 35 27 60
61 80 63 60 56 45
61 81 16 51 83 73
61 82 69 22 59 48
61 83 63 62 59 49
61 84 4 67 53 75
61 85 32 53 64 70
61 86 88 49 51 38
61 87 59 61 55 30
61 88 5 94 50 53
61 89 67 62 53 53
61 90 69 15 23 35
61 91 48 38 58 42
61 92 72 15 58 16
61 93 69 56 59 49
61 94 25 83 73 48
61 95 13 86 87 85
61 96 8 70 49 55
61 97 65 53 27 24
61 98 36 54 62 42
61 99 69 42 48 28
62 63 8 67 62 95
62 64 17 51 86 61
62 65 40 77 75 45
62 66 4 48 90 87
62 67 3 72 50 80
62 68 22 70 74 69
62 69 24 73 64 72
62 70 87 11 25 15
62 71 93 34 46 26
62 72 63 34 23 50
62 73 21 51 73 66
62 74 43 66 39 58
62 75 76 14 59 53
62 76 63 24 23 46
62 77 60 54 50 52
62 78 58 55 46 37
62 79 57 32 54 44
62 80 22 81 41 60
62 81 72 32 31 35
62 82 50 38 57 47
62 83 34 68 57 51
62 84 32 51 34 68
62 85 87 44 30 54
62 86 33 56 36 35
62 87 15 68 64 77
62 88 9 87 92 46
62 89 85 23 44 24
62 90 55 41 71 65
62 91 83 17 29 21
62 92 23 85 79 44
62 93 53 65 32 45
62 94 13 79 82 54
62 95 52 41 28 57
62 96 95 48 47 14
62 97 43 60 30 62
62 98 56 59 71 56
62 99 52 24 33 38
63 64 41 35 74 40
63 65 59 46 27 70
63 66 63 34 34 65
63 67 32 65 67 35
63 68 97 34 9 44
63 69 44 44 50 50
63 70 76 35 36 22
63 71 38 43 55 41
63 72 38 43 44 74
63 73 7 58 55 56
63 74 67 57 18 20
63 75 96 16 36 25
63 76 40 70 70 58
63 77 5 49 92 55
63 78 42 59 65 67
63 79 40 45 37 36
63 80 10 89 61 77
63 81 97 15 15 22
63 82 26 82 63 81
63 83 53 56 60 55
63 84 22 62 59 84
63 85 52 52 29 61
63 86 21 47 44 60
63 87 83 9 20 41
63 88 99 40 36 11
63 89 63 33 25 59
63 90 48 54 48 45
63 91 85 41 9 30
63 92 41 44 68 38
63 93 0 79 78 54
63 94 88 19 25 32
63 95 30 66 38 38
63 96 76 14 49 22
63 97 3 78 73 55
63 98 17 54 68 77
63 99 31 71 59 39
64 65 85 16 24 12
64 66 78 44 39 13
64 67 17 52 41 55
64 68 6 50 59 71
64 69 51 29 36 73
64 70 82 14 14 23
64 71 94 35 45 39
64 72 67 19 62 44
64 73 34 61 63 63
64 74 75 41 43 41
64 75 4 57 52 70
64 76 50 64 66 72
64 77 50 50 56 67
64 78 52 71 59 70
64 79 70 40 43 21
64 80 94 48 36 43
64 81 0 88 77 83
64 82 37 57 33 51
64 83 32 57 54 78
64 84 30 46 67 77
64 85 62 51 60 47
64 86 77 48 29 37
64 87 14 61 83 80
64 88 77 43 37 44
64 89 32 59 58 73
64 90 69 58 58 24
64 91 97 9 18 11
64 92 93 25 16 8
64 93 49 47 61 69
64 94 44 61 71 37
64 95 47 57 52 65
64 96 37 52 79 57
64 97 38 35 78 37
64 98 37 67 71 32
64 99 37 70 60 49
65 66 22 85 75 41
65 67 40 31 30 37
65 68 91 38 9 26
65 69 41 56 68 70
65 70 72 61 41 52
65 71 58 34 47 25
65 72 4 84 52 79
65 73 61 53 53 64
65 74 93 38 15 13
65 75 60 41 66 40
65 76 92 52 30 5
65 77 88 26 5 17
65 78 37 47 54 31
65 79 53 62 42 40
65 80 8 83 76 95
65 81 30 37 65 77
65 82 21 69 79 86
65 83 65 19 53 50
65 84 66 25 30 22
65 85 69 21 25 44
65 86 79 57 44 50
65 87 0 87 74 96
65 88 45 57 54 74
65 89 53 32 65 42
65 90 24 52 83 61
65 91 20 47 66 86
65 92 8 89 83 54
65 93 58 59 25 37
65 94 46 66 67 70
65 95 43 32 71 74
65 96 79 17 27 25
65 97 83 35 38 20
65 98 99 47 33 20
65 99 93 4 46 28
66 67 46 30 28 48
66 68 25 75 49 74
66 69 68 41 17 44
66 70 26 53 81 76
66 71 55 61 53 54
66 72 18 55 62 79
66 73 61 43 62 19
66 74 67 38 49 37
66 75 11 51 85 86
66 76 90 53 9 16
66 77 93 30 49 49
66 78 56 26 43 41
66 79 45 60 52 58
66 80 67 18 39 58
66 81 89 25 16 21
66 82 39 49 69 60
66 83 70 29 47 21
66 84 32 34 56 43
66 85 18 59 64 88
66 86 60 38 49 68
66 87 73 42 25 23
66 88 82 42 34 37
66 89 12 49 68 78
66 90 5 79 78 56
66 91 40 39 39 39
66 92 9 74 54 67
66 93 64 36 41 40
66 94 6 59 83 90
66 95 72 28 29 45
66 96 98 4 22 25
66 97 75 39 48 32
66 98 49 57 42 67
66 99 79 46 57 51
67 68 26 84 44 53
67 69 80 42 23 10
67 70 85 35 34 9
67 71 39 40 36 37
67 72 61 52 25 47
67 73 39 43 77 74
67 74 31 40 84 72
67 75 7 60 57 54
67 76 27 70 39 41
67 77 59 22 44 50
67 78 92 53 17 18
67 79 44 28 29 77
67 80 45 35 62 36
67 81 28 71 43 82
67 82 71 40 62 17
67 83 38 63 47 47
67 84 26 53 61 50
67 85 42 55 35 68
67 86 41 42 67 73
67 87 47 35 44 68
67 88 62 43 64 28
67 89 84 34 42 57
67 90 12 54 58 85
67 91 96 37 29 33
67 92 39 30 61 77
67 93 8 57 51 65
67 94 14 72 59 47
67 95 74 25 46 41
67 96 45 63 54 74
67 97 36 76 37 66
67 98 54 62 34 23
67 99 84 52 41 24
68 69 68 28 34 15
68 70 34 36 38 61
68 71 54 33 29 67
68 72 26 42 73 79
68 73 83 32 33 16
68 74 25 78 42 54
68 75 52 60 50 53
68 76 78 11 32 31
68 77 61 22 42 20
68 78 10 53 48 93
68 79 62 36 67 49
68 80 2 63 97 51
68 81 8 71 80 67
68 82 46 48 59 75
68 83 15 89 89 90
68 84 86 27 13 13
68 85 68 55 40 52
68 86 38 40 66 45
68 87 70 31 53 55
68 88 45 66 60 57
68 89 6 48 67 59
68 90 20 40 81 53
68 91 9 49 50 54
68 92 36 49 36 53
68 93 15 58 45 91
68 94 5 60 49 50
68 95 57 39 36 57
68 96 16 63 84 75
68 97 52 37 69 26
68 98 68 19 18 40
68 99 77 57 57 36
69 70 20 77 51 42
69 71 26 67 68 73
69 72 8 61 54 83
69 73 50 63 58 34
69 74 16 50 86 48
69 75 34 42 39 48
69 76 1 53 77 52
69 77 73 27 61 25
69 78 26 65 82 41
69 79 63 29 26 57
69 80 44 76 37 38
69 81 74 48 48 19
69 82 35 63 59 58
69 83 94 49 24 14
69 84 81 37 50 16
69 85 27 68 38 49
69 86 32 64 66 66
69 87 40 45 54 77
69 88 15 78 61 61
69 89 86 55 16 35
69 90 52 32 37 62
69 91 78 56 40 49
69 92 21 53 65 73
69 93 28 74 54 53
69 94 82 22 50 38
69 95 14 85 75 70
69 96 47 35 47 52
69 97 22 73 76 46
69 98 75 61 43 13
69 99 92 25 16 3
70 71 77 33 32 59
70 72 31 83 38 57
70 73 37 74 77 74
70 74 12 52 84 71
70 75 11 66 68 65
70 76 18 64 45 64
70 77 65 44 62 38
70 78 66 19 58 62
70 79 32 82 35 50
70 80 97 37 32 9
70 81 8 88 46 51
70 82 77 59 41 41
70 83 87 33 48 47
70 84 61 68 54 25
70 85 67 51 53 53
70 86 46 45 38 34
70 87 71 16 29 19
70 88 3 62 75 66
70 89 51 74 67 25
70 90 19 54 74 43
70 91 90 15 52 24
70 92 27 61 49 85
70 93 56 41 32 40
70 94 27 66 58 58
70 95 46 51 57 26
70 96 15 62 80 48
70 97 98 7 15 9
70 98 98 48 6 7
70 99 83 11 35 50
71 72 35 74 70 33
71 73 6 88 90 56
71 74 16 72 78 77
71 75 21 60 63 73
71 76 13 67 76 93
71 77 87 54 49 30
71 78 49 65 58 29
71 79 81 28 40 36
71 80 27 72 55 83
71 81 59 23 66 34
71 82 61 54 33 24
71 83 77 51 58 51
71 84 15 85 82 46
71 85 84 50 55 9
71 86 78 44 14 22
71 87 26 69 79 77
71 88 60 50 21 40
71 89 51 74 29 29
71 90 70 57 22 62
71 91 54 58 63 68
71 92 32 46 66 75
71 93 24 41 43 65
71 94 55 70 69 65
71 95 59 61 32 69
71 96 13 48 76 58
71 97 67 39 25 24
71 98 37 36 46 60
71 99 25 85 61 37
72 73 55 70 56 43
72 74 70 53 63 47
72 75 54 23 37 26
72 76 76 36 57 15
72 77 86 10 33 34
72 78 43 46 41 40
72 79 41 34 52 76
72 80 44 34 53 58
72 81 87 33 36 35
72 82 28 53 66 81
72 83 70 30 18 41
72 84 89 54 17 16
72 85 57 65 50 41
72 86 35 66 44 48
72 87 75 32 23 51
72 88 36 72 73 71
72 89 21 67 82 70
72 90 89 40 15 52
72 91 12 62 83 60
72 92 11 46 51 50
72 93 40 63 66 65
72 94 23 79 67 72
72 95 76 43 29 56
72 96 86 28 8 43
72 97 63 48 23 26
72 98 28 58 70 76
72 99 57 46 29 51
73 74 97 51 8 46
73 75 62 36 62 36
73 76 57 22 45 36
73 77 42 54 39 62
73 78 25 76 65 60
73 79 84 10 53 14
73 80 58 46 62 45
73 81 67 31 60 38
73 82 35 46 35 78
73 83 99 2 30 33
73 84 2 72 89 54
73 85 26 81 59 60
73 86 87 34 34 52
73 87 0 92 71 95
73 88 33 61 48 82
73 89 1 55 65 68
73 90 44 59 44 38
73 91 49 40 64 37
73 92 68 32 37 30
73 93 53 39 71 69
73 94 29 59 68 61
73 95 67 25 57 57
73 96 23 59 83 87
73 97 95 18 11 28
73 98 57 24 35 61
73 99 73 54 60 23
74 75 58 39 55 64
74 76 22 80 41 46
74 77 51 31 36 25
74 78 92 14 11 26
74 79 60 61 25 44
74 80 17 47 59 80
74 81 14 60 72 48
74 82 69 58 41 47
74 83 75 28 62 23
74 84 77 49 43 27
74 85 56 22 42 55
74 86 34 54 76 41
74 87 81 10 50 11
74 88 63 54 36 34
74 89 57 63 70 24
74 90 15 73 65 53
74 91 81 38 25 38
74 92 99 22 6 26
74 93 3 63 94 54
74 94 84 48 47 19
74 95 67 42 29 38
74 96 81 26 54 44
74 97 56 58 33 52
74 98 41 30 71 47
74 99 28 80 78 71
75 76 15 52 77 47
75 77 22 58 70 73
75 78 83 47 22 20
75 79 11 88 84 78
75 80 30 79 69 70
75 81 82 27 20 12
75 82 81 28 18 11
75 83 6 81 84 86
75 84 11 45 67 47
75 85 49 58 40 40
75 86 92 34 31 38
75 87 71 46 53 15
75 88 7 57 55 55
75 89 69 52 29 53
75 90 78 12 44 24
75 91 42 32 72 76
75 92 33 35 39 73
75 93 34 52 52 63
75 94 62 24 65 46
75 95 21 50 72 84
75 96 10 87 79 91
75 97 12 56 92 55
75 98 18 47 43 60
75 99 76 45 12 52
76 77 30 69 37 80
76 78 27 78 43 39
76 79 66 51 47 58
76 80 10 91 49 48
76 81 79 24 46 48
76 82 31 68 74 34
76 83 30 81 61 39
76 84 27 72 61 54
76 85 84 35 16 51
76 86 11 75 77 68
76 87 92 29 7 24
76 88 92 28 16 14
76 89 53 69 39 48
76 90 4 91 51 87
76 91 15 52 71 74
76 92 4 85 88 68
76 93 13 49 48 69
76 94 17 65 90 75
76 95 82 9 26 35
76 96 47 42 34 63
76 97 27 45 70 59
76 98 17 63 78 51
76 99 45 76 69 58
77 78 96 18 42 50
77 79 29 70 36 35
77 80 31 57 69 38
77 81 87 41 37 46
77 82 91 50 10 36
77 83 38 49 66 62
77 84 39 49 59 60
77 85 58 44 64 25
77 86 0 64 77 54
77 87 84 30 24 55
77 88 77 40 16 13
77 89 96 28 23 26
77 90 89 50 40 9
77 91 51 64 26 34
77 92 25 49 65 57
77 93 92 31 48 18
77 94 92 40 5 46
77 95 33 71 34 63
77 96 86 11 7 27
77 97 10 78 67 46
77 98 86 40 7 16
77 99 86 39 17 30
78 79 49 57 27 38
78 80 89 45 20 29
78 81 48 74 52 47
78 82 0 55 70 72
78 83 72 35 13 23
78 84 92 30 6 49
78 85 29 38 62 57
78 86 15 74 62 66
78 87 37 58 54 47
78 88 5 95 68 92
78 89 4 88 64 69
78 90 43 59 44 71
78 91 56 27 31 48
78 92 67 31 21 23
78 93 93 15 4 20
78 94 27 72 83 54
78 95 23 62 81 44
78 96 35 37 77 38
78 97 60 56 26 31
78 98 67 62 59 24
78 99 59 68 40 61
79 80 90 20 18 22
79 81 28 59 41 71
79 82 53 24 32 52
79 83 34 37 56 76
79 84 22 73 51 73
79 85 96 10 33 23
79 86 5 58 53 92
79 87 37 80 65 39
79 88 39 44 48 73
79 89 75 40 24 61
79 90 77 33 54 25
79 91 48 56 40 65
79 92 74 31 49 18
79 93 74 25 40 32
79 94 61 39 67 49
79 95 65 58 42 66
79 96 42 39 53 45
79 97 49 51 73 68
79 98 4 48 88 71
79 99 54 40 55 56
80 81 34 66 78 34
80 82 85 25 28 47
80 83 10 78 66 49
80 84 74 59 15 25
80 85 17 44 44 73
80 86 69 34 21 62
80 87 92 40 9 33
80 88 89 5 44 53
80 89 44 63 51 49
80 90 91 18 15 25
80 91 31 60 58 66
80 92 79 46 47 43
80 93 5 65 80 68
80 94 39 62 65 32
80 95 96 25 41 14
80 96 60 24 69 42
80 97 46 41 52 52
80 98 37 52 65 54
80 99 77 11 23 36
81 82 10 56 90 72
81 83 79 29 28 54
81 84 31 79 41 70
81 85 4 86 85 86
81 86 5 86 91 93
81 87 59 70 69 29
81 88 23 52 67 57
81 89 85 14 47 13
81 90 12 61 59 60
81 91 15 62 59 64
81 92 25 42 56 63
81 93 36 49 73 53
81 94 26 40 86 47
81 95 35 34 79 50
81 96 18 56 82 88
81 97 87 55 10 42
81 98 50 35 61 54
81 99 42 72 39 60
82 83 43 39 54 54
82 84 70 64 28 19
82 85 28 53 71 46
82 86 88 48 53 28
82 87 45 42 73 39
82 88 88 16 54 26
82 89 39 79 36 67
82 90 18 66 77 56
82 91 36 68 48 38
82 92 17 71 82 50
82 93 59 65 23 62
82 94 62 40 48 65
82 95 63 36 38 22
82 96 49 36 59 32
82 97 3 82 95 57
82 98 77 28 35 41
82 99 19 66 80 86
83 84 79 51 51 11
83 85 1 91 61 57
83 86 39 63 60 41
83 87 23 44 44 70
83 88 37 53 61 45
83 89 81 44 57 56
83 90 41 39 44 78
83 91 60 30 29 51
83 92 34 71 50 79
83 93 46 43 61 49
83 94 29 84 35 73
83 95 39 42 79 34
83 96 53 45 60 63
83 97 76 48 54 49
83 98 8 86 60 73
83 99 39 39 70 35
84 85 55 31 33 23
84 86 2 59 90 74
84 87 40 67 65 76
84 88 81 58 56 59
84 89 51 69 72 53
84 90 46 48 65 44
84 91 25 54 47 65
84 92 1 74 56 73
84 93 61 43 52 48
84 94 26 53 71 55
84 95 95 40 49 49
84 96 49 50 65 58
84 97 34 48 74 60
84 98 98 32 13 50
84 99 87 26 25 30
85 86 13 45 62 64
85 87 84 20 33 36
85 88 66 47 54 64
85 89 0 97 79 57
85 90 44 71 63 58
85 91 62 34 29 27
85 92 58 25 45 68
85 93 53 68 31 58
85 94 87 28 47 8
85 95 6 69 73 68
85 96 63 63 43 31
85 97 3 63 68 70
85 98 88 17 48 29
85 99 37 80 81 53
86 87 7 77 50 94
86 88 85 22 23 43
86 89 57 32 24 51
86 90 57 39 40 36
86 91 23 50 42 64
86 92 65 17 28 31
86 93 91 51 32 52
86 94 98 29 18 12
86 95 52 71 73 50
86 96 79 37 34 10
86 97 55 56 32 23
86 98 70 17 45 33
86 99 51 68 46 29
87 88 9 48 64 61
87 89 22 71 52 69
87 90 4 77 57 61
87 91 85 49 17 42
87 92 69 34 45 23
87 93 44 52 54 41
87 94 53 65 72 56
87 95 61 25 41 23
87 96 67 34 43 45
87 97 31 38 44 48
87 98 68 18 47 60
87 99 25 65 73 53
88 89 55 52 39 31
88 90 41 35 41 66
88 91 12 46 51 67
88 92 97 5 46 28
88 93 26 50 68 63
88 94 57 62 45 28
88 95 56 42 59 34
88 96 21 78 68 74
88 97 98 38 19 27
88 98 50 46 67 51
88 99 75 17 30 36
89 90 75 50 15 40
89 91 3 87 53 66
89 92 6 63 87 87
89 93 33 75 69 68
89 94 69 29 51 50
89 95 29 74 71 68
89 96 27 46 55 83
89 97 84 46 16 39
89 98 9 87 74 76
89 99 58 62 43 40
90 91 52 34 61 45
90 92 75 36 25 56
90 93 13 69 53 67
90 94 73 31 16 33
90 95 95 37 39 19
90 96 3 83 79 63
90 97 72 34 15 40
90 98 51 46 67 35
90 99 62 63 55 45
91 92 95 18 34 46
91 93 52 44 40 45
91 94 26 56 71 61
91 95 13 82 68 76
91 96 46 61 34 41
91 97 99 20 45 44
91 98 12 46 64 64
91 99 55 51 50 58
92 93 13 87 51 67
92 94 35 68 45 35
92 95 26 45 45 42
92 96 80 58 36 36
92 97 21 77 64 40
92 98 66 66 31 51
92 99 88 24 30 17
93 94 65 50 44 62
93 95 16 88 73 48
93 96 28 77 64 36
93 97 56 38 47 31
93 98 4 76 51 76
93 99 94 52 30 15
94 95 40 60 77 39
94 96 7 85 84 69
94 97 55 64 25 39
94 98 75 26 38 17
94 99 17 59 53 59
95 96 43 75 31 49
95 97 37 62 76 69
95 98 70 19 37 43
95 99 15 43 42 44
96 97 51 53 51 37
96 98 94 12 6 21
96 99 68 21 55 19
97 98 70 15 25 35
97 99 57 43 23 45
98 99 99 12 45 18
