100
0 1 78 22 35 38
0 2 61 53 35 52
0 3 40 48 53 60
0 4 5 95 77 71
0 5 89 19 18 32
0 6 62 44 48 28
0 7 92 12 13 12
0 8 64 27 34 35
0 9 62 55 26 44
0 10 23 81 78 69
0 11 17 86 75 79
0 12 66 52 49 37
0 13 11 72 87 73
0 14 65 32 44 27
0 15 3 95 75 77
0 16 62 30 52 32
0 17 51 39 50 54
0 18 77 21 20 35
0 19 4 80 92 77
0 20 11 85 61 77
0 21 73 43 42 46
0 22 70 39 42 22
0 23 11 73 73 73
0 24 91 29 21 9
0 25 1 96 92 83
0 26 18 58 85 77
0 27 39 61 44 47
0 28 6 93 77 80
0 29 20 82 69 85
0 30 66 23 26 27
0 31 75 30 17 22
0 32 79 33 17 41
0 33 96 30 20 11
0 34 31 57 67 75
0 35 12 67 73 76
0 36 12 66 75 88
0 37 83 35 12 11
0 38 11 82 70 70
0 39 69 40 32 46
0 40 43 65 44 47
0 41 68 32 46 31
0 42 51 54 57 50
0 43 91 13 14 14
0 44 73 31 31 44
0 45 80 25 38 29
0 46 27 60 77 71
0 47 31 70 74 50
0 48 24 72 72 70
0 49 47 64 58 40
0 50 12 64 90 73
0 51 73 24 36 37
0 52 96 15 5 19
0 53 12 81 61 62
0 54 47 61 64 51
0 55 79 26 23 38
0 56 64 52 54 27
0 57 78 29 31 37
0 58 9 72 90 80
0 59 63 37 38 54
0 60 56 53 47 57
0 61 11 67 67 64
0 62 74 27 40 39
0 63 28 74 60 70
0 64 40 61 50 59
0 65 52 63 40 56
0 66 14 69 78 63
0 67 71 32 32 48
0 68 46 56 41 40
0 69 12 61 67 80
0 70 5 93 68 79
0 71 8 66 75 67
0 72 42 44 59 43
0 73 2 74 69 95
0 74 47 52 53 62
0 75 1 71 98 70
0 76 20 81 64 62
0 77 68 32 22 23
0 78 87 14 24 10
0 79 15 64 85 77
0 80 74 30 44 41
0 81 16 71 63 81
0 82 62 34 30 53
0 83 72 23 42 33
0 84 33 66 47 60
0 85 69 27 27 25
0 86 29 68 70 70
0 87 12 80 66 65
0 88 21 81 72 60
0 89 9 88 64 87
0 90 53 42 50 59
0 91 55 48 43 53
0 92 85 21 37 15
0 93 1 87 94 97
0 94 60 51 39 57
0 95 38 68 72 67
0 96 15 76 86 75
0 97 68 26 45 25
0 98 23 57 69 83
0 99 32 48 50 72
1 2 77 34 44 16
1 3 79 29 33 26
1 4 78 44 21 16
1 5 65 26 36 28
1 6 97 21 16 26
1 7 96 27 30 13
1 8 9 84 79 92
1 9 66 26 37 42
1 10 21 84 57 55
1 11 83 17 12 35
1 12 81 40 22 16
1 13 47 41 42 58
1 14 70 46 42 33
1 15 24 68 67 54
1 16 96 23 3 7
1 17 33 68 46 75
1 18 64 45 29 43
1 19 10 83 92 84
1 20 98 20 18 26
1 21 14 68 80 79
1 22 34 57 70 55
1 23 32 71 73 50
1 24 70 38 25 45
1 25 85 31 28 18
1 26 54 35 57 33
1 27 34 64 67 59
1 28 17 86 67 64
1 29 3 86 95 69
1 30 4 87 80 75
1 31 77 36 42 42
1 32 22 56 73 65
1 33 64 26 46 48
1 34 29 57 62 78
1 35 19 77 72 72
1 36 85 38 14 32
1 37 0 73 90 79
1 38 80 15 22 22
1 39 52 53 46 37
1 40 20 59 82 68
1 41 51 39 62 51
1 42 25 59 57 69
1 43 7 70 65 75
1 44 6 95 84 75
1 45 3 89 94 81
1 46 68 33 42 36
1 47 2 85 97 93
1 48 84 25 32 28
1 49 71 27 37 30
1 50 96 23 23 8
1 51 75 23 24 45
1 52 42 63 60 58
1 53 79 34 24 25
1 54 53 39 59 45
1 55 16 84 86 83
1 56 41 64 66 57
1 57 1 88 79 88
1 58 64 31 35 49
1 59 5 68 72 79
1 60 48 38 49 39
1 61 79 16 26 20
1 62 50 35 53 44
1 63 54 46 37 34
1 64 23 83 63 59
1 65 44 59 43 53
1 66 91 30 19 29
1 67 35 46 70 67
1 68 36 54 61 64
1 69 51 63 45 51
1 70 94 15 31 23
1 71 90 34 12 24
1 72 34 70 54 65
1 73 55 55 51 45
1 74 56 41 40 39
1 75 16 63 59 68
1 76 55 38 59 37
1 77 30 49 69 49
1 78 71 48 34 46
1 79 35 57 60 51
1 80 96 30 8 23
1 81 49 49 40 60
1 82 8 87 89 77
1 83 66 25 33 46
1 84 40 55 59 43
1 85 79 34 43 30
1 86 64 51 52 32
1 87 48 60 42 53
1 88 92 30 13 10
1 89 65 47 42 50
1 90 17 85 81 64
1 91 36 58 70 59
1 92 30 61 52 55
1 93 20 74 63 75
1 94 68 36 22 26
1 95 50 53 54 39
1 96 5 91 83 71
1 97 91 18 27 6
1 98 88 27 37 16
1 99 91 22 11 25
2 3 97 17 8 23
2 4 69 21 30 47
2 5 78 19 41 33
2 6 69 26 27 35
2 7 24 63 58 71
2 8 17 82 82 65
2 9 2 80 87 76
2 10 3 71 87 77
2 11 92 25 22 25
2 12 80 19 28 15
2 13 65 44 49 32
2 14 95 32 11 7
2 15 81 28 29 14
2 16 27 60 66 66
2 17 6 66 78 86
2 18 77 17 25 20
2 19 82 33 34 32
2 20 58 39 43 58
2 21 10 77 66 64
2 22 87 19 24 29
2 23 37 59 51 45
2 24 91 24 6 26
2 25 98 20 26 11
2 26 48 53 43 50
2 27 48 45 42 50
2 28 4 68 66 74
2 29 95 30 5 17
2 30 59 38 54 36
2 31 18 79 80 79
2 32 15 83 70 72
2 33 29 73 69 61
2 34 24 71 68 53
2 35 81 33 42 38
2 36 49 53 51 38
2 37 32 77 47 49
2 38 33 62 71 68
2 39 74 27 20 24
2 40 74 29 37 46
2 41 33 50 68 65
2 42 44 56 59 48
2 43 3 70 86 87
2 44 7 93 86 79
2 45 78 16 40 42
2 46 18 72 62 65
2 47 1 94 96 96
2 48 14 72 83 74
2 49 0 85 94 98
2 50 37 68 73 55
2 51 63 49 45 50
2 52 21 61 78 61
2 53 8 88 64 65
2 54 61 30 47 33
2 55 34 49 62 51
2 56 47 57 42 52
2 57 16 63 79 67
2 58 33 64 70 75
2 59 95 25 8 13
2 60 77 44 36 17
2 61 95 3 30 23
2 62 20 59 80 62
2 63 30 57 69 72
2 64 4 69 69 82
2 65 14 89 71 71
2 66 5 90 75 93
2 67 3 77 79 73
2 68 62 38 28 48
2 69 67 45 50 24
2 70 10 79 77 83
2 71 34 64 55 71
2 72 57 40 30 57
2 73 84 30 20 30
2 74 17 69 59 79
2 75 88 36 25 32
2 76 54 51 61 51
2 77 95 20 27 22
2 78 95 27 5 23
2 79 68 24 30 25
2 80 64 45 31 35
2 81 50 39 41 45
2 82 16 64 62 69
2 83 53 57 54 59
2 84 95 9 16 30
2 85 63 41 41 30
2 86 62 54 54 55
2 87 59 41 29 38
2 88 47 49 42 50
2 89 72 46 40 42
2 90 53 45 44 33
2 91 3 69 86 70
2 92 26 68 70 69
2 93 86 21 14 38
2 94 9 85 69 90
2 95 80 17 31 36
2 96 42 51 63 48
2 97 78 21 22 33
2 98 19 73 83 57
2 99 44 43 66 54
3 4 98 7 5 17
3 5 23 60 79 58
3 6 22 55 81 79
3 7 66 47 52 43
3 8 80 21 41 31
3 9 54 51 33 35
3 10 61 49 56 38
3 11 81 13 30 19
3 12 9 63 66 88
3 13 60 56 39 56
3 14 13 64 76 84
3 15 2 70 97 78
3 16 7 93 73 80
3 17 19 83 60 57
3 18 93 6 5 7
3 19 97 22 20 4
3 20 18 73 63 78
3 21 98 23 12 1
3 22 92 34 7 34
3 23 78 41 31 18
3 24 36 68 67 71
3 25 8 82 68 82
3 26 91 17 21 10
3 27 92 29 24 27
3 28 41 52 41 60
3 29 50 51 44 59
3 30 4 96 86 70
3 31 35 52 63 45
3 32 55 39 45 57
3 33 4 82 80 83
3 34 40 68 68 50
3 35 12 79 79 87
3 36 46 40 47 67
3 37 40 67 50 56
3 38 50 46 59 54
3 39 50 38 59 51
3 40 87 36 16 18
3 41 82 32 15 37
3 42 20 60 56 60
3 43 60 42 51 31
3 44 22 56 62 62
3 45 91 8 24 6
3 46 99 5 17 1
3 47 8 87 64 91
3 48 57 53 46 31
3 49 52 43 40 45
3 50 71 37 43 21
3 51 72 46 30 26
3 52 29 60 60 74
3 53 39 49 62 52
3 54 82 35 21 31
3 55 95 15 27 25
3 56 91 6 26 21
3 57 64 50 35 25
3 58 64 44 44 39
3 59 65 34 37 34
3 60 68 25 24 25
3 61 18 58 74 85
3 62 45 65 55 61
3 63 38 66 49 47
3 64 62 55 30 27
3 65 53 58 39 39
3 66 71 41 33 38
3 67 23 56 74 58
3 68 95 23 25 5
3 69 18 59 80 78
3 70 17 58 68 71
3 71 42 60 55 59
3 72 41 70 67 42
3 73 26 54 76 64
3 74 26 57 69 61
3 75 49 56 59 59
3 76 64 27 33 33
3 77 16 68 83 86
3 78 36 58 46 58
3 79 4 87 84 88
3 80 84 25 31 33
3 81 75 46 43 26
3 82 46 48 48 59
3 83 10 70 75 88
3 84 40 54 59 45
3 85 57 40 33 41
3 86 51 58 48 61
3 87 28 69 64 57
3 88 23 71 74 54
3 89 64 49 30 48
3 90 35 47 48 72
3 91 77 40 36 37
3 92 41 70 49 60
3 93 86 21 26 13
3 94 76 27 17 46
3 95 67 50 27 30
3 96 7 93 82 77
3 97 60 35 32 57
3 98 82 16 30 16
3 99 17 61 80 76
4 5 26 78 58 78
4 6 68 22 47 25
4 7 42 44 47 67
4 8 78 22 38 18
4 9 6 78 66 69
4 10 39 49 53 51
4 11 98 18 1 26
4 12 52 55 36 52
4 13 35 59 62 71
4 14 0 78 74 92
4 15 91 7 26 16
4 16 36 45 64 56
4 17 14 68 62 88
4 18 94 29 7 24
4 19 42 42 47 58
4 20 91 12 30 23
4 21 99 20 22 5
4 22 29 55 63 61
4 23 77 39 24 39
4 24 94 30 31 16
4 25 49 55 62 60
4 26 25 63 55 55
4 27 82 41 21 15
4 28 76 26 17 22
4 29 75 42 28 20
4 30 1 78 86 71
4 31 98 25 9 22
4 32 80 25 43 32
4 33 92 7 19 34
4 34 28 54 69 73
4 35 47 46 51 56
4 36 49 60 60 63
4 37 66 41 39 34
4 38 12 73 73 65
4 39 48 46 58 57
4 40 56 55 49 51
4 41 95 14 7 21
4 42 76 24 31 26
4 43 20 71 64 80
4 44 88 23 32 30
4 45 92 7 14 13
4 46 8 89 93 90
4 47 98 15 20 29
4 48 67 45 31 37
4 49 3 74 88 70
4 50 80 33 29 39
4 51 2 90 97 86
4 52 23 69 68 75
4 53 40 49 50 51
4 54 87 27 38 32
4 55 1 89 73 83
4 56 63 43 39 52
4 57 5 85 81 94
4 58 46 56 55 51
4 59 15 65 64 71
4 60 31 66 64 75
4 61 16 82 83 63
4 62 67 46 31 45
4 63 65 31 45 24
4 64 3 85 70 78
4 65 93 17 29 14
4 66 33 46 66 59
4 67 77 21 19 34
4 68 15 70 70 82
4 69 6 67 69 81
4 70 39 50 63 68
4 71 77 17 36 16
4 72 9 75 91 85
4 73 14 89 84 77
4 74 37 63 49 66
4 75 2 86 81 78
4 76 46 57 55 39
4 77 11 73 64 69
4 78 50 39 37 59
4 79 44 56 67 58
4 80 1 93 85 84
4 81 37 45 51 47
4 82 34 64 55 71
4 83 20 76 80 68
4 84 55 51 53 44
4 85 60 40 35 49
4 86 93 15 24 21
4 87 72 21 38 42
4 88 96 6 28 15
4 89 23 70 68 80
4 90 44 49 49 44
4 91 65 26 44 34
4 92 69 22 47 39
4 93 47 47 40 43
4 94 77 36 16 39
4 95 21 66 66 74
4 96 63 31 30 25
4 97 35 57 71 68
4 98 56 47 36 53
4 99 53 49 54 56
5 6 69 49 39 26
5 7 84 35 26 26
5 8 82 36 29 38
5 9 79 33 23 30
5 10 85 14 29 38
5 11 50 41 63 41
5 12 95 8 13 15
5 13 48 37 52 41
5 14 51 59 55 62
5 15 70 47 22 44
5 16 82 24 35 18
5 17 85 13 37 34
5 18 93 16 13 31
5 19 78 41 27 19
5 20 6 76 74 70
5 21 99 19 14 18
5 22 89 34 28 26
5 23 80 27 31 29
5 24 34 49 56 65
5 25 72 19 25 26
5 26 63 29 27 45
5 27 26 56 57 76
5 28 75 43 17 39
5 29 25 79 52 77
5 30 55 42 42 56
5 31 6 81 77 86
5 32 79 30 29 39
5 33 98 18 3 12
5 34 81 41 39 36
5 35 95 22 6 13
5 36 99 3 22 10
5 37 53 33 60 36
5 38 69 50 48 22
5 39 52 54 50 40
5 40 94 5 20 7
5 41 63 41 55 51
5 42 85 18 28 24
5 43 1 98 88 84
5 44 45 45 55 48
5 45 26 65 61 65
5 46 34 72 56 72
5 47 54 34 59 45
5 48 11 75 74 91
5 49 33 65 75 68
5 50 31 71 73 50
5 51 3 73 82 84
5 52 85 21 29 17
5 53 47 44 36 57
5 54 94 5 8 32
5 55 41 67 58 56
5 56 17 75 86 87
5 57 19 63 60 64
5 58 73 47 48 19
5 59 71 22 20 26
5 60 11 67 66 72
5 61 63 36 26 48
5 62 69 21 26 38
5 63 65 38 52 31
5 64 84 27 19 29
5 65 14 66 85 84
5 66 61 43 49 30
5 67 17 60 63 75
5 68 47 41 48 55
5 69 63 48 54 32
5 70 62 39 50 49
5 71 13 71 72 73
5 72 81 22 39 37
5 73 95 4 21 12
5 74 20 84 76 69
5 75 0 75 75 91
5 76 85 33 24 39
5 77 80 19 17 33
5 78 96 28 12 17
5 79 73 35 34 46
5 80 68 32 26 33
5 81 77 33 19 25
5 82 45 42 54 44
5 83 41 64 68 42
5 84 93 31 20 21
5 85 79 23 41 31
5 86 55 38 38 52
5 87 59 42 55 45
5 88 69 36 24 32
5 89 84 20 12 29
5 90 71 29 44 30
5 91 14 64 87 63
5 92 64 53 49 54
5 93 42 51 44 41
5 94 61 43 53 51
5 95 37 45 51 55
5 96 32 62 53 67
5 97 27 70 76 80
5 98 41 43 65 50
5 99 34 46 73 64
6 7 32 54 72 52
6 8 26 80 61 69
6 9 5 84 67 88
6 10 53 34 54 38
6 11 30 76 64 59
6 12 68 50 40 29
6 13 59 32 30 41
6 14 76 40 16 34
6 15 46 40 66 58
6 16 92 9 31 11
6 17 1 84 77 87
6 18 25 61 76 61
6 19 65 31 27 52
6 20 62 36 27 38
6 21 62 52 28 37
6 22 31 55 58 72
6 23 96 3 11 5
6 24 8 88 88 74
6 25 52 55 53 36
6 26 21 70 60 71
6 27 89 32 16 15
6 28 72 30 46 26
6 29 45 65 43 51
6 30 97 30 23 27
6 31 4 94 67 94
6 32 32 58 65 75
6 33 98 10 13 22
6 34 81 19 40 12
6 35 30 52 76 67
6 36 84 27 22 22
6 37 38 57 62 46
6 38 50 52 49 47
6 39 88 24 14 31
6 40 47 38 45 58
6 41 62 30 44 47
6 42 52 45 60 53
6 43 83 19 32 13
6 44 93 26 31 30
6 45 21 73 77 82
6 46 72 37 20 30
6 47 72 24 48 30
6 48 25 64 65 76
6 49 91 26 23 6
6 50 67 25 34 47
6 51 18 86 70 79
6 52 5 69 74 88
6 53 52 50 40 56
6 54 65 31 29 28
6 55 91 15 10 5
6 56 87 16 15 20
6 57 95 6 27 31
6 58 15 66 66 76
6 59 14 61 85 77
6 60 40 54 50 60
6 61 97 9 29 22
6 62 55 41 53 54
6 63 0 74 86 81
6 64 82 21 32 34
6 65 74 43 46 23
6 66 81 26 35 26
6 67 2 92 82 80
6 68 15 79 64 70
6 69 93 9 25 25
6 70 30 62 78 70
6 71 50 41 60 41
6 72 73 45 38 20
6 73 89 21 25 30
6 74 54 33 59 61
6 75 81 35 19 40
6 76 31 68 52 76
6 77 97 4 14 27
6 78 35 57 45 48
6 79 76 20 33 45
6 80 69 24 28 37
6 81 15 74 83 59
6 82 81 17 21 26
6 83 37 71 44 48
6 84 6 89 81 92
6 85 51 61 37 36
6 86 41 68 50 62
6 87 85 18 21 19
6 88 22 68 79 68
6 89 74 20 39 46
6 90 27 54 69 52
6 91 64 35 45 29
6 92 60 41 42 44
6 93 74 29 20 21
6 94 30 53 67 67
6 95 46 49 37 43
6 96 31 58 69 74
6 97 46 39 46 42
6 98 21 76 80 68
6 99 97 11 25 8
7 8 53 49 51 35
7 9 70 42 28 41
7 10 83 25 33 18
7 11 17 62 77 81
7 12 86 22 32 28
7 13 85 24 34 36
7 14 8 80 83 64
7 15 72 42 41 33
7 16 76 22 19 31
7 17 35 56 47 71
7 18 47 44 62 59
7 19 1 77 92 93
7 20 2 93 76 77
7 21 25 73 69 79
7 22 97 7 4 16
7 23 56 52 53 40
7 24 9 92 75 92
7 25 66 33 38 30
7 26 15 79 81 65
7 27 33 52 72 68
7 28 26 54 67 73
7 29 24 62 63 55
7 30 27 70 79 73
7 31 39 55 67 48
7 32 39 55 43 57
7 33 94 26 33 20
7 34 21 56 55 56
7 35 89 29 31 22
7 36 24 77 65 63
7 37 7 75 77 76
7 38 11 72 73 64
7 39 22 58 63 63
7 40 0 90 86 70
7 41 33 58 66 67
7 42 51 39 49 63
7 43 24 56 76 76
7 44 98 31 24 12
7 45 71 32 32 28
7 46 50 35 46 59
7 47 22 78 77 83
7 48 8 86 88 79
7 49 17 77 78 59
7 50 51 54 38 49
7 51 87 34 20 32
7 52 74 40 23 46
7 53 21 84 76 73
7 54 77 27 38 35
7 55 17 77 82 70
7 56 91 31 21 28
7 57 64 46 28 36
7 58 20 62 65 74
7 59 88 31 19 24
7 60 93 23 24 27
7 61 38 58 64 71
7 62 20 68 63 64
7 63 82 17 16 16
7 64 98 2 17 27
7 65 45 57 57 40
7 66 74 21 25 27
7 67 98 27 30 8
7 68 72 38 23 25
7 69 86 18 18 21
7 70 70 35 24 41
7 71 23 56 64 67
7 72 21 61 62 60
7 73 24 72 64 74
7 74 62 32 36 52
7 75 2 85 82 90
7 76 28 57 69 58
7 77 81 29 16 30
7 78 0 93 89 69
7 79 66 27 36 52
7 80 20 77 66 85
7 81 63 33 52 32
7 82 60 32 55 38
7 83 22 72 72 77
7 84 39 49 69 56
7 85 11 78 91 80
7 86 76 20 18 16
7 87 76 34 29 44
7 88 36 66 64 54
7 89 15 67 88 73
7 90 89 19 22 22
7 91 90 21 21 31
7 92 14 83 73 79
7 93 48 60 50 64
7 94 1 70 92 75
7 95 55 54 52 47
7 96 44 65 61 55
7 97 64 45 33 28
7 98 47 41 43 45
7 99 9 92 91 80
8 9 26 62 52 70
8 10 44 59 42 50
8 11 15 88 84 72
8 12 26 58 81 66
8 13 83 28 27 14
8 14 0 83 73 92
8 15 49 39 64 54
8 16 64 33 30 35
8 17 62 36 45 32
8 18 39 62 59 44
8 19 90 15 18 21
8 20 13 70 79 86
8 21 88 8 8 8
8 22 30 71 69 61
8 23 56 59 39 58
8 24 58 30 49 36
8 25 60 40 52 27
8 26 60 57 43 33
8 27 48 61 38 58
8 28 21 64 77 62
8 29 84 25 33 39
8 30 14 88 63 65
8 31 84 29 12 19
8 32 69 22 46 46
8 33 16 76 75 80
8 34 65 45 51 31
8 35 58 46 53 32
8 36 51 51 50 50
8 37 76 43 17 16
8 38 2 76 71 75
8 39 57 45 39 36
8 40 0 90 86 73
8 41 24 55 54 82
8 42 78 16 31 37
8 43 86 9 21 33
8 44 55 43 31 44
8 45 7 67 70 74
8 46 50 45 46 51
8 47 29 73 56 73
8 48 75 35 19 45
8 49 78 15 15 32
8 50 60 35 29 48
8 51 5 88 86 73
8 52 93 21 14 5
8 53 20 57 62 57
8 54 54 46 47 43
8 55 93 9 16 14
8 56 62 28 42 44
8 57 42 51 42 45
8 58 38 65 50 59
8 59 56 50 40 38
8 60 57 56 52 55
8 61 62 56 52 51
8 62 57 39 47 31
8 63 70 20 40 46
8 64 65 35 47 32
8 65 8 81 75 67
8 66 2 76 72 74
8 67 90 28 9 34
8 68 11 86 77 76
8 69 60 36 32 36
8 70 92 22 17 11
8 71 89 24 9 16
8 72 66 33 26 30
8 73 83 35 14 24
8 74 45 61 59 58
8 75 61 28 51 37
8 76 47 62 60 65
8 77 35 52 72 69
8 78 59 31 33 36
8 79 7 68 82 76
8 80 83 34 23 33
8 81 81 33 30 22
8 82 99 0 29 5
8 83 61 42 56 47
8 84 16 64 75 68
8 85 34 49 69 56
8 86 71 24 48 39
8 87 89 8 28 19
8 88 34 51 65 52
8 89 44 66 45 39
8 90 8 74 66 70
8 91 72 21 33 36
8 92 44 48 44 49
8 93 96 29 11 20
8 94 94 16 18 31
8 95 81 22 27 25
8 96 9 73 89 73
8 97 35 69 70 49
8 98 10 63 71 76
8 99 42 68 68 43
9 10 96 32 23 26
9 11 12 62 83 63
9 12 23 76 65 62
9 13 56 38 46 48
9 14 96 16 15 2
9 15 56 37 43 43
9 16 70 50 34 40
9 17 25 76 59 79
9 18 55 45 49 52
9 19 37 52 53 49
9 20 53 59 39 50
9 21 64 46 36 29
9 22 73 41 21 21
9 23 98 11 3 20
9 24 14 88 72 61
9 25 74 31 44 28
9 26 97 16 3 17
9 27 64 27 26 54
9 28 64 35 32 46
9 29 66 32 44 26
9 30 11 78 86 88
9 31 48 62 62 39
9 32 64 51 47 41
9 33 93 11 17 19
9 34 52 60 43 59
9 35 94 11 27 10
9 36 36 64 50 64
9 37 5 86 75 89
9 38 52 38 45 37
9 39 49 56 53 37
9 40 79 35 31 31
9 41 71 41 20 23
9 42 33 66 69 75
9 43 70 45 26 45
9 44 85 32 22 12
9 45 25 52 59 78
9 46 45 45 39 63
9 47 47 60 55 46
9 48 86 24 22 19
9 49 24 70 66 75
9 50 60 46 31 30
9 51 69 28 43 41
9 52 68 26 43 33
9 53 53 57 57 51
9 54 79 40 22 36
9 55 22 65 74 68
9 56 78 23 31 30
9 57 53 51 49 35
9 58 79 27 19 43
9 59 12 82 85 80
9 60 89 17 27 24
9 61 47 49 40 50
9 62 89 36 21 26
9 63 69 40 24 38
9 64 36 66 45 73
9 65 29 65 57 53
9 66 22 81 54 56
9 67 2 81 72 91
9 68 51 59 55 46
9 69 39 58 51 50
9 70 88 26 23 19
9 71 1 83 93 72
9 72 34 56 69 72
9 73 4 68 83 80
9 74 49 58 57 42
9 75 49 39 59 58
9 76 25 62 74 74
9 77 2 86 95 75
9 78 87 32 21 34
9 79 57 40 56 35
9 80 39 55 46 53
9 81 14 85 85 71
9 82 56 56 60 57
9 83 6 88 86 91
9 84 20 75 62 66
9 85 25 59 81 58
9 86 71 46 35 45
9 87 98 23 21 5
9 88 83 20 15 36
9 89 29 50 63 78
9 90 3 74 72 81
9 91 69 24 25 47
9 92 11 69 71 61
9 93 8 69 67 92
9 94 84 39 34 35
9 95 19 61 80 63
9 96 32 66 64 68
9 97 49 44 46 64
9 98 1 97 91 95
9 99 0 90 71 86
10 11 50 59 46 53
10 12 34 50 66 54
10 13 59 37 52 36
10 14 9 75 82 82
10 15 15 68 72 81
10 16 27 53 76 58
10 17 7 92 71 75
10 18 18 83 63 77
10 19 82 37 25 36
10 20 16 75 73 72
10 21 74 41 46 40
10 22 46 41 49 66
10 23 77 35 44 39
10 24 1 87 83 74
10 25 4 92 71 73
10 26 60 41 46 53
10 27 45 62 41 65
10 28 71 41 47 21
10 29 86 32 30 34
10 30 8 75 79 90
10 31 30 70 55 48
10 32 34 48 74 49
10 33 76 42 17 39
10 34 33 64 74 60
10 35 91 33 19 5
10 36 60 57 35 42
10 37 36 47 44 70
10 38 94 22 21 29
10 39 8 91 66 75
10 40 87 26 29 30
10 41 86 31 23 19
10 42 6 78 73 75
10 43 67 22 50 26
10 44 68 51 43 36
10 45 83 19 20 40
10 46 46 48 39 60
10 47 35 47 49 71
10 48 56 37 46 33
10 49 52 60 46 47
10 50 47 66 57 58
10 51 25 66 59 76
10 52 21 76 74 69
10 53 41 68 52 60
10 54 33 56 65 50
10 55 65 42 33 47
10 56 89 24 10 35
10 57 10 91 79 70
10 58 34 49 68 53
10 59 79 32 25 23
10 60 58 30 31 34
10 61 56 52 48 48
10 62 35 50 70 65
10 63 21 56 72 62
10 64 37 70 54 65
10 65 4 81 88 77
10 66 66 31 41 28
10 67 87 22 19 25
10 68 44 45 45 65
10 69 84 29 39 33
10 70 30 52 51 78
10 71 0 74 86 69
10 72 37 57 47 49
10 73 33 68 64 60
10 74 7 71 92 75
10 75 64 34 38 31
10 76 19 78 78 65
10 77 22 69 74 58
10 78 49 62 48 64
10 79 92 24 15 23
10 80 43 42 59 57
10 81 83 17 28 35
10 82 41 50 52 63
10 83 29 57 66 52
10 84 53 47 60 56
10 85 22 81 55 67
10 86 3 71 84 88
10 87 30 50 53 51
10 88 86 33 20 19
10 89 12 61 83 70
10 90 41 64 52 69
10 91 33 57 69 57
10 92 17 73 67 79
10 93 59 31 54 42
10 94 24 74 56 66
10 95 99 30 23 29
10 96 7 76 69 75
10 97 6 69 85 74
10 98 6 86 93 65
10 99 64 40 37 54
11 12 72 48 43 33
11 13 39 62 51 59
11 14 73 25 19 31
11 15 80 29 39 27
11 16 90 20 29 15
11 17 20 78 80 71
11 18 5 83 73 71
11 19 43 65 48 44
11 20 14 87 72 85
11 21 71 33 36 27
11 22 68 28 41 28
11 23 82 29 13 34
11 24 35 57 69 52
11 25 81 24 39 21
11 26 79 43 34 25
11 27 63 51 49 51
11 28 54 49 53 52
11 29 11 63 80 83
11 30 98 2 21 19
11 31 68 29 29 48
11 32 13 83 75 67
11 33 48 36 59 59
11 34 78 44 37 38
11 35 84 37 40 38
11 36 51 58 37 43
11 37 78 16 30 17
11 38 53 41 59 46
11 39 28 55 51 74
11 40 84 33 30 26
11 41 11 71 79 74
11 42 18 72 85 72
11 43 69 34 50 34
11 44 79 17 44 44
11 45 31 62 74 67
11 46 97 9 5 3
11 47 59 29 52 47
11 48 57 38 44 44
11 49 2 68 97 94
11 50 77 32 45 44
11 51 65 27 39 47
11 52 66 50 47 29
11 53 67 47 51 38
11 54 86 36 38 30
11 55 90 26 12 33
11 56 65 34 29 47
11 57 26 68 77 75
11 58 64 29 25 37
11 59 93 11 33 13
11 60 57 42 56 53
11 61 43 55 53 64
11 62 81 23 21 12
11 63 35 61 47 61
11 64 78 22 36 21
11 65 24 66 53 73
11 66 0 84 92 80
11 67 86 28 14 16
11 68 52 38 39 38
11 69 1 87 86 98
11 70 6 85 79 93
11 71 52 45 35 57
11 72 54 48 60 52
11 73 45 54 41 42
11 74 91 11 17 20
11 75 26 52 80 63
11 76 81 16 33 21
11 77 26 54 57 63
11 78 35 73 71 56
11 79 1 88 71 84
11 80 76 27 44 17
11 81 24 73 59 64
11 82 13 81 73 64
11 83 98 16 10 11
11 84 19 66 58 63
11 85 74 40 40 25
11 86 9 89 79 67
11 87 27 72 61 69
11 88 65 30 33 51
11 89 21 64 71 84
11 90 63 33 29 26
11 91 82 37 15 22
11 92 6 89 74 89
11 93 77 36 38 16
11 94 65 25 35 39
11 95 1 98 97 98
11 96 65 43 45 32
11 97 83 26 28 17
11 98 65 47 28 48
11 99 96 8 22 29
12 13 24 78 52 76
12 14 37 59 73 70
12 15 8 85 70 78
12 16 24 57 63 70
12 17 60 42 41 53
12 18 2 89 72 74
12 19 68 30 22 44
12 20 48 42 54 36
12 21 48 48 46 65
12 22 33 72 51 72
12 23 39 52 57 44
12 24 95 12 24 15
12 25 68 35 46 33
12 26 89 18 27 13
12 27 1 78 75 76
12 28 58 38 45 58
12 29 55 43 33 39
12 30 43 44 39 62
12 31 32 59 74 50
12 32 39 53 46 49
12 33 81 20 28 37
12 34 85 25 33 15
12 35 55 43 40 49
12 36 20 85 71 61
12 37 74 30 29 18
12 38 20 62 65 75
12 39 88 8 34 18
12 40 15 82 79 59
12 41 42 46 63 43
12 42 77 40 40 31
12 43 97 22 2 12
12 44 75 23 33 36
12 45 47 48 58 53
12 46 2 71 72 95
12 47 38 70 64 61
12 48 37 66 61 59
12 49 28 69 50 74
12 50 38 47 68 61
12 51 44 38 43 56
12 52 7 73 89 70
12 53 86 15 29 38
12 54 29 72 53 63
12 55 43 49 66 43
12 56 51 62 51 49
12 57 82 36 31 15
12 58 61 30 50 32
12 59 32 72 55 52
12 60 25 61 72 72
12 61 48 44 63 65
12 62 9 90 71 68
12 63 4 85 75 79
12 64 85 37 23 38
12 65 44 50 54 50
12 66 83 30 11 36
12 67 41 52 49 43
12 68 90 35 17 34
12 69 35 48 65 49
12 70 37 44 53 60
12 71 31 74 76 65
12 72 34 60 46 61
12 73 17 85 62 77
12 74 99 16 10 24
12 75 62 51 33 51
12 76 37 71 60 73
12 77 5 96 89 92
12 78 19 73 73 80
12 79 43 52 47 54
12 80 96 7 3 16
12 81 7 79 82 74
12 82 75 30 26 30
12 83 55 35 36 45
12 84 7 80 81 74
12 85 4 88 72 78
12 86 84 35 20 34
12 87 79 19 23 24
12 88 98 22 2 15
12 89 0 91 77 87
12 90 8 72 66 86
12 91 25 68 78 73
12 92 10 66 82 75
12 93 24 70 55 72
12 94 22 76 55 65
12 95 80 17 18 30
12 96 44 46 64 44
12 97 3 94 68 74
12 98 72 21 37 37
12 99 19 64 74 70
13 14 88 20 13 10
13 15 38 65 54 68
13 16 21 66 84 56
13 17 18 74 61 77
13 18 83 20 27 26
13 19 68 50 38 44
13 20 39 59 71 65
13 21 90 28 35 14
13 22 57 31 41 46
13 23 20 68 68 84
13 24 24 61 70 71
13 25 15 86 82 76
13 26 47 42 54 58
13 27 35 68 50 67
13 28 74 39 28 42
13 29 47 64 59 41
13 30 10 64 90 86
13 31 99 13 26 28
13 32 38 63 60 56
13 33 47 62 48 60
13 34 72 29 30 27
13 35 9 78 69 84
13 36 32 56 59 49
13 37 35 46 57 72
13 38 37 64 49 72
13 39 88 17 17 24
13 40 94 26 14 4
13 41 46 40 49 42
13 42 36 52 70 46
13 43 41 44 53 60
13 44 57 50 45 32
13 45 37 70 52 68
13 46 60 37 54 53
13 47 60 34 57 47
13 48 20 79 69 75
13 49 14 73 84 69
13 50 13 75 87 86
13 51 62 34 31 44
13 52 62 49 54 32
13 53 97 3 16 7
13 54 69 36 41 27
13 55 13 79 82 90
13 56 9 81 79 86
13 57 99 13 15 16
13 58 5 70 95 72
13 59 26 68 63 64
13 60 64 37 27 46
13 61 93 34 18 6
13 62 13 60 71 61
13 63 18 79 76 59
13 64 46 52 50 65
13 65 0 89 74 71
13 66 81 16 18 29
13 67 89 21 36 14
13 68 25 72 70 54
13 69 40 46 58 51
13 70 86 27 35 34
13 71 36 70 55 54
13 72 21 83 60 67
13 73 84 26 22 35
13 74 37 58 44 45
13 75 66 29 24 42
13 76 17 82 80 85
13 77 13 74 82 72
13 78 68 50 43 32
13 79 39 60 53 59
13 80 23 62 65 80
13 81 73 43 38 21
13 82 79 30 37 21
13 83 0 97 69 77
13 84 26 58 53 80
13 85 6 69 72 70
13 86 88 30 10 25
13 87 43 43 48 67
13 88 38 53 64 60
13 89 30 64 51 61
13 90 32 74 64 48
13 91 4 80 89 67
13 92 92 8 6 34
13 93 38 59 47 57
13 94 51 52 48 49
13 95 18 57 77 61
13 96 86 34 23 23
13 97 5 80 75 83
13 98 13 72 72 68
13 99 21 61 83 60
14 15 26 71 70 52
14 16 35 60 72 72
14 17 25 81 74 67
14 18 70 43 34 40
14 19 97 2 17 22
14 20 32 57 52 60
14 21 50 35 57 51
14 22 5 83 71 70
14 23 72 34 39 48
14 24 45 57 60 45
14 25 17 81 69 79
14 26 78 39 37 39
14 27 16 69 68 82
14 28 70 43 28 49
14 29 0 78 79 71
14 30 57 40 58 47
14 31 44 65 50 61
14 32 52 49 56 54
14 33 7 85 93 83
14 34 27 63 69 68
14 35 22 74 69 64
14 36 27 54 75 65
14 37 21 63 69 75
14 38 94 28 24 17
14 39 66 34 30 30
14 40 60 55 40 32
14 41 75 42 32 35
14 42 4 72 89 84
14 43 91 16 23 28
14 44 71 35 36 31
14 45 26 79 67 51
14 46 8 75 68 77
14 47 25 62 66 56
14 48 24 71 75 72
14 49 61 34 51 55
14 50 69 23 47 22
14 51 41 56 54 68
14 52 15 82 69 68
14 53 75 22 34 36
14 54 78 27 23 25
14 55 14 77 72 71
14 56 25 68 57 79
14 57 91 18 27 21
14 58 57 40 39 32
14 59 81 26 37 35
14 60 83 15 25 19
14 61 73 28 20 28
14 62 29 58 67 60
14 63 58 43 35 49
14 64 25 80 80 64
14 65 1 94 97 90
14 66 77 19 41 16
14 67 94 16 5 4
14 68 43 50 42 42
14 69 76 17 35 23
14 70 16 59 74 73
14 71 86 9 31 18
14 72 31 67 74 56
14 73 60 39 50 44
14 74 78 39 22 16
14 75 59 29 28 47
14 76 44 44 59 61
14 77 10 91 74 78
14 78 72 37 37 27
14 79 69 31 47 25
14 80 67 38 35 51
14 81 48 45 49 55
14 82 25 72 54 59
14 83 4 67 67 82
14 84 65 27 50 45
14 85 89 27 23 7
14 86 16 69 80 79
14 87 29 51 53 65
14 88 72 35 22 23
14 89 53 45 51 59
14 90 31 51 61 49
14 91 56 41 45 48
14 92 77 34 33 43
14 93 98 6 2 29
14 94 12 87 71 89
14 95 43 42 49 67
14 96 35 60 55 69
14 97 52 40 35 48
14 98 75 46 31 27
14 99 36 55 72 47
15 16 19 61 65 81
15 17 70 39 44 24
15 18 45 41 42 52
15 19 78 36 41 44
15 20 59 32 31 38
15 21 16 72 74 74
15 22 69 23 35 41
15 23 78 23 16 40
15 24 60 32 41 28
15 25 90 17 7 36
15 26 3 83 93 95
15 27 82 30 41 30
15 28 79 15 14 37
15 29 12 84 63 74
15 30 82 26 40 36
15 31 66 45 30 37
15 32 50 53 35 60
15 33 92 24 8 21
15 34 68 34 22 31
15 35 87 9 18 24
15 36 92 21 11 9
15 37 51 42 54 56
15 38 18 80 77 77
15 39 36 48 64 47
15 40 66 26 43 38
15 41 95 6 32 4
15 42 30 57 55 69
15 43 89 33 12 29
15 44 1 80 78 79
15 45 75 27 36 29
15 46 22 70 71 68
15 47 68 31 39 49
15 48 89 27 10 31
15 49 20 57 61 80
15 50 93 32 26 8
15 51 61 52 55 54
15 52 8 89 66 65
15 53 62 34 36 29
15 54 93 12 8 20
15 55 17 61 83 74
15 56 58 58 55 34
15 57 55 54 40 46
15 58 70 47 22 43
15 59 61 50 29 50
15 60 52 58 51 59
15 61 99 8 13 4
15 62 54 35 53 60
15 63 32 68 56 73
15 64 21 65 84 57
15 65 21 79 70 81
15 66 17 79 70 87
15 67 55 59 54 33
15 68 89 13 15 34
15 69 42 44 62 42
15 70 53 38 55 40
15 71 65 33 39 38
15 72 54 60 58 38
15 73 22 62 71 64
15 74 64 42 26 26
15 75 42 60 56 59
15 76 12 71 68 78
15 77 33 51 62 64
15 78 15 66 83 88
15 79 54 33 43 47
15 80 27 70 51 66
15 81 52 50 37 41
15 82 70 26 34 45
15 83 76 22 30 27
15 84 28 60 74 79
15 85 59 43 48 58
15 86 0 78 98 75
15 87 5 78 67 83
15 88 1 90 83 97
15 89 67 25 49 43
15 90 6 85 79 92
15 91 96 12 4 30
15 92 80 42 40 30
15 93 81 13 20 39
15 94 21 72 61 75
15 95 59 45 43 34
15 96 92 14 27 11
15 97 29 54 76 55
15 98 24 62 68 57
15 99 58 42 40 55
16 17 24 63 55 54
16 18 33 68 72 50
16 19 51 53 45 45
16 20 18 86 69 86
16 21 39 67 57 45
16 22 86 35 36 12
16 23 51 57 47 37
16 24 25 67 55 64
16 25 96 15 13 32
16 26 33 49 69 67
16 27 32 58 76 75
16 28 3 72 77 93
16 29 14 60 84 81
16 30 94 25 7 26
16 31 32 75 55 69
16 32 39 62 47 67
16 33 1 90 88 79
16 34 98 5 22 13
16 35 16 62 76 71
16 36 64 30 49 46
16 37 29 61 74 56
16 38 3 93 90 96
16 39 88 24 24 30
16 40 36 49 58 58
16 41 72 26 30 39
16 42 99 3 9 14
16 43 88 8 11 35
16 44 90 27 26 25
16 45 45 47 63 55
16 46 97 25 2 2
16 47 32 62 62 47
16 48 76 19 32 45
16 49 46 48 42 53
16 50 32 66 47 66
16 51 92 16 18 27
16 52 15 80 67 83
16 53 54 54 36 60
16 54 35 60 49 45
16 55 70 31 29 48
16 56 56 40 46 35
16 57 53 44 40 46
16 58 19 71 58 75
16 59 59 46 33 57
16 60 6 68 69 85
16 61 82 12 12 33
16 62 45 44 61 55
16 63 40 62 55 60
16 64 72 30 34 40
16 65 77 42 28 45
16 66 12 82 61 73
16 67 52 42 50 34
16 68 24 64 76 56
16 69 61 39 53 27
16 70 87 9 13 14
16 71 67 25 25 36
16 72 97 17 8 14
16 73 15 59 78 76
16 74 1 81 71 97
16 75 49 57 38 55
16 76 56 37 54 56
16 77 19 85 63 73
16 78 85 29 23 13
16 79 93 9 33 28
16 80 70 21 49 47
16 81 54 55 35 45
16 82 34 63 53 61
16 83 58 31 38 58
16 84 28 73 64 60
16 85 94 17 32 15
16 86 69 31 45 39
16 87 5 85 69 83
16 88 12 77 79 82
16 89 23 78 70 58
16 90 6 67 89 92
16 91 18 71 81 85
16 92 40 56 55 70
16 93 32 67 61 73
16 94 19 77 68 71
16 95 78 42 32 33
16 96 77 29 20 20
16 97 80 18 30 18
16 98 20 64 82 80
16 99 2 93 74 71
17 18 72 19 25 44
17 19 26 71 73 63
17 20 67 50 39 33
17 21 91 34 17 31
17 22 76 23 25 46
17 23 99 5 3 10
17 24 28 73 67 77
17 25 21 71 82 68
17 26 1 71 95 80
17 27 17 76 66 66
17 28 17 84 72 78
17 29 13 79 68 68
17 30 28 73 66 63
17 31 82 32 18 24
17 32 98 25 10 25
17 33 41 56 62 42
17 34 92 25 21 12
17 35 17 81 73 72
17 36 60 39 27 53
17 37 38 52 44 52
17 38 35 63 65 67
17 39 44 54 41 44
17 40 87 33 23 22
17 41 3 70 94 79
17 42 65 47 43 43
17 43 63 28 54 30
17 44 78 34 15 32
17 45 3 79 77 89
17 46 5 70 69 70
17 47 6 80 73 68
17 48 41 63 54 68
17 49 6 65 74 82
17 50 69 46 30 29
17 51 18 74 61 57
17 52 17 84 63 84
17 53 75 22 22 46
17 54 7 81 80 87
17 55 40 42 68 69
17 56 47 39 57 55
17 57 6 80 70 71
17 58 36 51 60 62
17 59 6 91 89 81
17 60 36 73 63 66
17 61 63 51 26 32
17 62 66 40 28 31
17 63 69 26 24 39
17 64 40 52 71 47
17 65 20 68 68 62
17 66 9 79 92 90
17 67 56 41 41 45
17 68 9 74 72 82
17 69 38 71 66 64
17 70 70 20 30 27
17 71 29 58 66 62
17 72 40 58 69 56
17 73 29 68 73 60
17 74 18 61 58 82
17 75 32 58 77 55
17 76 10 68 89 77
17 77 66 38 37 28
17 78 65 52 29 28
17 79 55 39 47 38
17 80 9 93 70 67
17 81 30 52 71 77
17 82 57 36 52 43
17 83 8 67 71 71
17 84 65 39 37 25
17 85 66 48 24 52
17 86 46 65 49 56
17 87 65 34 41 33
17 88 64 52 42 38
17 89 35 75 67 45
17 90 43 68 51 68
17 91 33 64 64 72
17 92 29 62 64 60
17 93 20 75 82 79
17 94 27 74 51 56
17 95 12 67 68 69
17 96 66 35 23 24
17 97 97 14 18 5
17 98 91 25 30 34
17 99 59 51 52 40
18 19 6 70 82 69
18 20 10 86 73 81
18 21 40 41 43 64
18 22 52 42 41 60
18 23 6 80 68 93
18 24 94 10 25 16
18 25 71 28 36 28
18 26 98 2 29 25
18 27 33 68 64 53
18 28 4 75 74 80
18 29 92 17 20 8
18 30 13 78 86 66
18 31 55 49 35 42
18 32 96 29 13 17
18 33 71 33 29 39
18 34 35 59 72 50
18 35 52 44 35 62
18 36 59 39 47 34
18 37 51 40 41 35
18 38 80 31 39 18
18 39 55 41 58 43
18 40 73 31 35 20
18 41 38 65 69 56
18 42 26 66 57 70
18 43 29 50 51 78
18 44 74 34 23 20
18 45 69 25 34 50
18 46 87 22 10 26
18 47 46 58 62 61
18 48 56 37 47 57
18 49 76 23 39 39
18 50 65 47 29 49
18 51 54 59 46 35
18 52 68 31 34 45
18 53 32 67 70 70
18 54 9 79 88 82
18 55 29 78 50 51
18 56 93 29 7 6
18 57 99 9 6 9
18 58 17 58 59 72
18 59 51 53 36 39
18 60 78 37 33 35
18 61 1 86 81 88
18 62 79 18 30 32
18 63 91 17 26 24
18 64 24 54 79 79
18 65 98 15 26 16
18 66 87 28 19 14
18 67 30 76 71 73
18 68 90 34 27 18
18 69 16 59 62 70
18 70 43 52 56 39
18 71 41 65 50 42
18 72 87 32 27 9
18 73 63 42 47 26
18 74 20 72 74 84
18 75 42 41 60 63
18 76 67 45 27 32
18 77 93 23 32 14
18 78 36 54 53 56
18 79 69 33 29 21
18 80 76 23 20 46
18 81 39 52 68 71
18 82 59 47 49 51
18 83 82 16 16 36
18 84 17 63 82 78
18 85 33 55 65 60
18 86 97 2 12 24
18 87 70 35 22 36
18 88 57 55 35 54
18 89 23 67 59 64
18 90 87 29 16 29
18 91 77 44 26 30
18 92 17 71 67 80
18 93 95 15 26 6
18 94 17 73 85 59
18 95 30 59 60 72
18 96 53 38 60 54
18 97 26 80 58 72
18 98 11 74 75 72
18 99 91 24 25 16
19 20 54 34 32 35
19 21 89 18 29 16
19 22 3 70 93 88
19 23 82 15 15 12
19 24 12 72 81 65
19 25 32 70 53 56
19 26 7 68 85 75
19 27 10 66 87 87
19 28 47 61 50 47
19 29 40 56 64 41
19 30 10 72 82 81
19 31 70 27 38 24
19 32 89 15 18 36
19 33 30 67 78 56
19 34 52 42 46 60
19 35 47 53 60 66
19 36 80 17 18 27
19 37 92 21 23 5
19 38 21 75 64 64
19 39 45 50 45 54
19 40 8 80 65 70
19 41 57 34 40 55
19 42 49 39 58 43
19 43 88 10 15 18
19 44 98 10 19 1
19 45 15 82 68 70
19 46 65 24 24 26
19 47 54 42 56 35
19 48 11 77 83 79
19 49 72 32 38 25
19 50 68 49 50 44
19 51 85 19 27 37
19 52 75 22 31 46
19 53 47 54 52 50
19 54 34 50 47 54
19 55 76 18 42 31
19 56 83 38 37 19
19 57 78 23 27 23
19 58 23 76 55 77
19 59 73 18 48 32
19 60 69 34 35 38
19 61 80 19 35 16
19 62 66 43 30 45
19 63 37 60 48 67
19 64 71 45 35 49
19 65 7 80 81 86
19 66 63 35 46 43
19 67 92 30 14 14
19 68 13 75 87 79
19 69 83 29 31 38
19 70 47 55 40 57
19 71 15 65 82 68
19 72 98 27 28 30
19 73 64 43 40 45
19 74 32 59 50 75
19 75 56 40 42 57
19 76 76 29 28 18
19 77 2 70 85 81
19 78 17 80 78 76
19 79 21 73 66 77
19 80 41 51 47 42
19 81 72 46 33 40
19 82 23 60 62 54
19 83 78 26 29 18
19 84 23 72 72 80
19 85 86 12 18 29
19 86 46 64 52 54
19 87 41 55 51 53
19 88 29 49 55 66
19 89 86 24 11 19
19 90 24 57 59 61
19 91 61 34 38 45
19 92 49 43 43 55
19 93 98 8 9 7
19 94 33 74 51 57
19 95 26 77 78 53
19 96 2 81 91 88
19 97 96 7 26 29
19 98 10 71 76 77
19 99 70 40 48 48
20 21 67 26 52 40
20 22 52 56 54 42
20 23 0 81 83 76
20 24 7 88 69 91
20 25 59 52 41 29
20 26 11 74 67 79
20 27 2 75 80 85
20 28 22 79 72 70
20 29 96 29 16 5
20 30 22 81 55 54
20 31 57 43 36 54
20 32 70 23 47 39
20 33 4 77 67 73
20 34 3 87 78 91
20 35 20 62 58 76
20 36 30 63 53 49
20 37 50 52 49 57
20 38 95 16 15 14
20 39 40 43 68 50
20 40 57 56 50 58
20 41 5 93 93 79
20 42 81 17 26 39
20 43 24 67 54 71
20 44 71 44 29 37
20 45 72 34 45 39
20 46 55 38 40 48
20 47 48 65 48 56
20 48 8 69 76 80
20 49 55 50 59 45
20 50 63 34 41 49
20 51 44 43 40 63
20 52 5 81 73 95
20 53 66 37 29 45
20 54 46 60 63 47
20 55 82 40 39 30
20 56 74 45 19 47
20 57 38 71 63 62
20 58 95 29 5 10
20 59 57 57 47 35
20 60 99 2 23 6
20 61 43 47 39 41
20 62 35 57 67 48
20 63 34 64 68 55
20 64 65 53 37 44
20 65 61 56 41 55
20 66 0 73 82 74
20 67 67 44 52 23
20 68 47 55 43 63
20 69 62 38 33 45
20 70 57 46 50 58
20 71 52 38 55 51
20 72 45 50 45 53
20 73 7 67 90 93
20 74 25 70 55 60
20 75 13 70 61 63
20 76 46 51 64 39
20 77 31 49 67 64
20 78 99 15 1 16
20 79 71 27 23 27
20 80 76 36 17 28
20 81 70 50 40 29
20 82 58 51 37 32
20 83 41 42 51 70
20 84 8 72 80 80
20 85 2 87 70 94
20 86 14 72 62 70
20 87 24 69 55 79
20 88 13 87 85 76
20 89 77 33 34 23
20 90 8 75 67 64
20 91 56 49 43 38
20 92 99 11 27 20
20 93 46 58 56 53
20 94 44 61 62 42
20 95 36 70 56 48
20 96 34 63 49 67
20 97 57 56 54 41
20 98 88 18 11 10
20 99 33 71 49 71
21 22 98 10 26 25
21 23 49 52 57 48
21 24 14 80 88 80
21 25 64 36 41 29
21 26 87 28 15 26
21 27 28 52 61 77
21 28 75 18 33 18
21 29 95 13 11 9
21 30 51 44 57 45
21 31 13 68 68 78
21 32 75 32 35 26
21 33 27 70 69 52
21 34 66 31 30 46
21 35 11 64 69 86
21 36 99 28 2 11
21 37 12 85 73 85
21 38 39 65 70 54
21 39 36 47 72 70
21 40 38 64 50 59
21 41 42 49 54 69
21 42 18 81 82 62
21 43 53 60 57 53
21 44 50 51 53 53
21 45 81 22 42 40
21 46 99 26 2 3
21 47 58 50 51 44
21 48 11 71 81 69
21 49 62 53 28 31
21 50 79 22 40 43
21 51 64 29 39 45
21 52 53 42 41 51
21 53 73 21 29 45
21 54 12 69 86 65
21 55 48 40 62 56
21 56 78 19 45 15
21 57 39 53 57 49
21 58 30 59 57 68
21 59 8 78 91 89
21 60 57 43 56 34
21 61 79 19 36 24
21 62 53 35 55 43
21 63 88 13 14 15
21 64 40 53 67 51
21 65 51 48 37 56
21 66 22 81 75 78
21 67 96 4 8 5
21 68 19 76 60 62
21 69 43 40 66 50
21 70 48 39 53 57
21 71 60 43 42 36
21 72 66 42 28 45
21 73 39 57 71 69
21 74 70 34 43 49
21 75 66 43 48 50
21 76 74 28 19 28
21 77 53 36 50 58
21 78 12 84 67 75
21 79 9 64 91 79
21 80 56 58 47 56
21 81 2 68 94 75
21 82 94 22 20 32
21 83 68 23 48 45
21 84 60 33 28 35
21 85 9 81 73 68
21 86 5 78 76 82
21 87 38 43 49 70
21 88 29 69 78 65
21 89 85 16 26 26
21 90 37 47 46 52
21 91 10 69 69 68
21 92 5 75 83 77
21 93 5 75 83 93
21 94 24 81 58 67
21 95 44 61 67 53
21 96 41 46 43 43
21 97 98 15 24 1
21 98 75 44 47 41
21 99 60 32 28 51
22 23 86 34 14 12
22 24 46 43 54 59
22 25 71 28 40 41
22 26 36 60 64 59
22 27 31 72 63 70
22 28 66 42 51 29
22 29 1 83 76 81
22 30 90 11 32 17
22 31 5 84 75 89
22 32 41 55 44 58
22 33 62 29 33 35
22 34 3 91 81 79
22 35 81 34 34 24
22 36 79 41 41 24
22 37 55 54 48 58
22 38 62 38 33 32
22 39 60 30 55 46
22 40 32 70 70 67
22 41 39 47 53 55
22 42 33 47 52 52
22 43 9 75 66 76
22 44 71 28 38 32
22 45 83 19 33 24
22 46 67 42 26 52
22 47 33 70 64 63
22 48 0 81 86 73
22 49 30 77 77 69
22 50 37 67 45 59
22 51 63 40 34 46
22 52 59 51 40 47
22 53 27 64 64 76
22 54 1 82 69 90
22 55 88 29 14 15
22 56 93 6 27 21
22 57 71 28 44 26
22 58 75 27 45 29
22 59 90 13 14 17
22 60 99 27 25 22
22 61 17 63 77 59
22 62 99 21 14 23
22 63 93 29 17 10
22 64 58 58 31 51
22 65 50 34 40 40
22 66 89 28 24 31
22 67 19 73 82 85
22 68 86 15 18 24
22 69 23 60 57 62
22 70 30 78 74 62
22 71 86 13 9 21
22 72 73 31 46 32
22 73 22 70 77 72
22 74 29 54 67 76
22 75 93 33 26 32
22 76 40 57 61 67
22 77 16 61 77 60
22 78 81 27 37 38
22 79 83 34 32 35
22 80 79 35 20 34
22 81 92 21 29 27
22 82 89 17 18 34
22 83 83 34 32 33
22 84 75 32 24 20
22 85 11 78 68 79
22 86 25 57 79 79
22 87 3 92 76 74
22 88 79 43 18 27
22 89 22 56 64 74
22 90 92 12 16 15
22 91 3 79 76 96
22 92 83 33 20 29
22 93 11 72 89 66
22 94 14 75 70 70
22 95 47 43 40 60
22 96 17 80 60 82
22 97 21 82 57 80
22 98 67 42 42 24
22 99 56 42 54 53
23 24 40 58 52 65
23 25 6 76 79 89
23 26 88 27 28 17
23 27 65 34 24 43
23 28 61 53 52 32
23 29 98 19 18 11
23 30 20 56 78 60
23 31 87 22 35 12
23 32 80 28 42 35
23 33 65 39 33 49
23 34 50 49 48 37
23 35 61 48 27 41
23 36 82 38 18 26
23 37 47 59 57 63
23 38 75 39 25 46
23 39 51 37 58 39
23 40 61 32 33 43
23 41 8 76 65 89
23 42 31 69 62 57
23 43 46 56 65 50
23 44 52 59 48 57
23 45 56 55 46 48
23 46 94 32 8 24
23 47 69 26 24 38
23 48 70 32 40 41
23 49 36 45 61 68
23 50 16 85 60 78
23 51 52 58 55 42
23 52 29 56 69 61
23 53 68 28 36 51
23 54 15 82 66 80
23 55 36 71 56 57
23 56 68 44 40 22
23 57 56 48 52 49
23 58 48 55 57 65
23 59 92 26 23 17
23 60 44 58 63 52
23 61 83 27 18 36
23 62 99 29 10 13
23 63 73 31 37 47
23 64 50 47 42 48
23 65 8 81 79 74
23 66 59 29 51 44
23 67 88 20 26 27
23 68 46 56 59 66
23 69 97 16 14 1
23 70 19 75 57 77
23 71 52 54 43 47
23 72 53 42 37 33
23 73 22 55 56 73
23 74 2 79 90 83
23 75 48 45 65 57
23 76 26 73 72 78
23 77 6 68 74 87
23 78 26 78 57 59
23 79 13 68 80 85
23 80 26 67 64 71
23 81 50 51 40 62
23 82 3 87 81 91
23 83 67 36 28 31
23 84 97 16 14 5
23 85 31 63 75 68
23 86 50 53 40 62
23 87 62 47 28 39
23 88 50 57 40 39
23 89 77 38 28 17
23 90 4 77 70 80
23 91 35 46 46 55
23 92 72 40 19 44
23 93 57 38 43 38
23 94 27 71 63 78
23 95 96 3 22 22
23 96 21 61 71 72
23 97 9 65 73 78
23 98 39 50 48 42
23 99 78 17 39 31
24 25 96 23 3 16
24 26 7 75 67 92
24 27 9 65 69 75
24 28 22 71 61 80
24 29 16 85 65 69
24 30 50 56 50 61
24 31 80 37 24 23
24 32 90 30 34 23
24 33 40 69 64 67
24 34 7 94 65 81
24 35 98 29 1 5
24 36 23 67 79 64
24 37 58 38 43 35
24 38 58 47 32 47
24 39 74 38 22 40
24 40 65 42 27 39
24 41 51 44 52 50
24 42 31 53 50 71
24 43 62 53 52 43
24 44 42 46 60 41
24 45 15 59 75 62
24 46 31 49 50 54
24 47 66 37 46 48
24 48 20 59 80 81
24 49 98 5 10 28
24 50 41 65 68 50
24 51 63 53 35 31
24 52 84 29 11 35
24 53 57 50 53 55
24 54 94 26 27 17
24 55 38 64 65 53
24 56 88 36 21 11
24 57 9 71 85 81
24 58 6 94 72 85
24 59 10 70 75 85
24 60 65 26 31 42
24 61 65 38 53 45
24 62 43 63 51 62
24 63 70 48 26 40
24 64 73 21 26 47
24 65 94 22 15 24
24 66 18 83 70 73
24 67 24 58 68 79
24 68 62 40 42 29
24 69 50 60 36 49
24 70 13 70 62 90
24 71 96 16 10 19
24 72 51 62 50 41
24 73 16 77 79 75
24 74 30 61 63 74
24 75 89 32 19 23
24 76 66 41 27 43
24 77 83 13 11 36
24 78 39 68 43 55
24 79 89 8 23 12
24 80 25 56 53 65
24 81 62 34 44 34
24 82 20 68 76 66
24 83 29 57 68 49
24 84 32 71 67 54
24 85 18 62 66 75
24 86 59 54 33 49
24 87 7 69 72 71
24 88 76 39 25 21
24 89 72 37 46 23
24 90 22 84 66 78
24 91 84 26 30 21
24 92 82 39 22 17
24 93 73 38 31 27
24 94 92 21 22 5
24 95 34 51 66 62
24 96 65 33 41 40
24 97 47 40 53 41
24 98 22 70 55 74
24 99 12 72 76 66
25 26 39 45 46 49
25 27 89 13 36 31
25 28 8 82 79 71
25 29 99 27 5 24
25 30 70 31 30 33
25 31 9 88 70 73
25 32 50 63 49 35
25 33 6 74 94 82
25 34 61 53 40 35
25 35 41 64 59 48
25 36 78 42 31 16
25 37 13 87 68 79
25 38 40 49 49 61
25 39 54 35 51 40
25 40 52 62 46 39
25 41 21 77 78 61
25 42 2 71 95 90
25 43 24 79 56 78
25 44 1 81 76 96
25 45 62 34 49 44
25 46 10 66 66 69
25 47 50 49 44 41
25 48 4 77 76 90
25 49 85 31 15 20
25 50 18 64 70 78
25 51 84 11 15 27
25 52 98 6 12 14
25 53 56 34 43 58
25 54 72 31 47 31
25 55 97 7 4 13
25 56 43 59 60 61
25 57 63 32 36 31
25 58 38 50 52 58
25 59 24 71 73 67
25 60 15 77 88 59
25 61 37 51 62 61
25 62 58 31 35 43
25 63 94 17 26 12
25 64 87 30 16 33
25 65 48 41 42 37
25 66 88 21 26 29
25 67 82 19 22 41
25 68 82 21 27 38
25 69 52 53 58 35
25 70 27 54 65 75
25 71 27 66 65 52
25 72 34 48 59 73
25 73 12 85 68 66
25 74 20 62 83 61
25 75 84 21 38 29
25 76 88 21 24 16
25 77 22 65 66 54
25 78 72 44 43 40
25 79 41 56 64 49
25 80 45 43 44 61
25 81 67 22 25 33
25 82 1 87 96 74
25 83 44 52 45 55
25 84 14 82 75 60
25 85 57 36 52 46
25 86 36 53 72 61
25 87 74 21 23 32
25 88 18 74 67 85
25 89 34 47 49 58
25 90 27 60 76 65
25 91 61 40 28 50
25 92 57 53 55 46
25 93 2 83 77 78
25 94 11 84 73 77
25 95 98 15 30 1
25 96 89 29 9 19
25 97 56 40 51 30
25 98 77 34 22 26
25 99 80 32 26 22
26 27 6 75 90 86
26 28 49 40 37 59
26 29 20 61 62 57
26 30 9 80 81 89
26 31 31 64 67 58
26 32 92 9 18 13
26 33 96 14 6 15
26 34 22 69 64 66
26 35 51 35 43 51
26 36 60 34 52 56
26 37 80 22 29 42
26 38 76 33 31 36
26 39 36 51 47 48
26 40 9 64 66 81
26 41 44 56 47 54
26 42 53 33 39 51
26 43 61 33 36 28
26 44 14 83 88 89
26 45 70 37 24 29
26 46 19 77 73 71
26 47 71 39 26 29
26 48 93 22 12 15
26 49 38 54 53 61
26 50 2 92 93 68
26 51 85 39 12 11
26 52 41 59 54 49
26 53 56 56 38 45
26 54 79 25 31 30
26 55 83 12 32 23
26 56 24 69 62 67
26 57 42 61 40 41
26 58 48 65 43 52
26 59 63 42 38 38
26 60 54 52 42 40
26 61 61 48 52 41
26 62 69 21 38 43
26 63 65 30 33 27
26 64 49 64 64 63
26 65 19 67 59 84
26 66 48 64 41 45
26 67 82 14 41 38
26 68 29 56 50 76
26 69 83 16 17 13
26 70 35 70 65 60
26 71 97 22 13 12
26 72 12 75 86 73
26 73 61 42 53 49
26 74 34 66 57 53
26 75 58 36 43 49
26 76 20 60 80 81
26 77 39 71 62 64
26 78 10 63 81 79
26 79 50 39 35 59
26 80 95 18 15 25
26 81 92 16 9 24
26 82 4 93 93 90
26 83 4 92 76 91
26 84 27 69 76 59
26 85 93 6 13 16
26 86 8 71 86 83
26 87 34 74 59 46
26 88 45 44 43 67
26 89 33 55 58 63
26 90 54 41 57 35
26 91 25 66 70 81
26 92 32 75 71 69
26 93 22 76 60 81
26 94 72 49 27 20
26 95 19 81 66 72
26 96 54 47 42 56
26 97 84 23 13 16
26 98 40 64 48 62
26 99 4 86 67 92
27 28 26 77 72 56
27 29 59 48 40 50
27 30 2 80 72 91
27 31 25 81 80 75
27 32 82 30 14 40
27 33 21 61 64 66
27 34 59 31 33 43
27 35 28 74 75 52
27 36 55 40 60 53
27 37 81 32 30 40
27 38 63 39 36 27
27 39 87 9 29 34
27 40 2 75 96 69
27 41 81 22 28 38
27 42 22 76 76 67
27 43 77 45 34 18
27 44 58 36 51 41
27 45 33 59 67 73
27 46 41 62 41 48
27 47 49 41 65 64
27 48 19 60 58 76
27 49 35 51 63 47
27 50 62 32 32 51
27 51 55 48 53 41
27 52 48 54 38 57
27 53 69 48 28 47
27 54 68 27 30 42
27 55 99 15 11 6
27 56 80 42 34 14
27 57 21 63 75 55
27 58 81 38 41 40
27 59 31 60 50 49
27 60 9 85 72 81
27 61 79 26 19 43
27 62 98 29 6 11
27 63 56 43 51 42
27 64 24 68 55 64
27 65 25 60 60 66
27 66 7 94 78 66
27 67 78 32 25 33
27 68 77 24 45 25
27 69 81 19 14 29
27 70 32 65 50 69
27 71 87 18 30 23
27 72 77 27 34 39
27 73 22 55 71 67
27 74 6 83 81 68
27 75 83 22 34 31
27 76 95 12 6 22
27 77 2 96 76 87
27 78 60 36 30 41
27 79 87 36 15 16
27 80 6 92 90 68
27 81 47 50 52 40
27 82 50 49 64 61
27 83 79 42 29 35
27 84 56 57 38 55
27 85 16 66 82 75
27 86 66 24 39 42
27 87 6 79 86 88
27 88 39 43 51 48
27 89 87 20 26 13
27 90 76 18 23 22
27 91 59 30 44 51
27 92 39 57 50 68
27 93 89 17 22 34
27 94 20 63 76 64
27 95 92 20 31 18
27 96 76 21 42 16
27 97 22 58 64 55
27 98 32 52 49 54
27 99 28 51 73 54
28 29 32 75 72 58
28 30 45 56 66 65
28 31 14 64 66 60
28 32 45 45 52 39
28 33 62 31 38 40
28 34 86 19 28 39
28 35 14 86 69 85
28 36 94 7 13 16
28 37 42 56 69 70
28 38 12 75 81 71
28 39 62 36 37 40
28 40 64 27 46 25
28 41 78 31 36 33
28 42 42 59 52 47
28 43 51 61 56 35
28 44 74 18 45 17
28 45 23 53 65 71
28 46 62 48 37 50
28 47 40 54 45 55
28 48 17 58 78 67
28 49 22 64 70 61
28 50 26 55 76 52
28 51 87 15 24 20
28 52 77 27 18 44
28 53 24 65 81 54
28 54 98 22 17 13
28 55 76 32 25 45
28 56 49 52 50 47
28 57 84 24 14 17
28 58 68 44 29 23
28 59 62 40 33 41
28 60 93 5 21 9
28 61 8 92 78 78
28 62 84 34 26 22
28 63 54 45 45 38
28 64 60 33 43 56
28 65 11 66 76 78
28 66 10 79 65 84
28 67 80 18 16 20
28 68 88 24 26 23
28 69 27 80 77 57
28 70 82 38 37 40
28 71 47 57 46 42
28 72 17 70 61 64
28 73 98 7 17 6
28 74 86 28 30 15
28 75 6 87 73 67
28 76 82 20 17 26
28 77 44 44 43 63
28 78 79 24 44 34
28 79 35 74 54 45
28 80 78 18 28 39
28 81 83 16 17 15
28 82 34 55 57 72
28 83 22 67 57 69
28 84 13 61 64 67
28 85 88 21 34 22
28 86 40 45 64 69
28 87 78 40 29 21
28 88 85 16 20 11
28 89 6 87 76 90
28 90 4 92 76 85
28 91 93 20 15 30
28 92 37 54 53 55
28 93 66 36 49 28
28 94 0 79 77 77
28 95 85 35 38 17
28 96 17 69 72 84
28 97 35 60 73 49
28 98 60 48 29 32
28 99 28 62 67 51
29 30 4 88 80 70
29 31 9 70 87 71
29 32 45 56 46 42
29 33 26 71 68 76
29 34 28 56 79 73
29 35 3 87 70 91
29 36 41 55 58 41
29 37 62 50 43 47
29 38 30 62 76 77
29 39 75 25 26 18
29 40 22 62 67 76
29 41 32 55 53 74
29 42 73 29 26 24
29 43 29 72 77 76
29 44 26 55 72 68
29 45 55 56 39 33
29 46 0 74 81 73
29 47 67 31 30 37
29 48 38 45 67 56
29 49 5 77 89 88
29 50 0 80 87 73
29 51 36 51 64 59
29 52 85 24 14 11
29 53 32 62 57 47
29 54 84 32 29 38
29 55 43 45 65 67
29 56 8 91 66 76
29 57 53 46 44 44
29 58 53 51 38 51
29 59 89 23 25 24
29 60 97 2 4 16
29 61 65 36 32 39
29 62 68 32 48 27
29 63 42 42 65 64
29 64 90 9 26 35
29 65 17 58 69 72
29 66 69 35 47 45
29 67 53 44 46 51
29 68 74 18 39 40
29 69 82 34 27 39
29 70 24 55 53 62
29 71 70 21 33 38
29 72 24 75 67 58
29 73 53 50 38 42
29 74 58 46 34 32
29 75 57 46 48 52
29 76 42 66 50 65
29 77 39 61 69 61
29 78 38 48 54 70
29 79 84 17 12 15
29 80 13 72 89 72
29 81 25 80 54 75
29 82 62 54 52 26
29 83 98 4 19 12
29 84 11 91 64 64
29 85 73 34 29 43
29 86 12 79 87 65
29 87 48 61 37 55
29 88 14 66 59 82
29 89 79 24 41 21
29 90 10 80 82 63
29 91 3 93 67 82
29 92 85 29 38 20
29 93 89 10 23 25
29 94 86 35 35 27
29 95 2 85 74 74
29 96 56 54 40 38
29 97 24 57 69 80
29 98 19 72 71 71
29 99 73 36 20 21
30 31 50 55 41 42
30 32 91 6 10 16
30 33 78 27 19 29
30 34 74 33 23 29
30 35 54 47 34 45
30 36 43 45 59 46
30 37 99 27 19 26
30 38 1 72 85 87
30 39 76 24 42 36
30 40 57 37 50 39
30 41 74 45 44 24
30 42 9 73 89 65
30 43 87 22 24 37
30 44 76 35 30 36
30 45 42 44 62 68
30 46 26 59 79 59
30 47 66 43 26 41
30 48 81 30 28 41
30 49 5 85 79 91
30 50 56 54 32 42
30 51 74 43 42 18
30 52 36 57 53 48
30 53 41 45 55 70
30 54 10 68 85 70
30 55 36 69 74 52
30 56 58 36 32 45
30 57 12 89 65 75
30 58 69 51 28 29
30 59 3 67 82 74
30 60 1 83 79 92
30 61 6 70 81 91
30 62 70 47 24 33
30 63 24 57 65 57
30 64 15 76 70 62
30 65 53 52 58 59
30 66 80 36 40 15
30 67 50 51 44 50
30 68 48 39 42 63
30 69 79 38 41 43
30 70 59 53 35 29
30 71 29 76 55 72
30 72 89 31 36 22
30 73 52 35 53 57
30 74 17 81 77 75
30 75 84 24 27 40
30 76 61 49 35 55
30 77 36 45 49 62
30 78 0 97 93 70
30 79 91 19 25 7
30 80 38 45 44 65
30 81 31 56 50 54
30 82 45 41 48 62
30 83 93 10 32 28
30 84 16 65 72 65
30 85 97 15 18 31
30 86 91 12 34 8
30 87 25 60 68 66
30 88 93 9 30 29
30 89 80 25 25 27
30 90 27 64 57 57
30 91 44 59 40 67
30 92 97 2 26 16
30 93 41 45 59 55
30 94 42 56 67 68
30 95 36 52 68 51
30 96 54 40 38 53
30 97 29 71 53 78
30 98 97 31 15 18
30 99 93 4 6 21
31 32 51 39 48 57
31 33 63 40 46 50
31 34 13 83 83 67
31 35 66 47 28 52
31 36 57 45 39 42
31 37 39 46 60 42
31 38 61 33 53 54
31 39 34 66 57 51
31 40 93 12 29 28
31 41 1 73 69 77
31 42 17 78 78 80
31 43 18 66 59 64
31 44 8 81 83 86
31 45 95 19 11 12
31 46 43 66 62 60
31 47 92 34 14 29
31 48 24 65 54 62
31 49 20 57 74 72
31 50 69 28 39 47
31 51 71 37 23 23
31 52 15 79 65 84
31 53 47 50 65 64
31 54 17 87 60 57
31 55 96 28 11 22
31 56 13 76 82 65
31 57 4 75 96 78
31 58 90 20 16 7
31 59 13 89 80 63
31 60 67 36 46 36
31 61 2 95 73 74
31 62 64 51 38 30
31 63 46 61 57 63
31 64 63 33 53 42
31 65 40 53 62 63
31 66 6 79 67 84
31 67 1 70 91 84
31 68 84 37 21 14
31 69 14 61 66 89
31 70 96 10 12 6
31 71 25 52 68 78
31 72 62 54 48 55
31 73 76 20 20 38
31 74 28 71 78 60
31 75 23 69 82 57
31 76 0 76 79 85
31 77 76 31 43 24
31 78 52 34 45 46
31 79 2 88 71 71
31 80 69 44 40 41
31 81 59 49 37 29
31 82 16 67 82 65
31 83 76 40 45 30
31 84 74 44 42 34
31 85 97 9 6 2
31 86 6 67 71 66
31 87 18 65 69 60
31 88 10 90 82 82
31 89 96 24 13 10
31 90 0 78 82 89
31 91 69 32 50 23
31 92 13 84 86 74
31 93 98 10 2 3
31 94 20 64 77 74
31 95 63 49 49 36
31 96 61 43 46 56
31 97 97 15 17 3
31 98 97 5 2 10
31 99 47 41 52 44
32 33 71 45 24 36
32 34 94 17 24 5
32 35 46 40 40 62
32 36 79 29 39 23
32 37 78 43 32 42
32 38 80 15 38 18
32 39 5 89 71 66
32 40 47 43 42 43
32 41 29 50 68 55
32 42 43 60 62 39
32 43 21 79 64 57
32 44 99 26 8 26
32 45 7 75 83 86
32 46 57 44 50 41
32 47 90 24 6 15
32 48 33 58 51 49
32 49 15 66 70 83
32 50 49 51 49 51
32 51 38 62 54 51
32 52 23 56 77 82
32 53 27 55 61 56
32 54 49 46 49 49
32 55 10 79 64 89
32 56 13 78 68 89
32 57 4 94 82 93
32 58 26 60 77 55
32 59 77 42 25 25
32 60 24 70 63 79
32 61 79 39 35 31
32 62 40 70 67 50
32 63 41 58 69 54
32 64 26 60 69 53
32 65 52 38 52 45
32 66 68 41 48 48
32 67 44 56 46 52
32 68 38 56 56 56
32 69 33 62 63 59
32 70 37 53 48 60
32 71 44 40 48 42
32 72 84 38 15 13
32 73 85 25 35 24
32 74 75 35 23 35
32 75 27 60 67 56
32 76 45 58 64 45
32 77 47 57 61 59
32 78 27 57 64 63
32 79 67 42 45 47
32 80 62 37 45 46
32 81 3 69 69 69
32 82 49 55 49 38
32 83 16 87 73 61
32 84 57 38 59 49
32 85 25 77 68 55
32 86 98 25 22 11
32 87 52 49 39 40
32 88 58 48 49 49
32 89 35 50 72 73
32 90 90 11 12 27
32 91 5 71 83 76
32 92 75 44 30 39
32 93 49 63 55 57
32 94 15 79 82 59
32 95 17 77 82 60
32 96 86 23 18 10
32 97 52 41 34 61
32 98 24 72 75 60
32 99 8 73 80 72
33 34 75 36 26 28
33 35 78 32 25 34
33 36 15 76 63 85
33 37 19 67 58 79
33 38 96 17 19 22
33 39 49 41 65 59
33 40 26 80 71 54
33 41 1 74 71 91
33 42 72 34 34 40
33 43 13 86 76 89
33 44 5 88 88 92
33 45 85 16 28 24
33 46 7 71 69 86
33 47 69 49 50 43
33 48 1 89 82 89
33 49 59 45 29 47
33 50 17 67 58 72
33 51 65 46 40 36
33 52 5 90 81 83
33 53 7 87 76 77
33 54 15 80 77 65
33 55 21 79 65 66
33 56 39 51 65 65
33 57 56 55 31 40
33 58 14 81 72 84
33 59 43 51 62 46
33 60 79 18 21 19
33 61 4 79 84 77
33 62 9 87 65 70
33 63 7 77 70 77
33 64 14 84 76 72
33 65 58 55 54 40
33 66 87 31 35 26
33 67 65 50 38 42
33 68 66 32 44 27
33 69 53 34 48 36
33 70 72 49 28 43
33 71 16 61 62 65
33 72 73 21 43 30
33 73 7 94 68 68
33 74 74 25 35 33
33 75 54 37 55 38
33 76 29 63 59 58
33 77 99 24 10 4
33 78 1 90 84 87
33 79 16 77 67 66
33 80 94 4 22 14
33 81 62 51 26 51
33 82 24 62 73 68
33 83 39 60 58 61
33 84 42 65 43 64
33 85 8 65 69 83
33 86 57 45 32 45
33 87 17 73 59 74
33 88 93 13 23 30
33 89 7 84 72 92
33 90 12 79 66 68
33 91 44 45 66 56
33 92 73 28 21 32
33 93 5 92 71 85
33 94 14 77 76 89
33 95 76 24 27 44
33 96 15 74 83 65
33 97 43 45 68 44
33 98 61 28 29 42
33 99 95 33 20 4
34 35 45 42 56 60
34 36 88 21 26 10
34 37 18 78 63 80
34 38 39 66 42 58
34 39 13 60 84 78
34 40 80 38 19 28
34 41 82 39 34 15
34 42 6 75 82 92
34 43 11 90 86 89
34 44 19 71 72 81
34 45 66 27 52 30
34 46 43 59 61 68
34 47 60 54 40 57
34 48 79 17 28 14
34 49 12 65 75 80
34 50 97 28 28 30
34 51 23 81 74 76
34 52 58 36 32 38
34 53 82 32 17 38
34 54 72 34 39 35
34 55 12 76 65 79
34 56 7 68 91 78
34 57 52 54 59 52
34 58 41 56 52 43
34 59 61 56 53 40
34 60 46 56 47 55
34 61 9 74 64 93
34 62 67 41 42 41
34 63 52 48 44 61
34 64 4 96 93 81
34 65 9 73 89 65
34 66 68 25 47 43
34 67 96 7 27 7
34 68 94 11 9 11
34 69 44 62 57 65
34 70 96 9 26 2
34 71 26 72 75 55
34 72 33 66 53 65
34 73 19 82 67 68
34 74 48 37 43 49
34 75 9 77 79 87
34 76 72 39 41 29
34 77 97 25 17 4
34 78 30 78 76 67
34 79 34 65 59 48
34 80 17 67 81 58
34 81 2 78 84 85
34 82 10 92 63 80
34 83 79 36 32 38
34 84 32 56 59 67
34 85 74 38 47 44
34 86 4 68 69 90
34 87 76 43 19 41
34 88 0 88 81 97
34 89 37 61 73 45
34 90 94 28 7 16
34 91 54 57 41 33
34 92 16 82 63 66
34 93 92 15 34 26
34 94 90 26 26 34
34 95 4 96 81 68
34 96 41 67 68 67
34 97 57 41 35 33
34 98 59 46 40 38
34 99 51 46 34 46
35 36 1 84 84 84
35 37 87 34 28 37
35 38 95 7 8 17
35 39 85 30 11 10
35 40 89 23 31 17
35 41 60 37 43 28
35 42 32 49 53 49
35 43 26 79 66 74
35 44 91 14 29 31
35 45 18 71 64 76
35 46 54 44 55 49
35 47 16 59 77 65
35 48 23 68 54 83
35 49 52 58 39 55
35 50 6 92 89 73
35 51 17 82 83 84
35 52 95 13 25 12
35 53 44 49 42 43
35 54 31 60 76 48
35 55 48 58 51 36
35 56 74 44 32 46
35 57 56 48 42 59
35 58 94 8 15 28
35 59 7 70 67 76
35 60 81 31 40 31
35 61 87 26 29 16
35 62 58 37 37 55
35 63 63 46 52 36
35 64 62 48 37 56
35 65 8 82 69 85
35 66 7 92 69 82
35 67 11 91 82 84
35 68 19 82 62 75
35 69 82 30 18 14
35 70 27 69 55 65
35 71 37 61 71 62
35 72 19 60 71 74
35 73 56 52 36 49
35 74 22 66 67 81
35 75 77 17 16 40
35 76 79 42 41 23
35 77 82 18 37 15
35 78 33 60 46 60
35 79 6 93 83 65
35 80 18 62 71 57
35 81 87 28 25 22
35 82 82 14 39 38
35 83 75 20 44 42
35 84 5 71 76 78
35 85 35 62 73 74
35 86 98 15 9 1
35 87 24 57 67 80
35 88 85 32 15 22
35 89 91 26 24 13
35 90 10 70 69 64
35 91 96 4 20 20
35 92 21 69 72 84
35 93 78 28 32 15
35 94 36 66 58 68
35 95 54 39 57 35
35 96 91 35 33 18
35 97 0 81 87 91
35 98 34 53 73 63
35 99 87 35 21 10
36 37 88 32 17 36
36 38 20 72 72 70
36 39 33 68 54 55
36 40 28 56 54 56
36 41 86 32 24 32
36 42 38 51 52 46
36 43 48 38 42 43
36 44 4 68 83 89
36 45 81 28 23 34
36 46 31 77 55 58
36 47 88 21 8 25
36 48 56 34 38 59
36 49 61 35 29 40
36 50 11 68 63 78
36 51 38 51 58 48
36 52 0 72 75 82
36 53 13 73 77 72
36 54 99 20 12 7
36 55 6 70 85 91
36 56 32 56 61 75
36 57 68 35 24 45
36 58 99 26 1 13
36 59 9 87 74 87
36 60 53 52 47 50
36 61 3 81 73 74
36 62 42 56 52 48
36 63 5 88 92 85
36 64 3 96 95 76
36 65 86 15 36 15
36 66 39 54 60 53
36 67 40 66 55 47
36 68 85 10 36 31
36 69 64 26 40 46
36 70 84 25 27 26
36 71 32 57 70 59
36 72 64 27 33 34
36 73 23 55 57 74
36 74 77 42 37 43
36 75 58 30 37 53
36 76 2 95 88 85
36 77 79 21 29 16
36 78 77 26 37 28
36 79 93 19 32 12
36 80 31 62 57 63
36 81 70 38 50 43
36 82 1 77 88 78
36 83 78 22 20 26
36 84 55 55 35 48
36 85 4 85 85 78
36 86 19 60 75 71
36 87 62 36 30 39
36 88 39 51 43 44
36 89 60 41 35 48
36 90 64 49 51 40
36 91 4 83 89 81
36 92 19 74 82 79
36 93 65 33 44 52
36 94 78 25 33 25
36 95 2 88 97 72
36 96 39 69 56 60
36 97 79 39 27 18
36 98 45 43 54 63
36 99 40 42 60 49
37 38 15 70 80 76
37 39 50 54 42 38
37 40 59 50 52 48
37 41 75 46 17 23
37 42 22 70 56 55
37 43 25 67 62 66
37 44 75 44 40 26
37 45 16 62 80 74
37 46 45 43 64 51
37 47 61 56 46 32
37 48 57 34 57 34
37 49 41 56 58 47
37 50 66 29 38 50
37 51 81 14 28 32
37 52 32 47 56 65
37 53 25 53 80 62
37 54 11 88 73 63
37 55 21 80 60 62
37 56 61 30 47 54
37 57 77 32 23 20
37 58 43 69 66 49
37 59 94 14 29 21
37 60 32 71 76 75
37 61 35 70 67 62
37 62 2 70 96 83
37 63 60 47 31 31
37 64 42 69 56 45
37 65 3 73 85 90
37 66 69 46 36 38
37 67 85 22 10 24
37 68 66 49 48 50
37 69 70 27 39 33
37 70 45 43 44 40
37 71 60 43 46 28
37 72 23 82 81 53
37 73 50 61 58 35
37 74 88 21 9 30
37 75 51 43 63 57
37 76 20 63 76 65
37 77 23 73 75 54
37 78 9 91 92 83
37 79 88 35 35 15
37 80 72 33 36 28
37 81 55 57 48 38
37 82 62 48 31 30
37 83 64 40 41 53
37 84 88 29 31 15
37 85 75 45 30 30
37 86 23 59 81 60
37 87 51 53 35 59
37 88 0 93 82 92
37 89 76 32 41 44
37 90 71 21 38 22
37 91 4 87 84 71
37 92 8 72 81 64
37 93 33 68 70 52
37 94 19 65 56 84
37 95 18 81 63 83
37 96 75 39 21 45
37 97 84 12 40 21
37 98 50 63 53 58
37 99 25 60 76 77
38 39 16 66 60 84
38 40 54 57 58 38
38 41 68 49 49 50
38 42 10 84 88 65
38 43 33 54 64 55
38 44 3 79 93 96
38 45 50 41 57 55
38 46 33 65 63 49
38 47 85 34 14 35
38 48 89 24 8 15
38 49 67 30 49 32
38 50 27 77 72 65
38 51 53 60 53 39
38 52 11 80 85 90
38 53 50 43 64 55
38 54 71 45 38 25
38 55 63 50 44 49
38 56 63 38 32 29
38 57 12 65 68 88
38 58 47 54 65 54
38 59 14 63 62 89
38 60 5 88 95 87
38 61 49 47 38 54
38 62 34 61 61 60
38 63 97 19 23 30
38 64 26 54 72 66
38 65 30 57 49 69
38 66 80 19 37 14
38 67 62 26 56 30
38 68 41 64 63 40
38 69 89 22 32 37
38 70 66 32 28 29
38 71 22 78 79 76
38 72 64 42 27 28
38 73 37 69 44 52
38 74 62 34 45 29
38 75 96 23 27 17
38 76 31 70 60 63
38 77 3 71 73 92
38 78 50 47 55 55
38 79 73 36 38 20
38 80 97 30 31 20
38 81 17 76 78 81
38 82 96 21 5 26
38 83 17 73 79 81
38 84 74 25 37 48
38 85 24 71 80 77
38 86 21 73 69 79
38 87 78 34 45 43
38 88 41 63 61 43
38 89 59 56 40 39
38 90 1 70 85 77
38 91 16 72 84 87
38 92 68 48 40 33
38 93 56 43 36 45
38 94 79 32 39 29
38 95 81 21 28 14
38 96 70 23 44 28
38 97 82 16 26 18
38 98 63 32 53 36
38 99 58 48 40 38
39 40 28 69 62 70
39 41 76 43 23 16
39 42 51 40 52 39
39 43 12 88 62 74
39 44 15 80 76 80
39 45 33 49 53 51
39 46 99 5 6 25
39 47 85 21 21 15
39 48 12 87 77 86
39 49 23 70 55 78
39 50 34 55 73 73
39 51 44 61 63 58
39 52 85 11 24 21
39 53 14 59 89 88
39 54 82 36 38 19
39 55 53 52 52 51
39 56 95 25 10 6
39 57 54 45 43 47
39 58 19 71 76 68
39 59 5 91 92 89
39 60 9 65 70 91
39 61 1 93 84 79
39 62 29 58 64 56
39 63 34 71 71 75
39 64 48 42 56 60
39 65 88 15 32 15
39 66 70 46 25 27
39 67 67 38 45 31
39 68 25 73 75 72
39 69 92 34 22 31
39 70 75 29 39 25
39 71 15 59 81 61
39 72 99 19 2 0
39 73 42 50 70 57
39 74 12 89 80 70
39 75 79 17 29 41
39 76 50 39 41 38
39 77 36 70 56 61
39 78 19 75 56 68
39 79 25 75 63 67
39 80 30 75 50 59
39 81 42 55 42 63
39 82 5 70 81 72
39 83 1 95 77 79
39 84 70 40 48 23
39 85 75 34 19 46
39 86 68 29 25 22
39 87 83 34 19 24
39 88 88 16 29 14
39 89 22 75 63 67
39 90 20 68 81 61
39 91 48 60 54 53
39 92 65 34 35 40
39 93 65 28 33 52
39 94 78 30 36 17
39 95 12 83 64 62
39 96 98 14 29 13
39 97 15 78 84 84
39 98 9 86 90 65
39 99 24 78 59 52
40 41 29 77 74 50
40 42 56 46 54 37
40 43 31 59 54 67
40 44 43 52 39 53
40 45 48 51 58 49
40 46 17 87 78 66
40 47 0 99 70 95
40 48 55 45 42 35
40 49 20 81 67 78
40 50 68 29 27 28
40 51 6 81 83 74
40 52 11 74 73 86
40 53 42 60 49 50
40 54 56 33 36 46
40 55 23 58 60 74
40 56 66 26 38 31
40 57 24 65 72 72
40 58 69 27 29 28
40 59 0 75 75 92
40 60 11 90 90 85
40 61 90 21 13 33
40 62 87 25 27 10
40 63 69 41 48 22
40 64 44 61 58 58
40 65 18 58 80 75
40 66 14 75 86 84
40 67 3 75 97 88
40 68 82 21 27 39
40 69 35 62 64 69
40 70 90 34 19 20
40 71 89 12 36 32
40 72 93 21 10 19
40 73 67 25 28 29
40 74 96 14 16 31
40 75 17 57 71 72
40 76 4 92 92 71
40 77 30 74 73 63
40 78 29 72 53 61
40 79 73 32 46 18
40 80 97 2 24 2
40 81 13 86 86 69
40 82 39 64 47 43
40 83 34 62 50 75
40 84 56 30 31 53
40 85 38 50 59 43
40 86 84 20 37 39
40 87 44 40 63 66
40 88 32 49 66 55
40 89 22 83 76 67
40 90 58 45 50 53
40 91 24 76 65 75
40 92 75 37 40 17
40 93 89 16 8 33
40 94 39 44 47 63
40 95 12 77 86 77
40 96 80 37 19 19
40 97 17 82 76 75
40 98 15 87 69 65
40 99 96 2 15 10
41 42 79 21 42 31
41 43 47 39 54 41
41 44 40 43 43 54
41 45 19 81 75 67
41 46 39 46 51 45
41 47 26 51 71 71
41 48 51 47 58 41
41 49 54 56 41 33
41 50 67 35 29 41
41 51 98 15 23 1
41 52 85 19 10 29
41 53 63 28 44 54
41 54 67 50 46 31
41 55 17 62 71 78
41 56 58 37 52 31
41 57 54 45 58 41
41 58 4 86 96 82
41 59 56 38 46 59
41 60 16 78 84 76
41 61 28 64 52 64
41 62 54 40 51 51
41 63 31 69 77 54
41 64 4 73 81 67
41 65 76 28 30 44
41 66 84 12 30 40
41 67 67 42 48 24
41 68 72 27 23 49
41 69 74 18 38 41
41 70 41 62 64 46
41 71 93 29 10 28
41 72 33 54 66 49
41 73 99 3 4 19
41 74 9 90 80 89
41 75 72 40 37 38
41 76 83 39 37 29
41 77 1 83 80 72
41 78 95 3 25 9
41 79 59 38 53 28
41 80 98 11 29 1
41 81 61 38 30 32
41 82 99 20 26 0
41 83 18 80 76 70
41 84 99 16 8 3
41 85 35 72 60 51
41 86 79 32 23 18
41 87 14 64 72 76
41 88 41 52 44 50
41 89 24 70 64 75
41 90 23 66 63 55
41 91 73 41 47 30
41 92 6 85 91 66
41 93 51 53 40 54
41 94 79 43 21 30
41 95 83 13 32 33
41 96 32 52 67 75
41 97 6 92 86 85
41 98 94 29 19 30
41 99 54 59 44 61
42 43 55 51 31 41
42 44 26 69 74 53
42 45 89 18 14 30
42 46 54 51 51 39
42 47 44 47 55 40
42 48 1 86 70 74
42 49 40 64 53 58
42 50 73 43 29 27
42 51 55 58 44 61
42 52 21 56 55 62
42 53 83 27 17 34
42 54 83 36 26 39
42 55 27 62 75 53
42 56 80 16 35 32
42 57 37 69 56 65
42 58 74 32 44 30
42 59 79 28 37 42
42 60 19 60 61 71
42 61 10 74 77 67
42 62 16 70 68 65
42 63 7 89 66 65
42 64 45 40 49 43
42 65 93 29 25 11
42 66 44 57 42 61
42 67 3 83 76 97
42 68 33 47 57 68
42 69 56 46 52 37
42 70 91 22 29 35
42 71 29 57 61 58
42 72 62 46 49 29
42 73 90 18 28 36
42 74 94 11 28 15
42 75 21 72 78 82
42 76 78 34 23 24
42 77 7 81 80 72
42 78 52 54 39 43
42 79 27 57 71 65
42 80 95 5 28 20
42 81 16 65 84 76
42 82 81 18 20 40
42 83 15 72 82 59
42 84 95 31 5 27
42 85 53 59 38 61
42 86 35 62 46 52
42 87 45 48 68 52
42 88 54 61 54 53
42 89 33 62 53 70
42 90 17 80 71 83
42 91 1 80 77 82
42 92 44 55 53 46
42 93 49 36 39 40
42 94 26 70 51 51
42 95 8 68 64 87
42 96 40 47 61 69
42 97 32 57 75 72
42 98 60 37 43 38
42 99 3 86 71 79
43 44 70 23 31 21
43 45 55 33 47 35
43 46 96 12 27 24
43 47 69 25 45 49
43 48 36 58 46 56
43 49 6 82 72 72
43 50 57 47 37 43
43 51 14 67 67 83
43 52 6 86 76 73
43 53 7 90 70 91
43 54 14 71 88 78
43 55 38 63 60 52
43 56 65 25 33 37
43 57 64 49 37 52
43 58 79 38 43 19
43 59 81 14 32 38
43 60 49 49 46 63
43 61 64 39 37 39
43 62 31 49 60 63
43 63 7 69 89 80
43 64 94 31 4 10
43 65 21 76 74 72
43 66 45 50 54 39
43 67 21 56 58 72
43 68 42 59 56 42
43 69 5 86 95 82
43 70 24 71 62 74
43 71 42 50 68 69
43 72 65 40 41 45
43 73 27 61 58 74
43 74 44 64 42 59
43 75 8 91 91 76
43 76 69 35 29 29
43 77 65 52 38 35
43 78 50 36 54 58
43 79 5 81 81 90
43 80 83 14 35 13
43 81 10 82 86 67
43 82 59 57 39 44
43 83 56 55 44 33
43 84 7 73 69 73
43 85 36 64 57 62
43 86 68 22 31 30
43 87 57 38 47 56
43 88 24 76 60 64
43 89 21 79 73 68
43 90 37 54 67 64
43 91 87 12 11 14
43 92 1 89 87 75
43 93 70 23 36 43
43 94 28 56 63 75
43 95 64 38 41 25
43 96 96 8 22 20
43 97 54 35 57 49
43 98 67 47 44 28
43 99 57 39 42 55
44 45 25 56 70 70
44 46 50 56 64 53
44 47 63 47 53 44
44 48 39 44 51 54
44 49 54 32 59 46
44 50 0 81 86 93
44 51 7 92 91 79
44 52 67 42 25 36
44 53 22 72 70 61
44 54 89 30 11 28
44 55 79 43 23 38
44 56 16 82 81 87
44 57 32 76 71 66
44 58 67 50 39 30
44 59 84 12 36 18
44 60 9 76 89 76
44 61 27 65 53 67
44 62 37 65 65 49
44 63 62 39 40 39
44 64 73 43 26 35
44 65 22 66 68 70
44 66 83 30 31 30
44 67 83 13 38 12
44 68 81 28 15 22
44 69 30 56 75 63
44 70 86 26 22 37
44 71 43 57 53 43
44 72 88 32 21 18
44 73 90 31 34 10
44 74 61 30 31 44
44 75 75 33 27 39
44 76 42 52 48 54
44 77 48 55 36 60
44 78 76 26 19 18
44 79 43 53 57 59
44 80 57 32 56 40
44 81 18 77 78 73
44 82 35 69 52 67
44 83 28 70 65 51
44 84 27 70 66 78
44 85 78 27 16 39
44 86 30 53 72 75
44 87 12 72 81 74
44 88 35 59 70 53
44 89 68 41 29 30
44 90 43 53 55 48
44 91 67 40 33 41
44 92 64 45 42 49
44 93 84 24 28 40
44 94 66 32 50 25
44 95 89 25 18 27
44 96 55 37 31 48
44 97 10 89 92 70
44 98 14 67 77 88
44 99 2 71 91 75
45 46 78 42 26 38
45 47 14 85 83 71
45 48 57 34 32 36
45 49 98 9 21 2
45 50 89 16 30 22
45 51 75 40 46 29
45 52 53 41 42 59
45 53 12 71 73 78
45 54 51 49 46 50
45 55 70 37 41 29
45 56 35 52 47 60
45 57 18 84 72 65
45 58 22 61 69 66
45 59 17 69 84 78
45 60 18 61 71 78
45 61 89 28 37 16
45 62 5 93 88 81
45 63 50 46 35 41
45 64 75 18 44 24
45 65 88 9 9 10
45 66 93 23 22 23
45 67 65 43 43 26
45 68 26 72 76 80
45 69 50 43 38 52
45 70 70 35 29 26
45 71 56 32 34 51
45 72 0 88 77 80
45 73 15 77 86 74
45 74 61 44 29 56
45 75 24 59 55 68
45 76 53 53 43 35
45 77 72 35 32 42
45 78 99 23 17 1
45 79 97 3 24 16
45 80 38 58 49 64
45 81 75 28 36 26
45 82 43 40 66 55
45 83 93 4 24 21
45 84 89 24 26 25
45 85 78 39 19 29
45 86 99 20 15 28
45 87 82 41 26 17
45 88 42 42 53 64
45 89 38 70 45 47
45 90 54 57 35 31
45 91 78 17 27 35
45 92 28 64 58 64
45 93 57 54 44 42
45 94 83 39 32 12
45 95 15 88 72 66
45 96 33 74 64 66
45 97 64 45 30 42
45 98 63 35 48 28
45 99 88 35 15 8
46 47 65 46 24 48
46 48 18 58 74 71
46 49 77 27 18 17
46 50 33 72 69 65
46 51 5 77 70 70
46 52 66 33 45 28
46 53 60 53 56 30
46 54 77 40 34 25
46 55 83 18 28 35
46 56 78 25 38 34
46 57 4 67 87 81
46 58 34 73 58 64
46 59 47 59 62 54
46 60 85 36 30 26
46 61 95 24 25 27
46 62 94 8 29 12
46 63 91 11 8 10
46 64 57 31 41 45
46 65 56 48 39 37
46 66 96 14 17 14
46 67 72 43 28 34
46 68 19 60 82 74
46 69 96 22 16 17
46 70 48 59 36 45
46 71 98 24 16 11
46 72 36 53 45 54
46 73 66 46 23 40
46 74 4 78 76 66
46 75 29 59 62 49
46 76 11 81 84 76
46 77 44 59 46 64
46 78 50 63 64 50
46 79 30 62 68 76
46 80 46 39 58 53
46 81 96 15 27 9
46 82 18 68 70 75
46 83 8 84 81 64
46 84 45 40 55 60
46 85 58 52 32 29
46 86 43 61 46 49
46 87 60 50 45 41
46 88 32 63 60 72
46 89 28 68 57 71
46 90 25 72 57 62
46 91 12 85 85 70
46 92 83 19 21 40
46 93 49 60 51 60
46 94 57 46 46 52
46 95 69 23 35 44
46 96 67 52 26 47
46 97 9 87 70 72
46 98 55 45 57 31
46 99 84 18 11 20
47 48 4 95 74 85
47 49 20 83 64 56
47 50 84 21 13 33
47 51 59 35 42 57
47 52 1 89 82 72
47 53 62 26 33 39
47 54 87 22 21 25
47 55 95 8 17 33
47 56 7 94 72 77
47 57 61 55 53 43
47 58 28 68 67 52
47 59 24 67 64 79
47 60 23 79 54 62
47 61 42 63 65 59
47 62 46 57 50 66
47 63 26 54 71 77
47 64 52 41 52 47
47 65 23 75 69 79
47 66 74 47 44 46
47 67 94 31 9 29
47 68 95 24 31 21
47 69 17 68 71 73
47 70 18 60 68 74
47 71 6 81 93 83
47 72 50 63 50 63
47 73 91 23 13 13
47 74 58 52 43 33
47 75 29 51 62 58
47 76 0 75 91 98
47 77 49 63 46 42
47 78 68 36 24 36
47 79 85 36 40 17
47 80 10 90 71 86
47 81 87 14 37 35
47 82 17 76 70 70
47 83 96 19 28 2
47 84 76 24 31 46
47 85 42 46 42 65
47 86 77 38 26 18
47 87 48 65 36 55
47 88 71 31 26 40
47 89 55 50 32 41
47 90 69 22 22 30
47 91 24 71 72 65
47 92 20 63 76 64
47 93 90 10 15 28
47 94 32 51 65 55
47 95 12 89 71 74
47 96 59 39 52 54
47 97 96 15 4 12
47 98 29 52 78 73
47 99 18 70 76 82
48 49 64 51 33 40
48 50 1 95 80 71
48 51 6 83 70 65
48 52 63 31 31 38
48 53 93 7 32 7
48 54 23 81 74 71
48 55 62 40 38 40
48 56 86 24 15 29
48 57 19 64 72 60
48 58 91 28 14 14
48 59 85 15 17 22
48 60 68 40 38 36
48 61 64 34 36 25
48 62 32 72 75 56
48 63 37 70 67 69
48 64 6 67 95 76
48 65 4 87 78 89
48 66 45 45 62 53
48 67 52 41 62 45
48 68 54 34 57 52
48 69 69 26 38 30
48 70 37 44 55 68
48 71 83 16 41 22
48 72 94 25 32 20
48 73 61 48 53 42
48 74 94 25 29 16
48 75 98 4 9 13
48 76 42 61 43 42
48 77 68 23 38 46
48 78 85 14 16 22
48 79 27 69 59 66
48 80 82 23 13 36
48 81 70 28 25 25
48 82 73 37 29 39
48 83 76 23 40 35
48 84 0 90 89 85
48 85 22 80 55 65
48 86 61 56 36 56
48 87 60 47 37 36
48 88 95 28 25 6
48 89 81 14 25 42
48 90 8 75 74 79
48 91 67 52 26 47
48 92 10 78 64 77
48 93 42 67 65 51
48 94 83 23 41 17
48 95 31 53 59 67
48 96 4 96 84 78
48 97 7 75 68 68
48 98 42 55 55 52
48 99 0 96 77 89
49 50 72 42 33 20
49 51 22 70 64 81
49 52 5 72 83 69
49 53 17 86 65 80
49 54 97 28 19 23
49 55 24 62 62 56
49 56 71 26 30 31
49 57 45 68 60 41
49 58 97 12 5 26
49 59 90 23 16 12
49 60 72 40 21 31
49 61 12 69 87 72
49 62 25 67 53 64
49 63 63 27 27 50
49 64 18 67 78 77
49 65 23 60 56 82
49 66 58 41 56 43
49 67 71 30 47 21
49 68 69 44 29 47
49 69 83 28 22 33
49 70 7 85 81 71
49 71 92 28 17 20
49 72 2 96 97 74
49 73 37 64 58 62
49 74 29 74 50 63
49 75 3 90 78 73
49 76 49 59 63 46
49 77 79 41 22 23
49 78 41 45 41 54
49 79 86 26 25 37
49 80 38 50 47 51
49 81 56 55 54 53
49 82 99 1 22 13
49 83 46 55 58 55
49 84 45 54 64 64
49 85 45 54 50 47
49 86 76 17 16 34
49 87 47 47 46 56
49 88 73 41 46 34
49 89 57 55 33 43
49 90 93 25 32 12
49 91 86 14 15 28
49 92 91 29 24 33
49 93 8 91 66 89
49 94 56 34 47 42
49 95 0 94 94 81
49 96 25 59 76 79
49 97 89 32 10 32
49 98 59 48 52 53
49 99 70 22 47 44
50 51 46 40 52 39
50 52 65 49 46 31
50 53 22 66 83 54
50 54 52 38 36 62
50 55 61 34 54 30
50 56 86 14 38 23
50 57 37 49 66 64
50 58 45 47 64 56
50 59 62 39 32 46
50 60 42 54 64 67
50 61 50 36 37 57
50 62 33 47 55 72
50 63 16 58 86 72
50 64 49 45 61 47
50 65 31 48 58 73
50 66 13 78 82 71
50 67 83 27 15 14
50 68 68 24 23 38
50 69 63 36 28 28
50 70 9 71 72 68
50 71 89 7 20 11
50 72 90 29 18 9
50 73 6 67 79 70
50 74 82 33 18 29
50 75 2 96 87 93
50 76 37 53 72 71
50 77 5 71 70 93
50 78 74 39 34 40
50 79 68 46 33 27
50 80 50 53 47 47
50 81 5 80 70 77
50 82 40 57 43 45
50 83 95 14 20 12
50 84 44 39 43 66
50 85 81 28 33 13
50 86 7 83 93 70
50 87 78 35 26 35
50 88 41 67 67 43
50 89 41 65 67 54
50 90 13 76 69 65
50 91 35 65 66 46
50 92 63 44 30 26
50 93 47 40 41 49
50 94 42 58 66 44
50 95 16 80 70 83
50 96 60 34 31 38
50 97 44 56 61 41
50 98 17 87 67 70
50 99 8 92 77 90
51 52 30 69 72 61
51 53 33 68 70 51
51 54 11 85 90 63
51 55 21 70 72 78
51 56 24 72 61 60
51 57 99 24 21 13
51 58 2 70 79 89
51 59 10 81 70 86
51 60 61 44 34 48
51 61 94 32 6 15
51 62 29 58 67 57
51 63 48 37 45 37
51 64 83 18 15 22
51 65 28 75 59 67
51 66 20 76 60 82
51 67 88 18 31 8
51 68 91 34 34 23
51 69 62 48 37 43
51 70 62 36 54 46
51 71 53 50 38 59
51 72 13 64 76 87
51 73 89 37 20 28
51 74 40 64 63 69
51 75 36 62 61 64
51 76 75 34 40 46
51 77 52 58 55 62
51 78 61 47 54 42
51 79 31 76 68 71
51 80 58 30 49 41
51 81 87 26 28 11
51 82 80 17 17 21
51 83 54 39 59 38
51 84 24 65 66 70
51 85 44 47 39 42
51 86 24 76 54 60
51 87 60 28 35 42
51 88 29 73 71 59
51 89 55 38 58 41
51 90 70 36 47 20
51 91 65 31 43 45
51 92 72 27 45 25
51 93 22 83 75 57
51 94 19 73 60 59
51 95 46 39 43 58
51 96 85 37 33 16
51 97 33 63 47 56
51 98 29 65 76 58
51 99 53 44 47 46
52 53 63 48 42 39
52 54 66 28 49 30
52 55 64 53 33 33
52 56 20 83 79 81
52 57 59 55 36 53
52 58 53 36 50 44
52 59 95 29 20 9
52 60 53 62 34 54
52 61 41 53 69 52
52 62 36 45 58 58
52 63 26 70 59 54
52 64 60 37 48 29
52 65 23 73 54 58
52 66 88 9 8 21
52 67 3 85 71 74
52 68 22 64 72 83
52 69 61 54 45 49
52 70 18 74 68 76
52 71 23 74 61 59
52 72 25 68 56 62
52 73 94 15 15 13
52 74 42 41 69 65
52 75 23 83 83 79
52 76 45 48 56 50
52 77 90 29 36 16
52 78 19 83 69 75
52 79 12 89 64 88
52 80 73 42 38 20
52 81 55 44 47 50
52 82 8 68 74 92
52 83 42 53 68 68
52 84 60 31 45 34
52 85 56 39 52 54
52 86 59 30 36 57
52 87 75 19 29 21
52 88 2 92 97 69
52 89 15 66 60 86
52 90 35 66 52 69
52 91 99 23 28 28
52 92 7 89 73 90
52 93 40 66 52 52
52 94 17 71 65 80
52 95 99 16 5 4
52 96 56 55 37 56
52 97 1 77 81 98
52 98 50 53 43 52
52 99 86 34 13 11
53 54 41 47 64 65
53 55 13 70 73 84
53 56 36 67 56 67
53 57 62 52 39 46
53 58 84 29 35 22
53 59 21 56 59 62
53 60 82 26 13 28
53 61 15 82 82 78
53 62 66 28 52 26
53 63 58 44 55 41
53 64 42 64 54 48
53 65 91 13 30 7
53 66 24 70 65 61
53 67 13 72 80 83
53 68 7 69 80 91
53 69 7 76 84 80
53 70 99 29 12 17
53 71 39 65 49 60
53 72 83 38 26 32
53 73 7 82 92 81
53 74 12 73 88 81
53 75 5 89 82 96
53 76 61 45 54 36
53 77 82 15 24 26
53 78 1 81 78 79
53 79 19 62 83 61
53 80 85 35 26 11
53 81 88 27 27 31
53 82 53 37 51 36
53 83 63 26 51 41
53 84 50 38 35 37
53 85 0 96 81 75
53 86 53 44 46 56
53 87 34 55 46 48
53 88 66 25 29 46
53 89 53 41 52 53
53 90 57 44 41 42
53 91 32 50 50 52
53 92 72 40 38 25
53 93 92 21 34 19
53 94 33 68 73 61
53 95 0 87 97 99
53 96 65 49 48 51
53 97 93 24 24 24
53 98 31 57 56 54
53 99 21 78 55 77
54 55 81 36 14 15
54 56 54 37 36 52
54 57 3 92 78 67
54 58 71 42 35 32
54 59 1 73 74 79
54 60 55 48 35 37
54 61 41 42 55 68
54 62 29 52 70 49
54 63 45 54 57 48
54 64 89 13 14 30
54 65 21 71 67 68
54 66 17 59 76 80
54 67 66 31 44 29
54 68 69 49 42 36
54 69 93 28 29 8
54 70 74 45 27 26
54 71 62 28 35 35
54 72 78 44 33 31
54 73 66 40 30 49
54 74 12 68 73 88
54 75 52 51 41 54
54 76 84 13 22 27
54 77 49 53 49 38
54 78 53 39 40 39
54 79 59 38 50 39
54 80 97 6 1 23
54 81 25 75 66 81
54 82 8 69 78 75
54 83 51 61 39 45
54 84 10 70 81 91
54 85 27 60 66 61
54 86 10 74 87 65
54 87 75 33 35 26
54 88 82 36 38 27
54 89 5 94 66 94
54 90 3 84 93 77
54 91 44 56 56 61
54 92 39 44 53 59
54 93 0 82 72 90
54 94 81 24 21 13
54 95 22 74 56 56
54 96 0 79 97 75
54 97 8 67 82 81
54 98 3 90 77 93
54 99 79 19 17 39
55 56 64 32 37 39
55 57 0 74 95 87
55 58 89 26 28 10
55 59 74 40 21 41
55 60 57 48 54 31
55 61 76 17 20 43
55 62 40 56 63 60
55 63 85 24 12 26
55 64 59 53 54 48
55 65 38 54 63 72
55 66 2 94 70 71
55 67 25 52 61 78
55 68 21 82 69 84
55 69 83 31 27 31
55 70 41 60 47 68
55 71 33 52 60 71
55 72 43 60 54 47
55 73 9 84 80 80
55 74 26 73 63 64
55 75 73 33 22 23
55 76 83 21 38 13
55 77 83 21 15 39
55 78 92 19 20 33
55 79 23 68 65 67
55 80 0 95 71 86
55 81 69 36 24 42
55 82 55 41 33 35
55 83 83 18 23 26
55 84 43 55 58 58
55 85 19 65 62 77
55 86 43 67 69 47
55 87 74 35 26 23
55 88 59 32 28 35
55 89 26 77 61 71
55 90 97 28 21 22
55 91 23 55 73 76
55 92 74 35 34 38
55 93 9 91 80 65
55 94 51 51 44 62
55 95 56 40 51 57
55 96 77 25 30 43
55 97 14 70 76 65
55 98 25 73 74 71
55 99 78 32 31 27
56 57 52 33 60 35
56 58 88 33 18 19
56 59 38 71 45 64
56 60 34 70 67 68
56 61 54 36 60 40
56 62 79 26 40 18
56 63 5 96 95 80
56 64 79 22 30 33
56 65 50 60 46 47
56 66 16 65 86 63
56 67 64 34 32 38
56 68 47 54 46 57
56 69 42 65 43 40
56 70 97 15 29 18
56 71 72 45 19 33
56 72 51 51 58 44
56 73 98 5 3 10
56 74 53 42 57 57
56 75 48 62 57 41
56 76 44 63 54 67
56 77 67 34 34 39
56 78 4 87 83 83
56 79 77 42 26 37
56 80 76 30 22 29
56 81 67 35 26 38
56 82 99 16 6 24
56 83 71 45 42 23
56 84 80 25 28 40
56 85 63 26 32 30
56 86 29 73 75 69
56 87 35 74 52 51
56 88 99 20 12 20
56 89 17 74 85 71
56 90 39 68 47 42
56 91 41 51 50 68
56 92 86 18 21 14
56 93 32 61 60 57
56 94 98 22 9 17
56 95 10 76 66 81
56 96 9 75 68 90
56 97 79 21 37 38
56 98 72 20 48 32
56 99 38 55 56 58
57 58 86 29 20 38
57 59 89 33 27 34
57 60 92 26 26 14
57 61 33 68 57 64
57 62 40 59 62 60
57 63 68 39 37 33
57 64 38 56 44 72
57 65 27 60 75 70
57 66 88 30 19 31
57 67 67 49 42 23
57 68 36 62 59 60
57 69 88 23 12 34
57 70 29 65 56 57
57 71 78 29 20 17
57 72 97 28 6 15
57 73 69 33 35 47
57 74 72 26 43 30
57 75 20 80 79 77
57 76 24 63 73 59
57 77 3 92 86 77
57 78 32 61 54 63
57 79 16 77 79 67
57 80 96 4 20 10
57 81 56 59 47 50
57 82 46 42 46 39
57 83 88 36 15 16
57 84 86 36 12 24
57 85 3 89 96 79
57 86 8 70 86 84
57 87 86 27 27 36
57 88 66 35 45 33
57 89 27 60 59 52
57 90 30 61 68 49
57 91 85 29 35 32
57 92 91 24 33 19
57 93 31 69 66 49
57 94 63 52 40 35
57 95 39 53 51 42
57 96 9 84 69 87
57 97 45 42 65 47
57 98 1 87 94 74
57 99 75 46 39 38
58 59 87 29 11 9
58 60 39 48 68 47
58 61 57 59 37 48
58 62 20 57 73 71
58 63 73 25 44 24
58 64 58 52 40 31
58 65 2 90 97 80
58 66 39 50 71 65
58 67 18 61 72 80
58 68 81 26 39 33
58 69 2 80 87 92
58 70 21 57 58 73
58 71 67 25 28 25
58 72 62 36 30 54
58 73 50 52 35 58
58 74 25 70 69 65
58 75 89 26 9 28
58 76 42 51 51 47
58 77 93 14 18 4
58 78 3 74 83 70
58 79 20 83 68 60
58 80 99 14 27 8
58 81 0 70 97 90
58 82 91 25 8 16
58 83 85 25 17 22
58 84 65 51 35 40
58 85 6 88 77 80
58 86 99 9 6 28
58 87 41 57 60 60
58 88 84 18 25 27
58 89 29 61 56 71
58 90 71 28 34 44
58 91 62 48 37 36
58 92 56 55 56 31
58 93 75 31 21 26
58 94 31 50 59 52
58 95 24 62 57 53
58 96 90 17 18 8
58 97 90 33 13 32
58 98 26 65 68 57
58 99 34 65 65 67
59 60 98 22 1 10
59 61 15 77 82 84
59 62 7 73 79 66
59 63 14 82 64 73
59 64 96 26 16 5
59 65 6 83 78 84
59 66 67 37 43 38
59 67 44 38 47 55
59 68 6 83 66 94
59 69 1 72 79 88
59 70 39 66 42 44
59 71 36 45 74 53
59 72 40 49 68 49
59 73 72 27 32 46
59 74 39 59 46 70
59 75 66 27 43 25
59 76 36 63 73 63
59 77 74 22 45 36
59 78 91 21 9 19
59 79 45 39 50 51
59 80 57 59 56 55
59 81 70 49 30 22
59 82 14 73 79 80
59 83 4 74 79 72
59 84 38 69 62 44
59 85 7 71 66 83
59 86 23 66 67 61
59 87 36 47 48 45
59 88 88 31 34 19
59 89 4 80 67 95
59 90 89 23 15 14
59 91 52 33 61 52
59 92 58 47 33 32
59 93 42 40 54 63
59 94 3 75 84 81
59 95 59 34 39 43
59 96 17 77 67 75
59 97 1 98 87 97
59 98 30 70 50 59
59 99 99 20 20 4
60 61 62 30 52 32
60 62 10 89 65 69
60 63 5 74 92 70
60 64 63 55 47 37
60 65 79 43 18 32
60 66 50 37 52 38
60 67 98 11 17 22
60 68 85 23 34 22
60 69 13 80 65 80
60 70 37 67 50 51
60 71 73 30 27 21
60 72 49 48 50 63
60 73 70 21 24 47
60 74 40 54 63 66
60 75 99 12 14 22
60 76 46 49 50 48
60 77 18 70 72 83
60 78 76 24 46 45
60 79 43 63 49 51
60 80 42 45 54 42
60 81 15 71 60 77
60 82 91 6 33 8
60 83 81 15 23 17
60 84 62 28 46 55
60 85 32 74 53 74
60 86 50 50 40 51
60 87 48 36 45 59
60 88 63 44 35 45
60 89 68 41 22 29
60 90 56 41 42 38
60 91 88 14 13 13
60 92 4 85 75 67
60 93 80 24 31 20
60 94 18 57 63 59
60 95 78 34 43 30
60 96 59 32 33 38
60 97 10 81 79 71
60 98 29 50 73 67
60 99 14 75 63 65
61 62 68 27 28 22
61 63 24 71 56 71
61 64 84 35 26 16
61 65 63 53 31 29
61 66 34 65 66 55
61 67 1 80 74 93
61 68 41 43 56 62
61 69 5 80 74 88
61 70 3 79 97 88
61 71 40 67 68 46
61 72 43 58 61 52
61 73 47 44 61 48
61 74 8 89 80 86
61 75 7 65 65 65
61 76 70 43 37 20
61 77 59 41 35 52
61 78 16 85 79 79
61 79 52 61 61 49
61 80 79 14 32 39
61 81 29 74 69 50
61 82 86 15 18 19
61 83 81 17 21 13
61 84 27 64 78 57
61 85 3 79 82 79
61 86 34 63 74 64
61 87 28 56 63 58
61 88 48 57 53 38
61 89 3 88 80 88
61 90 12 85 75 65
61 91 93 5 29 24
61 92 77 18 23 31
61 93 61 28 39 31
61 94 29 62 69 77
61 95 36 67 60 51
61 96 74 45 43 44
61 97 13 62 82 69
61 98 68 38 24 42
61 99 13 71 68 63
62 63 56 40 39 33
62 64 5 90 70 95
62 65 21 64 69 56
62 66 85 29 14 32
62 67 21 65 82 71
62 68 22 55 79 76
62 69 38 64 59 65
62 70 13 69 75 60
62 71 74 25 43 44
62 72 55 58 43 45
62 73 88 15 27 10
62 74 33 55 62 54
62 75 10 71 67 65
62 76 39 66 57 46
62 77 23 80 75 63
62 78 67 34 39 30
62 79 17 58 84 74
62 80 45 67 67 41
62 81 97 24 16 21
62 82 44 43 68 52
62 83 6 89 93 88
62 84 66 48 42 53
62 85 20 59 56 76
62 86 98 26 19 23
62 87 18 62 59 79
62 88 75 32 44 23
62 89 9 70 83 71
62 90 30 50 61 74
62 91 36 63 54 47
62 92 19 67 69 65
62 93 94 4 21 13
62 94 53 59 51 49
62 95 39 70 61 52
62 96 55 47 50 35
62 97 45 54 44 59
62 98 78 18 28 27
62 99 38 62 49 49
63 64 77 18 36 32
63 65 72 22 20 25
63 66 51 48 44 58
63 67 43 43 44 45
63 68 20 72 62 66
63 69 90 15 24 33
63 70 10 71 91 91
63 71 22 77 60 76
63 72 27 64 56 58
63 73 11 88 78 86
63 74 29 71 70 63
63 75 31 76 69 59
63 76 6 70 82 92
63 77 73 29 36 46
63 78 33 69 53 61
63 79 91 21 22 32
63 80 53 32 43 61
63 81 37 69 64 43
63 82 64 27 35 48
63 83 77 21 33 17
63 84 25 56 65 73
63 85 37 63 70 45
63 86 18 84 69 59
63 87 39 50 51 69
63 88 56 33 51 54
63 89 55 60 38 35
63 90 22 77 76 65
63 91 63 41 38 43
63 92 49 49 54 63
63 93 70 43 29 33
63 94 91 34 23 12
63 95 66 50 24 43
63 96 0 76 70 75
63 97 17 65 61 70
63 98 19 76 74 67
63 99 39 69 50 51
64 65 37 47 45 71
64 66 73 26 29 21
64 67 2 69 87 78
64 68 47 60 53 65
64 69 58 39 50 38
64 70 30 60 62 49
64 71 37 70 66 68
64 72 73 19 28 34
64 73 48 66 38 51
64 74 33 67 69 51
64 75 62 50 56 35
64 76 43 69 40 59
64 77 28 71 69 77
64 78 17 59 72 70
64 79 56 57 49 48
64 80 22 60 57 81
64 81 69 39 50 25
64 82 23 59 55 82
64 83 86 25 34 15
64 84 90 9 22 9
64 85 86 15 18 16
64 86 33 65 70 76
64 87 44 67 55 65
64 88 73 28 36 45
64 89 26 58 60 76
64 90 82 24 35 38
64 91 15 84 84 87
64 92 80 38 36 26
64 93 68 22 27 35
64 94 4 70 70 81
64 95 32 73 50 63
64 96 53 62 35 60
64 97 31 62 51 77
64 98 39 57 60 61
64 99 98 11 13 4
65 66 0 71 73 97
65 67 55 57 47 59
65 68 90 34 17 32
65 69 47 52 56 40
65 70 53 55 46 48
65 71 82 41 39 23
65 72 92 18 16 22
65 73 49 63 56 44
65 74 77 33 19 18
65 75 81 14 21 27
65 76 26 70 66 66
65 77 24 66 66 78
65 78 55 44 49 55
65 79 94 11 23 13
65 80 75 25 19 35
65 81 82 23 33 15
65 82 52 41 44 42
65 83 49 50 49 47
65 84 33 52 58 59
65 85 99 20 26 2
65 86 8 88 83 68
65 87 61 40 53 49
65 88 82 16 35 31
65 89 72 40 48 26
65 90 62 47 44 45
65 91 56 45 46 50
65 92 79 41 41 17
65 93 38 58 60 70
65 94 8 73 72 85
65 95 68 48 35 43
65 96 10 88 76 69
65 97 92 15 5 26
65 98 13 79 61 61
65 99 37 53 56 63
66 67 25 77 78 62
66 68 85 13 26 26
66 69 6 87 83 86
66 70 14 69 63 83
66 71 92 33 9 11
66 72 48 63 51 49
66 73 13 72 77 69
66 74 38 46 71 59
66 75 61 51 51 30
66 76 40 60 53 59
66 77 23 63 74 60
66 78 57 59 32 52
66 79 68 28 24 24
66 80 51 39 60 36
66 81 99 14 5 6
66 82 7 82 75 88
66 83 8 77 92 80
66 84 74 46 39 35
66 85 25 66 61 74
66 86 1 83 77 95
66 87 73 28 38 42
66 88 26 56 54 62
66 89 27 58 73 77
66 90 84 29 25 39
66 91 46 41 37 52
66 92 34 69 68 70
66 93 32 48 76 60
66 94 48 36 45 47
66 95 36 61 61 59
66 96 11 77 71 75
66 97 84 15 14 14
66 98 77 44 41 39
66 99 10 65 69 82
67 68 67 33 28 41
67 69 99 10 1 15
67 70 73 22 42 45
67 71 29 69 71 51
67 72 7 77 93 87
67 73 56 57 58 39
67 74 82 20 15 26
67 75 31 50 57 63
67 76 91 7 13 10
67 77 41 51 49 48
67 78 29 78 59 54
67 79 10 88 83 77
67 80 77 30 28 40
67 81 68 42 44 35
67 82 90 30 7 26
67 83 28 50 70 52
67 84 78 17 31 26
67 85 29 50 75 63
67 86 25 64 78 61
67 87 70 46 33 41
67 88 58 41 55 58
67 89 84 23 15 24
67 90 41 52 49 68
67 91 18 69 79 59
67 92 64 36 54 48
67 93 69 28 41 26
67 94 98 27 18 17
67 95 59 57 36 53
67 96 94 11 26 6
67 97 48 57 60 61
67 98 94 13 13 14
67 99 53 41 39 33
68 69 99 6 9 7
68 70 92 14 20 11
68 71 64 44 35 32
68 72 66 50 37 43
68 73 55 42 31 38
68 74 38 58 68 47
68 75 70 30 48 49
68 76 15 67 77 74
68 77 27 71 67 60
68 78 6 94 84 69
68 79 93 12 26 34
68 80 30 77 52 59
68 81 0 80 82 83
68 82 22 76 59 80
68 83 88 15 14 16
68 84 3 75 79 70
68 85 95 16 23 14
68 86 50 55 45 49
68 87 96 6 25 7
68 88 8 80 92 72
68 89 10 73 68 77
68 90 99 19 27 18
68 91 9 74 68 91
68 92 13 66 69 80
68 93 30 51 66 56
68 94 81 35 25 32
68 95 91 28 32 19
68 96 39 42 42 68
68 97 33 63 54 60
68 98 66 46 44 34
68 99 54 56 47 54
69 70 80 20 18 17
69 71 58 36 49 35
69 72 83 35 18 11
69 73 90 17 9 34
69 74 86 30 37 11
69 75 49 59 41 35
69 76 90 29 25 25
69 77 75 29 37 34
69 78 17 72 67 61
69 79 20 79 82 82
69 80 37 46 59 58
69 81 31 59 74 52
69 82 11 64 82 71
69 83 70 36 44 26
69 84 40 50 53 57
69 85 29 63 65 74
69 86 79 23 42 26
69 87 23 76 73 81
69 88 91 13 22 22
69 89 36 56 68 55
69 90 64 26 47 45
69 91 39 48 47 65
69 92 93 13 34 22
69 93 12 80 63 78
69 94 42 61 49 47
69 95 87 11 26 10
69 96 81 35 31 19
69 97 24 56 60 81
69 98 35 59 57 47
69 99 54 52 53 57
70 71 65 29 36 42
70 72 42 43 66 54
70 73 28 78 63 71
70 74 30 59 65 59
70 75 60 28 35 31
70 76 62 27 50 52
70 77 33 50 46 57
70 78 11 66 91 81
70 79 8 71 73 93
70 80 84 15 16 17
70 81 21 66 58 67
70 82 77 37 33 26
70 83 12 84 85 89
70 84 3 95 74 77
70 85 21 82 61 55
70 86 35 58 70 60
70 87 87 19 35 21
70 88 39 55 65 52
70 89 13 65 84 64
70 90 17 83 62 62
70 91 34 50 63 57
70 92 93 25 6 30
70 93 38 59 71 45
70 94 47 61 38 54
70 95 52 35 36 47
70 96 95 22 13 15
70 97 17 57 82 73
70 98 49 36 49 40
70 99 90 9 25 26
71 72 4 75 72 68
71 73 95 19 26 7
71 74 22 57 83 79
71 75 98 11 19 20
71 76 55 37 60 37
71 77 53 40 48 57
71 78 64 34 27 30
71 79 77 34 32 20
71 80 39 71 49 48
71 81 38 60 54 51
71 82 30 63 76 51
71 83 71 40 38 38
71 84 39 70 71 45
71 85 46 56 53 64
71 86 31 59 58 54
71 87 15 80 74 68
71 88 33 71 50 69
71 89 75 28 17 33
71 90 2 70 82 68
71 91 33 69 48 55
71 92 88 33 19 37
71 93 0 91 90 70
71 94 35 59 54 70
71 95 40 46 59 53
71 96 0 93 70 83
71 97 16 72 83 87
71 98 5 67 90 69
71 99 95 10 29 19
72 73 92 14 29 32
72 74 56 31 60 32
72 75 63 28 28 39
72 76 44 67 46 42
72 77 28 52 63 67
72 78 73 48 27 33
72 79 36 45 65 48
72 80 26 78 68 65
72 81 65 52 50 37
72 82 87 28 24 37
72 83 41 70 55 67
72 84 50 42 49 56
72 85 15 65 75 63
72 86 87 36 22 28
72 87 8 82 69 82
72 88 67 38 46 51
72 89 60 48 54 51
72 90 88 18 31 15
72 91 66 25 26 42
72 92 40 64 61 52
72 93 93 16 5 15
72 94 72 21 35 40
72 95 66 25 28 37
72 96 51 43 45 48
72 97 58 47 35 44
72 98 52 43 37 61
72 99 80 25 39 40
73 74 43 41 66 67
73 75 4 68 89 79
73 76 9 74 66 91
73 77 51 38 51 37
73 78 85 33 38 28
73 79 74 34 43 39
73 80 21 61 57 55
73 81 58 32 45 50
73 82 25 70 59 61
73 83 44 44 40 68
73 84 56 51 31 46
73 85 74 32 34 39
73 86 16 60 84 65
73 87 28 78 65 50
73 88 89 9 23 18
73 89 1 89 70 83
73 90 0 77 92 75
73 91 32 60 64 57
73 92 19 75 86 79
73 93 5 93 91 69
73 94 60 56 53 31
73 95 22 63 70 67
73 96 23 76 71 76
73 97 17 72 78 77
73 98 1 82 90 87
73 99 11 76 78 90
74 75 15 73 81 86
74 76 68 31 40 35
74 77 61 36 44 38
74 78 58 37 31 43
74 79 92 33 31 12
74 80 26 62 53 54
74 81 8 65 76 74
74 82 32 70 65 53
74 83 5 90 87 79
74 84 18 80 71 65
74 85 87 27 29 13
74 86 59 58 41 30
74 87 36 66 61 65
74 88 51 41 46 46
74 89 22 77 64 70
74 90 71 23 39 31
74 91 45 54 66 49
74 92 96 27 13 14
74 93 41 50 70 66
74 94 29 76 55 69
74 95 87 14 30 21
74 96 32 56 72 50
74 97 95 32 14 18
74 98 27 77 52 56
74 99 43 40 49 44
75 76 80 16 32 22
75 77 95 20 12 13
75 78 60 46 32 35
75 79 49 50 39 46
75 80 5 94 89 66
75 81 79 35 30 19
75 82 39 43 60 44
75 83 86 29 38 20
75 84 67 45 49 46
75 85 33 52 61 74
75 86 7 87 85 72
75 87 63 46 40 53
75 88 98 13 9 10
75 89 21 84 65 80
75 90 30 71 66 50
75 91 62 46 36 29
75 92 37 49 51 59
75 93 89 28 30 32
75 94 87 28 31 31
75 95 78 23 39 39
75 96 95 11 5 28
75 97 29 75 60 59
75 98 81 13 35 14
75 99 9 71 74 73
76 77 90 6 22 24
76 78 91 34 24 14
76 79 45 42 57 38
76 80 82 40 31 39
76 81 55 44 58 50
76 82 92 28 6 20
76 83 13 68 63 88
76 84 9 66 65 91
76 85 17 82 70 75
76 86 1 91 79 72
76 87 20 58 78 57
76 88 32 50 67 67
76 89 22 71 72 71
76 90 41 60 50 50
76 91 64 42 45 37
76 92 91 22 9 30
76 93 7 65 90 90
76 94 95 30 10 5
76 95 84 28 12 31
76 96 29 56 73 57
76 97 33 59 47 71
76 98 66 44 41 23
76 99 66 50 43 53
77 78 27 60 74 53
77 79 20 73 84 55
77 80 87 13 33 26
77 81 85 22 14 24
77 82 7 79 75 65
77 83 85 36 35 16
77 84 57 53 55 59
77 85 42 57 65 43
77 86 36 46 55 47
77 87 46 41 45 58
77 88 7 65 90 81
77 89 47 53 54 54
77 90 81 13 14 18
77 91 11 83 63 63
77 92 34 56 60 61
77 93 75 34 41 30
77 94 79 25 27 17
77 95 1 90 95 94
77 96 68 27 27 30
77 97 67 45 22 47
77 98 61 30 34 41
77 99 64 51 45 51
78 79 16 81 75 60
78 80 77 25 33 43
78 81 13 83 67 73
78 82 3 85 72 77
78 83 8 81 84 80
78 84 46 67 40 42
78 85 92 11 9 32
78 86 21 55 81 84
78 87 45 49 47 41
78 88 72 21 46 40
78 89 58 42 48 35
78 90 98 10 12 9
78 91 97 11 26 1
78 92 5 92 82 66
78 93 89 16 32 7
78 94 92 28 20 18
78 95 21 78 81 79
78 96 45 62 44 48
78 97 63 44 47 40
78 98 10 63 72 63
78 99 37 59 69 70
79 80 52 54 47 40
79 81 58 55 38 55
79 82 83 37 14 40
79 83 17 59 83 70
79 84 45 39 53 38
79 85 4 74 70 68
79 86 9 69 64 91
79 87 71 47 30 28
79 88 5 89 77 88
79 89 24 74 70 54
79 90 91 9 14 6
79 91 27 53 77 52
79 92 13 80 76 85
79 93 32 65 66 75
79 94 42 66 65 60
79 95 6 75 71 75
79 96 43 57 51 66
79 97 30 70 51 60
79 98 4 80 94 69
79 99 52 45 52 34
80 81 91 24 27 7
80 82 62 31 47 49
80 83 21 58 71 58
80 84 91 12 5 20
80 85 27 80 53 73
80 86 26 60 76 79
80 87 7 73 80 71
80 88 12 80 84 68
80 89 56 53 33 45
80 90 66 46 44 50
80 91 8 69 84 72
80 92 43 54 56 63
80 93 68 35 48 35
80 94 57 42 31 41
80 95 26 81 54 58
80 96 18 86 59 74
80 97 92 32 26 33
80 98 18 57 81 72
80 99 50 52 55 47
81 82 19 80 78 70
81 83 28 67 77 77
81 84 28 54 71 61
81 85 6 84 86 75
81 86 84 32 18 19
81 87 93 12 23 12
81 88 13 79 83 62
81 89 91 19 16 29
81 90 76 18 24 21
81 91 96 18 14 15
81 92 44 45 65 53
81 93 26 79 60 68
81 94 72 44 29 35
81 95 80 17 35 18
81 96 61 54 50 32
81 97 30 54 63 74
81 98 40 69 56 65
81 99 32 51 58 48
82 83 65 47 50 34
82 84 26 80 52 68
82 85 92 33 9 27
82 86 74 33 22 29
82 87 85 26 35 13
82 88 39 58 68 60
82 89 67 43 49 51
82 90 50 55 42 44
82 91 13 83 85 82
82 92 30 59 68 69
82 93 9 87 77 72
82 94 83 22 31 17
82 95 83 12 19 41
82 96 12 69 82 78
82 97 79 36 22 19
82 98 52 48 54 38
82 99 72 30 37 42
83 84 66 45 50 35
83 85 26 60 77 80
83 86 20 61 69 71
83 87 45 41 67 63
83 88 14 78 89 83
83 89 81 15 33 26
83 90 6 79 80 80
83 91 8 80 84 68
83 92 30 56 66 59
83 93 21 56 68 68
83 94 46 56 38 64
83 95 92 32 26 28
83 96 75 27 42 39
83 97 91 9 6 18
83 98 5 84 84 80
83 99 16 85 59 74
84 85 30 73 59 61
84 86 97 26 19 16
84 87 9 81 85 68
84 88 68 26 48 22
84 89 64 38 50 39
84 90 99 17 21 28
84 91 54 60 50 58
84 92 69 29 42 32
84 93 19 74 58 83
84 94 56 33 55 37
84 95 1 78 97 81
84 96 15 59 61 70
84 97 29 71 60 69
84 98 10 79 90 81
84 99 48 62 59 51
85 86 47 55 62 58
85 87 61 31 44 47
85 88 43 65 65 57
85 89 54 40 37 39
85 90 23 77 79 73
85 91 45 65 63 38
85 92 84 20 17 38
85 93 23 69 79 80
85 94 37 63 45 53
85 95 58 34 32 45
85 96 39 56 68 65
85 97 26 71 74 62
85 98 23 69 63 65
85 99 27 73 65 79
86 87 74 33 43 38
86 88 41 42 57 53
86 89 62 47 35 33
86 90 73 43 36 20
86 91 17 60 71 71
86 92 75 25 39 44
86 93 58 43 45 45
86 94 44 46 66 51
86 95 1 84 96 82
86 96 90 24 29 9
86 97 99 4 21 27
86 98 52 61 47 50
86 99 91 16 20 23
87 88 91 24 34 28
87 89 40 51 42 41
87 90 32 50 50 50
87 91 85 10 36 35
87 92 82 39 41 35
87 93 77 30 24 21
87 94 30 54 49 70
87 95 71 30 37 40
87 96 89 22 19 15
87 97 9 78 83 77
87 98 72 24 24 44
87 99 56 43 35 58
88 89 84 23 28 19
88 90 37 45 72 53
88 91 23 74 72 53
88 92 90 11 35 10
88 93 60 51 56 45
88 94 8 88 78 93
88 95 97 13 11 19
88 96 65 36 24 39
88 97 91 32 33 35
88 98 74 30 30 28
88 99 17 76 61 67
89 90 13 68 62 70
89 91 86 18 22 19
89 92 96 13 27 9
89 93 77 18 23 32
89 94 25 60 77 64
89 95 55 53 47 48
89 96 23 60 76 55
89 97 17 79 78 59
89 98 88 8 10 15
89 99 54 57 61 38
90 91 10 66 80 85
90 92 67 30 34 25
90 93 59 53 50 33
90 94 32 64 55 76
90 95 43 46 51 41
90 96 32 68 70 49
90 97 76 41 18 44
90 98 35 52 57 68
90 99 59 51 35 51
91 92 72 27 21 33
91 93 38 72 64 50
91 94 29 59 64 69
91 95 14 88 88 86
91 96 44 58 66 56
91 97 66 42 43 41
91 98 70 46 46 45
91 99 73 18 28 42
92 93 24 73 55 55
92 94 65 40 37 44
92 95 38 50 53 57
92 96 5 92 84 71
92 97 53 43 61 40
92 98 73 28 46 23
92 99 94 19 14 24
93 94 61 34 44 34
93 95 36 61 51 48
93 96 38 59 64 50
93 97 30 60 54 55
93 98 90 6 32 24
93 99 90 31 30 24
94 95 6 67 84 89
94 96 70 36 40 39
94 97 92 7 26 25
94 98 16 64 58 78
94 99 52 55 50 48
95 96 45 62 40 50
95 97 14 81 66 60
95 98 95 22 12 20
95 99 33 70 60 68
96 97 24 74 80 54
96 98 68 36 26 50
96 99 27 77 78 60
97 98 20 61 70 64
97 99 6 68 91 80
98 99 53 34 50 48
