100
0 1 56 15 65 59
0 2 3 67 42 68
0 3 93 42 8 59
0 4 46 25 62 24
0 5 23 76 28 52
0 6 35 36 48 87
0 7 77 38 10 8
0 8 69 24 74 14
0 9 19 37 60 51
0 10 87 52 35 16
0 11 27 36 90 83
0 12 85 14 58 64
0 13 41 71 64 51
0 14 36 63 83 37
0 15 94 40 34 45
0 16 2 65 73 79
0 17 81 35 20 69
0 18 90 7 41 19
0 19 94 71 48 40
0 20 39 66 57 63
0 21 37 28 59 68
0 22 72 52 31 11
0 23 43 66 50 61
0 24 38 67 43 59
0 25 41 69 39 18
0 26 52 63 68 80
0 27 89 10 39 13
0 28 8 62 67 70
0 29 42 67 66 30
0 30 77 63 45 60
0 31 66 29 28 13
0 32 52 70 47 52
0 33 18 70 51 43
0 34 62 49 71 21
0 35 85 48 53 36
0 36 89 72 49 37
0 37 36 50 46 48
0 38 44 30 22 35
0 39 56 54 51 15
0 40 52 50 49 78
0 41 32 85 27 63
0 42 2 50 83 45
0 43 39 53 54 40
0 44 15 71 85 57
0 45 72 75 76 17
0 46 75 9 37 51
0 47 69 16 10 45
0 48 1 50 43 35
0 49 31 88 41 52
0 50 36 82 67 22
0 51 51 54 35 39
0 52 36 42 28 35
0 53 31 69 73 78
0 54 92 63 66 51
0 55 22 69 72 25
0 56 79 33 46 59
0 57 86 41 64 10
0 58 22 41 24 42
0 59 81 11 43 67
0 60 48 25 49 65
0 61 15 94 86 67
0 62 47 15 60 80
0 63 25 47 73 53
0 64 54 17 17 37
0 65 91 11 39 34
0 66 80 31 31 75
0 67 53 77 64 79
0 68 89 3 57 54
0 69 43 24 50 66
0 70 8 44 61 56
0 71 28 61 28 78
0 72 24 75 69 77
0 73 88 40 8 14
0 74 88 35 61 8
0 75 66 45 60 17
0 76 25 71 49 35
0 77 56 40 22 75
0 78 57 63 31 33
0 79 11 70 43 35
0 80 96 54 55 11
0 81 75 54 36 15
0 82 89 56 69 70
0 83 37 65 31 63
0 84 16 59 49 48
0 85 85 37 30 6
0 86 42 27 26 24
0 87 62 71 71 63
0 88 36 27 73 77
0 89 87 38 11 26
0 90 2 54 77 36
0 91 10 41 76 36
0 92 14 68 59 59
0 93 60 22 50 39
0 94 88 57 31 25
0 95 56 53 49 33
0 96 45 46 37 47
0 97 43 57 46 34
0 98 25 82 67 59
0 99 49 35 18 75
1 2 92 42 25 2
1 3 72 40 43 50
1 4 16 35 37 40
1 5 94 14 63 54
1 6 66 53 13 79
1 7 24 24 46 53
1 8 32 66 42 87
1 9 1 47 59 50
1 10 90 5 11 43
1 11 66 50 51 75
1 12 50 50 64 61
1 13 79 49 70 14
1 14 97 29 69 19
1 15 72 21 15 32
1 16 98 29 36 24
1 17 44 29 20 53
1 18 71 15 29 23
1 19 37 54 41 36
1 20 13 88 49 82
1 21 35 21 77 55
1 22 53 52 47 81
1 23 45 33 17 18
1 24 32 69 77 75
1 25 96 43 25 40
1 26 94 42 30 62
1 27 20 82 60 76
1 28 3 78 31 92
1 29 55 34 41 77
1 30 50 16 66 82
1 31 63 69 65 28
1 32 61 11 37 46
1 33 17 31 48 50
1 34 52 52 29 32
1 35 3 77 84 81
1 36 13 60 28 47
1 37 19 73 83 62
1 38 2 76 73 44
1 39 82 38 15 58
1 40 27 55 88 51
1 41 83 59 57 25
1 42 21 40 79 31
1 43 85 27 68 20
1 44 52 52 60 56
1 45 23 44 48 61
1 46 77 24 43 34
1 47 64 10 52 51
1 48 3 38 43 76
1 49 90 18 43 30
1 50 42 41 25 45
1 51 80 26 65 7
1 52 92 32 54 19
1 53 8 92 85 58
1 54 82 52 48 24
1 55 98 12 46 26
1 56 4 70 71 95
1 57 73 57 75 15
1 58 58 79 49 70
1 59 28 60 70 54
1 60 73 32 32 17
1 61 51 72 46 51
1 62 0 34 62 99
1 63 13 37 95 36
1 64 40 26 40 84
1 65 64 22 60 59
1 66 50 66 23 53
1 67 82 43 46 53
1 68 17 57 62 34
1 69 43 30 67 60
1 70 87 61 72 70
1 71 70 78 23 60
1 72 75 72 28 24
1 73 45 43 73 85
1 74 7 54 86 51
1 75 63 38 62 15
1 76 4 50 58 37
1 77 53 57 16 17
1 78 56 18 33 27
1 79 8 94 96 60
1 80 45 84 74 62
1 81 82 38 65 52
1 82 65 36 43 15
1 83 46 66 45 60
1 84 15 48 30 56
1 85 52 34 44 74
1 86 88 40 56 65
1 87 57 26 69 27
1 88 77 11 73 22
1 89 75 65 38 64
1 90 25 69 45 33
1 91 85 24 44 23
1 92 74 44 60 58
1 93 41 52 74 36
1 94 73 40 31 47
1 95 67 17 63 78
1 96 67 29 31 11
1 97 86 24 57 54
1 98 16 28 29 29
1 99 19 93 50 44
2 3 77 54 51 72
2 4 63 16 23 18
2 5 17 51 33 67
2 6 62 42 27 70
2 7 77 38 10 76
2 8 18 89 77 48
2 9 14 64 39 37
2 10 36 22 31 25
2 11 17 42 58 76
2 12 93 53 25 4
2 13 82 49 74 50
2 14 57 14 40 79
2 15 84 14 74 5
2 16 1 80 96 62
2 17 23 93 69 58
2 18 29 67 44 84
2 19 52 74 49 62
2 20 0 52 83 30
2 21 43 53 50 26
2 22 36 28 85 35
2 23 21 46 41 62
2 24 48 67 42 68
2 25 74 25 28 13
2 26 43 71 22 68
2 27 73 42 67 66
2 28 17 87 25 64
2 29 19 81 33 63
2 30 13 94 54 48
2 31 2 35 70 39
2 32 87 24 17 63
2 33 58 17 66 21
2 34 30 85 46 55
2 35 44 38 57 42
2 36 35 88 47 63
2 37 82 6 40 33
2 38 57 15 80 58
2 39 19 48 25 63
2 40 13 73 92 36
2 41 9 27 70 73
2 42 26 75 60 81
2 43 1 65 35 34
2 44 79 75 10 26
2 45 75 46 29 15
2 46 60 50 17 71
2 47 91 23 26 42
2 48 14 25 86 29
2 49 61 56 80 54
2 50 33 54 34 26
2 51 40 35 80 44
2 52 10 48 58 68
2 53 82 37 17 69
2 54 63 48 35 14
2 55 86 63 70 18
2 56 69 73 60 46
2 57 54 58 15 77
2 58 59 69 29 40
2 59 78 45 74 9
2 60 83 57 34 51
2 61 62 60 51 65
2 62 8 75 87 30
2 63 20 62 41 36
2 64 43 71 54 23
2 65 22 53 24 58
2 66 9 81 69 92
2 67 90 64 59 41
2 68 11 35 57 90
2 69 16 37 32 68
2 70 74 52 24 42
2 71 70 73 66 69
2 72 28 27 36 22
2 73 66 17 34 36
2 74 9 45 43 38
2 75 3 39 52 51
2 76 97 38 12 12
2 77 21 80 44 83
2 78 70 76 44 21
2 79 55 37 74 59
2 80 8 38 87 51
2 81 37 87 60 69
2 82 60 40 75 50
2 83 86 65 13 39
2 84 48 62 72 28
2 85 35 87 37 65
2 86 66 72 62 24
2 87 33 79 33 76
2 88 33 76 76 68
2 89 24 58 31 45
2 90 22 35 45 52
2 91 86 65 55 52
2 92 9 62 46 71
2 93 6 85 43 30
2 94 30 47 71 41
2 95 82 61 66 71
2 96 22 68 32 84
2 97 19 59 41 79
2 98 4 46 95 94
2 99 37 42 53 22
3 4 75 15 39 52
3 5 80 38 31 50
3 6 75 72 43 36
3 7 93 35 10 19
3 8 76 55 59 24
3 9 57 76 67 34
3 10 81 17 17 27
3 11 67 63 11 77
3 12 72 28 37 43
3 13 66 62 52 23
3 14 75 41 37 46
3 15 77 59 39 39
3 16 2 29 47 72
3 17 66 37 37 65
3 18 42 58 61 26
3 19 40 83 50 31
3 20 11 85 27 92
3 21 48 47 39 66
3 22 54 47 54 53
3 23 42 21 41 52
3 24 35 32 73 75
3 25 54 65 51 43
3 26 39 30 87 84
3 27 13 62 49 74
3 28 61 32 76 30
3 29 41 50 40 18
3 30 40 57 52 26
3 31 99 12 22 59
3 32 66 48 33 54
3 33 20 34 88 79
3 34 16 40 73 73
3 35 38 48 85 34
3 36 27 48 53 48
3 37 43 34 62 42
3 38 13 31 68 30
3 39 58 38 68 34
3 40 53 80 26 22
3 41 73 77 51 71
3 42 52 51 28 82
3 43 81 11 25 27
3 44 4 37 86 77
3 45 28 61 50 50
3 46 40 87 62 32
3 47 88 57 27 42
3 48 75 59 76 55
3 49 63 18 67 78
3 50 78 45 17 37
3 51 95 61 30 55
3 52 46 28 56 51
3 53 13 46 68 85
3 54 82 62 45 12
3 55 82 72 40 62
3 56 16 53 40 30
3 57 71 13 31 21
3 58 55 37 29 82
3 59 68 17 61 34
3 60 49 82 58 60
3 61 79 36 72 53
3 62 24 23 32 63
3 63 25 62 26 41
3 64 37 79 87 72
3 65 18 88 82 76
3 66 58 77 56 69
3 67 97 63 22 41
3 68 25 36 39 39
3 69 45 50 26 29
3 70 39 58 80 81
3 71 3 78 63 55
3 72 38 39 55 44
3 73 57 21 58 24
3 74 1 53 80 77
3 75 25 63 46 46
3 76 32 36 55 67
3 77 9 83 53 37
3 78 55 61 19 82
3 79 28 69 77 26
3 80 91 32 72 70
3 81 0 75 44 37
3 82 82 56 24 73
3 83 25 90 34 54
3 84 26 89 91 42
3 85 97 23 49 32
3 86 97 5 6 29
3 87 27 51 32 54
3 88 34 59 46 27
3 89 22 64 90 51
3 90 33 64 28 51
3 91 60 36 25 60
3 92 29 39 24 47
3 93 15 59 30 80
3 94 78 14 76 26
3 95 75 60 65 50
3 96 25 79 84 50
3 97 69 59 29 36
3 98 25 29 74 51
3 99 47 71 80 71
4 5 48 22 56 40
4 6 96 53 27 53
4 7 64 19 40 12
4 8 61 49 19 57
4 9 59 16 71 18
4 10 88 34 15 20
4 11 89 38 3 53
4 12 10 47 75 33
4 13 16 64 92 30
4 14 64 22 74 32
4 15 48 19 83 17
4 16 92 23 4 10
4 17 34 34 69 64
4 18 37 49 39 34
4 19 25 24 91 52
4 20 92 39 24 68
4 21 31 78 71 49
4 22 89 22 60 48
4 23 7 91 30 60
4 24 89 45 48 61
4 25 68 24 75 67
4 26 35 25 67 72
4 27 2 36 58 49
4 28 7 45 28 90
4 29 28 72 33 90
4 30 53 70 73 54
4 31 7 39 79 55
4 32 62 24 29 22
4 33 46 35 23 25
4 34 42 75 45 82
4 35 89 38 25 35
4 36 84 49 47 33
4 37 69 73 13 75
4 38 66 67 50 47
4 39 36 85 64 61
4 40 66 34 69 79
4 41 90 42 56 11
4 42 39 76 36 48
4 43 64 52 52 54
4 44 49 66 70 73
4 45 27 34 28 83
4 46 32 73 54 28
4 47 49 18 53 55
4 48 29 70 48 89
4 49 81 18 5 30
4 50 80 42 68 70
4 51 81 62 49 56
4 52 35 75 24 69
4 53 9 75 43 62
4 54 53 58 58 65
4 55 7 51 86 56
4 56 93 14 41 69
4 57 99 48 30 34
4 58 65 45 79 63
4 59 27 21 75 64
4 60 20 73 32 73
4 61 86 51 58 72
4 62 66 78 52 26
4 63 21 60 90 87
4 64 44 49 73 79
4 65 34 62 23 57
4 66 42 51 24 66
4 67 1 96 55 39
4 68 15 79 73 51
4 69 97 34 60 17
4 70 56 26 42 50
4 71 96 53 56 28
4 72 82 72 26 20
4 73 75 71 33 44
4 74 94 16 71 54
4 75 15 80 44 63
4 76 3 52 33 34
4 77 25 42 27 83
4 78 11 89 52 41
4 79 23 55 71 75
4 80 85 60 44 65
4 81 1 43 96 54
4 82 79 40 28 74
4 83 62 28 20 55
4 84 14 87 91 91
4 85 3 86 81 75
4 86 42 31 70 48
4 87 88 35 17 25
4 88 35 76 41 71
4 89 25 71 61 69
4 90 60 69 65 38
4 91 4 50 52 79
4 92 92 66 29 64
4 93 58 57 24 51
4 94 76 58 7 27
4 95 52 26 59 66
4 96 59 14 29 75
4 97 71 64 40 38
4 98 75 32 32 11
4 99 26 46 66 69
5 6 55 77 62 72
5 7 91 54 10 5
5 8 86 41 56 34
5 9 78 42 7 12
5 10 22 51 49 90
5 11 66 66 32 38
5 12 14 65 55 82
5 13 64 18 24 28
5 14 56 59 63 27
5 15 67 26 57 76
5 16 74 38 28 74
5 17 53 67 82 27
5 18 57 44 56 80
5 19 68 62 61 68
5 20 85 60 26 56
5 21 77 55 28 58
5 22 34 50 43 52
5 23 56 82 28 69
5 24 5 53 87 81
5 25 5 98 43 58
5 26 94 14 54 29
5 27 82 49 20 17
5 28 13 69 71 64
5 29 98 14 33 65
5 30 62 46 55 76
5 31 78 39 30 41
5 32 88 61 25 30
5 33 67 34 12 20
5 34 97 15 52 41
5 35 76 42 62 36
5 36 89 32 72 66
5 37 34 53 61 78
5 38 10 48 35 38
5 39 23 28 84 77
5 40 33 30 43 55
5 41 30 84 71 79
5 42 63 58 60 17
5 43 15 78 68 47
5 44 98 68 40 54
5 45 46 70 42 36
5 46 68 41 58 46
5 47 80 9 9 28
5 48 13 35 94 45
5 49 8 28 32 51
5 50 8 88 67 65
5 51 55 53 64 59
5 52 36 30 48 75
5 53 11 59 74 87
5 54 21 56 75 60
5 55 64 51 14 65
5 56 35 85 27 46
5 57 94 65 37 27
5 58 40 52 36 85
5 59 97 70 19 6
5 60 36 67 82 38
5 61 57 24 19 67
5 62 84 68 48 70
5 63 73 70 69 54
5 64 23 63 71 69
5 65 20 31 35 69
5 66 48 80 59 70
5 67 53 64 64 83
5 68 20 48 92 57
5 69 35 40 25 42
5 70 50 27 32 38
5 71 77 10 68 61
5 72 20 78 38 29
5 73 54 17 38 32
5 74 12 89 60 82
5 75 51 16 42 70
5 76 95 42 61 16
5 77 29 70 26 81
5 78 15 53 25 28
5 79 99 17 49 6
5 80 61 61 61 21
5 81 12 71 91 52
5 82 73 8 61 36
5 83 52 51 70 47
5 84 2 93 53 71
5 85 71 76 48 52
5 86 2 47 95 41
5 87 44 80 24 34
5 88 38 72 71 55
5 89 83 49 57 26
5 90 63 67 57 60
5 91 22 55 52 35
5 92 95 41 47 62
5 93 84 68 64 32
5 94 19 79 82 41
5 95 98 67 65 66
5 96 4 45 88 51
5 97 3 60 49 83
5 98 13 34 52 66
5 99 89 15 68 41
6 7 72 77 59 16
6 8 19 63 78 55
6 9 97 58 32 20
6 10 33 33 66 51
6 11 17 52 45 83
6 12 88 22 69 27
6 13 44 66 19 70
6 14 1 30 56 44
6 15 53 72 72 26
6 16 8 51 35 64
6 17 68 31 41 63
6 18 0 67 75 52
6 19 52 81 64 21
6 20 9 76 41 67
6 21 36 61 26 60
6 22 88 63 31 70
6 23 49 40 64 46
6 24 83 70 29 43
6 25 87 29 54 48
6 26 24 74 71 57
6 27 58 79 74 51
6 28 17 66 66 27
6 29 48 48 38 71
6 30 81 72 12 47
6 31 19 52 77 89
6 32 28 90 80 40
6 33 86 53 60 14
6 34 97 24 53 65
6 35 30 56 50 65
6 36 66 50 67 59
6 37 31 85 75 73
6 38 19 67 43 92
6 39 94 64 49 10
6 40 50 51 62 53
6 41 0 82 43 47
6 42 19 58 47 39
6 43 78 23 61 7
6 44 91 63 32 17
6 45 51 25 58 79
6 46 86 26 31 23
6 47 56 82 34 45
6 48 95 38 4 26
6 49 5 93 80 59
6 50 74 75 30 19
6 51 56 52 39 31
6 52 64 64 59 29
6 53 30 29 89 88
6 54 44 52 83 79
6 55 24 41 90 25
6 56 18 45 70 74
6 57 70 12 9 56
6 58 93 26 22 17
6 59 31 68 76 42
6 60 53 59 44 29
6 61 43 17 43 46
6 62 22 76 31 77
6 63 17 55 42 58
6 64 8 76 89 50
6 65 90 68 35 54
6 66 32 77 46 30
6 67 1 55 60 40
6 68 60 72 40 36
6 69 95 14 44 43
6 70 30 31 52 49
6 71 33 86 69 74
6 72 52 41 62 77
6 73 55 52 16 61
6 74 15 80 38 56
6 75 70 53 43 57
6 76 40 85 82 50
6 77 20 89 50 49
6 78 15 38 25 87
6 79 60 16 81 59
6 80 99 61 12 23
6 81 47 36 49 66
6 82 25 32 57 82
6 83 0 47 98 97
6 84 95 45 6 23
6 85 47 75 71 28
6 86 62 43 23 36
6 87 66 45 22 35
6 88 60 40 33 65
6 89 21 27 50 35
6 90 82 49 37 51
6 91 71 22 34 41
6 92 87 27 72 37
6 93 36 34 71 63
6 94 71 11 19 8
6 95 76 30 17 72
6 96 93 5 59 26
6 97 62 34 20 66
6 98 22 88 45 41
6 99 6 46 82 74
7 8 23 64 66 23
7 9 89 47 35 19
7 10 80 37 11 7
7 11 21 43 84 62
7 12 27 71 42 80
7 13 64 22 46 43
7 14 9 41 59 94
7 15 92 6 51 51
7 16 12 78 29 29
7 17 30 34 47 38
7 18 27 36 30 46
7 19 82 32 22 70
7 20 91 47 60 53
7 21 56 60 38 18
7 22 50 38 64 55
7 23 16 75 92 34
7 24 44 30 58 37
7 25 84 9 26 49
7 26 64 49 31 78
7 27 81 36 26 6
7 28 33 79 21 59
7 29 15 41 30 74
7 30 22 82 29 57
7 31 22 24 79 57
7 32 2 98 93 68
7 33 79 50 35 7
7 34 1 51 34 60
7 35 69 48 38 10
7 36 77 75 68 47
7 37 59 57 24 35
7 38 81 50 18 42
7 39 50 44 71 45
7 40 77 38 59 28
7 41 29 74 79 46
7 42 31 76 83 22
7 43 42 51 62 47
7 44 89 46 8 46
7 45 36 75 40 72
7 46 6 91 50 80
7 47 14 44 91 43
7 48 15 82 56 34
7 49 93 70 16 3
7 50 98 52 58 20
7 51 0 32 63 39
7 52 90 30 54 33
7 53 57 18 14 76
7 54 52 76 46 29
7 55 72 77 52 12
7 56 30 35 52 65
7 57 58 60 61 24
7 58 34 38 39 67
7 59 50 17 47 16
7 60 33 83 51 84
7 61 19 62 27 26
7 62 31 76 29 37
7 63 18 91 88 91
7 64 87 8 19 68
7 65 64 70 58 24
7 66 27 75 57 65
7 67 76 68 23 19
7 68 33 35 46 39
7 69 80 30 49 30
7 70 61 15 43 30
7 71 8 37 90 90
7 72 31 39 32 85
7 73 90 27 18 32
7 74 78 25 53 31
7 75 43 78 38 65
7 76 18 65 55 53
7 77 76 41 40 55
7 78 58 66 63 74
7 79 80 38 44 14
7 80 49 45 41 56
7 81 35 42 34 81
7 82 59 41 66 66
7 83 1 75 30 66
7 84 7 34 80 53
7 85 75 27 48 50
7 86 74 42 70 24
7 87 36 56 35 47
7 88 51 41 84 43
7 89 49 64 41 62
7 90 41 73 26 34
7 91 54 49 72 58
7 92 20 41 49 47
7 93 26 73 83 57
7 94 99 48 47 14
7 95 8 65 75 81
7 96 5 34 87 28
7 97 95 46 8 70
7 98 56 13 34 14
7 99 72 62 10 27
8 9 30 21 24 33
8 10 58 26 52 73
8 11 93 62 48 38
8 12 72 42 28 52
8 13 35 28 86 53
8 14 82 63 62 73
8 15 76 66 11 48
8 16 20 67 49 45
8 17 69 21 42 69
8 18 98 9 14 27
8 19 24 51 87 82
8 20 72 74 59 73
8 21 72 34 53 59
8 22 35 48 41 59
8 23 99 21 35 43
8 24 87 71 64 19
8 25 20 44 43 46
8 26 72 15 73 57
8 27 24 77 49 41
8 28 25 32 24 83
8 29 68 34 61 73
8 30 93 31 5 63
8 31 76 36 71 33
8 32 9 37 69 45
8 33 17 52 39 86
8 34 6 83 80 86
8 35 40 66 30 59
8 36 50 34 50 16
8 37 25 72 35 47
8 38 20 57 69 68
8 39 81 72 38 26
8 40 71 23 36 72
8 41 22 31 84 89
8 42 37 46 53 24
8 43 31 59 64 67
8 44 32 29 63 46
8 45 43 49 33 57
8 46 26 59 88 49
8 47 91 35 52 25
8 48 66 20 27 45
8 49 73 33 39 71
8 50 61 80 39 28
8 51 11 87 89 52
8 52 21 37 63 27
8 53 64 14 28 64
8 54 58 60 70 44
8 55 87 59 61 38
8 56 46 41 54 31
8 57 23 42 26 49
8 58 37 81 18 59
8 59 66 36 13 26
8 60 56 66 60 23
8 61 43 61 80 70
8 62 71 71 25 45
8 63 52 57 60 23
8 64 22 67 39 86
8 65 88 20 30 3
8 66 5 44 46 33
8 67 2 32 90 90
8 68 6 46 29 60
8 69 50 18 52 74
8 70 31 30 77 60
8 71 12 26 79 36
8 72 26 41 34 35
8 73 60 70 52 64
8 74 25 65 61 24
8 75 73 40 16 42
8 76 27 82 90 26
8 77 59 30 20 35
8 78 93 7 60 63
8 79 78 17 35 28
8 80 91 23 63 12
8 81 69 23 58 61
8 82 18 88 26 69
8 83 63 44 21 13
8 84 86 50 49 5
8 85 4 88 68 64
8 86 56 66 26 18
8 87 56 42 22 26
8 88 42 71 67 54
8 89 74 41 28 60
8 90 56 67 34 78
8 91 98 10 19 9
8 92 16 47 61 29
8 93 47 18 39 51
8 94 73 61 66 28
8 95 5 53 84 42
8 96 5 51 97 35
8 97 99 58 47 59
8 98 68 69 36 69
8 99 89 33 56 37
9 10 12 82 71 47
9 11 26 64 47 82
9 12 63 61 47 20
9 13 25 42 31 53
9 14 24 61 44 77
9 15 66 11 33 38
9 16 61 14 64 26
9 17 55 38 17 14
9 18 61 49 38 38
9 19 60 19 26 40
9 20 90 51 70 64
9 21 45 62 45 22
9 22 4 91 41 45
9 23 86 64 72 64
9 24 51 81 55 16
9 25 9 37 71 42
9 26 43 65 52 56
9 27 63 23 44 12
9 28 98 11 29 3
9 29 31 85 73 22
9 30 79 22 50 65
9 31 27 86 58 70
9 32 11 48 87 40
9 33 90 19 57 15
9 34 9 82 42 66
9 35 82 69 38 40
9 36 11 76 26 73
9 37 74 9 24 73
9 38 7 45 35 61
9 39 33 49 61 63
9 40 24 67 85 78
9 41 79 73 52 34
9 42 83 42 44 42
9 43 92 32 7 22
9 44 2 87 31 42
9 45 72 35 48 45
9 46 47 41 40 42
9 47 43 62 70 73
9 48 37 55 53 77
9 49 94 47 48 29
9 50 48 41 72 40
9 51 92 55 12 62
9 52 23 45 58 58
9 53 1 40 35 42
9 54 17 30 54 37
9 55 78 73 55 43
9 56 10 34 42 28
9 57 54 15 72 67
9 58 52 54 53 36
9 59 26 91 34 30
9 60 5 91 41 80
9 61 16 44 70 50
9 62 99 62 57 42
9 63 76 21 42 39
9 64 66 74 74 14
9 65 46 37 51 62
9 66 31 34 46 84
9 67 90 39 47 62
9 68 28 28 31 32
9 69 53 68 68 70
9 70 56 81 13 41
9 71 25 56 47 28
9 72 55 67 17 20
9 73 59 63 56 51
9 74 80 66 67 32
9 75 75 27 49 36
9 76 47 50 57 20
9 77 8 85 93 90
9 78 13 93 55 71
9 79 92 56 59 12
9 80 84 9 72 27
9 81 11 54 49 30
9 82 21 34 64 47
9 83 34 76 30 88
9 84 31 78 76 38
9 85 52 77 79 19
9 86 20 84 28 86
9 87 6 66 74 39
9 88 0 42 63 48
9 89 65 79 37 16
9 90 9 85 38 87
9 91 55 65 18 47
9 92 18 83 65 77
9 93 21 23 42 56
9 94 69 74 62 40
9 95 18 30 86 71
9 96 63 32 40 46
9 97 32 73 56 69
9 98 50 34 43 15
9 99 70 47 15 21
10 11 59 81 50 48
10 12 26 59 86 61
10 13 88 57 57 59
10 14 73 22 36 31
10 15 0 30 37 36
10 16 89 7 11 64
10 17 60 76 67 16
10 18 13 44 36 50
10 19 87 61 27 22
10 20 10 72 29 67
10 21 69 75 23 16
10 22 18 82 40 65
10 23 22 40 26 24
10 24 21 73 71 47
10 25 29 39 90 45
10 26 59 44 57 50
10 27 81 50 42 35
10 28 97 39 11 53
10 29 8 33 55 75
10 30 19 35 87 79
10 31 10 85 48 95
10 32 43 47 75 72
10 33 38 57 56 83
10 34 28 64 23 65
10 35 76 71 46 70
10 36 49 77 42 37
10 37 89 71 5 11
10 38 2 43 55 92
10 39 20 61 47 88
10 40 44 74 83 82
10 41 12 69 77 72
10 42 40 50 61 78
10 43 49 68 43 73
10 44 50 68 17 18
10 45 83 67 6 74
10 46 42 62 67 43
10 47 68 78 26 13
10 48 68 24 23 49
10 49 53 50 17 37
10 50 84 28 41 43
10 51 49 62 49 62
10 52 54 57 82 34
10 53 55 67 54 32
10 54 7 90 71 55
10 55 30 44 29 89
10 56 78 53 71 60
10 57 80 74 29 56
10 58 50 18 68 32
10 59 78 66 60 72
10 60 29 86 80 42
10 61 53 15 41 73
10 62 54 54 30 70
10 63 4 59 44 31
10 64 10 90 80 45
10 65 21 89 33 55
10 66 93 8 41 55
10 67 65 39 72 26
10 68 34 70 20 84
10 69 51 38 79 66
10 70 57 67 73 12
10 71 86 57 52 46
10 72 17 33 56 93
10 73 7 33 48 51
10 74 27 29 44 43
10 75 8 75 66 78
10 76 49 74 30 56
10 77 64 39 49 56
10 78 51 27 66 71
10 79 84 39 20 70
10 80 64 58 15 74
10 81 39 53 48 79
10 82 23 60 68 76
10 83 79 47 8 61
10 84 47 66 22 60
10 85 65 48 32 48
10 86 51 79 34 66
10 87 73 42 15 48
10 88 72 68 74 54
10 89 71 64 74 58
10 90 26 75 56 38
10 91 44 52 17 76
10 92 77 71 20 66
10 93 52 50 22 70
10 94 65 46 46 20
10 95 7 70 71 87
10 96 21 72 77 41
10 97 16 53 81 27
10 98 37 35 58 87
10 99 17 37 60 86
11 12 26 73 72 73
11 13 97 1 68 64
11 14 54 74 56 15
11 15 34 86 87 81
11 16 96 54 55 11
11 17 97 29 69 32
11 18 89 70 14 25
11 19 89 48 10 64
11 20 72 61 37 75
11 21 70 22 73 21
11 22 81 14 48 35
11 23 91 55 47 35
11 24 7 34 36 46
11 25 90 51 51 27
11 26 23 25 83 84
11 27 97 3 59 60
11 28 97 8 44 6
11 29 0 75 73 83
11 30 63 16 64 13
11 31 26 32 29 61
11 32 47 20 61 67
11 33 57 36 43 65
11 34 37 54 56 84
11 35 59 18 45 51
11 36 83 48 32 66
11 37 52 57 15 25
11 38 5 69 81 47
11 39 59 58 23 44
11 40 71 37 72 73
11 41 3 85 53 40
11 42 24 69 77 31
11 43 10 55 34 30
11 44 45 85 62 25
11 45 15 39 64 33
11 46 42 66 67 18
11 47 1 89 65 35
11 48 82 14 38 56
11 49 38 46 67 27
11 50 54 65 47 70
11 51 45 30 84 71
11 52 98 21 14 32
11 53 63 64 22 65
11 54 8 73 45 83
11 55 50 57 62 64
11 56 31 56 43 51
11 57 92 30 51 16
11 58 6 68 28 36
11 59 46 38 17 83
11 60 31 68 75 22
11 61 89 36 25 51
11 62 77 76 25 76
11 63 45 25 81 82
11 64 81 68 36 13
11 65 65 69 58 32
11 66 74 16 77 30
11 67 45 62 34 22
11 68 35 79 23 43
11 69 98 37 26 28
11 70 63 65 62 77
11 71 46 42 83 21
11 72 40 75 22 85
11 73 73 34 63 55
11 74 85 20 20 69
11 75 3 90 79 78
11 76 37 44 61 72
11 77 7 79 57 44
11 78 75 11 39 45
11 79 64 78 13 52
11 80 37 75 62 72
11 81 46 48 53 39
11 82 23 88 47 78
11 83 40 76 28 27
11 84 61 14 46 72
11 85 25 66 50 66
11 86 26 36 63 40
11 87 49 52 37 16
11 88 5 87 38 40
11 89 72 29 62 19
11 90 74 9 74 60
11 91 8 28 55 45
11 92 55 64 41 58
11 93 91 4 6 59
11 94 42 41 17 58
11 95 89 61 64 58
11 96 94 34 19 40
11 97 70 57 30 53
11 98 26 88 78 87
11 99 61 47 39 63
12 13 97 38 34 20
12 14 53 30 38 78
12 15 67 40 74 22
12 16 46 33 28 30
12 17 85 36 59 12
12 18 60 53 79 33
12 19 22 66 87 87
12 20 66 28 24 52
12 21 20 31 33 27
12 22 28 79 46 57
12 23 22 72 63 70
12 24 98 42 21 62
12 25 96 70 40 44
12 26 85 34 61 40
12 27 92 39 42 58
12 28 31 89 50 88
12 29 54 23 66 24
12 30 64 78 49 23
12 31 74 19 27 14
12 32 60 32 34 54
12 33 49 56 36 31
12 34 89 30 41 37
12 35 21 35 57 80
12 36 47 35 40 85
12 37 64 53 72 51
12 38 17 34 27 80
12 39 1 86 74 57
12 40 32 27 81 85
12 41 3 94 52 35
12 42 10 27 88 73
12 43 67 77 19 12
12 44 1 60 45 69
12 45 28 57 47 21
12 46 57 75 63 81
12 47 20 69 62 78
12 48 82 22 64 33
12 49 24 46 81 87
12 50 93 7 30 43
12 51 63 51 14 71
12 52 0 75 47 41
12 53 20 88 27 93
12 54 58 76 22 48
12 55 90 45 63 50
12 56 63 49 63 29
12 57 99 30 54 12
12 58 46 28 28 71
12 59 37 75 69 25
12 60 19 65 60 42
12 61 51 16 20 74
12 62 37 66 45 84
12 63 88 54 16 19
12 64 7 50 67 66
12 65 14 80 77 54
12 66 28 87 78 74
12 67 85 25 11 4
12 68 40 71 82 26
12 69 97 64 43 63
12 70 69 77 60 66
12 71 10 56 46 86
12 72 22 33 45 54
12 73 22 87 39 69
12 74 77 38 7 57
12 75 44 55 48 69
12 76 52 57 41 62
12 77 60 30 36 45
12 78 83 52 43 42
12 79 6 81 46 60
12 80 54 28 73 20
12 81 94 30 5 50
12 82 17 45 94 81
12 83 6 86 89 85
12 84 23 33 83 87
12 85 42 29 24 20
12 86 67 34 28 74
12 87 45 66 76 74
12 88 47 60 44 68
12 89 88 50 26 62
12 90 12 40 74 39
12 91 84 23 41 10
12 92 76 25 28 75
12 93 54 64 47 22
12 94 35 39 78 45
12 95 6 94 79 55
12 96 53 49 60 68
12 97 72 61 42 67
12 98 3 48 41 94
12 99 32 50 82 65
13 14 25 39 81 53
13 15 2 41 74 64
13 16 31 80 88 29
13 17 56 26 15 58
13 18 72 22 48 16
13 19 83 9 17 18
13 20 94 59 7 58
13 21 75 29 21 49
13 22 55 65 32 57
13 23 61 47 73 57
13 24 41 85 56 74
13 25 93 45 54 36
13 26 10 54 72 29
13 27 77 48 9 11
13 28 68 38 63 27
13 29 66 41 67 34
13 30 12 50 40 30
13 31 90 9 71 40
13 32 88 5 50 14
13 33 89 43 7 32
13 34 49 66 28 80
13 35 19 85 75 86
13 36 44 82 23 20
13 37 14 80 63 81
13 38 95 9 15 33
13 39 19 26 50 41
13 40 72 53 72 60
13 41 62 32 76 74
13 42 93 51 13 48
13 43 26 42 41 86
13 44 68 56 34 23
13 45 11 64 88 43
13 46 63 34 52 62
13 47 85 67 53 18
13 48 83 24 17 6
13 49 91 18 46 10
13 50 4 73 84 54
13 51 75 17 54 16
13 52 75 53 30 46
13 53 96 34 36 4
13 54 28 80 67 56
13 55 91 28 71 28
13 56 31 90 47 78
13 57 56 75 70 33
13 58 65 56 22 54
13 59 98 45 15 55
13 60 54 19 83 15
13 61 22 37 65 46
13 62 86 13 62 22
13 63 31 81 53 48
13 64 61 19 43 45
13 65 7 96 83 59
13 66 81 25 46 33
13 67 83 16 30 55
13 68 33 32 55 51
13 69 8 67 46 46
13 70 4 44 42 44
13 71 77 16 28 68
13 72 66 52 53 78
13 73 24 59 47 41
13 74 76 74 76 65
13 75 57 40 25 14
13 76 99 10 30 12
13 77 37 74 56 86
13 78 37 39 48 20
13 79 11 39 51 63
13 80 90 37 40 18
13 81 21 51 43 65
13 82 51 54 39 48
13 83 44 17 27 42
13 84 98 24 29 63
13 85 23 70 33 59
13 86 15 68 31 40
13 87 10 40 89 65
13 88 47 37 70 38
13 89 73 48 45 57
13 90 78 56 25 62
13 91 26 51 24 89
13 92 71 45 25 66
13 93 7 63 57 89
13 94 22 64 31 91
13 95 21 78 70 88
13 96 28 83 85 63
13 97 33 85 41 62
13 98 52 83 75 22
13 99 51 24 45 41
14 15 45 54 33 77
14 16 34 87 87 51
14 17 30 66 30 76
14 18 46 63 42 26
14 19 36 86 67 34
14 20 89 28 56 6
14 21 46 16 74 29
14 22 38 60 52 24
14 23 27 75 57 72
14 24 39 52 65 71
14 25 88 23 20 34
14 26 16 85 50 45
14 27 28 48 61 63
14 28 15 83 86 89
14 29 9 75 78 50
14 30 96 51 68 60
14 31 18 56 81 57
14 32 77 32 54 24
14 33 9 73 81 67
14 34 3 81 39 68
14 35 62 75 36 36
14 36 89 49 49 16
14 37 68 41 48 78
14 38 67 49 65 69
14 39 30 85 81 81
14 40 99 34 64 15
14 41 16 54 45 37
14 42 51 28 76 17
14 43 37 32 19 33
14 44 71 32 68 64
14 45 55 42 28 28
14 46 98 42 25 59
14 47 5 42 96 66
14 48 94 12 8 24
14 49 51 15 49 22
14 50 57 59 51 49
14 51 39 27 85 84
14 52 87 73 45 22
14 53 99 64 36 55
14 54 4 50 79 69
14 55 55 40 69 34
14 56 51 39 79 42
14 57 4 87 40 83
14 58 69 39 34 31
14 59 72 62 59 51
14 60 5 85 61 29
14 61 90 43 42 72
14 62 79 21 16 49
14 63 97 14 49 1
14 64 85 46 15 56
14 65 73 58 75 63
14 66 7 41 92 49
14 67 55 26 49 40
14 68 42 45 63 58
14 69 99 11 69 21
14 70 92 71 43 6
14 71 3 72 44 68
14 72 58 59 64 57
14 73 79 57 33 22
14 74 20 27 91 63
14 75 11 60 55 35
14 76 73 13 35 54
14 77 70 64 69 53
14 78 94 65 51 27
14 79 36 39 56 76
14 80 23 45 86 67
14 81 5 84 69 54
14 82 92 56 20 37
14 83 90 28 14 11
14 84 72 29 71 10
14 85 62 38 60 61
14 86 58 72 37 60
14 87 76 55 18 75
14 88 33 30 39 54
14 89 24 90 86 38
14 90 21 93 92 69
14 91 26 81 76 81
14 92 22 80 55 80
14 93 50 26 40 71
14 94 8 56 88 65
14 95 71 58 14 43
14 96 39 28 22 46
14 97 95 7 32 29
14 98 39 24 82 80
14 99 57 17 49 38
15 16 89 29 57 6
15 17 42 48 87 22
15 18 11 63 77 95
15 19 29 29 53 61
15 20 12 75 70 71
15 21 80 33 8 62
15 22 93 21 58 56
15 23 5 44 72 55
15 24 34 67 26 71
15 25 7 90 65 66
15 26 1 89 46 64
15 27 11 80 63 42
15 28 32 82 44 60
15 29 10 39 48 64
15 30 47 57 76 66
15 31 26 72 30 37
15 32 80 44 23 68
15 33 79 74 7 44
15 34 35 59 70 42
15 35 22 31 69 27
15 36 8 77 50 61
15 37 84 10 24 58
15 38 39 74 67 32
15 39 88 70 50 17
15 40 67 61 38 67
15 41 51 25 80 84
15 42 31 73 31 39
15 43 11 62 26 65
15 44 34 30 34 82
15 45 74 27 23 21
15 46 41 31 18 37
15 47 67 75 39 72
15 48 15 28 41 78
15 49 9 51 32 65
15 50 38 28 34 34
15 51 50 83 74 16
15 52 85 65 61 21
15 53 17 61 59 55
15 54 85 31 5 37
15 55 48 70 74 56
15 56 37 49 58 62
15 57 78 14 68 49
15 58 76 30 33 72
15 59 18 27 84 36
15 60 40 24 39 53
15 61 51 58 37 58
15 62 8 79 97 45
15 63 22 46 28 61
15 64 56 73 73 21
15 65 11 34 51 94
15 66 61 39 13 26
15 67 92 38 67 17
15 68 71 65 31 52
15 69 8 62 76 91
15 70 68 71 76 44
15 71 83 19 44 71
15 72 99 51 14 0
15 73 94 28 23 28
15 74 77 39 11 14
15 75 75 14 57 29
15 76 56 39 15 57
15 77 53 40 39 66
15 78 65 19 71 13
15 79 59 70 32 80
15 80 84 29 67 6
15 81 73 35 45 16
15 82 34 63 78 39
15 83 43 63 65 38
15 84 79 29 30 39
15 85 8 62 78 59
15 86 52 20 25 79
15 87 35 43 83 82
15 88 22 51 62 35
15 89 41 28 42 63
15 90 74 28 65 47
15 91 31 54 69 39
15 92 22 48 80 74
15 93 74 47 45 65
15 94 38 87 36 67
15 95 12 42 29 57
15 96 29 35 86 21
15 97 48 34 59 36
15 98 34 53 20 84
15 99 45 42 17 52
16 17 86 43 48 63
16 18 14 37 91 91
16 19 13 69 65 53
16 20 9 65 85 66
16 21 62 41 27 23
16 22 82 28 20 61
16 23 43 68 22 50
16 24 94 27 25 16
16 25 98 10 4 31
16 26 41 25 47 59
16 27 70 72 52 19
16 28 8 35 62 60
16 29 33 77 52 22
16 30 94 38 48 15
16 31 46 22 48 40
16 32 31 54 24 70
16 33 89 55 31 18
16 34 27 74 32 77
16 35 3 57 74 40
16 36 35 88 71 56
16 37 37 70 32 35
16 38 78 43 19 51
16 39 35 84 38 85
16 40 76 22 19 69
16 41 14 90 72 33
16 42 92 47 53 10
16 43 9 60 63 33
16 44 50 24 15 63
16 45 62 51 32 56
16 46 73 40 65 55
16 47 10 57 85 39
16 48 69 27 44 60
16 49 98 5 23 48
16 50 74 66 29 38
16 51 1 47 33 75
16 52 53 82 19 64
16 53 83 71 44 24
16 54 47 22 23 26
16 55 15 89 73 70
16 56 24 78 32 56
16 57 55 32 26 41
16 58 75 64 73 57
16 59 66 40 38 79
16 60 55 58 41 27
16 61 90 59 22 8
16 62 5 65 44 64
16 63 40 36 49 21
16 64 26 26 85 35
16 65 99 42 51 47
16 66 90 45 26 10
16 67 85 11 35 51
16 68 18 51 45 50
16 69 20 89 49 62
16 70 72 27 15 22
16 71 11 74 92 53
16 72 97 15 25 14
16 73 69 74 39 40
16 74 39 45 27 79
16 75 52 37 40 27
16 76 13 90 71 51
16 77 59 77 42 40
16 78 27 67 67 29
16 79 2 44 46 70
16 80 76 14 58 42
16 81 77 51 30 18
16 82 45 81 63 65
16 83 64 52 74 53
16 84 32 69 46 89
16 85 71 8 77 73
16 86 28 38 47 72
16 87 60 77 53 78
16 88 1 69 79 79
16 89 66 59 67 14
16 90 61 20 44 69
16 91 30 59 49 50
16 92 37 51 25 79
16 93 23 63 76 48
16 94 18 64 37 84
16 95 68 56 72 13
16 96 96 34 20 10
16 97 25 41 59 70
16 98 59 24 53 27
16 99 80 31 11 24
17 18 63 59 64 78
17 19 97 12 65 10
17 20 92 34 70 27
17 21 11 31 70 75
17 22 10 30 31 50
17 23 39 62 44 32
17 24 11 72 34 81
17 25 72 13 67 69
17 26 96 41 14 64
17 27 49 54 49 41
17 28 26 86 44 71
17 29 15 94 37 35
17 30 36 37 40 67
17 31 0 58 65 78
17 32 2 41 65 40
17 33 41 49 57 67
17 34 81 35 54 22
17 35 78 73 8 51
17 36 94 60 31 27
17 37 19 91 45 65
17 38 54 70 82 29
17 39 36 52 76 86
17 40 57 55 64 64
17 41 61 20 81 61
17 42 39 73 80 42
17 43 75 13 54 51
17 44 99 41 4 32
17 45 33 34 36 81
17 46 51 56 24 79
17 47 51 54 15 62
17 48 33 32 78 86
17 49 55 14 29 78
17 50 7 84 93 44
17 51 59 34 68 33
17 52 57 20 35 39
17 53 3 59 80 80
17 54 3 75 80 39
17 55 35 61 66 51
17 56 96 52 56 20
17 57 95 60 67 16
17 58 36 56 35 35
17 59 1 72 60 76
17 60 46 64 54 85
17 61 70 28 18 21
17 62 61 54 17 32
17 63 35 85 54 80
17 64 12 63 41 60
17 65 66 44 30 45
17 66 14 37 43 86
17 67 34 50 24 57
17 68 87 67 13 17
17 69 28 78 80 45
17 70 8 50 39 96
17 71 16 85 62 67
17 72 92 46 39 65
17 73 77 27 30 41
17 74 99 46 9 24
17 75 39 43 73 55
17 76 64 54 72 58
17 77 81 46 20 17
17 78 90 61 46 4
17 79 97 44 23 3
17 80 91 71 51 42
17 81 15 77 47 40
17 82 95 44 7 10
17 83 6 87 43 77
17 84 89 49 36 25
17 85 45 33 41 30
17 86 65 51 77 61
17 87 74 35 36 12
17 88 73 52 57 27
17 89 45 79 66 32
17 90 72 47 8 77
17 91 91 21 72 21
17 92 16 71 43 41
17 93 87 72 42 47
17 94 54 21 34 71
17 95 40 75 84 86
17 96 90 22 49 3
17 97 79 58 21 41
17 98 65 36 57 28
17 99 76 38 48 59
18 19 9 78 41 60
18 20 92 35 37 50
18 21 57 34 57 32
18 22 61 14 68 65
18 23 81 41 62 72
18 24 21 92 57 88
18 25 5 72 44 93
18 26 82 30 6 11
18 27 61 33 11 58
18 28 60 38 55 80
18 29 27 85 83 23
18 30 30 27 54 35
18 31 99 48 52 36
18 32 50 63 49 82
18 33 24 88 59 87
18 34 82 68 22 31
18 35 54 19 49 43
18 36 53 41 45 54
18 37 11 64 65 30
18 38 17 86 76 64
18 39 0 51 97 68
18 40 94 45 21 18
18 41 53 25 37 48
18 42 42 83 66 31
18 43 88 13 52 23
18 44 33 73 27 81
18 45 22 48 47 44
18 46 62 61 61 68
18 47 82 31 32 18
18 48 62 44 60 38
18 49 20 93 78 52
18 50 87 59 71 57
18 51 35 47 42 85
18 52 54 30 64 52
18 53 86 26 55 56
18 54 3 39 33 78
18 55 79 74 63 53
18 56 98 44 1 11
18 57 41 24 67 65
18 58 89 68 33 67
18 59 99 44 30 68
18 60 79 31 74 30
18 61 90 72 59 16
18 62 3 30 47 94
18 63 59 71 39 34
18 64 34 65 73 22
18 65 47 58 65 26
18 66 2 74 31 98
18 67 41 82 67 31
18 68 63 12 22 50
18 69 21 59 58 56
18 70 42 25 67 69
18 71 38 36 66 25
18 72 79 55 54 26
18 73 6 81 80 29
18 74 51 50 41 62
18 75 66 75 49 15
18 76 48 73 29 75
18 77 97 39 34 46
18 78 56 38 83 48
18 79 23 71 90 24
18 80 4 35 51 92
18 81 91 19 5 70
18 82 95 45 19 57
18 83 48 71 83 28
18 84 85 18 71 54
18 85 24 66 69 55
18 86 24 23 32 82
18 87 19 70 80 45
18 88 55 47 40 59
18 89 12 87 31 79
18 90 18 39 52 37
18 91 91 50 57 10
18 92 19 65 39 65
18 93 77 58 12 32
18 94 68 16 46 34
18 95 26 89 31 47
18 96 29 58 76 64
18 97 14 75 49 89
18 98 15 57 45 85
18 99 48 50 45 18
19 20 87 45 32 61
19 21 77 73 41 12
19 22 32 32 68 43
19 23 80 42 69 39
19 24 96 2 43 36
19 25 39 77 19 55
19 26 96 4 40 63
19 27 51 46 80 28
19 28 69 66 50 62
19 29 38 71 47 20
19 30 13 60 36 74
19 31 83 45 66 16
19 32 63 55 66 11
19 33 77 24 33 9
19 34 42 82 51 75
19 35 72 42 33 74
19 36 5 43 33 62
19 37 44 52 43 64
19 38 48 39 23 66
19 39 79 44 10 43
19 40 17 93 86 92
19 41 61 13 50 36
19 42 35 30 55 80
19 43 79 48 49 44
19 44 11 68 34 79
19 45 54 64 46 56
19 46 18 77 89 45
19 47 87 33 27 29
19 48 54 61 44 15
19 49 88 22 23 58
19 50 47 22 73 57
19 51 48 29 27 51
19 52 97 25 62 41
19 53 86 34 6 32
19 54 35 81 28 37
19 55 37 29 68 61
19 56 7 71 59 82
19 57 84 65 24 23
19 58 38 76 22 33
19 59 63 47 13 76
19 60 33 58 56 38
19 61 13 61 65 36
19 62 56 53 45 24
19 63 95 44 44 15
19 64 15 44 62 28
19 65 10 49 90 69
19 66 94 5 64 20
19 67 84 44 36 53
19 68 30 21 30 22
19 69 77 12 74 45
19 70 75 53 68 35
19 71 54 71 44 55
19 72 20 79 88 24
19 73 54 16 49 41
19 74 94 26 16 50
19 75 33 34 50 64
19 76 25 73 51 23
19 77 1 97 85 95
19 78 61 44 24 55
19 79 20 80 29 73
19 80 96 60 20 11
19 81 63 69 73 38
19 82 38 50 58 72
19 83 76 69 24 60
19 84 34 87 57 36
19 85 53 56 82 77
19 86 73 42 77 39
19 87 13 84 87 91
19 88 25 70 75 88
19 89 59 31 71 57
19 90 65 49 43 63
19 91 4 42 47 66
19 92 22 91 36 55
19 93 14 26 81 30
19 94 28 62 78 67
19 95 66 73 23 76
19 96 8 96 46 34
19 97 7 93 93 29
19 98 46 22 63 74
19 99 96 35 13 23
20 21 26 65 91 80
20 22 44 67 38 77
20 23 26 81 40 39
20 24 81 34 14 55
20 25 37 80 44 88
20 26 24 80 44 50
20 27 76 9 19 15
20 28 10 52 84 86
20 29 36 58 33 40
20 30 85 26 33 11
20 31 55 83 27 60
20 32 24 61 32 67
20 33 36 88 40 37
20 34 97 65 2 3
20 35 11 86 75 95
20 36 0 53 56 44
20 37 96 5 15 37
20 38 97 17 2 8
20 39 89 13 7 61
20 40 28 79 84 37
20 41 4 68 70 75
20 42 79 55 14 16
20 43 72 60 76 65
20 44 80 51 13 27
20 45 57 79 59 25
20 46 54 14 78 52
20 47 62 17 23 12
20 48 57 26 52 31
20 49 90 67 65 41
20 50 14 35 30 61
20 51 70 48 29 67
20 52 4 40 91 63
20 53 94 19 37 25
20 54 81 25 8 63
20 55 77 17 74 13
20 56 33 37 58 54
20 57 91 38 56 12
20 58 54 49 15 59
20 59 86 73 23 34
20 60 38 86 64 49
20 61 42 48 18 59
20 62 50 18 34 35
20 63 38 27 18 84
20 64 43 52 82 33
20 65 20 81 93 92
20 66 94 41 53 18
20 67 92 69 50 56
20 68 37 37 28 75
20 69 60 41 17 32
20 70 81 27 55 48
20 71 89 13 58 42
20 72 97 59 57 41
20 73 34 82 56 28
20 74 88 44 49 54
20 75 71 66 67 28
20 76 27 37 66 35
20 77 89 11 4 44
20 78 2 31 72 85
20 79 54 50 22 18
20 80 44 62 48 85
20 81 35 34 69 71
20 82 40 75 40 64
20 83 60 79 58 61
20 84 8 52 35 54
20 85 85 46 56 55
20 86 90 70 3 11
20 87 33 52 84 57
20 88 17 76 35 32
20 89 45 52 25 33
20 90 22 24 62 73
20 91 10 55 84 49
20 92 48 34 60 18
20 93 97 60 36 10
20 94 77 50 7 46
20 95 10 82 81 39
20 96 21 58 70 71
20 97 61 36 49 47
20 98 9 35 85 92
20 99 65 45 56 11
21 22 87 59 53 66
21 23 74 48 27 75
21 24 50 15 55 32
21 25 83 27 7 48
21 26 23 51 46 64
21 27 75 7 58 11
21 28 89 9 36 37
21 29 19 76 50 77
21 30 15 86 53 42
21 31 54 72 43 76
21 32 61 23 32 78
21 33 44 19 79 75
21 34 2 71 45 84
21 35 72 45 66 23
21 36 82 27 31 73
21 37 65 75 16 71
21 38 61 31 64 17
21 39 2 78 46 63
21 40 18 80 35 75
21 41 93 50 18 12
21 42 36 70 63 32
21 43 77 57 36 22
21 44 65 65 66 74
21 45 28 66 61 28
21 46 68 26 9 43
21 47 26 80 71 86
21 48 53 62 60 49
21 49 94 67 47 52
21 50 44 43 24 58
21 51 77 34 21 44
21 52 96 3 69 11
21 53 31 81 71 38
21 54 75 9 20 30
21 55 39 35 75 45
21 56 20 48 38 34
21 57 55 35 19 44
21 58 29 77 39 65
21 59 8 41 40 39
21 60 27 86 41 33
21 61 2 52 32 48
21 62 73 23 62 46
21 63 2 51 49 43
21 64 6 71 94 34
21 65 33 72 77 21
21 66 53 35 63 59
21 67 96 49 64 39
21 68 25 81 31 34
21 69 64 62 34 33
21 70 94 46 23 63
21 71 79 43 14 14
21 72 57 78 78 52
21 73 63 18 26 36
21 74 87 60 40 49
21 75 43 54 44 51
21 76 95 63 64 23
21 77 68 26 69 23
21 78 28 86 84 91
21 79 85 49 73 20
21 80 18 78 56 83
21 81 88 37 43 7
21 82 87 56 52 27
21 83 20 47 50 46
21 84 22 27 40 77
21 85 58 55 24 46
21 86 80 8 18 70
21 87 3 58 86 74
21 88 90 14 41 56
21 89 60 49 71 69
21 90 34 78 67 83
21 91 0 87 92 55
21 92 45 31 66 34
21 93 53 49 75 60
21 94 43 85 85 19
21 95 33 28 63 67
21 96 3 41 45 93
21 97 96 24 28 13
21 98 96 2 5 29
21 99 83 43 67 57
22 23 3 95 80 83
22 24 2 78 57 81
22 25 42 47 33 80
22 26 39 18 32 38
22 27 38 21 60 70
22 28 69 45 40 68
22 29 29 62 65 60
22 30 80 72 56 55
22 31 2 34 31 93
22 32 15 71 28 80
22 33 99 44 35 35
22 34 28 51 63 66
22 35 64 71 12 48
22 36 88 6 69 69
22 37 78 57 55 38
22 38 41 49 17 24
22 39 19 56 51 76
22 40 16 39 84 63
22 41 59 12 37 41
22 42 68 52 58 16
22 43 39 74 83 38
22 44 7 95 93 52
22 45 59 33 70 66
22 46 96 10 36 62
22 47 41 72 83 38
22 48 73 71 30 44
22 49 23 46 65 58
22 50 90 58 6 19
22 51 90 27 58 33
22 52 46 68 81 51
22 53 21 60 69 68
22 54 52 38 43 38
22 55 4 92 46 72
22 56 7 49 28 37
22 57 83 65 50 57
22 58 58 20 55 66
22 59 38 23 46 66
22 60 69 67 18 54
22 61 70 42 49 23
22 62 44 54 75 46
22 63 92 13 70 63
22 64 14 65 94 81
22 65 70 75 17 10
22 66 92 18 28 22
22 67 92 56 22 42
22 68 34 86 88 43
22 69 93 4 59 35
22 70 40 18 36 28
22 71 69 47 23 60
22 72 98 57 11 64
22 73 65 40 59 37
22 74 4 73 86 35
22 75 12 44 92 45
22 76 47 82 44 23
22 77 86 17 63 42
22 78 9 50 36 83
22 79 38 66 76 64
22 80 57 75 21 65
22 81 93 26 24 48
22 82 5 78 46 53
22 83 21 27 49 54
22 84 92 52 14 17
22 85 38 51 60 57
22 86 55 63 80 21
22 87 41 54 52 60
22 88 27 68 69 81
22 89 0 56 97 40
22 90 12 32 93 71
22 91 85 37 66 70
22 92 78 45 31 50
22 93 64 79 55 44
22 94 20 33 65 58
22 95 13 50 27 70
22 96 73 48 24 23
22 97 81 11 40 43
22 98 28 60 37 27
22 99 74 13 34 11
23 24 19 54 94 43
23 25 53 49 61 76
23 26 38 84 76 59
23 27 20 93 49 88
23 28 50 24 33 71
23 29 48 48 77 37
23 30 14 54 80 54
23 31 23 45 25 44
23 32 20 50 63 73
23 33 60 45 12 43
23 34 76 58 45 26
23 35 67 66 18 56
23 36 70 18 60 65
23 37 59 47 73 37
23 38 74 29 53 27
23 39 40 22 59 18
23 40 95 47 9 55
23 41 25 63 90 58
23 42 71 32 55 9
23 43 65 31 43 50
23 44 23 61 51 28
23 45 97 49 18 38
23 46 46 55 84 28
23 47 30 34 80 56
23 48 76 47 7 48
23 49 17 58 65 46
23 50 66 29 19 55
23 51 69 77 38 11
23 52 87 5 11 61
23 53 75 71 43 39
23 54 18 43 48 25
23 55 4 73 46 89
23 56 64 22 55 39
23 57 6 34 59 89
23 58 11 90 31 66
23 59 15 65 36 27
23 60 15 37 46 48
23 61 67 62 20 24
23 62 77 53 23 34
23 63 35 66 77 79
23 64 33 32 73 44
23 65 92 59 57 49
23 66 27 24 42 23
23 67 90 32 68 10
23 68 55 31 16 34
23 69 44 75 52 85
23 70 61 57 76 79
23 71 24 89 89 72
23 72 79 34 20 32
23 73 49 72 56 39
23 74 21 48 59 32
23 75 89 14 27 27
23 76 22 33 65 45
23 77 79 62 29 49
23 78 51 30 43 29
23 79 21 69 68 67
23 80 58 28 40 76
23 81 41 46 77 35
23 82 2 38 43 54
23 83 75 71 22 44
23 84 83 51 63 48
23 85 87 40 29 21
23 86 95 71 33 18
23 87 65 73 50 58
23 88 69 28 75 10
23 89 57 40 74 73
23 90 0 72 45 31
23 91 61 63 12 22
23 92 10 63 85 73
23 93 58 37 79 26
23 94 66 32 36 67
23 95 78 20 68 64
23 96 73 30 50 20
23 97 91 3 31 14
23 98 9 71 80 46
23 99 76 44 41 8
24 25 77 20 42 29
24 26 25 22 48 80
24 27 44 40 50 62
24 28 54 74 35 18
24 29 38 24 47 30
24 30 20 58 86 80
24 31 3 73 55 64
24 32 26 67 69 52
24 33 73 77 53 52
24 34 47 83 26 45
24 35 45 24 17 17
24 36 20 24 86 68
24 37 15 45 54 59
24 38 47 40 33 72
24 39 17 32 52 55
24 40 16 62 53 89
24 41 99 40 58 36
24 42 83 37 32 48
24 43 70 12 14 61
24 44 2 42 90 44
24 45 92 22 41 34
24 46 79 44 44 74
24 47 31 48 51 87
24 48 95 21 4 42
24 49 65 19 63 27
24 50 63 25 15 44
24 51 96 1 23 25
24 52 49 43 49 65
24 53 95 57 22 43
24 54 89 62 47 4
24 55 13 61 89 74
24 56 16 36 42 55
24 57 52 68 53 45
24 58 49 39 47 82
24 59 33 85 63 74
24 60 5 30 59 94
24 61 60 11 13 68
24 62 7 38 71 29
24 63 32 86 45 59
24 64 54 73 28 20
24 65 68 20 18 59
24 66 68 45 78 33
24 67 21 48 32 65
24 68 3 75 42 69
24 69 19 24 90 64
24 70 63 66 24 48
24 71 57 33 50 59
24 72 82 59 69 55
24 73 44 72 70 33
24 74 43 28 30 65
24 75 23 74 65 36
24 76 28 23 41 22
24 77 24 43 50 69
24 78 74 12 71 51
24 79 45 73 74 68
24 80 88 34 55 28
24 81 92 28 67 6
24 82 7 70 70 97
24 83 5 71 48 56
24 84 10 37 31 56
24 85 38 38 40 70
24 86 22 70 24 62
24 87 17 63 68 33
24 88 67 11 39 71
24 89 1 96 54 39
24 90 63 51 34 39
24 91 28 66 32 80
24 92 94 51 3 50
24 93 6 68 77 79
24 94 69 50 59 37
24 95 77 28 74 59
24 96 64 38 17 53
24 97 71 65 9 12
24 98 39 65 63 38
24 99 74 64 70 22
25 26 72 46 67 77
25 27 48 57 81 16
25 28 85 69 56 27
25 29 78 67 64 42
25 30 43 73 17 70
25 31 68 62 14 31
25 32 74 54 47 72
25 33 63 40 51 78
25 34 81 6 18 26
25 35 62 12 54 29
25 36 10 31 86 77
25 37 86 49 67 71
25 38 97 5 12 34
25 39 28 40 80 64
25 40 92 62 36 5
25 41 74 30 36 46
25 42 98 34 51 8
25 43 9 34 57 72
25 44 80 22 23 67
25 45 51 26 69 18
25 46 74 76 67 18
25 47 14 44 39 38
25 48 70 11 47 52
25 49 60 47 28 60
25 50 10 70 72 82
25 51 2 54 68 78
25 52 71 41 60 76
25 53 58 53 41 58
25 54 70 19 64 67
25 55 91 46 53 41
25 56 57 66 57 72
25 57 74 64 43 61
25 58 20 29 26 84
25 59 52 62 74 35
25 60 18 42 76 58
25 61 74 16 48 14
25 62 20 70 51 69
25 63 13 59 70 57
25 64 0 81 73 97
25 65 72 9 64 76
25 66 78 14 50 55
25 67 48 25 48 60
25 68 31 69 48 38
25 69 46 35 21 74
25 70 46 72 43 59
25 71 48 27 22 29
25 72 85 70 31 56
25 73 45 16 86 55
25 74 85 66 73 18
25 75 17 88 69 37
25 76 7 54 31 59
25 77 14 40 42 78
25 78 51 70 20 73
25 79 79 50 22 63
25 80 78 31 55 13
25 81 30 87 90 54
25 82 50 30 48 36
25 83 86 42 29 16
25 84 79 31 39 56
25 85 44 43 74 44
25 86 65 53 22 38
25 87 67 64 29 51
25 88 72 13 60 39
25 89 56 67 73 74
25 90 37 87 35 60
25 91 17 46 90 46
25 92 33 34 31 34
25 93 16 35 66 33
25 94 90 55 38 48
25 95 54 30 70 68
25 96 49 16 33 18
25 97 11 44 44 62
25 98 66 71 25 15
25 99 56 53 61 18
26 27 0 51 78 53
26 28 84 47 68 48
26 29 28 47 70 74
26 30 94 24 35 58
26 31 41 36 77 84
26 32 10 52 63 93
26 33 86 44 34 35
26 34 52 27 22 14
26 35 77 19 64 63
26 36 38 34 58 38
26 37 18 47 77 52
26 38 64 56 59 68
26 39 15 38 74 64
26 40 6 89 53 30
26 41 41 39 66 30
26 42 90 8 43 62
26 43 56 60 47 25
26 44 40 25 31 84
26 45 88 67 6 6
26 46 29 37 60 82
26 47 30 71 78 35
26 48 63 37 48 63
26 49 66 58 57 75
26 50 27 30 45 83
26 51 45 69 59 29
26 52 86 46 18 57
26 53 65 46 46 14
26 54 39 27 49 44
26 55 41 52 36 74
26 56 69 35 35 46
26 57 84 60 24 11
26 58 46 75 25 69
26 59 82 13 65 36
26 60 18 33 86 44
26 61 1 47 49 76
26 62 87 33 11 31
26 63 51 24 42 29
26 64 91 12 56 3
26 65 29 41 22 61
26 66 41 70 28 30
26 67 46 22 79 62
26 68 99 3 24 34
26 69 82 5 58 55
26 70 50 70 40 42
26 71 95 65 26 50
26 72 8 86 54 62
26 73 52 49 39 32
26 74 80 72 16 33
26 75 95 51 49 47
26 76 67 69 48 74
26 77 32 25 47 47
26 78 48 26 41 29
26 79 95 65 60 64
26 80 7 67 49 80
26 81 48 37 41 27
26 82 46 81 18 42
26 83 20 88 66 56
26 84 92 6 51 63
26 85 80 31 37 37
26 86 34 81 23 27
26 87 83 40 51 47
26 88 57 57 32 65
26 89 86 30 40 72
26 90 15 58 93 49
26 91 83 42 16 14
26 92 99 2 52 32
26 93 94 56 56 19
26 94 63 30 30 35
26 95 39 74 80 21
26 96 42 74 78 86
26 97 24 59 63 57
26 98 75 59 69 36
26 99 23 73 83 87
27 28 49 23 68 62
27 29 28 44 30 30
27 30 90 63 54 39
27 31 26 49 76 52
27 32 27 22 73 33
27 33 2 64 60 93
27 34 83 59 13 54
27 35 22 74 81 92
27 36 22 54 54 67
27 37 58 80 13 79
27 38 7 36 61 85
27 39 77 44 48 58
27 40 85 55 19 18
27 41 65 74 27 74
27 42 48 76 49 67
27 43 5 68 80 34
27 44 66 34 11 23
27 45 50 43 48 35
27 46 54 39 29 69
27 47 57 50 35 63
27 48 84 29 45 38
27 49 10 39 35 34
27 50 79 47 64 54
27 51 19 93 25 45
27 52 30 25 79 78
27 53 82 64 35 59
27 54 89 27 73 39
27 55 64 59 58 66
27 56 31 55 32 28
27 57 32 70 81 52
27 58 87 16 59 23
27 59 57 31 34 45
27 60 74 19 19 18
27 61 32 71 73 83
27 62 26 87 41 88
27 63 1 52 32 36
27 64 28 87 90 53
27 65 63 72 19 66
27 66 27 42 53 80
27 67 51 69 57 53
27 68 14 28 77 76
27 69 45 32 31 52
27 70 32 77 77 50
27 71 71 72 40 17
27 72 32 24 51 86
27 73 59 59 80 42
27 74 52 43 75 64
27 75 38 33 58 42
27 76 21 55 63 58
27 77 26 88 70 89
27 78 33 56 41 79
27 79 14 66 30 82
27 80 99 1 1 61
27 81 11 88 87 70
27 82 12 55 64 72
27 83 49 49 67 56
27 84 35 82 51 74
27 85 3 75 37 45
27 86 50 22 74 52
27 87 79 27 62 73
27 88 10 65 42 32
27 89 63 32 61 74
27 90 18 47 79 48
27 91 25 43 49 45
27 92 84 30 68 54
27 93 37 45 87 29
27 94 39 70 59 62
27 95 75 21 44 44
27 96 27 42 22 54
27 97 80 23 28 34
27 98 31 24 29 45
27 99 93 17 29 12
28 29 25 30 88 80
28 30 88 12 7 8
28 31 25 55 69 47
28 32 10 41 42 36
28 33 75 56 58 22
28 34 35 47 48 86
28 35 5 91 68 94
28 36 49 44 53 28
28 37 64 57 53 30
28 38 67 10 53 35
28 39 40 59 43 79
28 40 41 75 74 70
28 41 74 38 26 15
28 42 68 37 49 30
28 43 40 29 36 62
28 44 74 43 67 40
28 45 35 74 52 37
28 46 52 39 63 69
28 47 57 13 47 20
28 48 47 48 63 64
28 49 7 46 71 80
28 50 30 90 87 53
28 51 31 33 41 24
28 52 39 76 79 56
28 53 11 77 42 83
28 54 81 45 64 7
28 55 57 48 52 75
28 56 52 26 66 76
28 57 23 27 86 38
28 58 37 47 46 64
28 59 87 29 68 26
28 60 98 30 41 20
28 61 65 38 41 37
28 62 94 9 13 54
28 63 86 67 14 45
28 64 56 29 57 46
28 65 44 68 70 86
28 66 65 37 51 77
28 67 83 54 31 55
28 68 94 58 60 34
28 69 96 39 27 18
28 70 79 24 39 42
28 71 23 91 82 85
28 72 91 30 4 24
28 73 63 60 17 46
28 74 7 44 48 73
28 75 47 63 65 77
28 76 11 42 49 30
28 77 29 47 77 74
28 78 42 71 63 64
28 79 74 66 15 75
28 80 18 34 61 47
28 81 41 59 30 75
28 82 23 64 46 52
28 83 67 62 15 22
28 84 61 66 66 50
28 85 65 30 25 17
28 86 19 43 68 62
28 87 60 38 52 22
28 88 0 77 59 50
28 89 73 24 69 59
28 90 34 45 80 88
28 91 99 37 10 4
28 92 86 59 4 22
28 93 13 92 58 51
28 94 85 12 38 13
28 95 74 17 39 54
28 96 78 33 37 23
28 97 8 62 82 59
28 98 65 57 71 70
28 99 76 25 11 50
29 30 95 56 36 22
29 31 11 93 50 75
29 32 88 21 45 40
29 33 95 63 32 28
29 34 98 52 48 59
29 35 38 50 69 28
29 36 77 45 15 48
29 37 94 45 21 58
29 38 54 78 73 32
29 39 9 67 52 27
29 40 74 18 38 48
29 41 88 51 8 13
29 42 29 68 21 69
29 43 70 14 76 33
29 44 20 68 73 75
29 45 55 70 42 39
29 46 1 29 76 58
29 47 33 36 53 84
29 48 97 31 16 40
29 49 96 57 40 69
29 50 29 48 88 33
29 51 28 84 58 33
29 52 11 78 60 71
29 53 56 62 34 46
29 54 52 14 67 44
29 55 44 78 85 39
29 56 4 64 83 55
29 57 57 29 43 24
29 58 51 74 42 19
29 59 70 43 56 12
29 60 33 63 47 73
29 61 77 69 11 24
29 62 99 40 41 15
29 63 37 68 35 45
29 64 87 43 19 59
29 65 76 37 27 11
29 66 28 43 40 29
29 67 65 57 11 41
29 68 49 62 36 70
29 69 92 30 56 45
29 70 95 40 20 54
29 71 92 47 51 15
29 72 37 78 73 62
29 73 95 6 52 56
29 74 0 36 44 71
29 75 3 88 77 82
29 76 79 36 42 39
29 77 60 57 28 62
29 78 98 34 18 68
29 79 7 67 58 65
29 80 52 70 66 31
29 81 54 29 28 23
29 82 8 68 58 64
29 83 62 81 72 74
29 84 87 69 8 13
29 85 36 61 23 56
29 86 43 78 71 31
29 87 67 22 48 44
29 88 85 67 65 34
29 89 60 77 62 16
29 90 31 22 39 46
29 91 0 94 90 99
29 92 83 74 10 25
29 93 59 27 71 52
29 94 14 59 47 53
29 95 81 24 30 57
29 96 2 47 94 45
29 97 70 77 16 26
29 98 48 27 34 53
29 99 83 29 28 56
30 31 63 79 16 27
30 32 71 45 37 68
30 33 96 28 18 38
30 34 96 41 43 20
30 35 54 17 58 77
30 36 13 48 68 51
30 37 39 18 53 24
30 38 50 19 29 59
30 39 78 66 65 23
30 40 96 24 8 3
30 41 98 42 55 9
30 42 56 67 33 29
30 43 98 7 2 38
30 44 62 24 66 22
30 45 35 76 80 28
30 46 32 72 41 21
30 47 80 58 7 21
30 48 88 61 70 34
30 49 48 22 80 56
30 50 61 14 36 17
30 51 70 71 12 54
30 52 83 69 27 31
30 53 27 68 91 35
30 54 83 67 11 26
30 55 13 53 78 49
30 56 38 75 82 86
30 57 19 52 32 51
30 58 73 14 50 42
30 59 4 49 51 63
30 60 82 52 10 25
30 61 67 31 60 56
30 62 18 78 84 42
30 63 94 53 45 30
30 64 58 41 45 25
30 65 90 39 5 53
30 66 35 27 51 70
30 67 80 7 64 15
30 68 91 68 66 69
30 69 89 57 36 51
30 70 97 64 34 4
30 71 9 49 84 84
30 72 30 42 59 30
30 73 92 59 4 59
30 74 97 36 64 25
30 75 86 44 26 69
30 76 0 82 85 45
30 77 68 54 63 59
30 78 48 47 18 35
30 79 75 66 29 62
30 80 73 58 50 41
30 81 80 61 38 37
30 82 63 65 78 66
30 83 85 38 17 47
30 84 97 64 70 20
30 85 20 41 62 76
30 86 18 80 86 26
30 87 71 24 27 37
30 88 6 48 93 89
30 89 84 46 14 41
30 90 83 59 12 69
30 91 55 20 46 77
30 92 51 49 54 71
30 93 99 48 39 4
30 94 86 6 40 14
30 95 81 21 8 18
30 96 98 18 54 32
30 97 66 19 64 27
30 98 68 58 12 52
30 99 94 70 52 41
31 32 36 27 35 24
31 33 4 96 85 77
31 34 17 28 46 45
31 35 28 79 71 91
31 36 87 34 4 59
31 37 49 34 80 59
31 38 48 72 77 68
31 39 16 27 75 83
31 40 86 62 27 73
31 41 29 76 28 45
31 42 63 25 29 73
31 43 25 67 38 27
31 44 97 17 35 56
31 45 33 75 32 40
31 46 41 77 30 46
31 47 11 28 69 88
31 48 77 19 31 21
31 49 31 49 66 45
31 50 96 60 31 51
31 51 77 20 34 32
31 52 42 51 62 19
31 53 59 65 40 27
31 54 52 78 35 79
31 55 53 59 71 56
31 56 84 55 49 23
31 57 56 33 82 44
31 58 17 82 64 66
31 59 53 50 83 62
31 60 61 66 21 21
31 61 99 42 58 60
31 62 65 16 53 26
31 63 36 79 53 87
31 64 99 47 48 33
31 65 9 89 45 84
31 66 13 74 54 39
31 67 40 57 30 76
31 68 66 67 72 36
31 69 15 71 90 72
31 70 31 90 30 47
31 71 87 68 30 40
31 72 87 64 57 32
31 73 29 71 65 80
31 74 11 59 95 92
31 75 65 40 11 73
31 76 20 89 88 80
31 77 38 25 41 49
31 78 61 17 77 52
31 79 83 41 51 40
31 80 30 84 50 76
31 81 0 72 75 62
31 82 66 51 35 45
31 83 14 66 89 44
31 84 14 43 41 94
31 85 68 64 56 41
31 86 64 50 47 24
31 87 31 35 46 40
31 88 7 93 74 39
31 89 88 15 14 47
31 90 2 52 90 98
31 91 79 61 35 21
31 92 39 87 83 28
31 93 22 71 27 82
31 94 56 14 54 38
31 95 94 45 17 66
31 96 67 30 75 25
31 97 77 50 25 45
31 98 35 26 25 36
31 99 2 91 90 39
32 33 28 76 85 55
32 34 72 63 65 26
32 35 11 82 63 47
32 36 88 70 34 7
32 37 87 17 19 43
32 38 38 59 72 32
32 39 18 56 59 32
32 40 4 69 56 92
32 41 31 30 72 67
32 42 4 47 86 44
32 43 19 64 25 34
32 44 94 52 36 69
32 45 18 86 76 83
32 46 98 34 25 19
32 47 95 36 53 55
32 48 43 43 63 65
32 49 33 65 57 55
32 50 56 23 60 27
32 51 66 46 32 71
32 52 83 50 60 17
32 53 92 36 17 64
32 54 64 17 79 19
32 55 34 66 72 32
32 56 85 25 60 5
32 57 18 80 75 72
32 58 4 69 77 32
32 59 35 76 26 29
32 60 30 67 81 25
32 61 33 83 31 77
32 62 13 61 59 30
32 63 42 25 27 68
32 64 51 43 74 14
32 65 45 80 74 62
32 66 34 88 60 31
32 67 19 40 72 45
32 68 9 31 60 47
32 69 75 57 13 42
32 70 50 38 50 61
32 71 17 25 43 25
32 72 84 25 54 20
32 73 47 84 82 66
32 74 74 26 63 39
32 75 60 32 59 51
32 76 83 44 17 61
32 77 8 56 57 90
32 78 5 54 71 61
32 79 81 45 60 33
32 80 93 49 8 20
32 81 47 47 79 46
32 82 95 4 70 64
32 83 20 29 71 74
32 84 94 14 20 59
32 85 28 52 73 45
32 86 31 70 87 46
32 87 88 36 23 42
32 88 79 60 55 19
32 89 86 29 14 7
32 90 18 66 61 32
32 91 97 36 54 69
32 92 97 38 67 17
32 93 29 61 58 45
32 94 76 49 56 26
32 95 48 58 48 62
32 96 60 57 59 58
32 97 26 87 25 32
32 98 97 36 27 60
32 99 64 40 22 25
33 34 73 10 43 75
33 35 37 44 30 60
33 36 55 16 67 58
33 37 78 75 15 60
33 38 42 46 46 34
33 39 15 44 28 53
33 40 56 34 13 71
33 41 54 81 60 75
33 42 9 73 42 38
33 43 70 51 73 57
33 44 75 22 49 57
33 45 20 62 74 61
33 46 78 71 7 27
33 47 53 52 42 45
33 48 1 47 54 67
33 49 51 31 59 65
33 50 72 24 63 29
33 51 55 76 41 37
33 52 37 68 58 59
33 53 42 60 52 75
33 54 29 60 21 74
33 55 57 15 25 40
33 56 82 58 12 60
33 57 91 63 68 27
33 58 89 5 35 45
33 59 7 88 90 89
33 60 43 17 17 35
33 61 77 40 29 40
33 62 22 69 41 47
33 63 54 30 46 39
33 64 85 38 28 19
33 65 28 57 56 30
33 66 36 81 33 78
33 67 6 63 86 55
33 68 71 60 18 13
33 69 2 49 65 77
33 70 5 59 50 63
33 71 96 11 47 58
33 72 97 65 37 45
33 73 77 46 29 45
33 74 39 70 71 22
33 75 88 7 54 7
33 76 78 23 62 26
33 77 65 20 63 53
33 78 86 51 24 14
33 79 93 57 3 60
33 80 43 32 38 18
33 81 97 50 39 33
33 82 62 35 58 72
33 83 77 25 7 60
33 84 94 28 17 57
33 85 92 17 46 18
33 86 36 75 52 71
33 87 39 44 49 84
33 88 8 47 53 48
33 89 80 6 50 63
33 90 51 55 28 79
33 91 62 58 37 53
33 92 35 50 56 38
33 93 30 25 77 26
33 94 88 55 70 28
33 95 50 44 52 55
33 96 33 67 41 50
33 97 44 72 44 21
33 98 81 65 15 36
33 99 63 59 38 36
34 35 30 40 51 43
34 36 49 66 40 25
34 37 45 70 79 16
34 38 51 52 57 39
34 39 46 70 50 36
34 40 12 87 59 41
34 41 32 63 28 52
34 42 57 49 30 56
34 43 72 24 22 9
34 44 59 60 15 35
34 45 96 67 58 38
34 46 42 57 52 48
34 47 48 38 18 36
34 48 49 63 46 78
34 49 1 59 54 54
34 50 95 23 31 49
34 51 14 43 59 31
34 52 94 28 10 18
34 53 84 28 50 68
34 54 61 42 71 13
34 55 86 27 63 61
34 56 74 59 57 38
34 57 15 37 35 30
34 58 1 88 99 57
34 59 70 38 34 23
34 60 97 43 0 21
34 61 41 70 27 72
34 62 43 67 30 49
34 63 60 37 54 77
34 64 47 34 42 45
34 65 22 78 84 50
34 66 48 22 65 63
34 67 3 79 54 96
34 68 46 79 49 64
34 69 27 75 46 51
34 70 6 75 79 79
34 71 89 67 63 57
34 72 97 17 40 48
34 73 19 32 39 25
34 74 85 43 16 22
34 75 12 28 61 94
34 76 73 61 40 37
34 77 20 40 93 28
34 78 53 78 47 38
34 79 69 71 40 73
34 80 12 89 80 41
34 81 60 72 20 54
34 82 72 40 49 21
34 83 22 91 45 83
34 84 47 70 18 34
34 85 45 49 53 81
34 86 81 43 61 13
34 87 78 56 41 74
34 88 37 76 35 37
34 89 42 84 41 19
34 90 38 25 80 78
34 91 38 35 59 47
34 92 18 55 46 45
34 93 88 68 16 44
34 94 93 32 18 18
34 95 29 47 24 26
34 96 8 63 28 33
34 97 35 46 23 73
34 98 52 75 25 21
34 99 21 69 81 52
35 36 55 49 82 17
35 37 93 11 38 18
35 38 95 33 70 69
35 39 66 19 62 58
35 40 14 40 90 49
35 41 80 48 69 41
35 42 89 18 4 49
35 43 92 46 31 20
35 44 66 14 64 62
35 45 40 23 27 19
35 46 55 13 79 58
35 47 84 61 62 52
35 48 82 70 71 29
35 49 44 23 43 53
35 50 95 36 61 69
35 51 62 37 71 37
35 52 38 31 31 29
35 53 51 84 36 20
35 54 60 16 40 49
35 55 91 36 51 37
35 56 12 70 92 86
35 57 53 63 68 49
35 58 92 8 13 40
35 59 85 33 23 50
35 60 85 28 17 56
35 61 51 42 77 53
35 62 35 58 47 82
35 63 87 7 30 20
35 64 67 73 70 62
35 65 35 19 60 86
35 66 99 36 63 13
35 67 2 49 91 86
35 68 99 40 58 42
35 69 40 28 83 30
35 70 5 43 37 77
35 71 53 47 18 65
35 72 63 42 52 56
35 73 85 56 51 38
35 74 22 81 29 70
35 75 54 74 27 25
35 76 46 55 53 25
35 77 26 55 32 70
35 78 5 49 86 83
35 79 48 82 54 54
35 80 70 70 18 34
35 81 77 42 21 35
35 82 25 37 45 77
35 83 0 70 54 82
35 84 41 30 46 41
35 85 87 58 51 14
35 86 92 67 29 54
35 87 57 50 61 45
35 88 69 24 43 35
35 89 18 78 89 33
35 90 20 73 46 69
35 91 57 19 44 72
35 92 48 23 65 60
35 93 46 32 46 76
35 94 97 20 4 25
35 95 23 79 88 91
35 96 98 59 51 58
35 97 89 70 49 38
35 98 44 76 25 30
35 99 63 77 38 21
36 37 9 39 71 81
36 38 71 36 62 77
36 39 86 73 33 13
36 40 88 49 6 52
36 41 13 57 36 71
36 42 96 6 8 25
36 43 34 45 82 36
36 44 92 46 66 49
36 45 75 68 21 38
36 46 29 71 34 23
36 47 40 60 71 86
36 48 30 38 31 57
36 49 51 63 56 43
36 50 78 31 60 53
36 51 15 50 48 71
36 52 86 48 64 24
36 53 41 36 21 59
36 54 8 49 28 95
36 55 52 59 36 40
36 56 70 64 46 69
36 57 79 46 35 36
36 58 5 51 79 63
36 59 42 18 28 74
36 60 3 32 31 52
36 61 98 33 69 69
36 62 12 56 69 72
36 63 68 55 27 47
36 64 17 85 73 93
36 65 31 46 40 58
36 66 40 55 42 77
36 67 53 50 77 37
36 68 28 70 48 32
36 69 61 24 77 54
36 70 31 67 31 46
36 71 98 1 44 61
36 72 6 60 98 34
36 73 20 75 72 85
36 74 28 91 50 45
36 75 88 58 50 52
36 76 59 52 17 47
36 77 84 68 27 70
36 78 76 20 28 64
36 79 58 14 71 35
36 80 0 38 46 55
36 81 37 63 82 63
36 82 16 55 32 93
36 83 18 80 47 51
36 84 0 44 68 43
36 85 61 76 36 53
36 86 8 78 83 68
36 87 37 48 27 65
36 88 6 43 75 59
36 89 45 76 28 53
36 90 91 46 69 28
36 91 51 34 25 33
36 92 41 25 31 33
36 93 96 58 69 18
36 94 58 27 70 65
36 95 57 20 78 13
36 96 55 63 46 32
36 97 65 45 47 43
36 98 99 54 68 38
36 99 60 68 28 56
37 38 40 44 64 20
37 39 38 66 69 76
37 40 50 24 47 53
37 41 2 70 51 92
37 42 88 41 64 30
37 43 7 68 94 45
37 44 36 48 88 67
37 45 6 79 42 37
37 46 93 55 14 40
37 47 39 40 20 85
37 48 84 24 39 42
37 49 99 51 11 29
37 50 23 88 60 23
37 51 71 40 10 23
37 52 89 20 39 71
37 53 2 65 65 61
37 54 69 52 45 40
37 55 11 65 81 28
37 56 50 68 28 54
37 57 63 49 27 22
37 58 56 75 50 54
37 59 11 50 37 59
37 60 25 91 48 51
37 61 86 49 20 44
37 62 5 34 58 32
37 63 21 55 31 39
37 64 48 71 36 32
37 65 65 68 22 44
37 66 18 53 89 89
37 67 1 38 72 44
37 68 1 68 30 56
37 69 37 79 69 34
37 70 10 41 87 42
37 71 59 33 59 76
37 72 58 32 52 51
37 73 12 49 82 79
37 74 4 66 93 47
37 75 58 81 52 19
37 76 49 27 33 25
37 77 62 18 76 55
37 78 47 78 25 74
37 79 60 51 14 33
37 80 6 69 62 85
37 81 50 38 32 19
37 82 36 49 35 41
37 83 26 57 46 59
37 84 22 42 84 87
37 85 77 24 29 27
37 86 84 49 48 41
37 87 78 27 37 9
37 88 41 18 82 20
37 89 60 19 63 23
37 90 82 37 41 9
37 91 28 23 59 60
37 92 20 57 72 67
37 93 23 51 41 49
37 94 94 68 46 21
37 95 33 43 58 79
37 96 20 87 73 60
37 97 81 30 51 72
37 98 76 37 19 59
37 99 94 3 48 67
38 39 44 72 57 49
38 40 59 51 51 63
38 41 40 40 41 21
38 42 98 22 53 27
38 43 86 43 42 5
38 44 27 55 45 66
38 45 44 77 36 50
38 46 77 9 45 66
38 47 63 14 40 74
38 48 27 29 28 71
38 49 14 84 42 44
38 50 95 19 39 53
38 51 20 65 69 70
38 52 46 55 21 40
38 53 66 20 21 30
38 54 19 29 48 28
38 55 41 40 67 36
38 56 71 15 70 76
38 57 61 38 66 42
38 58 27 74 60 35
38 59 42 68 37 36
38 60 84 71 40 65
38 61 78 65 22 65
38 62 11 33 66 91
38 63 24 41 44 75
38 64 78 7 36 34
38 65 16 26 70 72
38 66 82 41 26 51
38 67 52 55 21 64
38 68 16 93 72 39
38 69 49 77 33 71
38 70 76 75 75 60
38 71 33 84 89 76
38 72 77 44 33 10
38 73 58 30 18 73
38 74 29 68 42 33
38 75 35 48 49 73
38 76 10 67 86 90
38 77 94 12 28 58
38 78 6 75 47 48
38 79 84 41 30 70
38 80 40 67 42 39
38 81 99 28 37 51
38 82 31 58 38 81
38 83 92 42 40 3
38 84 36 24 78 63
38 85 98 12 14 67
38 86 67 58 71 57
38 87 26 53 22 24
38 88 8 94 93 54
38 89 59 64 19 66
38 90 39 36 27 55
38 91 50 65 57 16
38 92 21 89 67 85
38 93 14 26 42 71
38 94 30 25 33 82
38 95 36 83 72 32
38 96 74 62 22 51
38 97 82 40 68 15
38 98 32 55 59 66
38 99 77 38 56 41
39 40 93 14 2 14
39 41 56 16 14 60
39 42 76 39 56 16
39 43 54 50 43 64
39 44 55 64 39 42
39 45 22 29 23 51
39 46 93 18 17 9
39 47 96 18 57 65
39 48 76 52 68 70
39 49 99 69 30 34
39 50 10 68 56 87
39 51 69 62 44 50
39 52 63 46 55 71
39 53 2 45 33 55
39 54 99 25 5 40
39 55 99 66 15 23
39 56 58 28 46 68
39 57 28 68 25 68
39 58 74 22 67 72
39 59 56 82 29 56
39 60 10 41 86 93
39 61 71 61 26 32
39 62 37 31 49 84
39 63 83 65 26 73
39 64 91 30 6 12
39 65 57 69 68 37
39 66 9 41 87 41
39 67 83 23 21 42
39 68 89 39 55 9
39 69 38 34 53 44
39 70 59 28 37 52
39 71 99 61 64 52
39 72 35 74 65 56
39 73 81 71 74 34
39 74 97 21 6 44
39 75 12 75 78 27
39 76 32 71 28 22
39 77 5 63 83 65
39 78 55 40 79 51
39 79 75 54 66 77
39 80 18 26 50 52
39 81 0 68 60 97
39 82 71 44 31 71
39 83 24 26 74 88
39 84 19 89 89 27
39 85 12 64 37 68
39 86 80 45 28 68
39 87 69 23 33 77
39 88 81 11 63 26
39 89 52 59 22 21
39 90 43 17 21 78
39 91 22 77 33 28
39 92 2 92 54 34
39 93 94 44 66 41
39 94 61 78 30 36
39 95 34 53 66 71
39 96 3 76 75 95
39 97 62 71 42 44
39 98 96 42 22 57
39 99 83 8 40 13
40 41 34 62 64 69
40 42 61 35 28 18
40 43 61 76 29 51
40 44 88 65 42 6
40 45 14 38 54 91
40 46 45 61 44 40
40 47 70 47 67 75
40 48 16 58 55 33
40 49 25 81 62 26
40 50 30 29 32 26
40 51 86 43 49 8
40 52 96 8 43 42
40 53 35 20 49 19
40 54 27 87 62 68
40 55 82 34 29 49
40 56 61 41 20 71
40 57 97 4 22 68
40 58 52 16 64 36
40 59 59 22 44 43
40 60 38 66 29 73
40 61 44 62 57 25
40 62 55 24 67 78
40 63 98 27 6 35
40 64 91 33 4 48
40 65 63 76 30 63
40 66 61 37 62 38
40 67 99 31 68 15
40 68 77 22 43 7
40 69 0 54 58 90
40 70 61 54 19 32
40 71 21 80 25 51
40 72 90 64 26 25
40 73 37 66 48 52
40 74 31 29 62 61
40 75 95 56 67 23
40 76 83 59 5 54
40 77 30 28 35 57
40 78 73 40 64 77
40 79 79 46 31 72
40 80 15 50 31 85
40 81 80 45 67 68
40 82 36 24 25 49
40 83 43 47 31 17
40 84 84 8 9 74
40 85 69 19 51 65
40 86 96 49 8 50
40 87 61 26 14 56
40 88 49 40 17 61
40 89 79 30 55 6
40 90 60 26 26 78
40 91 36 65 40 55
40 92 32 66 37 60
40 93 43 34 46 26
40 94 57 72 25 21
40 95 22 35 75 77
40 96 89 58 23 36
40 97 94 29 26 15
40 98 46 39 61 58
40 99 95 2 56 9
41 42 6 74 79 69
41 43 88 30 50 45
41 44 63 17 24 51
41 45 91 24 21 39
41 46 3 92 84 65
41 47 5 71 33 90
41 48 17 93 94 27
41 49 59 44 49 60
41 50 54 63 76 25
41 51 38 28 40 66
41 52 19 64 49 65
41 53 25 53 86 69
41 54 90 63 53 36
41 55 23 82 33 55
41 56 6 78 89 40
41 57 1 35 42 60
41 58 44 34 77 79
41 59 18 30 33 60
41 60 44 48 61 78
41 61 2 49 33 53
41 62 49 65 59 60
41 63 1 68 46 43
41 64 26 34 70 64
41 65 65 45 61 19
41 66 31 56 83 81
41 67 8 64 82 52
41 68 8 94 43 59
41 69 91 27 58 28
41 70 5 97 50 69
41 71 16 93 27 48
41 72 49 72 41 82
41 73 77 41 56 50
41 74 2 46 53 48
41 75 66 22 46 47
41 76 96 21 10 37
41 77 97 69 10 20
41 78 14 35 30 51
41 79 19 84 67 83
41 80 28 30 37 31
41 81 27 82 27 21
41 82 55 32 15 18
41 83 83 43 36 70
41 84 35 73 58 22
41 85 66 66 69 38
41 86 53 55 23 76
41 87 67 22 39 63
41 88 27 71 83 66
41 89 88 32 65 55
41 90 47 27 45 47
41 91 87 8 29 36
41 92 41 32 81 41
41 93 59 26 55 48
41 94 1 83 86 47
41 95 78 61 60 34
41 96 79 50 49 9
41 97 6 70 35 68
41 98 3 57 66 82
41 99 71 42 78 37
42 43 53 61 83 67
42 44 22 43 68 91
42 45 8 58 62 68
42 46 9 86 95 73
42 47 96 19 48 7
42 48 35 41 86 84
42 49 22 86 27 43
42 50 90 16 29 9
42 51 20 54 71 81
42 52 72 60 75 20
42 53 84 21 42 26
42 54 97 64 19 4
42 55 70 68 16 41
42 56 13 86 28 27
42 57 83 60 16 65
42 58 76 38 17 63
42 59 17 42 61 87
42 60 83 9 22 69
42 61 42 25 23 84
42 62 51 72 82 49
42 63 66 23 45 70
42 64 5 81 51 93
42 65 84 14 13 57
42 66 59 63 59 60
42 67 30 42 36 84
42 68 55 66 33 30
42 69 77 28 56 72
42 70 16 74 44 90
42 71 80 49 10 43
42 72 41 83 26 32
42 73 18 62 27 39
42 74 31 39 49 63
42 75 62 49 21 27
42 76 56 26 27 81
42 77 35 35 40 71
42 78 31 53 80 59
42 79 86 27 43 71
42 80 83 23 15 26
42 81 29 44 74 62
42 82 93 13 16 67
42 83 29 21 78 32
42 84 77 62 58 41
42 85 16 46 34 64
42 86 26 67 55 41
42 87 64 56 11 49
42 88 64 72 56 44
42 89 78 40 60 56
42 90 27 75 80 31
42 91 71 37 63 33
42 92 55 62 35 26
42 93 69 66 12 59
42 94 44 80 58 60
42 95 88 3 40 71
42 96 62 54 30 32
42 97 81 40 52 74
42 98 24 71 72 72
42 99 64 69 16 41
43 44 89 40 20 13
43 45 92 33 65 28
43 46 13 52 57 63
43 47 52 66 31 73
43 48 34 26 77 81
43 49 12 44 53 89
43 50 1 62 78 45
43 51 50 28 78 43
43 52 32 24 57 86
43 53 69 67 14 75
43 54 5 87 75 71
43 55 77 15 7 52
43 56 80 23 16 12
43 57 75 17 66 52
43 58 53 54 56 25
43 59 56 16 70 26
43 60 64 13 28 25
43 61 18 72 90 73
43 62 58 71 12 72
43 63 21 45 69 62
43 64 96 10 69 34
43 65 43 29 82 71
43 66 77 75 20 58
43 67 61 52 53 67
43 68 50 75 76 47
43 69 70 39 37 17
43 70 6 75 95 56
43 71 54 71 64 83
43 72 65 24 37 23
43 73 98 59 66 64
43 74 8 41 49 28
43 75 30 50 47 56
43 76 68 44 47 26
43 77 32 60 80 90
43 78 63 74 37 76
43 79 61 17 24 19
43 80 84 11 21 8
43 81 59 61 59 54
43 82 9 69 62 46
43 83 24 47 86 84
43 84 44 70 17 80
43 85 47 26 30 16
43 86 93 29 36 10
43 87 1 71 96 68
43 88 75 10 69 25
43 89 72 32 76 52
43 90 51 58 76 66
43 91 77 33 53 39
43 92 24 63 38 50
43 93 31 79 67 63
43 94 26 39 62 65
43 95 94 61 38 18
43 96 37 34 63 75
43 97 81 12 52 34
43 98 67 58 25 70
43 99 71 77 72 56
44 45 87 7 5 68
44 46 21 75 57 63
44 47 36 64 43 19
44 48 84 14 30 31
44 49 8 41 94 55
44 50 85 36 34 42
44 51 15 69 82 80
44 52 94 17 5 49
44 53 15 80 52 67
44 54 14 46 81 63
44 55 73 49 12 28
44 56 50 15 59 40
44 57 17 81 35 79
44 58 92 64 38 34
44 59 63 40 69 55
44 60 52 72 75 31
44 61 2 38 30 83
44 62 66 48 77 68
44 63 97 10 60 1
44 64 36 62 20 86
44 65 70 58 17 76
44 66 73 59 39 77
44 67 3 87 45 85
44 68 22 78 75 41
44 69 44 37 40 82
44 70 8 34 80 70
44 71 61 38 58 24
44 72 86 30 19 15
44 73 5 68 49 40
44 74 72 61 30 20
44 75 87 69 55 43
44 76 82 13 31 67
44 77 82 24 58 27
44 78 93 36 55 53
44 79 88 42 55 29
44 80 97 22 34 18
44 81 29 46 57 21
44 82 55 35 30 53
44 83 5 41 35 87
44 84 30 22 82 58
44 85 79 20 62 48
44 86 65 38 79 20
44 87 49 19 19 67
44 88 69 37 76 53
44 89 68 31 12 64
44 90 54 75 33 33
44 91 41 56 35 36
44 92 36 87 30 51
44 93 60 35 20 74
44 94 68 32 60 59
44 95 88 8 60 45
44 96 11 37 75 80
44 97 9 40 65 96
44 98 85 12 48 12
44 99 71 36 31 12
45 46 97 31 69 15
45 47 36 58 62 59
45 48 33 50 65 29
45 49 57 64 38 78
45 50 59 19 72 23
45 51 68 35 40 26
45 52 36 30 25 23
45 53 12 82 86 27
45 54 97 5 19 41
45 55 18 30 67 91
45 56 35 39 74 39
45 57 38 63 32 46
45 58 32 61 30 85
45 59 17 60 67 51
45 60 45 45 63 33
45 61 93 69 57 7
45 62 20 60 61 30
45 63 79 65 74 29
45 64 19 39 43 75
45 65 79 7 41 43
45 66 62 14 37 34
45 67 34 60 38 50
45 68 41 36 49 43
45 69 53 24 45 51
45 70 10 66 87 42
45 71 99 67 30 52
45 72 58 26 65 68
45 73 60 76 16 29
45 74 93 55 8 9
45 75 54 60 25 79
45 76 80 53 49 54
45 77 77 41 38 23
45 78 95 36 58 69
45 79 45 76 19 69
45 80 57 61 68 74
45 81 86 45 13 38
45 82 82 21 24 17
45 83 9 41 73 42
45 84 22 55 36 51
45 85 22 91 91 32
45 86 67 70 32 54
45 87 81 7 72 56
45 88 22 58 64 49
45 89 82 25 69 35
45 90 77 72 11 74
45 91 22 65 82 24
45 92 62 31 28 56
45 93 70 63 46 63
45 94 90 12 4 33
45 95 81 38 38 37
45 96 76 43 38 33
45 97 60 66 59 75
45 98 45 65 33 50
45 99 44 56 82 41
46 47 94 49 67 33
46 48 98 23 10 67
46 49 8 87 66 30
46 50 61 78 12 57
46 51 84 61 65 22
46 52 61 67 37 40
46 53 99 32 5 57
46 54 95 18 43 58
46 55 17 92 86 88
46 56 48 39 84 25
46 57 24 88 81 68
46 58 54 81 23 46
46 59 94 12 22 41
46 60 16 93 33 86
46 61 73 26 41 34
46 62 73 23 46 69
46 63 82 11 9 71
46 64 27 58 45 60
46 65 8 92 77 34
46 66 47 51 85 67
46 67 8 70 63 38
46 68 91 17 61 15
46 69 1 38 96 32
46 70 34 80 33 55
46 71 59 64 62 67
46 72 47 40 63 70
46 73 5 70 68 69
46 74 3 60 47 56
46 75 8 54 95 75
46 76 39 86 63 44
46 77 65 16 66 18
46 78 73 9 62 48
46 79 2 76 47 36
46 80 44 57 80 76
46 81 9 28 46 78
46 82 5 71 33 82
46 83 39 27 48 34
46 84 61 58 81 15
46 85 80 19 6 18
46 86 42 56 60 42
46 87 8 91 35 94
46 88 90 21 47 17
46 89 28 73 24 91
46 90 87 16 39 11
46 91 26 58 34 27
46 92 41 26 50 23
46 93 34 69 45 29
46 94 17 35 81 47
46 95 66 49 51 54
46 96 81 36 58 21
46 97 56 61 49 66
46 98 29 64 31 74
46 99 33 24 42 22
47 48 54 55 39 27
47 49 77 46 49 32
47 50 24 85 59 58
47 51 75 61 51 39
47 52 62 45 24 65
47 53 89 33 62 37
47 54 92 27 32 11
47 55 21 32 61 56
47 56 35 59 49 48
47 57 77 17 9 29
47 58 62 33 14 71
47 59 5 47 92 55
47 60 92 47 30 46
47 61 34 69 20 26
47 62 89 43 35 40
47 63 98 63 67 24
47 64 75 23 10 76
47 65 11 69 31 81
47 66 84 26 67 30
47 67 86 27 30 70
47 68 17 66 31 38
47 69 72 23 14 53
47 70 70 13 54 54
47 71 7 43 92 35
47 72 11 85 48 68
47 73 18 31 53 33
47 74 98 36 58 43
47 75 95 55 69 2
47 76 79 67 6 34
47 77 37 67 21 70
47 78 6 55 89 89
47 79 41 87 62 66
47 80 23 44 78 24
47 81 58 51 16 65
47 82 80 74 50 8
47 83 4 39 83 92
47 84 85 47 11 43
47 85 40 50 65 19
47 86 24 73 72 24
47 87 72 73 44 51
47 88 58 49 33 65
47 89 22 81 82 36
47 90 3 44 86 75
47 91 6 72 65 82
47 92 10 89 30 66
47 93 31 78 52 61
47 94 76 14 9 38
47 95 56 62 18 33
47 96 91 3 55 12
47 97 41 23 26 43
47 98 83 24 67 54
47 99 73 25 9 75
48 49 80 28 56 66
48 50 95 20 12 39
48 51 44 38 70 82
48 52 33 65 33 41
48 53 57 36 35 44
48 54 78 11 38 38
48 55 76 35 29 59
48 56 89 51 52 27
48 57 1 88 72 98
48 58 57 50 24 50
48 59 75 35 70 16
48 60 16 51 70 49
48 61 71 64 14 32
48 62 5 73 97 97
48 63 64 48 28 77
48 64 31 32 76 36
48 65 89 67 67 49
48 66 65 22 43 33
48 67 2 53 44 61
48 68 5 28 52 93
48 69 88 52 36 24
48 70 88 13 22 47
48 71 52 28 28 41
48 72 13 71 27 40
48 73 23 73 74 26
48 74 53 59 20 82
48 75 29 63 80 69
48 76 26 77 22 36
48 77 91 43 33 47
48 78 60 53 27 66
48 79 36 71 84 37
48 80 54 77 55 40
48 81 16 88 43 52
48 82 60 29 48 59
48 83 59 78 69 25
48 84 49 53 72 20
48 85 82 37 16 42
48 86 15 49 77 26
48 87 52 38 71 52
48 88 25 32 29 85
48 89 42 75 49 60
48 90 75 52 24 65
48 91 98 12 4 57
48 92 50 74 20 32
48 93 62 35 78 56
48 94 2 83 53 39
48 95 80 54 69 51
48 96 69 76 37 77
48 97 2 47 72 39
48 98 17 59 74 94
48 99 72 19 71 54
49 50 63 66 42 27
49 51 27 39 50 22
49 52 40 76 68 25
49 53 87 11 16 43
49 54 44 66 29 66
49 55 73 9 66 54
49 56 85 29 34 9
49 57 59 69 78 44
49 58 52 42 33 47
49 59 8 45 70 91
49 60 90 43 47 38
49 61 40 22 50 36
49 62 97 55 7 52
49 63 24 39 55 52
49 64 28 21 46 89
49 65 56 82 48 13
49 66 9 77 71 82
49 67 8 63 57 39
49 68 20 87 24 34
49 69 27 34 76 85
49 70 57 20 18 73
49 71 9 73 96 79
49 72 12 55 77 89
49 73 46 33 25 30
49 74 30 69 47 36
49 75 7 73 85 75
49 76 64 75 76 41
49 77 36 21 82 34
49 78 56 53 60 22
49 79 61 36 41 16
49 80 79 48 34 33
49 81 7 51 57 53
49 82 95 65 26 49
49 83 65 40 36 78
49 84 38 24 44 75
49 85 43 81 60 18
49 86 37 46 58 24
49 87 42 43 72 64
49 88 80 51 11 53
49 89 8 97 52 61
49 90 51 15 33 57
49 91 57 50 58 45
49 92 86 24 56 9
49 93 32 47 53 22
49 94 32 88 57 29
49 95 51 82 36 52
49 96 66 39 45 51
49 97 50 51 43 58
49 98 21 52 78 45
49 99 63 49 51 37
50 51 51 37 63 25
50 52 39 84 39 27
50 53 57 13 22 36
50 54 27 81 67 59
50 55 45 40 84 46
50 56 31 85 63 76
50 57 62 34 77 80
50 58 59 58 21 20
50 59 3 34 38 47
50 60 66 66 11 20
50 61 18 48 89 59
50 62 73 8 58 36
50 63 17 93 52 84
50 64 94 42 9 57
50 65 71 32 28 18
50 66 29 80 64 68
50 67 69 25 31 40
50 68 58 75 37 42
50 69 4 37 64 40
50 70 44 38 84 24
50 71 17 55 32 33
50 72 14 89 43 51
50 73 77 55 28 21
50 74 39 44 82 73
50 75 75 30 26 13
50 76 22 77 47 61
50 77 81 27 63 25
50 78 3 29 61 73
50 79 90 67 20 16
50 80 94 22 8 17
50 81 12 38 74 80
50 82 3 97 41 46
50 83 71 16 43 53
50 84 51 80 33 27
50 85 27 62 34 68
50 86 1 95 84 68
50 87 20 37 92 78
50 88 97 65 8 2
50 89 23 78 69 89
50 90 95 45 50 35
50 91 95 31 62 33
50 92 70 21 41 49
50 93 83 35 30 60
50 94 61 63 44 65
50 95 45 31 21 71
50 96 58 24 64 13
50 97 55 53 83 32
50 98 27 55 72 40
50 99 52 84 53 35
51 52 96 70 58 65
51 53 13 89 85 63
51 54 68 25 37 74
51 55 64 56 57 40
51 56 47 70 48 16
51 57 70 15 46 25
51 58 76 20 14 27
51 59 98 44 63 7
51 60 15 94 35 62
51 61 78 39 35 52
51 62 25 27 53 41
51 63 89 68 48 56
51 64 10 50 82 31
51 65 30 23 84 75
51 66 0 95 51 55
51 67 46 76 77 42
51 68 5 35 80 77
51 69 7 52 55 46
51 70 2 63 66 53
51 71 43 31 23 42
51 72 57 66 72 20
51 73 19 52 87 36
51 74 1 68 31 61
51 75 0 51 89 52
51 76 50 71 56 74
51 77 91 55 7 51
51 78 68 43 76 17
51 79 84 68 27 29
51 80 2 41 49 85
51 81 63 57 15 23
51 82 74 41 68 37
51 83 63 76 28 33
51 84 83 62 36 53
51 85 53 49 14 73
51 86 85 26 14 40
51 87 42 46 27 71
51 88 20 27 84 27
51 89 82 29 54 21
51 90 38 62 82 82
51 91 54 18 67 47
51 92 23 37 87 74
51 93 56 34 78 21
51 94 28 46 32 88
51 95 52 23 41 50
51 96 75 39 65 57
51 97 51 81 41 66
51 98 10 53 62 63
51 99 69 11 54 54
52 53 50 60 79 41
52 54 52 72 40 53
52 55 47 72 81 17
52 56 87 3 21 66
52 57 78 43 71 21
52 58 71 71 73 33
52 59 9 47 29 67
52 60 79 37 31 49
52 61 79 41 63 71
52 62 50 34 42 33
52 63 5 36 36 37
52 64 67 14 41 39
52 65 36 41 50 80
52 66 74 20 73 25
52 67 9 28 62 51
52 68 75 43 44 73
52 69 14 59 27 84
52 70 4 78 71 65
52 71 10 43 76 74
52 72 41 29 50 31
52 73 12 43 44 88
52 74 42 68 26 61
52 75 95 47 38 45
52 76 47 72 32 52
52 77 57 24 27 81
52 78 5 36 39 30
52 79 40 45 49 38
52 80 15 36 85 42
52 81 22 38 76 40
52 82 8 45 66 40
52 83 77 61 63 22
52 84 71 9 19 26
52 85 38 88 36 39
52 86 99 67 30 42
52 87 24 28 61 50
52 88 74 69 59 31
52 89 14 88 70 55
52 90 76 61 45 71
52 91 24 59 40 75
52 92 61 21 62 75
52 93 92 32 17 15
52 94 85 65 36 25
52 95 19 50 81 91
52 96 11 45 78 58
52 97 95 4 67 2
52 98 44 71 77 19
52 99 82 51 54 24
53 54 2 78 66 94
53 55 55 14 73 62
53 56 58 35 79 59
53 57 64 54 75 62
53 58 25 90 92 42
53 59 4 73 71 67
53 60 94 54 38 55
53 61 95 67 1 38
53 62 85 59 9 25
53 63 85 10 36 57
53 64 31 77 73 28
53 65 54 37 23 52
53 66 71 49 40 67
53 67 93 34 32 61
53 68 21 65 70 31
53 69 84 58 70 8
53 70 61 11 31 15
53 71 49 30 55 41
53 72 29 23 73 57
53 73 84 11 8 42
53 74 78 6 51 15
53 75 72 64 41 20
53 76 20 27 46 59
53 77 84 41 72 26
53 78 82 23 24 40
53 79 74 16 22 18
53 80 61 58 33 35
53 81 72 31 44 52
53 82 95 13 52 50
53 83 88 52 37 35
53 84 59 74 45 46
53 85 42 64 67 27
53 86 45 17 61 44
53 87 73 62 54 34
53 88 36 65 75 48
53 89 66 38 66 53
53 90 4 97 54 95
53 91 55 51 37 15
53 92 66 51 18 79
53 93 37 59 84 58
53 94 48 37 53 51
53 95 34 86 83 61
53 96 14 56 50 89
53 97 5 92 48 47
53 98 30 35 62 66
53 99 28 67 76 75
54 55 40 26 84 40
54 56 21 52 24 82
54 57 41 47 41 70
54 58 50 77 48 35
54 59 60 13 25 27
54 60 53 80 23 48
54 61 71 67 41 72
54 62 38 65 64 29
54 63 33 58 77 21
54 64 25 40 46 38
54 65 5 44 82 94
54 66 62 20 22 14
54 67 99 14 52 44
54 68 12 53 78 55
54 69 81 65 20 18
54 70 12 42 40 34
54 71 26 33 76 36
54 72 4 33 40 44
54 73 15 85 29 89
54 74 43 35 46 40
54 75 73 45 20 33
54 76 19 89 26 73
54 77 59 80 67 21
54 78 43 71 77 66
54 79 89 12 50 15
54 80 97 67 15 49
54 81 49 21 60 20
54 82 85 59 22 45
54 83 22 78 65 31
54 84 56 62 22 23
54 85 30 59 35 87
54 86 86 13 35 38
54 87 58 41 68 14
54 88 82 64 30 7
54 89 1 42 81 68
54 90 4 63 75 41
54 91 43 74 68 23
54 92 8 35 87 52
54 93 99 27 67 46
54 94 40 68 43 40
54 95 59 12 38 48
54 96 72 73 44 68
54 97 76 42 63 14
54 98 54 52 72 62
54 99 94 63 44 56
55 56 45 29 22 51
55 57 87 64 45 52
55 58 81 46 43 51
55 59 76 67 71 33
55 60 5 34 84 38
55 61 41 77 50 20
55 62 27 45 51 40
55 63 23 30 79 82
55 64 46 17 44 52
55 65 79 15 34 58
55 66 24 43 55 36
55 67 22 60 57 42
55 68 62 52 35 67
55 69 51 71 53 31
55 70 30 55 81 58
55 71 78 17 54 58
55 72 38 20 85 50
55 73 23 33 54 60
55 74 23 37 39 61
55 75 25 62 62 55
55 76 52 30 43 81
55 77 9 27 34 59
55 78 88 33 13 14
55 79 24 31 68 76
55 80 46 71 63 82
55 81 51 21 43 17
55 82 94 37 19 70
55 83 20 37 52 91
55 84 51 32 47 15
55 85 40 82 24 34
55 86 96 51 69 61
55 87 44 76 69 48
55 88 70 45 44 37
55 89 7 68 90 48
55 90 59 78 42 63
55 91 9 69 77 55
55 92 95 46 69 5
55 93 95 38 21 54
55 94 22 90 90 45
55 95 5 33 28 87
55 96 44 21 58 53
55 97 13 28 50 56
55 98 71 65 27 69
55 99 36 49 72 73
56 57 52 58 83 61
56 58 17 74 85 73
56 59 3 81 44 87
56 60 1 79 65 36
56 61 54 35 68 47
56 62 56 34 49 46
56 63 78 56 24 61
56 64 4 72 90 48
56 65 78 49 13 27
56 66 38 68 88 77
56 67 3 89 90 41
56 68 24 50 64 69
56 69 94 9 50 34
56 70 21 74 89 39
56 71 87 46 27 13
56 72 8 75 69 40
56 73 40 19 58 55
56 74 58 52 61 33
56 75 29 89 63 59
56 76 53 20 57 15
56 77 47 70 77 58
56 78 94 25 38 25
56 79 46 76 31 83
56 80 76 42 41 9
56 81 26 87 30 35
56 82 51 19 40 14
56 83 30 67 32 37
56 84 24 42 78 68
56 85 60 55 56 68
56 86 2 56 83 64
56 87 79 75 70 10
56 88 52 62 52 21
56 89 68 40 63 38
56 90 81 14 39 53
56 91 56 34 38 31
56 92 11 50 63 47
56 93 13 67 33 64
56 94 33 45 52 20
56 95 10 49 63 63
56 96 31 73 28 53
56 97 81 56 42 67
56 98 86 70 19 50
56 99 64 34 39 30
57 58 23 74 40 92
57 59 27 55 43 55
57 60 44 80 54 69
57 61 64 75 43 44
57 62 25 40 65 55
57 63 71 42 70 40
57 64 14 64 35 92
57 65 78 55 22 66
57 66 59 73 39 58
57 67 45 38 47 45
57 68 87 47 38 17
57 69 71 25 77 11
57 70 50 27 69 16
57 71 79 31 68 26
57 72 88 58 56 10
57 73 52 63 66 75
57 74 47 27 50 53
57 75 57 46 36 69
57 76 10 60 59 35
57 77 57 66 26 59
57 78 12 58 85 81
57 79 70 20 71 66
57 80 12 69 60 53
57 81 9 27 72 34
57 82 92 32 26 59
57 83 1 56 67 99
57 84 87 60 61 46
57 85 69 28 43 27
57 86 32 63 69 45
57 87 73 75 22 59
57 88 67 60 21 63
57 89 32 81 51 26
57 90 11 51 81 85
57 91 98 1 53 51
57 92 9 95 57 72
57 93 79 70 56 36
57 94 53 15 34 52
57 95 99 62 11 59
57 96 16 53 34 61
57 97 84 51 40 66
57 98 45 83 30 28
57 99 0 39 95 99
58 59 52 25 81 15
58 60 66 10 27 50
58 61 51 17 38 83
58 62 88 17 10 69
58 63 65 75 40 14
58 64 6 92 49 54
58 65 88 51 15 25
58 66 96 23 64 61
58 67 59 68 52 32
58 68 29 45 70 58
58 69 79 51 38 44
58 70 74 26 38 62
58 71 91 26 39 63
58 72 22 64 43 88
58 73 85 72 21 27
58 74 60 32 13 44
58 75 4 86 78 47
58 76 50 57 39 41
58 77 71 39 28 35
58 78 94 55 45 68
58 79 19 24 41 66
58 80 95 13 20 30
58 81 73 57 45 42
58 82 50 58 19 49
58 83 13 28 40 81
58 84 7 89 65 79
58 85 53 71 68 23
58 86 63 71 40 66
58 87 3 42 46 46
58 88 5 60 96 57
58 89 3 41 42 93
58 90 16 40 93 92
58 91 12 79 60 72
58 92 51 20 47 24
58 93 0 95 68 43
58 94 71 27 35 67
58 95 19 80 38 42
58 96 61 74 77 71
58 97 94 21 23 1
58 98 45 72 26 52
58 99 92 12 51 21
59 60 99 67 11 61
59 61 57 63 81 64
59 62 32 38 56 88
59 63 74 77 50 15
59 64 62 54 29 54
59 65 15 25 50 69
59 66 22 83 39 46
59 67 56 38 62 13
59 68 63 72 46 14
59 69 49 54 51 63
59 70 30 33 86 58
59 71 39 67 81 62
59 72 23 49 24 53
59 73 98 36 29 30
59 74 20 40 87 60
59 75 69 39 42 46
59 76 87 50 45 4
59 77 16 64 81 37
59 78 77 68 62 58
59 79 40 71 86 59
59 80 1 73 49 64
59 81 62 11 19 79
59 82 38 73 73 48
59 83 15 38 56 83
59 84 6 93 62 29
59 85 44 17 83 22
59 86 66 72 33 52
59 87 89 25 24 59
59 88 47 60 16 72
59 89 99 56 36 52
59 90 92 49 16 14
59 91 92 7 44 68
59 92 59 64 35 25
59 93 29 48 46 81
59 94 29 63 23 27
59 95 52 65 56 40
59 96 41 47 75 55
59 97 98 11 21 15
59 98 66 35 40 51
59 99 6 97 36 62
60 61 95 46 29 23
60 62 86 23 56 43
60 63 90 61 65 56
60 64 92 12 55 57
60 65 28 35 85 35
60 66 4 97 77 36
60 67 91 68 17 23
60 68 37 85 53 43
60 69 54 18 34 50
60 70 24 35 82 64
60 71 11 95 42 31
60 72 13 69 26 89
60 73 0 61 62 52
60 74 47 65 22 50
60 75 51 56 25 26
60 76 24 75 73 26
60 77 45 26 26 51
60 78 76 28 48 75
60 79 0 31 46 70
60 80 23 86 45 88
60 81 83 13 39 13
60 82 71 70 8 68
60 83 17 83 32 35
60 84 31 85 59 54
60 85 48 19 52 71
60 86 8 49 74 52
60 87 31 55 61 78
60 88 95 49 40 8
60 89 22 87 87 59
60 90 90 60 21 65
60 91 79 43 27 62
60 92 56 38 50 75
60 93 18 38 34 54
60 94 54 42 66 33
60 95 98 42 1 4
60 96 36 36 58 38
60 97 19 50 68 30
60 98 98 68 20 1
60 99 94 51 63 61
61 62 72 21 52 42
61 63 37 70 64 20
61 64 57 74 76 44
61 65 25 60 83 52
61 66 50 19 50 61
61 67 27 44 40 49
61 68 76 36 38 10
61 69 92 2 21 24
61 70 20 76 82 25
61 71 70 34 58 65
61 72 86 68 4 73
61 73 6 93 83 68
61 74 3 82 45 30
61 75 20 90 49 27
61 76 66 27 53 50
61 77 20 54 49 68
61 78 85 24 69 34
61 79 37 56 38 36
61 80 70 57 77 12
61 81 18 61 78 82
61 82 83 72 43 60
61 83 96 10 48 68
61 84 80 55 75 10
61 85 93 63 67 19
61 86 43 45 43 18
61 87 33 35 27 77
61 88 13 80 91 45
61 89 86 50 23 71
61 90 31 40 23 56
61 91 13 95 55 88
61 92 93 51 5 36
61 93 77 58 67 26
61 94 15 47 33 68
61 95 67 35 41 34
61 96 23 55 79 49
61 97 50 59 64 82
61 98 14 48 47 33
61 99 15 59 29 83
62 63 96 2 48 49
62 64 97 13 2 62
62 65 37 29 48 82
62 66 52 27 40 31
62 67 14 66 77 49
62 68 84 64 18 29
62 69 56 50 19 64
62 70 96 46 16 30
62 71 81 16 57 37
62 72 96 22 38 57
62 73 66 77 23 50
62 74 45 73 70 83
62 75 9 64 47 31
62 76 89 4 57 61
62 77 60 56 16 29
62 78 49 73 17 62
62 79 48 41 53 33
62 80 50 36 73 40
62 81 21 26 53 61
62 82 0 85 43 49
62 83 55 20 20 70
62 84 89 34 21 66
62 85 13 62 78 54
62 86 65 54 65 39
62 87 17 80 82 86
62 88 44 65 80 25
62 89 29 74 84 28
62 90 33 88 29 77
62 91 28 85 62 49
62 92 82 6 30 19
62 93 10 73 32 32
62 94 65 67 45 10
62 95 73 20 75 59
62 96 10 38 87 68
62 97 0 36 36 46
62 98 64 58 28 56
62 99 49 39 34 58
63 64 36 79 65 40
63 65 5 83 28 57
63 66 79 64 59 14
63 67 1 62 42 90
63 68 6 96 87 94
63 69 3 73 67 68
63 70 8 51 35 73
63 71 30 53 53 84
63 72 68 63 71 50
63 73 47 48 40 29
63 74 39 79 69 65
63 75 22 82 55 87
63 76 12 84 48 41
63 77 13 87 94 56
63 78 25 82 43 61
63 79 85 56 19 18
63 80 65 61 15 66
63 81 23 52 54 23
63 82 7 66 94 28
63 83 30 51 26 64
63 84 42 22 79 82
63 85 63 61 18 54
63 86 91 30 46 48
63 87 15 70 76 38
63 88 30 26 26 27
63 89 59 70 62 50
63 90 25 69 65 62
63 91 46 67 50 54
63 92 47 25 43 33
63 93 4 74 53 33
63 94 74 8 15 36
63 95 0 53 90 68
63 96 74 49 68 7
63 97 94 54 10 14
63 98 2 81 93 37
63 99 61 13 69 49
64 65 36 60 32 42
64 66 33 66 29 64
64 67 48 19 36 40
64 68 22 60 81 74
64 69 30 74 66 83
64 70 90 33 25 55
64 71 10 88 29 58
64 72 30 69 89 43
64 73 60 18 70 26
64 74 99 22 29 30
64 75 51 27 57 56
64 76 15 49 55 25
64 77 10 49 42 83
64 78 24 64 37 62
64 79 74 33 42 11
64 80 25 54 42 26
64 81 57 77 54 61
64 82 74 41 73 34
64 83 48 37 80 33
64 84 88 51 70 57
64 85 32 40 87 75
64 86 10 95 32 91
64 87 74 39 8 58
64 88 85 7 64 8
64 89 61 31 26 75
64 90 47 64 30 66
64 91 42 62 71 38
64 92 52 20 83 53
64 93 69 78 17 35
64 94 33 52 67 68
64 95 94 65 30 55
64 96 71 11 56 65
64 97 36 27 35 67
64 98 29 34 71 41
64 99 79 69 40 44
65 66 18 37 49 64
65 67 66 72 17 48
65 68 30 39 40 63
65 69 87 16 71 24
65 70 94 54 4 37
65 71 19 65 92 27
65 72 74 76 16 65
65 73 19 89 69 33
65 74 21 53 55 68
65 75 0 53 49 67
65 76 42 18 18 44
65 77 70 13 74 10
65 78 16 36 53 79
65 79 28 86 48 73
65 80 67 63 38 53
65 81 11 44 33 86
65 82 67 68 35 36
65 83 44 24 73 51
65 84 83 22 56 61
65 85 63 76 11 25
65 86 77 31 66 52
65 87 97 53 18 30
65 88 8 68 39 77
65 89 14 61 69 79
65 90 23 54 25 41
65 91 63 72 69 47
65 92 14 53 44 65
65 93 11 81 86 60
65 94 98 15 9 26
65 95 65 20 60 77
65 96 11 94 73 79
65 97 79 64 59 34
65 98 25 64 45 40
65 99 7 37 43 63
66 67 0 32 89 78
66 68 4 94 45 37
66 69 3 96 85 45
66 70 96 35 50 9
66 71 97 63 33 32
66 72 77 24 20 18
66 73 12 46 85 45
66 74 32 20 39 66
66 75 85 35 69 67
66 76 94 5 29 18
66 77 80 33 64 44
66 78 38 72 37 18
66 79 91 26 28 16
66 80 11 47 93 88
66 81 12 50 45 30
66 82 13 94 63 52
66 83 55 56 69 40
66 84 85 68 49 40
66 85 22 86 49 68
66 86 70 38 70 56
66 87 83 19 64 69
66 88 29 58 43 51
66 89 64 39 21 53
66 90 94 54 10 53
66 91 48 80 64 75
66 92 9 81 40 42
66 93 97 59 11 53
66 94 39 78 86 18
66 95 68 61 21 27
66 96 6 56 64 82
66 97 68 40 12 34
66 98 61 73 28 58
66 99 45 39 29 62
67 68 27 28 90 74
67 69 2 66 60 76
67 70 3 41 87 41
67 71 17 24 37 32
67 72 26 54 69 26
67 73 32 41 75 57
67 74 69 58 20 57
67 75 33 54 41 59
67 76 3 95 45 93
67 77 87 64 63 19
67 78 27 35 47 80
67 79 93 39 17 9
67 80 94 68 20 46
67 81 98 39 12 34
67 82 34 75 35 75
67 83 79 50 31 76
67 84 82 67 21 14
67 85 98 34 23 6
67 86 98 65 66 2
67 87 42 70 23 19
67 88 10 28 82 37
67 89 10 46 28 63
67 90 28 25 37 35
67 91 41 71 23 50
67 92 65 45 46 69
67 93 62 32 50 74
67 94 6 93 31 41
67 95 41 60 28 29
67 96 50 74 76 82
67 97 79 62 53 46
67 98 47 84 44 82
67 99 6 44 66 52
68 69 77 75 55 25
68 70 13 73 64 73
68 71 45 33 20 67
68 72 5 76 31 42
68 73 0 96 70 62
68 74 56 66 82 70
68 75 7 97 31 79
68 76 78 74 31 75
68 77 19 39 29 93
68 78 3 61 97 74
68 79 92 69 24 18
68 80 27 56 43 88
68 81 64 15 28 44
68 82 33 53 44 88
68 83 24 48 52 51
68 84 52 74 31 19
68 85 88 64 4 25
68 86 44 65 86 46
68 87 27 52 63 80
68 88 34 24 78 77
68 89 21 76 58 36
68 90 96 35 68 29
68 91 90 49 50 13
68 92 55 34 63 75
68 93 12 46 55 76
68 94 15 63 62 42
68 95 97 60 47 33
68 96 70 70 31 38
68 97 78 8 50 32
68 98 41 77 68 28
68 99 50 56 36 62
69 70 73 27 58 18
69 71 79 71 69 23
69 72 6 89 48 61
69 73 86 64 34 9
69 74 51 42 75 73
69 75 17 46 52 79
69 76 2 62 58 44
69 77 58 68 29 19
69 78 62 69 47 59
69 79 76 44 54 10
69 80 57 63 73 23
69 81 90 46 57 70
69 82 5 37 77 34
69 83 42 44 79 56
69 84 12 59 46 71
69 85 13 26 71 42
69 86 84 23 30 18
69 87 64 60 14 36
69 88 65 31 67 28
69 89 2 91 32 56
69 90 20 84 62 25
69 91 33 74 56 53
69 92 91 48 55 25
69 93 14 89 62 48
69 94 97 16 20 43
69 95 51 56 81 20
69 96 95 67 48 51
69 97 86 11 40 32
69 98 10 43 85 70
69 99 9 79 31 78
70 71 78 30 46 19
70 72 48 48 40 38
70 73 33 36 80 37
70 74 38 26 36 49
70 75 34 34 42 85
70 76 47 33 66 40
70 77 75 65 13 23
70 78 55 49 35 63
70 79 85 57 73 27
70 80 32 48 57 28
70 81 52 51 28 35
70 82 41 84 58 84
70 83 55 60 77 69
70 84 80 8 74 73
70 85 2 88 64 93
70 86 59 39 60 13
70 87 56 16 77 66
70 88 65 50 47 24
70 89 3 45 64 85
70 90 1 48 49 86
70 91 81 19 71 22
70 92 73 41 71 13
70 93 87 54 22 73
70 94 47 72 46 54
70 95 53 74 69 74
70 96 47 42 68 71
70 97 31 40 31 59
70 98 16 63 60 64
70 99 11 69 80 96
71 72 10 87 59 34
71 73 57 34 71 50
71 74 37 46 73 59
71 75 55 59 21 37
71 76 28 45 29 90
71 77 85 12 30 50
71 78 93 51 13 66
71 79 23 59 27 41
71 80 61 73 60 56
71 81 18 68 53 75
71 82 41 79 47 29
71 83 82 22 17 10
71 84 50 61 77 49
71 85 21 47 46 43
71 86 51 18 77 39
71 87 93 70 14 65
71 88 28 32 24 24
71 89 72 10 54 55
71 90 66 18 60 41
71 91 23 44 65 90
71 92 84 66 68 71
71 93 73 72 23 29
71 94 87 13 68 63
71 95 27 85 38 80
71 96 72 64 30 18
71 97 17 38 50 72
71 98 82 13 47 31
71 99 4 30 57 92
72 73 68 62 24 78
72 74 92 13 26 36
72 75 56 34 80 44
72 76 14 72 83 42
72 77 81 28 38 8
72 78 61 15 62 24
72 79 76 64 21 67
72 80 51 21 20 79
72 81 48 37 66 22
72 82 52 74 68 25
72 83 99 45 34 32
72 84 60 18 53 74
72 85 2 86 59 92
72 86 61 24 55 36
72 87 78 74 45 22
72 88 14 82 53 91
72 89 39 76 27 20
72 90 88 12 4 15
72 91 20 90 36 85
72 92 76 31 53 19
72 93 53 30 37 61
72 94 8 72 88 79
72 95 70 39 47 12
72 96 76 18 41 57
72 97 33 51 47 82
72 98 55 43 58 27
72 99 3 61 94 86
73 74 98 16 40 25
73 75 15 35 58 47
73 76 27 62 48 40
73 77 51 52 56 39
73 78 7 30 41 34
73 79 75 45 72 56
73 80 92 11 37 36
73 81 23 75 91 68
73 82 14 40 63 51
73 83 70 41 67 56
73 84 52 75 66 71
73 85 51 25 28 66
73 86 55 75 32 16
73 87 55 54 77 73
73 88 51 52 60 32
73 89 83 34 65 36
73 90 34 34 80 33
73 91 19 77 38 59
73 92 44 77 39 51
73 93 66 62 10 74
73 94 71 10 59 77
73 95 20 39 80 53
73 96 21 53 33 36
73 97 5 85 50 55
73 98 33 52 63 58
73 99 72 45 28 32
74 75 2 80 80 95
74 76 16 41 52 26
74 77 57 53 49 13
74 78 31 52 83 21
74 79 20 68 75 42
74 80 93 23 6 25
74 81 9 52 74 41
74 82 41 72 86 25
74 83 74 68 22 49
74 84 4 40 58 66
74 85 1 79 63 37
74 86 37 67 24 71
74 87 78 31 28 58
74 88 93 60 65 70
74 89 94 34 47 33
74 90 33 84 65 72
74 91 13 60 35 77
74 92 9 95 49 62
74 93 18 25 69 56
74 94 61 52 23 69
74 95 96 41 21 36
74 96 16 77 87 50
74 97 16 69 26 43
74 98 26 36 84 86
74 99 45 69 52 33
75 76 46 31 61 20
75 77 10 67 79 83
75 78 46 54 16 72
75 79 77 57 34 64
75 80 25 63 40 69
75 81 80 32 48 47
75 82 71 71 62 11
75 83 53 30 50 67
75 84 26 63 35 65
75 85 9 83 33 33
75 86 4 29 60 96
75 87 63 15 34 29
75 88 36 53 41 48
75 89 96 22 57 69
75 90 43 25 48 43
75 91 18 53 68 94
75 92 57 31 18 28
75 93 18 84 51 52
75 94 83 45 73 65
75 95 5 29 71 65
75 96 48 52 72 85
75 97 44 71 26 78
75 98 93 2 19 35
75 99 45 24 24 77
76 77 98 63 38 53
76 78 70 25 59 16
76 79 15 41 34 30
76 80 24 89 31 50
76 81 52 15 38 83
76 82 39 35 50 61
76 83 51 48 66 22
76 84 24 79 85 64
76 85 55 62 69 68
76 86 90 57 65 23
76 87 85 17 48 37
76 88 76 70 30 24
76 89 13 84 66 87
76 90 75 54 61 76
76 91 32 42 60 36
76 92 40 73 84 59
76 93 24 81 86 59
76 94 98 64 6 21
76 95 38 66 56 22
76 96 21 73 44 85
76 97 30 22 45 23
76 98 10 27 47 32
76 99 26 65 55 44
77 78 11 52 64 28
77 79 47 24 54 62
77 80 40 43 64 32
77 81 75 57 42 65
77 82 4 64 42 81
77 83 67 29 67 11
77 84 75 32 34 19
77 85 54 57 77 37
77 86 84 5 18 41
77 87 18 79 51 58
77 88 86 72 42 12
77 89 29 71 36 60
77 90 39 37 28 48
77 91 28 49 81 68
77 92 94 24 1 21
77 93 7 69 73 70
77 94 85 51 63 56
77 95 38 75 29 48
77 96 40 35 39 58
77 97 38 74 29 24
77 98 98 33 61 38
77 99 42 32 36 35
78 79 14 82 83 92
78 80 4 61 59 94
78 81 79 15 71 19
78 82 61 71 32 17
78 83 84 28 58 58
78 84 19 43 59 82
78 85 11 80 83 85
78 86 48 39 57 54
78 87 60 80 75 31
78 88 36 19 62 26
78 89 25 41 54 47
78 90 70 10 33 54
78 91 51 34 70 69
78 92 43 51 83 39
78 93 13 55 48 34
78 94 45 52 81 64
78 95 15 83 79 88
78 96 15 73 66 47
78 97 5 37 93 83
78 98 20 70 61 87
78 99 95 42 57 63
79 80 13 81 75 91
79 81 59 38 19 17
79 82 62 61 32 63
79 83 47 61 67 31
79 84 6 74 53 46
79 85 70 31 51 77
79 86 0 92 48 81
79 87 86 4 43 66
79 88 60 58 42 77
79 89 41 40 38 67
79 90 62 59 15 55
79 91 37 28 67 33
79 92 50 62 22 22
79 93 92 14 67 53
79 94 27 87 21 38
79 95 88 66 10 21
79 96 16 63 67 33
79 97 0 84 81 55
79 98 33 29 23 36
79 99 88 39 47 39
80 81 4 45 84 33
80 82 80 63 48 14
80 83 67 45 24 22
80 84 48 55 58 55
80 85 47 56 63 76
80 86 94 15 23 17
80 87 57 58 77 56
80 88 42 21 36 41
80 89 66 60 37 68
80 90 57 61 25 57
80 91 99 6 11 63
80 92 51 52 31 19
80 93 96 41 29 9
80 94 40 37 34 70
80 95 15 33 58 34
80 96 72 23 37 49
80 97 69 42 23 34
80 98 78 42 6 35
80 99 52 73 53 78
81 82 15 40 87 64
81 83 96 46 23 46
81 84 94 16 48 4
81 85 33 58 69 36
81 86 51 36 38 30
81 87 10 38 33 36
81 88 15 59 91 89
81 89 22 31 45 72
81 90 76 8 9 8
81 91 23 75 68 72
81 92 11 56 79 48
81 93 40 45 51 59
81 94 40 73 70 36
81 95 41 38 48 18
81 96 44 37 41 23
81 97 81 46 57 10
81 98 54 47 54 44
81 99 66 65 43 70
82 83 17 34 61 53
82 84 34 89 66 68
82 85 84 31 8 27
82 86 6 79 60 91
82 87 13 79 27 28
82 88 0 68 99 82
82 89 33 23 26 75
82 90 71 75 53 25
82 91 38 41 69 24
82 92 41 78 37 79
82 93 42 61 44 85
82 94 3 82 39 45
82 95 98 33 42 4
82 96 66 70 32 27
82 97 80 31 50 6
82 98 47 18 50 42
82 99 69 71 20 46
83 84 87 5 56 60
83 85 86 35 54 7
83 86 70 13 22 67
83 87 62 13 42 46
83 88 77 39 12 34
83 89 32 27 82 25
83 90 23 32 51 54
83 91 79 13 17 15
83 92 79 67 41 33
83 93 82 54 56 51
83 94 26 63 70 72
83 95 56 28 14 75
83 96 63 27 62 45
83 97 49 58 20 66
83 98 32 26 89 52
83 99 36 36 38 43
84 85 41 55 67 35
84 86 92 54 5 63
84 87 75 34 49 18
84 88 17 86 26 43
84 89 38 26 78 23
84 90 15 48 50 42
84 91 17 51 90 59
84 92 8 86 44 90
84 93 45 61 53 28
84 94 77 59 52 41
84 95 58 65 40 23
84 96 6 87 38 77
84 97 21 50 77 40
84 98 59 52 61 57
84 99 72 32 38 40
85 86 33 81 82 74
85 87 49 84 73 37
85 88 20 89 66 64
85 89 62 62 51 22
85 90 30 29 62 57
85 91 96 56 7 41
85 92 47 32 35 67
85 93 64 68 49 24
85 94 26 67 40 50
85 95 64 53 27 43
85 96 33 47 59 71
85 97 56 81 68 64
85 98 69 40 64 25
85 99 4 89 97 74
86 87 49 36 56 27
86 88 30 51 37 58
86 89 12 80 48 33
86 90 94 47 21 12
86 91 41 52 80 26
86 92 97 49 23 41
86 93 87 46 29 67
86 94 62 25 32 26
86 95 83 48 73 45
86 96 76 10 20 42
86 97 97 41 48 65
86 98 59 70 28 74
86 99 91 25 42 2
87 88 11 56 78 83
87 89 11 83 58 28
87 90 44 79 40 60
87 91 83 41 71 22
87 92 5 80 93 64
87 93 35 77 55 73
87 94 10 78 70 82
87 95 55 18 63 53
87 96 33 32 64 74
87 97 13 81 43 94
87 98 50 67 28 55
87 99 84 13 6 67
88 89 38 20 80 57
88 90 4 86 82 86
88 91 2 85 64 69
88 92 60 57 58 76
88 93 28 33 50 42
88 94 92 19 69 32
88 95 46 23 82 51
88 96 89 43 58 4
88 97 90 9 45 68
88 98 36 45 45 62
88 99 18 46 70 54
89 90 19 64 60 38
89 91 62 65 58 71
89 92 55 68 79 41
89 93 12 76 43 27
89 94 82 36 20 36
89 95 62 71 33 19
89 96 70 26 29 49
89 97 29 43 38 81
89 98 2 88 41 94
89 99 22 23 36 61
90 91 97 5 55 68
90 92 96 39 48 11
90 93 87 53 72 64
90 94 61 67 13 22
90 95 55 76 40 55
90 96 79 36 24 42
90 97 84 14 39 18
90 98 95 24 41 50
90 99 8 65 91 56
91 92 7 49 83 40
91 93 7 39 47 40
91 94 43 60 77 18
91 95 87 51 35 59
91 96 94 10 5 67
91 97 49 32 38 67
91 98 77 37 42 20
91 99 75 61 60 21
92 93 63 39 70 25
92 94 61 29 22 70
92 95 4 57 38 64
92 96 73 20 20 38
92 97 16 85 75 46
92 98 16 94 93 90
92 99 65 26 23 26
93 94 34 34 78 34
93 95 30 31 38 65
93 96 94 13 43 67
93 97 15 87 41 78
93 98 16 58 61 39
93 99 70 49 36 26
94 95 69 17 66 70
94 96 83 61 44 12
94 97 65 34 19 57
94 98 78 9 67 59
94 99 96 1 46 25
95 96 91 36 29 63
95 97 34 35 81 26
95 98 50 44 53 22
95 99 86 29 44 55
96 97 43 24 59 55
96 98 45 81 69 23
96 99 28 78 42 53
97 98 51 79 49 42
97 99 16 35 43 93
98 99 69 41 70 10
