100
0 1 20 58 50 9
0 2 72 3 89 72
0 3 92 2 19 44
0 4 12 90 16 52
0 5 9 16 51 68
0 6 12 40 47 94
0 7 5 74 46 72
0 8 75 27 74 11
0 9 41 87 67 14
0 10 44 44 31 32
0 11 56 35 5 22
0 12 13 53 40 18
0 13 88 72 76 9
0 14 6 82 22 57
0 15 13 31 95 67
0 16 89 87 78 4
0 17 0 86 51 63
0 18 76 47 13 62
0 19 45 68 23 38
0 20 53 23 59 70
0 21 93 28 10 8
0 22 85 45 43 26
0 23 81 12 49 8
0 24 67 53 15 19
0 25 94 41 73 9
0 26 40 79 93 89
0 27 1 41 40 50
0 28 38 93 64 63
0 29 2 14 99 17
0 30 61 77 46 61
0 31 99 38 70 7
0 32 87 87 80 60
0 33 4 80 86 53
0 34 69 86 91 62
0 35 1 27 84 55
0 36 20 14 84 68
0 37 44 21 25 75
0 38 26 25 62 64
0 39 19 25 21 43
0 40 35 40 57 80
0 41 83 90 23 81
0 42 7 38 80 68
0 43 81 73 62 56
0 44 5 74 38 98
0 45 49 77 20 22
0 46 16 71 50 79
0 47 65 88 44 27
0 48 43 19 48 90
0 49 41 11 24 40
0 50 24 14 41 23
0 51 31 41 21 32
0 52 76 88 57 16
0 53 28 78 76 24
0 54 15 15 10 16
0 55 21 73 10 30
0 56 61 90 31 74
0 57 60 37 57 22
0 58 73 38 39 60
0 59 15 48 22 93
0 60 61 31 46 76
0 61 41 59 78 9
0 62 81 23 22 66
0 63 73 80 70 59
0 64 19 46 81 50
0 65 68 18 46 42
0 66 66 50 73 46
0 67 11 32 50 86
0 68 57 4 68 22
0 69 7 25 29 92
0 70 58 5 29 82
0 71 0 20 94 98
0 72 94 14 23 58
0 73 91 6 68 79
0 74 3 81 11 94
0 75 40 78 58 27
0 76 5 75 50 78
0 77 56 86 18 70
0 78 16 44 50 15
0 79 1 22 96 17
0 80 10 69 37 46
0 81 44 19 89 72
0 82 53 6 70 90
0 83 52 15 63 6
0 84 23 88 27 30
0 85 92 75 1 63
0 86 83 86 52 49
0 87 59 93 6 78
0 88 24 24 53 89
0 89 58 34 73 9
0 90 50 37 60 81
0 91 35 86 95 54
0 92 91 78 77 17
0 93 73 27 33 10
0 94 84 78 41 77
0 95 35 69 57 81
0 96 9 21 34 46
0 97 13 89 29 62
0 98 85 47 10 44
0 99 91 12 6 90
1 2 99 74 34 40
1 3 66 60 75 78
1 4 15 92 70 84
1 5 16 19 37 37
1 6 22 37 93 67
1 7 14 72 61 81
1 8 79 60 41 4
1 9 48 20 79 83
1 10 0 50 33 75
1 11 37 16 17 66
1 12 93 3 76 75
1 13 79 19 65 89
1 14 7 84 30 40
1 15 99 79 71 85
1 16 34 41 23 96
1 17 30 81 87 69
1 18 20 67 43 68
1 19 74 77 3 42
1 20 56 49 18 57
1 21 31 59 87 84
1 22 57 53 79 47
1 23 88 28 35 29
1 24 19 31 73 82
1 25 14 91 49 57
1 26 88 82 3 56
1 27 62 36 84 55
1 28 1 77 65 98
1 29 69 76 55 61
1 30 26 69 65 79
1 31 25 15 71 34
1 32 21 76 76 72
1 33 75 65 24 60
1 34 67 74 91 51
1 35 26 21 63 70
1 36 67 12 65 42
1 37 91 20 64 50
1 38 91 28 23 69
1 39 47 22 54 38
1 40 35 22 69 92
1 41 80 45 52 64
1 42 53 27 25 51
1 43 5 29 91 66
1 44 91 22 57 32
1 45 66 58 65 40
1 46 49 75 32 28
1 47 94 22 82 22
1 48 62 13 80 85
1 49 97 40 50 50
1 50 48 36 30 50
1 51 83 24 7 11
1 52 67 34 33 10
1 53 3 25 14 25
1 54 0 20 24 33
1 55 11 31 16 86
1 56 69 25 45 17
1 57 38 74 64 31
1 58 18 49 51 22
1 59 71 55 83 82
1 60 62 71 77 79
1 61 69 32 15 25
1 62 0 12 98 37
1 63 98 48 79 21
1 64 55 35 72 71
1 65 14 61 83 94
1 66 37 32 70 77
1 67 38 7 39 54
1 68 3 27 48 89
1 69 65 60 22 19
1 70 22 27 35 97
1 71 80 21 13 72
1 72 1 83 18 83
1 73 93 64 85 63
1 74 46 49 55 37
1 75 49 37 8 28
1 76 66 46 6 15
1 77 73 30 43 59
1 78 97 74 18 50
1 79 71 29 85 25
1 80 76 91 88 52
1 81 85 8 74 58
1 82 70 24 26 43
1 83 8 43 59 53
1 84 96 22 5 52
1 85 81 58 38 35
1 86 81 70 62 55
1 87 83 33 43 79
1 88 19 86 76 92
1 89 40 49 40 91
1 90 41 57 16 84
1 91 11 96 11 93
1 92 0 81 12 39
1 93 45 60 63 46
1 94 51 93 6 42
1 95 71 89 24 12
1 96 45 21 10 79
1 97 81 47 53 40
1 98 44 60 49 90
1 99 97 42 51 22
2 3 67 34 91 21
2 4 83 57 11 5
2 5 93 48 2 61
2 6 97 56 82 16
2 7 97 52 38 80
2 8 10 37 81 27
2 9 38 28 35 19
2 10 29 54 67 61
2 11 17 14 94 89
2 12 5 80 15 58
2 13 47 19 31 58
2 14 75 7 75 61
2 15 96 69 84 31
2 16 79 42 6 47
2 17 76 43 39 51
2 18 59 61 16 67
2 19 33 84 33 71
2 20 27 18 56 93
2 21 98 4 39 89
2 22 31 55 84 63
2 23 44 80 81 53
2 24 8 30 39 73
2 25 40 35 78 56
2 26 74 52 49 3
2 27 76 37 41 3
2 28 81 49 5 34
2 29 24 83 10 50
2 30 54 57 75 33
2 31 61 63 45 21
2 32 19 26 20 12
2 33 64 40 46 24
2 34 97 71 35 8
2 35 80 54 71 10
2 36 61 67 27 85
2 37 19 85 90 20
2 38 88 58 76 62
2 39 90 37 74 51
2 40 17 11 92 26
2 41 36 70 8 69
2 42 78 41 11 70
2 43 48 10 86 54
2 44 45 60 38 31
2 45 13 54 16 50
2 46 77 26 20 36
2 47 40 17 42 63
2 48 1 71 48 50
2 49 39 74 40 52
2 50 5 50 30 36
2 51 13 81 49 35
2 52 29 21 18 17
2 53 87 85 62 10
2 54 60 11 88 71
2 55 40 10 77 54
2 56 69 26 6 61
2 57 66 52 85 85
2 58 20 25 64 74
2 59 12 97 91 56
2 60 43 56 62 56
2 61 19 33 97 34
2 62 82 57 83 9
2 63 7 40 84 87
2 64 51 86 27 53
2 65 75 37 63 10
2 66 35 62 81 60
2 67 49 49 79 85
2 68 32 75 20 16
2 69 17 92 14 93
2 70 23 20 94 18
2 71 60 5 83 19
2 72 41 31 90 76
2 73 56 33 23 79
2 74 45 75 46 62
2 75 1 53 25 22
2 76 43 67 62 24
2 77 13 46 50 73
2 78 65 53 44 12
2 79 15 50 45 88
2 80 84 24 45 51
2 81 28 83 73 47
2 82 54 24 43 63
2 83 21 57 40 77
2 84 45 65 64 25
2 85 32 21 33 52
2 86 87 40 18 18
2 87 73 6 77 33
2 88 93 6 26 76
2 89 71 36 80 18
2 90 13 23 29 72
2 91 15 52 16 15
2 92 47 57 43 14
2 93 56 28 60 63
2 94 97 88 88 50
2 95 50 74 91 24
2 96 72 65 69 20
2 97 63 66 12 70
2 98 4 18 43 60
2 99 20 41 14 36
3 4 76 89 7 16
3 5 38 64 29 41
3 6 28 20 58 68
3 7 38 73 82 37
3 8 54 19 91 13
3 9 81 24 84 56
3 10 32 32 50 93
3 11 17 66 94 59
3 12 61 28 45 70
3 13 0 42 84 55
3 14 50 60 51 69
3 15 5 71 34 19
3 16 36 9 95 45
3 17 5 27 45 93
3 18 86 86 35 37
3 19 26 23 78 77
3 20 1 70 49 38
3 21 8 76 60 45
3 22 34 48 81 77
3 23 89 81 7 67
3 24 42 49 54 88
3 25 19 44 39 71
3 26 42 23 85 94
3 27 42 76 82 72
3 28 54 6 41 68
3 29 26 64 51 85
3 30 32 45 91 75
3 31 65 71 46 66
3 32 72 7 39 59
3 33 35 82 40 54
3 34 27 88 29 68
3 35 39 90 47 44
3 36 10 78 93 58
3 37 5 71 46 55
3 38 41 54 33 38
3 39 88 74 67 61
3 40 55 71 65 71
3 41 23 25 88 83
3 42 95 77 46 43
3 43 39 35 29 25
3 44 94 86 62 38
3 45 74 18 5 35
3 46 71 90 59 46
3 47 26 56 56 9
3 48 57 25 89 50
3 49 27 44 39 52
3 50 20 40 38 26
3 51 57 77 63 72
3 52 42 29 75 26
3 53 43 25 62 83
3 54 52 16 79 79
3 55 98 34 39 27
3 56 44 9 84 10
3 57 31 33 17 72
3 58 1 63 67 67
3 59 93 3 38 24
3 60 27 91 82 79
3 61 42 29 72 29
3 62 25 10 77 89
3 63 82 51 3 16
3 64 10 60 66 49
3 65 94 13 4 50
3 66 40 77 92 92
3 67 46 84 81 52
3 68 63 16 53 54
3 69 39 40 80 83
3 70 57 12 57 20
3 71 10 28 27 92
3 72 27 92 48 81
3 73 18 88 37 11
3 74 99 16 41 70
3 75 27 43 89 10
3 76 41 15 63 23
3 77 36 39 84 57
3 78 8 51 56 83
3 79 13 43 54 18
3 80 84 78 60 3
3 81 59 74 69 25
3 82 20 23 96 69
3 83 1 56 78 79
3 84 54 34 10 19
3 85 18 81 20 86
3 86 18 64 94 84
3 87 90 48 2 42
3 88 49 22 50 69
3 89 88 41 22 84
3 90 25 78 95 14
3 91 89 22 60 78
3 92 29 87 50 14
3 93 4 66 70 99
3 94 88 83 44 19
3 95 0 74 10 86
3 96 32 70 63 70
3 97 28 63 95 63
3 98 31 62 52 36
3 99 4 12 20 11
4 5 76 18 7 15
4 6 13 48 92 87
4 7 84 91 11 62
4 8 78 15 10 86
4 9 57 12 34 68
4 10 20 47 17 18
4 11 66 25 70 18
4 12 25 50 50 13
4 13 86 13 29 11
4 14 68 56 23 58
4 15 34 6 44 27
4 16 64 57 15 91
4 17 77 83 62 50
4 18 70 9 54 60
4 19 69 71 6 50
4 20 9 27 98 24
4 21 72 74 91 42
4 22 30 43 54 33
4 23 20 22 33 94
4 24 36 95 83 42
4 25 71 85 63 89
4 26 32 54 88 80
4 27 87 47 29 89
4 28 80 87 18 18
4 29 33 88 87 73
4 30 13 71 10 49
4 31 77 14 91 79
4 32 34 82 69 36
4 33 2 97 14 73
4 34 68 88 73 60
4 35 53 33 29 92
4 36 44 80 35 8
4 37 72 35 64 52
4 38 25 75 31 86
4 39 3 53 33 15
4 40 91 82 60 52
4 41 65 52 15 42
4 42 9 43 81 41
4 43 7 52 14 23
4 44 35 76 94 79
4 45 28 17 82 37
4 46 39 30 88 88
4 47 44 44 21 22
4 48 53 63 82 56
4 49 68 12 52 7
4 50 76 57 16 76
4 51 52 71 87 27
4 52 48 55 51 9
4 53 76 50 22 65
4 54 64 34 88 73
4 55 56 58 22 46
4 56 43 75 46 93
4 57 14 15 72 37
4 58 97 10 35 44
4 59 9 80 91 20
4 60 41 87 87 85
4 61 91 78 52 2
4 62 57 63 61 56
4 63 49 41 84 38
4 64 58 93 46 10
4 65 87 74 55 84
4 66 36 14 70 29
4 67 71 18 30 83
4 68 14 55 61 20
4 69 23 78 52 93
4 70 22 87 30 29
4 71 93 45 88 7
4 72 32 22 56 43
4 73 26 93 25 24
4 74 59 25 61 30
4 75 78 88 74 63
4 76 54 39 45 34
4 77 18 76 67 96
4 78 89 20 75 60
4 79 94 13 33 65
4 80 86 10 38 58
4 81 26 25 72 92
4 82 76 85 25 54
4 83 15 74 94 16
4 84 18 41 34 32
4 85 59 16 91 62
4 86 39 41 6 14
4 87 47 6 50 82
4 88 91 21 25 39
4 89 87 73 87 61
4 90 85 75 49 64
4 91 5 45 71 47
4 92 39 11 41 69
4 93 67 23 45 47
4 94 97 28 50 41
4 95 20 31 88 88
4 96 17 10 33 92
4 97 65 60 26 87
4 98 55 90 70 65
4 99 60 29 41 45
5 6 93 84 65 15
5 7 88 21 87 6
5 8 39 17 80 72
5 9 12 91 63 29
5 10 36 24 15 32
5 11 22 57 94 81
5 12 84 23 40 55
5 13 78 77 8 75
5 14 6 61 54 87
5 15 80 39 69 40
5 16 42 15 68 73
5 17 51 18 72 40
5 18 35 89 18 12
5 19 74 74 2 73
5 20 49 18 92 59
5 21 33 19 34 44
5 22 87 62 13 75
5 23 44 27 6 83
5 24 96 58 86 63
5 25 87 19 32 49
5 26 68 38 24 12
5 27 24 32 8 13
5 28 94 18 2 28
5 29 87 11 26 3
5 30 73 48 65 3
5 31 93 80 72 6
5 32 56 83 38 68
5 33 19 16 43 89
5 34 63 83 76 12
5 35 2 89 16 47
5 36 42 52 8 28
5 37 18 94 34 73
5 38 62 36 59 77
5 39 86 65 85 7
5 40 70 48 71 53
5 41 45 78 6 49
5 42 40 29 76 63
5 43 81 5 74 72
5 44 48 30 63 35
5 45 81 26 61 88
5 46 29 9 11 84
5 47 47 49 7 6
5 48 58 24 86 37
5 49 12 79 95 63
5 50 24 46 84 42
5 51 61 91 18 31
5 52 63 64 55 61
5 53 98 21 60 42
5 54 26 64 42 50
5 55 92 57 45 73
5 56 69 47 50 23
5 57 22 15 45 67
5 58 48 66 77 38
5 59 81 60 72 34
5 60 58 8 6 21
5 61 1 47 78 34
5 62 68 13 86 6
5 63 44 42 88 50
5 64 41 63 87 63
5 65 77 6 64 48
5 66 92 24 64 10
5 67 26 84 60 8
5 68 2 98 36 74
5 69 22 85 78 17
5 70 96 8 11 67
5 71 16 40 95 59
5 72 11 48 64 79
5 73 64 49 12 87
5 74 37 21 54 41
5 75 81 15 30 28
5 76 30 77 90 26
5 77 10 60 58 81
5 78 90 67 33 18
5 79 34 88 31 57
5 80 80 22 24 22
5 81 35 47 75 60
5 82 63 85 61 11
5 83 56 68 54 52
5 84 55 58 62 70
5 85 79 47 76 74
5 86 18 89 21 36
5 87 99 53 63 23
5 88 52 73 21 69
5 89 91 86 61 84
5 90 0 34 40 54
5 91 2 72 92 28
5 92 26 54 52 13
5 93 63 35 11 60
5 94 17 48 57 36
5 95 41 33 83 71
5 96 56 47 71 21
5 97 51 71 49 81
5 98 81 3 43 54
5 99 17 76 33 54
6 7 15 75 53 28
6 8 51 42 63 41
6 9 31 12 32 46
6 10 51 62 73 37
6 11 95 31 28 8
6 12 39 33 95 9
6 13 29 56 81 18
6 14 9 15 86 67
6 15 22 78 81 65
6 16 2 60 53 69
6 17 1 43 66 96
6 18 93 75 39 17
6 19 85 88 19 34
6 20 23 77 49 83
6 21 9 54 64 72
6 22 49 64 92 70
6 23 8 58 47 52
6 24 72 34 7 57
6 25 95 86 77 38
6 26 93 20 80 84
6 27 70 61 31 15
6 28 50 83 92 41
6 29 82 27 27 9
6 30 13 97 72 75
6 31 18 68 40 83
6 32 63 30 26 32
6 33 41 75 55 51
6 34 54 87 24 83
6 35 98 56 11 48
6 36 2 88 68 90
6 37 79 39 24 26
6 38 62 70 49 86
6 39 57 76 71 82
6 40 23 88 83 94
6 41 99 77 0 44
6 42 50 28 63 36
6 43 30 45 32 72
6 44 91 37 46 26
6 45 71 32 38 25
6 46 21 75 77 14
6 47 84 53 37 44
6 48 63 70 20 80
6 49 65 42 40 51
6 50 39 24 28 65
6 51 3 46 99 53
6 52 20 50 83 34
6 53 31 56 90 66
6 54 4 73 42 52
6 55 75 30 40 77
6 56 15 22 29 44
6 57 20 25 29 31
6 58 39 14 81 11
6 59 93 86 60 24
6 60 48 43 82 95
6 61 24 43 11 96
6 62 43 30 71 62
6 63 14 47 19 18
6 64 7 42 47 45
6 65 86 37 8 71
6 66 75 71 15 46
6 67 18 39 18 71
6 68 51 41 85 56
6 69 95 30 48 3
6 70 92 23 40 85
6 71 82 6 35 31
6 72 0 21 49 49
6 73 91 34 55 76
6 74 28 79 49 12
6 75 17 19 57 52
6 76 33 67 29 90
6 77 59 4 67 32
6 78 62 46 93 43
6 79 4 55 93 64
6 80 95 34 32 73
6 81 76 69 14 8
6 82 15 63 26 22
6 83 57 86 81 11
6 84 57 46 47 12
6 85 30 31 26 71
6 86 31 38 43 40
6 87 76 4 81 3
6 88 47 13 41 76
6 89 23 34 55 80
6 90 63 50 37 66
6 91 42 21 81 75
6 92 44 27 93 93
6 93 16 77 70 95
6 94 43 75 23 50
6 95 85 27 82 67
6 96 48 50 49 88
6 97 98 81 43 20
6 98 41 29 55 91
6 99 70 89 73 10
7 8 37 38 53 16
7 9 7 26 83 45
7 10 68 81 44 5
7 11 17 92 12 33
7 12 47 61 72 18
7 13 55 71 20 18
7 14 29 91 37 48
7 15 40 49 44 30
7 16 5 94 90 71
7 17 30 48 27 73
7 18 20 45 42 74
7 19 56 74 24 74
7 20 70 47 39 35
7 21 98 75 9 51
7 22 34 79 50 49
7 23 24 29 30 17
7 24 5 39 62 77
7 25 36 15 67 22
7 26 14 18 77 52
7 27 54 53 93 76
7 28 47 32 66 63
7 29 53 85 66 38
7 30 72 87 59 63
7 31 79 64 38 53
7 32 17 86 86 61
7 33 10 32 10 78
7 34 32 16 10 10
7 35 18 65 69 67
7 36 55 69 40 67
7 37 93 19 37 14
7 38 13 64 43 76
7 39 14 34 53 40
7 40 36 23 72 21
7 41 66 46 73 18
7 42 72 63 50 61
7 43 27 89 39 85
7 44 28 54 39 26
7 45 75 57 5 48
7 46 48 19 22 53
7 47 67 65 57 31
7 48 47 45 66 31
7 49 64 3 71 85
7 50 44 89 69 56
7 51 2 64 46 83
7 52 37 50 61 79
7 53 59 47 46 19
7 54 56 27 15 91
7 55 15 56 74 93
7 56 65 72 78 88
7 57 88 68 88 78
7 58 99 28 81 71
7 59 55 72 53 89
7 60 55 84 83 39
7 61 40 45 74 85
7 62 44 72 82 49
7 63 51 23 89 84
7 64 96 75 71 77
7 65 32 8 78 52
7 66 11 89 90 53
7 67 52 50 13 45
7 68 68 8 29 40
7 69 99 5 12 47
7 70 31 55 26 96
7 71 37 6 39 9
7 72 6 56 38 72
7 73 77 72 66 50
7 74 13 47 46 14
7 75 72 9 38 47
7 76 44 92 28 62
7 77 85 76 31 28
7 78 75 68 88 62
7 79 8 63 92 95
7 80 5 13 88 53
7 81 26 40 84 85
7 82 6 48 90 22
7 83 71 49 47 20
7 84 86 23 37 27
7 85 95 64 40 30
7 86 84 43 81 13
7 87 56 29 4 46
7 88 99 75 89 79
7 89 18 45 93 68
7 90 1 85 97 89
7 91 71 25 15 22
7 92 69 76 52 23
7 93 9 68 58 72
7 94 99 10 26 84
7 95 35 80 46 35
7 96 80 88 26 55
7 97 55 16 33 91
7 98 44 66 79 70
7 99 5 69 20 33
8 9 85 9 38 53
8 10 61 65 56 85
8 11 52 83 81 68
8 12 33 90 87 87
8 13 56 37 61 45
8 14 44 39 57 40
8 15 33 49 90 88
8 16 56 38 56 36
8 17 95 41 66 3
8 18 73 47 34 58
8 19 45 71 24 79
8 20 44 71 39 9
8 21 38 60 46 12
8 22 56 13 45 71
8 23 38 83 92 78
8 24 50 61 48 6
8 25 26 13 42 96
8 26 31 89 51 60
8 27 10 84 30 39
8 28 43 8 37 90
8 29 30 13 37 42
8 30 54 40 42 16
8 31 15 12 47 87
8 32 64 45 23 49
8 33 83 88 40 78
8 34 46 8 62 11
8 35 41 24 89 13
8 36 0 29 58 88
8 37 62 83 8 21
8 38 3 40 12 77
8 39 19 37 77 45
8 40 41 51 25 53
8 41 63 84 7 16
8 42 79 61 78 61
8 43 63 85 37 28
8 44 79 74 21 74
8 45 13 84 34 52
8 46 33 84 64 95
8 47 99 58 70 66
8 48 79 88 28 82
8 49 97 63 61 5
8 50 79 87 19 34
8 51 89 35 29 69
8 52 93 90 87 59
8 53 32 46 78 32
8 54 94 59 53 84
8 55 76 40 71 71
8 56 90 48 71 71
8 57 49 89 67 44
8 58 98 69 40 75
8 59 27 77 11 20
8 60 42 39 51 42
8 61 58 15 34 8
8 62 72 48 53 19
8 63 23 38 74 77
8 64 37 39 21 44
8 65 67 62 58 33
8 66 55 59 36 93
8 67 40 23 62 57
8 68 73 79 63 5
8 69 2 57 39 97
8 70 55 36 54 66
8 71 39 67 77 31
8 72 84 72 78 77
8 73 6 26 20 18
8 74 8 87 76 87
8 75 61 54 62 12
8 76 89 57 29 60
8 77 7 55 36 64
8 78 13 52 35 14
8 79 90 18 61 69
8 80 64 33 78 61
8 81 3 81 29 43
8 82 94 23 71 31
8 83 98 52 41 64
8 84 42 93 82 78
8 85 37 91 36 27
8 86 88 80 29 87
8 87 94 35 48 83
8 88 13 42 83 25
8 89 36 40 69 57
8 90 73 77 14 27
8 91 9 37 75 9
8 92 53 86 43 39
8 93 80 85 11 88
8 94 20 50 92 28
8 95 60 4 9 15
8 96 34 18 93 76
8 97 6 89 95 56
8 98 70 91 48 85
8 99 87 28 88 54
9 10 80 5 77 48
9 11 60 22 11 24
9 12 74 20 82 31
9 13 79 38 29 53
9 14 33 66 82 64
9 15 37 65 56 80
9 16 95 36 58 39
9 17 8 31 53 78
9 18 40 82 41 11
9 19 91 38 37 57
9 20 31 11 22 94
9 21 95 49 31 86
9 22 32 72 27 72
9 23 76 31 67 90
9 24 65 57 31 59
9 25 4 45 48 53
9 26 44 7 43 73
9 27 70 4 14 54
9 28 19 57 15 16
9 29 20 55 81 63
9 30 78 59 66 47
9 31 57 26 40 82
9 32 93 84 73 89
9 33 44 86 19 10
9 34 32 57 22 36
9 35 7 69 66 95
9 36 47 20 44 74
9 37 74 23 12 9
9 38 45 83 64 10
9 39 95 55 87 75
9 40 20 26 20 56
9 41 85 74 33 11
9 42 6 82 23 40
9 43 97 53 69 88
9 44 46 21 66 66
9 45 9 73 41 29
9 46 58 34 17 56
9 47 37 30 77 64
9 48 11 42 53 65
9 49 38 23 77 70
9 50 87 89 31 51
9 51 3 67 28 89
9 52 15 50 74 15
9 53 47 45 63 65
9 54 89 11 84 56
9 55 18 68 66 81
9 56 87 64 10 33
9 57 25 58 8 79
9 58 27 94 82 9
9 59 52 42 70 91
9 60 76 72 71 17
9 61 32 94 41 65
9 62 20 93 41 82
9 63 91 19 1 39
9 64 44 47 69 12
9 65 94 68 47 83
9 66 27 45 90 8
9 67 10 26 34 33
9 68 41 78 40 54
9 69 63 7 6 10
9 70 99 76 26 11
9 71 26 84 15 35
9 72 26 90 31 27
9 73 69 19 69 6
9 74 41 85 12 81
9 75 25 72 63 12
9 76 7 66 9 52
9 77 45 76 18 28
9 78 19 71 86 52
9 79 57 17 92 64
9 80 20 42 86 81
9 81 73 18 39 63
9 82 89 8 55 14
9 83 94 77 46 61
9 84 98 13 8 23
9 85 55 44 47 27
9 86 22 15 32 62
9 87 67 7 61 41
9 88 31 74 27 29
9 89 34 95 77 60
9 90 62 17 87 92
9 91 32 59 48 79
9 92 36 85 19 95
9 93 23 73 80 74
9 94 19 84 35 82
9 95 25 80 48 26
9 96 15 45 27 62
9 97 27 44 82 47
9 98 28 78 80 39
9 99 3 11 29 15
10 11 62 68 36 35
10 12 84 68 12 18
10 13 43 83 31 59
10 14 6 32 42 71
10 15 80 35 64 36
10 16 66 71 9 76
10 17 62 37 48 83
10 18 43 94 10 23
10 19 14 9 95 71
10 20 32 24 41 29
10 21 10 59 92 18
10 22 85 20 74 10
10 23 52 67 8 21
10 24 84 45 71 53
10 25 80 76 5 75
10 26 76 28 25 5
10 27 12 86 29 68
10 28 47 7 57 72
10 29 71 76 31 66
10 30 29 49 62 21
10 31 71 75 92 69
10 32 52 13 5 64
10 33 13 90 39 70
10 34 69 84 85 46
10 35 5 86 19 27
10 36 75 43 41 34
10 37 12 26 70 59
10 38 69 70 76 31
10 39 47 68 71 36
10 40 25 93 58 39
10 41 26 78 28 81
10 42 90 80 23 89
10 43 13 68 86 60
10 44 20 73 67 32
10 45 44 84 40 46
10 46 76 13 40 59
10 47 64 37 65 30
10 48 11 78 61 19
10 49 48 60 19 21
10 50 92 78 84 29
10 51 2 26 17 34
10 52 22 91 18 23
10 53 93 64 12 29
10 54 43 95 93 52
10 55 82 28 35 23
10 56 8 97 38 83
10 57 9 41 81 33
10 58 35 87 8 45
10 59 90 38 80 71
10 60 0 51 33 72
10 61 82 48 50 89
10 62 70 29 32 85
10 63 30 8 26 93
10 64 31 74 65 70
10 65 79 83 69 71
10 66 58 70 39 33
10 67 55 41 43 46
10 68 70 3 49 32
10 69 34 17 83 17
10 70 20 65 79 49
10 71 80 66 81 37
10 72 92 58 49 16
10 73 11 97 91 80
10 74 54 34 81 73
10 75 31 23 54 30
10 76 82 77 26 63
10 77 52 49 4 45
10 78 83 15 47 41
10 79 74 77 49 39
10 80 9 24 54 84
10 81 44 52 25 78
10 82 55 17 84 15
10 83 81 7 51 74
10 84 15 89 45 61
10 85 19 91 60 80
10 86 71 58 47 77
10 87 79 28 83 39
10 88 91 10 76 60
10 89 87 68 5 77
10 90 6 68 45 56
10 91 22 84 90 24
10 92 64 83 60 20
10 93 95 3 34 85
10 94 15 79 54 53
10 95 22 55 94 73
10 96 76 43 33 3
10 97 56 76 77 64
10 98 86 36 12 57
10 99 76 35 54 27
11 12 8 13 97 66
11 13 26 41 38 36
11 14 92 76 30 8
11 15 8 51 34 16
11 16 58 61 81 72
11 17 68 83 47 82
11 18 31 57 62 50
11 19 59 87 30 72
11 20 85 30 6 51
11 21 60 77 6 59
11 22 94 45 59 67
11 23 55 25 21 12
11 24 4 38 79 39
11 25 42 71 57 36
11 26 8 29 97 41
11 27 26 87 78 96
11 28 19 17 8 59
11 29 53 71 39 94
11 30 36 37 26 29
11 31 49 84 46 23
11 32 64 23 23 44
11 33 55 39 32 46
11 34 59 46 78 30
11 35 20 93 24 73
11 36 71 45 43 38
11 37 67 61 68 62
11 38 82 29 83 63
11 39 48 14 52 32
11 40 69 9 74 82
11 41 69 4 28 75
11 42 88 87 3 40
11 43 76 24 21 90
11 44 62 64 62 81
11 45 89 68 73 88
11 46 3 79 33 82
11 47 41 17 26 31
11 48 12 36 31 50
11 49 79 11 44 34
11 50 65 37 69 21
11 51 94 55 48 69
11 52 61 4 81 26
11 53 21 78 50 20
11 54 10 98 36 73
11 55 86 48 32 38
11 56 37 19 31 18
11 57 17 63 46 71
11 58 19 48 17 50
11 59 18 75 36 14
11 60 68 49 45 50
11 61 50 15 30 46
11 62 58 28 90 52
11 63 69 53 46 89
11 64 40 15 94 44
11 65 2 46 96 45
11 66 37 63 84 18
11 67 63 12 48 39
11 68 2 60 23 78
11 69 65 18 36 39
11 70 21 34 17 77
11 71 50 37 83 71
11 72 75 16 71 37
11 73 22 85 74 77
11 74 75 13 50 72
11 75 84 50 33 24
11 76 5 11 34 81
11 77 98 81 36 49
11 78 65 77 39 65
11 79 26 93 73 32
11 80 76 5 9 18
11 81 28 62 96 30
11 82 16 27 29 43
11 83 72 20 36 43
11 84 72 71 89 62
11 85 76 90 7 32
11 86 86 9 82 84
11 87 33 54 38 50
11 88 55 54 16 14
11 89 64 44 70 69
11 90 37 86 30 63
11 91 25 47 24 23
11 92 92 15 43 11
11 93 77 71 21 9
11 94 5 67 12 24
11 95 37 9 80 41
11 96 27 91 57 21
11 97 16 73 17 69
11 98 37 42 65 12
11 99 23 76 61 63
12 13 84 25 80 32
12 14 87 91 56 2
12 15 1 40 53 91
12 16 34 21 75 43
12 17 72 28 55 78
12 18 92 45 50 83
12 19 31 16 13 84
12 20 89 70 74 9
12 21 14 53 50 73
12 22 24 47 77 9
12 23 65 12 23 34
12 24 42 48 35 25
12 25 97 62 56 0
12 26 31 71 58 84
12 27 69 16 12 33
12 28 35 80 87 55
12 29 14 24 57 64
12 30 33 61 61 42
12 31 36 9 12 70
12 32 65 14 56 84
12 33 97 85 30 35
12 34 42 30 6 32
12 35 19 79 77 25
12 36 39 49 61 47
12 37 40 11 41 29
12 38 55 81 88 82
12 39 84 52 54 19
12 40 71 57 31 55
12 41 58 38 57 32
12 42 41 89 43 93
12 43 3 24 80 95
12 44 75 24 81 73
12 45 10 20 54 84
12 46 21 50 95 25
12 47 11 78 45 55
12 48 74 90 24 90
12 49 25 28 60 54
12 50 19 20 37 54
12 51 30 80 46 26
12 52 29 24 35 76
12 53 88 23 54 23
12 54 36 26 78 94
12 55 96 90 12 76
12 56 85 34 38 37
12 57 55 16 30 22
12 58 61 53 77 24
12 59 25 29 52 30
12 60 73 38 5 14
12 61 12 95 87 59
12 62 17 20 42 18
12 63 88 32 64 29
12 64 40 89 30 83
12 65 39 30 12 42
12 66 60 34 49 74
12 67 24 37 66 40
12 68 71 19 12 36
12 69 23 8 49 46
12 70 93 61 3 59
12 71 93 85 71 59
12 72 88 20 30 78
12 73 13 98 41 8
12 74 34 58 38 14
12 75 20 46 13 38
12 76 43 22 55 91
12 77 45 79 45 7
12 78 37 94 52 51
12 79 31 14 18 81
12 80 61 4 58 32
12 81 33 39 59 68
12 82 29 37 58 34
12 83 18 35 97 52
12 84 72 78 40 65
12 85 38 17 49 28
12 86 22 12 30 44
12 87 63 74 88 63
12 88 87 30 63 88
12 89 55 64 7 19
12 90 96 37 46 13
12 91 51 89 14 94
12 92 68 61 76 40
12 93 1 50 70 31
12 94 28 60 25 72
12 95 61 42 16 62
12 96 49 62 8 83
12 97 55 8 90 56
12 98 26 22 93 88
12 99 51 61 21 37
13 14 34 25 9 50
13 15 87 11 15 46
13 16 59 55 44 30
13 17 3 44 15 85
13 18 51 7 33 81
13 19 30 84 88 24
13 20 49 22 11 93
13 21 96 62 34 69
13 22 11 63 52 31
13 23 38 60 52 90
13 24 84 25 19 27
13 25 46 67 31 31
13 26 66 5 26 29
13 27 49 8 5 24
13 28 1 35 76 63
13 29 8 81 91 10
13 30 26 34 47 20
13 31 57 43 85 92
13 32 80 23 56 77
13 33 68 9 87 33
13 34 70 61 38 88
13 35 30 79 75 94
13 36 33 92 94 94
13 37 15 25 41 26
13 38 13 95 73 90
13 39 64 80 89 85
13 40 43 85 88 9
13 41 79 8 22 11
13 42 81 64 2 11
13 43 41 23 69 50
13 44 33 88 82 26
13 45 52 70 30 38
13 46 96 47 82 77
13 47 80 70 35 59
13 48 67 61 50 83
13 49 71 32 47 22
13 50 43 14 7 57
13 51 79 7 47 10
13 52 26 47 94 9
13 53 97 11 35 87
13 54 21 74 50 54
13 55 1 63 74 36
13 56 43 61 6 21
13 57 91 73 55 19
13 58 42 27 34 63
13 59 41 65 31 39
13 60 86 16 43 46
13 61 5 83 11 93
13 62 15 33 57 63
13 63 45 72 61 64
13 64 68 22 90 9
13 65 1 93 39 56
13 66 28 93 34 53
13 67 47 61 63 14
13 68 53 44 90 14
13 69 84 75 46 5
13 70 35 95 86 55
13 71 18 47 79 79
13 72 86 28 76 74
13 73 57 30 52 37
13 74 7 62 29 51
13 75 34 58 38 60
13 76 86 82 13 40
13 77 39 85 11 34
13 78 93 74 80 26
13 79 32 29 53 60
13 80 31 69 75 10
13 81 25 54 49 24
13 82 94 90 36 5
13 83 97 59 24 88
13 84 48 57 65 94
13 85 86 5 39 11
13 86 22 69 86 54
13 87 96 3 24 34
13 88 92 36 23 54
13 89 83 38 14 9
13 90 85 19 9 57
13 91 57 62 64 27
13 92 81 14 23 53
13 93 1 70 43 79
13 94 97 28 75 4
13 95 47 42 62 76
13 96 63 51 55 57
13 97 67 63 49 72
13 98 28 56 89 56
13 99 49 49 67 49
14 15 66 21 33 82
14 16 48 92 58 11
14 17 20 35 45 19
14 18 99 83 63 24
14 19 78 68 17 13
14 20 98 22 54 17
14 21 37 72 20 47
14 22 84 9 60 32
14 23 71 82 72 90
14 24 22 20 54 82
14 25 24 39 34 61
14 26 7 66 98 88
14 27 29 48 66 28
14 28 87 24 64 59
14 29 44 94 47 36
14 30 46 73 79 29
14 31 62 58 17 90
14 32 1 34 65 9
14 33 64 35 71 83
14 34 58 45 72 75
14 35 17 51 67 21
14 36 1 25 86 13
14 37 95 3 51 76
14 38 63 69 48 36
14 39 53 11 24 72
14 40 86 36 15 87
14 41 39 13 94 93
14 42 8 26 32 96
14 43 47 59 15 82
14 44 31 61 49 54
14 45 75 90 37 25
14 46 17 73 28 9
14 47 1 96 89 77
14 48 52 59 55 50
14 49 17 49 57 56
14 50 31 26 69 18
14 51 93 13 36 65
14 52 97 87 89 29
14 53 9 37 35 44
14 54 50 37 36 36
14 55 68 45 90 22
14 56 14 53 63 81
14 57 19 9 83 78
14 58 7 19 44 36
14 59 52 18 15 12
14 60 69 65 4 5
14 61 17 79 33 83
14 62 10 43 81 19
14 63 83 53 89 21
14 64 70 64 41 37
14 65 11 45 32 23
14 66 90 30 39 37
14 67 76 89 74 4
14 68 54 72 23 20
14 69 74 8 83 40
14 70 25 89 46 45
14 71 28 67 39 81
14 72 87 19 62 76
14 73 94 31 16 69
14 74 42 19 46 12
14 75 21 53 36 28
14 76 63 40 49 90
14 77 38 78 90 52
14 78 51 75 66 21
14 79 46 72 69 58
14 80 78 14 69 89
14 81 52 88 24 60
14 82 43 62 73 91
14 83 88 21 84 44
14 84 26 62 35 73
14 85 87 64 69 31
14 86 8 28 47 32
14 87 66 31 82 89
14 88 60 91 70 89
14 89 85 63 4 52
14 90 46 29 15 53
14 91 93 20 21 52
14 92 30 54 15 17
14 93 28 21 64 12
14 94 21 52 14 42
14 95 63 35 31 40
14 96 92 30 16 51
14 97 46 91 76 9
14 98 84 81 26 13
14 99 30 8 17 74
15 16 15 22 12 67
15 17 55 29 13 14
15 18 38 81 25 64
15 19 2 55 31 66
15 20 28 86 36 75
15 21 25 89 90 14
15 22 65 75 24 60
15 23 10 28 9 74
15 24 50 81 12 39
15 25 17 19 69 64
15 26 21 49 72 93
15 27 96 36 12 54
15 28 71 77 5 48
15 29 75 36 13 63
15 30 12 81 70 63
15 31 80 41 30 8
15 32 8 51 35 55
15 33 35 52 9 50
15 34 69 30 84 55
15 35 18 69 55 87
15 36 41 23 11 37
15 37 29 37 31 18
15 38 38 86 11 10
15 39 69 45 86 87
15 40 92 17 78 83
15 41 60 43 60 24
15 42 70 61 67 40
15 43 30 55 71 91
15 44 29 86 75 27
15 45 24 35 30 18
15 46 75 61 13 72
15 47 17 85 10 75
15 48 37 68 27 90
15 49 5 73 60 61
15 50 63 7 36 10
15 51 2 72 31 85
15 52 47 58 89 73
15 53 42 68 60 85
15 54 36 93 94 33
15 55 23 41 12 73
15 56 42 57 19 17
15 57 56 37 76 70
15 58 82 57 53 38
15 59 10 27 51 80
15 60 96 48 55 32
15 61 89 47 66 25
15 62 6 13 33 50
15 63 61 36 62 51
15 64 35 80 45 19
15 65 34 51 73 83
15 66 95 37 60 4
15 67 79 2 70 41
15 68 81 38 81 69
15 69 90 36 67 68
15 70 98 54 16 88
15 71 95 6 76 52
15 72 20 40 62 43
15 73 98 13 82 38
15 74 32 80 33 63
15 75 4 64 23 21
15 76 36 10 48 24
15 77 28 87 94 44
15 78 78 33 71 65
15 79 96 75 43 45
15 80 72 14 5 18
15 81 0 65 76 79
15 82 41 18 92 64
15 83 48 82 14 29
15 84 83 26 58 75
15 85 20 66 22 75
15 86 15 55 57 18
15 87 2 50 90 11
15 88 59 67 26 4
15 89 76 19 6 55
15 90 59 79 48 63
15 91 9 49 40 25
15 92 8 28 44 58
15 93 70 44 6 28
15 94 82 18 49 54
15 95 7 31 31 67
15 96 79 5 83 21
15 97 2 25 40 45
15 98 23 81 55 31
15 99 14 82 28 35
16 17 6 23 79 87
16 18 35 37 24 56
16 19 91 31 53 36
16 20 23 83 85 25
16 21 29 7 42 42
16 22 75 4 28 25
16 23 1 27 97 50
16 24 9 67 51 22
16 25 79 33 12 27
16 26 97 74 58 83
16 27 71 32 42 77
16 28 5 88 21 76
16 29 78 55 32 76
16 30 9 49 19 18
16 31 5 26 66 76
16 32 38 58 86 24
16 33 51 53 94 10
16 34 31 27 76 30
16 35 31 40 16 45
16 36 5 25 19 93
16 37 55 28 18 33
16 38 67 58 73 30
16 39 10 93 17 18
16 40 60 91 9 44
16 41 65 4 53 60
16 42 79 18 11 26
16 43 34 90 48 91
16 44 88 15 86 39
16 45 78 58 72 76
16 46 68 89 18 90
16 47 45 69 46 38
16 48 15 59 94 29
16 49 81 77 19 48
16 50 18 84 14 68
16 51 51 36 21 84
16 52 71 49 46 88
16 53 93 64 26 29
16 54 4 36 63 59
16 55 3 74 14 30
16 56 50 63 70 53
16 57 47 5 26 42
16 58 96 21 69 34
16 59 73 32 14 62
16 60 61 87 4 64
16 61 43 70 53 65
16 62 59 71 65 23
16 63 91 82 89 65
16 64 70 82 26 68
16 65 46 86 64 13
16 66 36 45 74 74
16 67 88 42 73 66
16 68 58 89 94 77
16 69 47 53 54 11
16 70 40 80 85 18
16 71 28 41 56 95
16 72 70 28 35 21
16 73 27 42 64 83
16 74 35 76 64 27
16 75 5 66 75 31
16 76 56 28 52 74
16 77 34 44 60 68
16 78 46 46 87 24
16 79 10 58 94 76
16 80 35 51 83 59
16 81 77 80 20 14
16 82 78 41 5 50
16 83 75 18 15 46
16 84 59 25 4 9
16 85 69 45 64 74
16 86 96 31 1 45
16 87 89 42 67 68
16 88 17 29 26 20
16 89 58 76 74 82
16 90 92 60 37 75
16 91 15 83 21 22
16 92 17 44 96 48
16 93 55 11 35 30
16 94 87 54 20 15
16 95 75 31 57 90
16 96 93 15 35 25
16 97 18 27 68 12
16 98 65 62 91 33
16 99 52 50 42 41
17 18 39 43 45 70
17 19 36 91 63 37
17 20 60 57 81 13
17 21 68 53 48 26
17 22 17 84 13 93
17 23 0 69 70 96
17 24 60 38 74 69
17 25 31 63 9 42
17 26 95 76 90 76
17 27 87 72 86 35
17 28 23 60 89 50
17 29 40 73 17 82
17 30 67 7 76 14
17 31 63 28 38 65
17 32 11 25 56 45
17 33 87 35 46 90
17 34 75 78 18 50
17 35 26 15 42 70
17 36 44 85 59 91
17 37 24 48 71 70
17 38 43 68 76 78
17 39 20 84 11 36
17 40 14 18 55 46
17 41 25 49 60 24
17 42 60 47 73 38
17 43 9 15 62 88
17 44 11 59 16 15
17 45 88 46 65 17
17 46 61 60 17 60
17 47 23 30 44 24
17 48 37 69 8 85
17 49 78 19 87 83
17 50 33 31 10 59
17 51 62 68 18 57
17 52 85 83 53 13
17 53 9 31 44 78
17 54 12 37 73 35
17 55 36 25 72 89
17 56 14 51 45 64
17 57 32 95 13 65
17 58 7 15 40 25
17 59 75 49 24 52
17 60 98 1 20 51
17 61 73 64 90 69
17 62 80 11 63 50
17 63 69 15 87 74
17 64 37 82 53 73
17 65 59 77 72 66
17 66 46 10 43 43
17 67 52 39 58 79
17 68 6 65 48 17
17 69 17 39 42 48
17 70 76 70 61 70
17 71 45 20 32 59
17 72 60 87 23 44
17 73 70 89 77 77
17 74 89 80 40 85
17 75 43 68 84 11
17 76 15 50 17 34
17 77 37 27 55 8
17 78 73 20 9 60
17 79 97 37 59 32
17 80 5 47 80 10
17 81 39 33 42 13
17 82 27 88 49 81
17 83 90 4 27 33
17 84 72 73 60 3
17 85 87 3 50 44
17 86 27 12 22 27
17 87 71 38 9 70
17 88 28 17 91 16
17 89 16 18 51 67
17 90 12 69 70 11
17 91 2 77 98 38
17 92 83 8 44 52
17 93 93 86 49 38
17 94 11 33 29 25
17 95 91 72 5 76
17 96 87 44 17 8
17 97 69 4 71 14
17 98 59 88 47 91
17 99 56 23 42 68
18 19 6 58 57 24
18 20 70 70 23 46
18 21 5 88 95 38
18 22 92 58 39 2
18 23 30 34 65 66
18 24 35 95 79 71
18 25 17 32 63 92
18 26 13 43 92 28
18 27 1 31 73 24
18 28 70 3 48 42
18 29 63 23 63 46
18 30 57 8 42 84
18 31 1 39 53 39
18 32 45 51 42 60
18 33 19 37 34 24
18 34 74 77 38 45
18 35 34 14 68 68
18 36 41 18 88 49
18 37 1 43 22 56
18 38 12 84 34 44
18 39 63 59 78 33
18 40 5 22 41 39
18 41 11 70 13 69
18 42 62 66 16 77
18 43 14 91 36 87
18 44 5 58 71 79
18 45 66 7 30 88
18 46 29 62 47 82
18 47 80 33 52 13
18 48 49 72 33 20
18 49 74 37 75 55
18 50 1 51 66 44
18 51 35 10 80 46
18 52 76 85 21 83
18 53 92 66 60 49
18 54 94 33 38 33
18 55 41 73 78 9
18 56 25 54 96 65
18 57 53 45 42 43
18 58 47 60 49 32
18 59 17 82 75 69
18 60 9 41 44 37
18 61 17 23 33 61
18 62 60 34 72 26
18 63 54 89 10 63
18 64 35 82 38 15
18 65 50 57 26 67
18 66 95 71 6 16
18 67 38 58 74 80
18 68 39 94 65 60
18 69 61 48 90 12
18 70 42 59 75 7
18 71 41 77 59 83
18 72 70 64 29 10
18 73 73 45 20 68
18 74 53 37 40 65
18 75 75 34 91 4
18 76 15 22 32 96
18 77 88 10 64 2
18 78 1 35 51 77
18 79 27 14 71 61
18 80 40 58 81 32
18 81 15 37 67 24
18 82 71 75 85 35
18 83 92 80 4 56
18 84 35 31 15 36
18 85 49 83 34 19
18 86 67 63 38 53
18 87 6 36 20 45
18 88 67 29 74 84
18 89 38 45 91 74
18 90 25 42 61 66
18 91 42 70 74 29
18 92 27 82 14 7
18 93 41 15 69 81
18 94 30 61 19 30
18 95 92 9 67 8
18 96 0 69 50 65
18 97 93 55 42 39
18 98 47 13 81 34
18 99 41 88 70 20
19 20 91 69 87 36
19 21 2 74 12 41
19 22 99 24 18 33
19 23 27 79 18 53
19 24 18 21 12 54
19 25 82 56 6 10
19 26 82 51 3 59
19 27 55 73 54 26
19 28 87 22 73 53
19 29 50 42 72 57
19 30 38 7 35 50
19 31 32 65 32 83
19 32 54 40 25 70
19 33 13 25 35 97
19 34 90 52 56 23
19 35 58 72 12 13
19 36 23 30 23 43
19 37 16 83 35 96
19 38 80 88 58 46
19 39 48 72 68 94
19 40 22 18 75 41
19 41 14 33 70 81
19 42 78 72 26 60
19 43 72 33 12 60
19 44 19 64 83 92
19 45 17 58 42 25
19 46 60 37 51 93
19 47 52 62 89 29
19 48 67 14 37 61
19 49 90 37 60 28
19 50 55 50 73 24
19 51 58 73 31 32
19 52 28 88 88 90
19 53 4 48 82 53
19 54 94 64 23 15
19 55 3 64 18 87
19 56 19 48 9 32
19 57 77 34 49 81
19 58 67 13 30 53
19 59 90 11 30 71
19 60 13 66 41 89
19 61 24 41 87 89
19 62 83 72 80 52
19 63 15 65 45 8
19 64 50 74 83 6
19 65 2 89 78 67
19 66 31 56 76 21
19 67 29 15 26 29
19 68 73 25 42 87
19 69 86 8 40 39
19 70 66 29 40 42
19 71 71 84 57 26
19 72 78 91 83 13
19 73 92 17 63 15
19 74 52 87 18 57
19 75 86 32 1 73
19 76 20 49 33 30
19 77 22 64 51 10
19 78 43 78 30 57
19 79 15 39 31 80
19 80 48 59 70 19
19 81 88 54 85 57
19 82 89 37 13 59
19 83 18 73 9 69
19 84 47 93 54 21
19 85 55 64 12 74
19 86 68 84 34 89
19 87 3 64 51 79
19 88 4 95 90 75
19 89 89 40 70 86
19 90 36 31 9 79
19 91 23 77 55 75
19 92 13 56 91 84
19 93 64 55 90 92
19 94 46 11 80 90
19 95 60 72 85 54
19 96 85 74 34 53
19 97 11 92 30 40
19 98 43 38 5 83
19 99 67 20 48 43
20 21 80 57 49 17
20 22 32 15 44 42
20 23 67 70 90 48
20 24 94 11 61 85
20 25 35 52 19 88
20 26 76 26 20 71
20 27 77 14 19 21
20 28 56 23 10 43
20 29 21 51 61 20
20 30 90 21 63 12
20 31 98 32 34 54
20 32 85 11 37 4
20 33 5 57 37 92
20 34 56 23 69 55
20 35 82 6 65 72
20 36 64 83 65 6
20 37 57 88 22 90
20 38 97 79 54 45
20 39 65 42 23 35
20 40 96 84 61 39
20 41 75 50 53 4
20 42 74 8 4 36
20 43 15 65 35 66
20 44 94 72 17 69
20 45 99 15 60 48
20 46 48 49 26 7
20 47 48 59 71 29
20 48 85 80 59 78
20 49 92 56 87 15
20 50 27 19 40 7
20 51 78 90 39 6
20 52 62 65 71 61
20 53 79 47 59 18
20 54 19 39 19 42
20 55 0 65 74 57
20 56 60 5 92 17
20 57 47 5 9 5
20 58 17 81 70 90
20 59 13 56 18 11
20 60 21 97 90 50
20 61 81 13 80 21
20 62 65 73 5 39
20 63 34 50 56 24
20 64 87 70 5 87
20 65 73 90 11 9
20 66 55 67 42 47
20 67 12 64 66 96
20 68 37 26 16 35
20 69 66 59 54 91
20 70 93 10 60 76
20 71 48 17 63 53
20 72 58 49 22 58
20 73 35 76 64 32
20 74 42 67 10 89
20 75 23 77 75 67
20 76 81 64 26 63
20 77 3 80 26 36
20 78 91 8 88 14
20 79 85 71 14 82
20 80 23 46 80 32
20 81 6 17 13 32
20 82 54 89 28 85
20 83 41 73 37 66
20 84 0 62 79 41
20 85 16 86 19 68
20 86 67 10 69 17
20 87 92 67 62 73
20 88 67 91 59 89
20 89 79 37 36 55
20 90 98 20 25 5
20 91 89 71 70 53
20 92 93 80 51 58
20 93 37 60 38 57
20 94 50 64 87 56
20 95 27 50 67 7
20 96 88 53 79 26
20 97 88 78 70 65
20 98 80 72 16 10
20 99 50 6 49 7
21 22 33 9 64 50
21 23 2 33 85 47
21 24 22 25 34 67
21 25 7 60 91 37
21 26 83 32 78 29
21 27 98 26 60 86
21 28 3 50 61 41
21 29 56 21 91 59
21 30 76 74 4 12
21 31 64 55 70 19
21 32 82 21 69 41
21 33 66 66 57 9
21 34 13 58 83 76
21 35 61 37 82 8
21 36 23 76 72 94
21 37 94 42 40 8
21 38 30 83 37 67
21 39 98 83 40 83
21 40 85 12 23 53
21 41 93 50 39 24
21 42 24 66 58 52
21 43 46 66 36 52
21 44 41 91 13 67
21 45 32 76 66 57
21 46 48 22 30 63
21 47 57 62 83 27
21 48 7 30 47 19
21 49 96 38 44 21
21 50 36 21 57 25
21 51 56 87 55 57
21 52 89 16 17 66
21 53 76 36 15 47
21 54 72 23 66 5
21 55 54 72 19 38
21 56 81 27 60 16
21 57 92 39 5 64
21 58 59 68 86 67
21 59 23 37 22 12
21 60 35 57 19 90
21 61 0 79 97 27
21 62 83 48 82 80
21 63 62 42 19 77
21 64 32 28 29 13
21 65 20 85 13 46
21 66 81 80 91 43
21 67 79 83 15 34
21 68 34 10 84 35
21 69 24 61 39 22
21 70 16 89 59 25
21 71 13 21 79 69
21 72 28 24 10 38
21 73 65 78 49 64
21 74 31 51 96 31
21 75 13 57 84 62
21 76 25 77 88 60
21 77 70 69 18 59
21 78 69 75 12 26
21 79 78 89 81 38
21 80 44 32 45 61
21 81 91 27 7 1
21 82 51 38 48 40
21 83 81 15 87 70
21 84 66 16 27 12
21 85 59 51 58 43
21 86 7 58 36 18
21 87 41 51 81 13
21 88 58 33 48 65
21 89 47 57 38 75
21 90 46 19 48 44
21 91 42 92 66 47
21 92 2 14 54 93
21 93 1 64 75 80
21 94 71 53 35 80
21 95 32 13 85 78
21 96 9 24 36 20
21 97 39 23 53 10
21 98 51 29 12 68
21 99 10 60 55 62
22 23 77 81 23 2
22 24 90 78 13 13
22 25 78 19 64 71
22 26 20 10 56 19
22 27 11 12 15 87
22 28 37 17 53 77
22 29 77 60 3 8
22 30 35 69 22 12
22 31 73 74 70 80
22 32 37 73 37 49
22 33 35 22 75 20
22 34 51 24 87 30
22 35 48 36 84 52
22 36 26 16 24 70
22 37 93 25 56 26
22 38 77 52 86 54
22 39 70 74 91 29
22 40 71 68 38 19
22 41 82 45 43 44
22 42 30 72 25 68
22 43 46 26 9 66
22 44 87 12 80 72
22 45 95 36 44 70
22 46 7 80 67 75
22 47 89 83 86 22
22 48 82 7 66 33
22 49 18 14 67 95
22 50 32 73 49 87
22 51 35 62 86 79
22 52 69 41 87 57
22 53 30 29 74 23
22 54 80 21 80 71
22 55 79 61 35 29
22 56 4 53 51 43
22 57 94 25 8 78
22 58 32 35 19 40
22 59 46 14 55 68
22 60 37 87 35 57
22 61 42 68 58 78
22 62 99 28 48 25
22 63 78 78 17 70
22 64 76 6 60 72
22 65 63 17 71 67
22 66 65 46 78 4
22 67 74 29 10 12
22 68 47 37 41 33
22 69 49 92 69 58
22 70 93 17 72 56
22 71 27 42 62 77
22 72 3 39 40 88
22 73 51 43 16 43
22 74 18 38 70 21
22 75 99 1 76 58
22 76 91 84 22 24
22 77 83 36 76 62
22 78 40 29 45 82
22 79 50 31 65 84
22 80 4 57 39 96
22 81 85 64 88 47
22 82 58 32 31 74
22 83 51 62 31 73
22 84 75 61 74 12
22 85 94 14 27 23
22 86 33 27 21 10
22 87 6 75 73 81
22 88 81 52 24 63
22 89 9 47 49 16
22 90 50 65 21 15
22 91 29 82 27 10
22 92 95 21 30 29
22 93 81 14 8 4
22 94 95 80 16 31
22 95 26 56 18 11
22 96 30 14 88 50
22 97 12 71 56 15
22 98 92 81 14 61
22 99 33 21 83 44
23 24 46 53 68 51
23 25 20 49 64 40
23 26 31 58 77 57
23 27 27 73 63 61
23 28 94 29 29 37
23 29 76 37 21 61
23 30 83 19 32 28
23 31 89 22 55 10
23 32 44 5 93 14
23 33 31 7 57 54
23 34 70 64 38 16
23 35 53 53 32 22
23 36 58 66 79 30
23 37 64 58 23 46
23 38 66 43 9 7
23 39 7 81 61 56
23 40 54 20 9 42
23 41 56 75 41 41
23 42 71 57 65 14
23 43 24 81 63 94
23 44 40 94 40 54
23 45 12 63 55 13
23 46 20 55 79 66
23 47 97 43 28 21
23 48 61 28 88 92
23 49 11 55 24 12
23 50 68 11 77 11
23 51 23 48 20 33
23 52 8 96 87 86
23 53 62 79 86 92
23 54 48 89 50 46
23 55 65 88 79 52
23 56 40 28 8 42
23 57 69 89 78 50
23 58 51 50 37 41
23 59 28 63 58 89
23 60 84 88 58 13
23 61 20 11 86 43
23 62 42 39 17 8
23 63 1 61 21 66
23 64 89 49 76 90
23 65 94 78 60 43
23 66 7 65 12 73
23 67 68 65 5 48
23 68 69 59 26 63
23 69 16 68 18 65
23 70 11 40 44 84
23 71 13 48 92 77
23 72 80 70 4 51
23 73 42 70 70 19
23 74 23 9 76 28
23 75 72 38 88 78
23 76 76 56 9 50
23 77 79 55 74 10
23 78 5 77 45 26
23 79 72 54 74 34
23 80 49 5 72 87
23 81 33 92 33 35
23 82 0 62 50 39
23 83 29 96 9 72
23 84 52 15 41 37
23 85 67 52 10 41
23 86 24 29 16 66
23 87 88 16 21 37
23 88 49 80 63 51
23 89 46 63 45 43
23 90 94 31 24 25
23 91 26 86 13 67
23 92 41 75 89 9
23 93 15 10 90 19
23 94 92 87 46 48
23 95 50 27 26 91
23 96 38 62 85 18
23 97 62 77 77 31
23 98 45 57 71 61
23 99 49 64 65 84
24 25 87 77 81 43
24 26 53 84 83 7
24 27 39 65 89 40
24 28 32 29 90 14
24 29 20 79 85 37
24 30 49 68 49 58
24 31 76 42 19 46
24 32 47 61 70 78
24 33 31 72 59 25
24 34 87 88 72 28
24 35 58 23 54 26
24 36 75 71 48 49
24 37 47 20 52 36
24 38 20 93 31 32
24 39 5 92 85 98
24 40 81 24 36 10
24 41 25 14 66 29
24 42 34 88 86 80
24 43 25 48 84 95
24 44 38 93 29 16
24 45 72 73 36 80
24 46 56 38 73 28
24 47 31 47 38 91
24 48 0 92 77 28
24 49 99 28 74 76
24 50 90 26 57 63
24 51 79 8 25 16
24 52 78 21 34 55
24 53 78 12 62 69
24 54 97 35 27 29
24 55 64 15 48 73
24 56 48 39 19 47
24 57 97 34 60 21
24 58 67 46 39 72
24 59 57 9 41 79
24 60 17 63 87 95
24 61 44 95 72 58
24 62 81 14 63 40
24 63 54 18 11 33
24 64 1 54 36 16
24 65 17 88 53 54
24 66 48 59 60 86
24 67 58 91 19 60
24 68 50 22 68 18
24 69 83 71 20 18
24 70 59 19 54 65
24 71 34 43 29 48
24 72 13 38 97 60
24 73 39 12 31 40
24 74 1 93 94 23
24 75 0 57 45 67
24 76 68 63 53 68
24 77 8 81 61 85
24 78 59 6 79 38
24 79 56 90 81 90
24 80 91 54 19 27
24 81 69 9 84 36
24 82 97 1 84 37
24 83 53 67 49 19
24 84 71 22 71 38
24 85 9 82 76 27
24 86 29 90 93 14
24 87 79 47 28 66
24 88 41 46 51 84
24 89 53 6 17 68
24 90 19 52 55 18
24 91 97 18 28 40
24 92 78 23 14 32
24 93 74 44 16 88
24 94 40 66 81 46
24 95 73 86 87 69
24 96 25 78 50 41
24 97 76 21 47 83
24 98 70 80 60 79
24 99 96 9 74 64
25 26 52 9 56 12
25 27 18 50 38 74
25 28 33 39 93 45
25 29 20 14 30 13
25 30 13 40 71 73
25 31 54 38 62 79
25 32 62 54 38 4
25 33 15 59 33 29
25 34 93 64 87 78
25 35 33 58 24 78
25 36 89 58 76 24
25 37 90 66 36 65
25 38 64 4 56 78
25 39 11 71 53 68
25 40 60 90 80 50
25 41 37 28 70 66
25 42 63 83 42 9
25 43 31 75 42 91
25 44 21 61 33 38
25 45 11 38 96 19
25 46 38 55 68 65
25 47 50 58 82 61
25 48 94 50 41 89
25 49 50 36 84 45
25 50 71 87 61 53
25 51 67 28 27 48
25 52 19 41 10 66
25 53 2 66 60 48
25 54 89 57 15 78
25 55 97 82 88 82
25 56 41 12 41 16
25 57 15 51 46 21
25 58 28 89 56 16
25 59 77 24 60 29
25 60 25 63 30 39
25 61 70 45 77 49
25 62 81 14 61 34
25 63 41 53 12 8
25 64 16 68 30 57
25 65 0 72 93 80
25 66 50 76 94 31
25 67 30 83 76 92
25 68 40 12 40 95
25 69 73 43 28 67
25 70 28 52 30 56
25 71 46 27 14 27
25 72 34 33 64 36
25 73 51 64 59 94
25 74 65 68 86 80
25 75 32 88 94 25
25 76 74 50 25 85
25 77 77 55 55 22
25 78 40 75 13 6
25 79 68 79 27 11
25 80 41 68 66 62
25 81 83 41 15 86
25 82 87 66 78 61
25 83 56 63 31 61
25 84 85 50 62 27
25 85 71 17 87 55
25 86 55 46 88 81
25 87 58 47 28 30
25 88 84 76 6 90
25 89 25 34 59 76
25 90 3 85 12 55
25 91 79 14 14 23
25 92 18 11 73 86
25 93 35 83 24 77
25 94 76 52 50 64
25 95 99 27 8 37
25 96 54 81 6 14
25 97 41 27 22 67
25 98 22 95 28 87
25 99 60 41 69 66
26 27 26 26 75 27
26 28 48 35 43 79
26 29 78 48 64 91
26 30 93 11 89 52
26 31 41 75 56 73
26 32 65 46 34 47
26 33 46 19 39 61
26 34 64 59 12 54
26 35 76 60 30 7
26 36 51 32 66 63
26 37 66 33 48 65
26 38 25 80 74 30
26 39 28 80 87 41
26 40 16 47 85 91
26 41 6 47 20 93
26 42 75 36 58 6
26 43 73 29 21 43
26 44 36 36 81 42
26 45 38 52 91 42
26 46 63 51 41 66
26 47 40 37 11 43
26 48 44 39 20 35
26 49 35 27 96 60
26 50 88 28 27 86
26 51 55 62 10 54
26 52 73 34 45 2
26 53 72 62 54 84
26 54 15 53 61 28
26 55 59 29 73 54
26 56 41 61 79 35
26 57 68 63 40 70
26 58 33 38 95 74
26 59 16 50 29 12
26 60 7 55 29 24
26 61 18 97 15 65
26 62 0 20 79 91
26 63 51 64 46 30
26 64 60 64 54 40
26 65 67 85 28 15
26 66 28 96 59 80
26 67 71 68 56 88
26 68 27 36 55 77
26 69 20 19 18 19
26 70 20 73 27 17
26 71 73 29 48 17
26 72 21 26 90 69
26 73 91 87 12 46
26 74 50 16 19 58
26 75 23 8 14 34
26 76 87 50 86 20
26 77 73 5 35 12
26 78 1 19 17 65
26 79 48 69 67 19
26 80 23 48 50 61
26 81 94 79 67 60
26 82 76 53 41 33
26 83 94 21 54 52
26 84 57 87 42 7
26 85 20 47 8 90
26 86 46 42 57 49
26 87 28 66 82 82
26 88 86 9 38 58
26 89 33 43 83 20
26 90 68 24 13 30
26 91 93 27 56 65
26 92 92 40 28 35
26 93 56 26 40 69
26 94 90 39 37 12
26 95 95 39 27 41
26 96 64 24 85 64
26 97 21 79 44 21
26 98 38 44 16 11
26 99 94 17 29 10
27 28 75 86 23 4
27 29 35 36 21 67
27 30 84 44 11 23
27 31 55 67 68 67
27 32 78 39 45 5
27 33 56 89 73 27
27 34 20 15 59 40
27 35 92 81 69 1
27 36 95 28 2 33
27 37 99 36 42 23
27 38 60 92 29 10
27 39 58 55 82 93
27 40 25 95 67 95
27 41 30 41 30 13
27 42 54 64 12 6
27 43 25 89 87 36
27 44 51 34 52 5
27 45 39 8 27 95
27 46 0 16 50 23
27 47 93 75 72 44
27 48 38 68 67 81
27 49 42 20 81 27
27 50 20 29 35 87
27 51 49 70 53 22
27 52 67 18 46 91
27 53 41 80 15 21
27 54 47 57 83 90
27 55 13 24 81 50
27 56 69 78 85 28
27 57 87 27 51 40
27 58 91 80 30 49
27 59 8 10 85 15
27 60 32 92 94 69
27 61 78 84 33 4
27 62 42 53 81 83
27 63 1 91 35 40
27 64 12 61 59 33
27 65 9 15 26 30
27 66 90 67 55 76
27 67 89 64 53 45
27 68 60 63 67 41
27 69 53 77 60 26
27 70 83 48 50 43
27 71 29 18 71 47
27 72 60 54 32 7
27 73 77 51 24 5
27 74 73 27 31 33
27 75 44 67 51 8
27 76 45 51 79 38
27 77 0 63 77 51
27 78 0 54 44 40
27 79 58 77 7 84
27 80 95 13 27 66
27 81 4 21 33 17
27 82 97 86 56 78
27 83 47 48 35 54
27 84 24 91 89 25
27 85 22 56 43 66
27 86 65 42 48 20
27 87 25 36 36 16
27 88 68 8 82 43
27 89 58 81 78 46
27 90 85 63 29 53
27 91 37 16 27 67
27 92 89 38 19 68
27 93 34 24 44 18
27 94 80 82 80 39
27 95 11 39 43 48
27 96 77 25 15 58
27 97 29 18 74 77
27 98 65 35 12 53
27 99 53 36 91 42
28 29 16 65 92 80
28 30 58 10 44 25
28 31 60 45 20 81
28 32 42 88 19 22
28 33 63 83 31 15
28 34 26 36 61 18
28 35 31 63 18 43
28 36 35 10 59 17
28 37 88 62 72 60
28 38 97 42 89 40
28 39 19 91 71 33
28 40 14 81 62 40
28 41 37 53 57 86
28 42 72 42 80 90
28 43 72 49 38 67
28 44 60 9 69 37
28 45 65 73 61 34
28 46 44 46 25 11
28 47 30 15 94 9
28 48 14 70 20 76
28 49 19 18 19 92
28 50 4 46 12 84
28 51 48 26 87 86
28 52 78 81 88 16
28 53 66 40 43 16
28 54 85 19 54 28
28 55 9 51 30 36
28 56 35 60 46 48
28 57 2 87 33 79
28 58 56 37 43 34
28 59 30 84 82 7
28 60 20 69 41 84
28 61 36 85 79 47
28 62 8 82 40 50
28 63 42 68 67 44
28 64 4 60 44 17
28 65 47 73 23 39
28 66 21 66 42 95
28 67 51 51 74 79
28 68 90 9 64 36
28 69 62 47 27 91
28 70 7 45 24 80
28 71 88 21 57 61
28 72 80 46 22 16
28 73 95 5 52 76
28 74 63 19 63 93
28 75 98 71 10 33
28 76 1 27 87 78
28 77 28 60 45 89
28 78 30 75 72 22
28 79 78 18 61 19
28 80 7 94 58 13
28 81 83 66 23 30
28 82 68 40 78 6
28 83 13 27 15 23
28 84 15 39 90 68
28 85 91 56 80 7
28 86 29 61 7 8
28 87 68 7 5 15
28 88 78 65 41 54
28 89 93 23 71 18
28 90 34 72 19 79
28 91 70 21 54 57
28 92 8 11 25 90
28 93 76 91 90 72
28 94 53 42 22 25
28 95 31 44 67 33
28 96 49 23 40 29
28 97 84 34 3 32
28 98 92 7 87 61
28 99 54 9 9 89
29 30 23 65 54 66
29 31 25 18 66 84
29 32 26 53 97 23
29 33 93 90 23 61
29 34 38 61 18 35
29 35 75 18 83 52
29 36 10 17 86 28
29 37 71 56 74 41
29 38 8 32 98 57
29 39 70 28 74 69
29 40 38 24 93 12
29 41 66 66 6 46
29 42 51 57 9 52
29 43 88 52 71 48
29 44 13 29 59 53
29 45 6 15 20 59
29 46 67 41 79 83
29 47 58 10 35 51
29 48 85 51 54 69
29 49 31 75 38 46
29 50 4 44 30 13
29 51 22 84 23 40
29 52 94 30 40 9
29 53 30 66 91 51
29 54 16 59 91 11
29 55 38 13 70 70
29 56 7 23 85 91
29 57 79 75 21 79
29 58 42 17 6 86
29 59 83 14 2 84
29 60 40 62 39 28
29 61 94 60 65 83
29 62 99 70 75 45
29 63 65 84 66 80
29 64 37 76 61 39
29 65 49 83 17 42
29 66 15 52 94 79
29 67 58 75 46 15
29 68 45 29 48 77
29 69 28 13 77 61
29 70 28 69 21 78
29 71 60 55 9 29
29 72 92 54 49 36
29 73 13 90 32 62
29 74 4 35 96 88
29 75 61 64 58 30
29 76 8 92 71 36
29 77 47 77 65 51
29 78 82 36 32 38
29 79 25 9 21 48
29 80 90 68 44 45
29 81 42 68 47 74
29 82 42 75 30 55
29 83 78 33 88 5
29 84 61 49 32 71
29 85 38 74 63 18
29 86 34 40 38 50
29 87 74 41 44 73
29 88 98 22 33 39
29 89 61 19 8 12
29 90 16 77 10 40
29 91 24 66 43 76
29 92 25 57 78 14
29 93 83 90 41 26
29 94 1 66 16 24
29 95 79 90 38 48
29 96 37 26 77 11
29 97 14 86 37 72
29 98 47 10 55 20
29 99 95 61 68 81
30 31 70 10 60 79
30 32 85 20 58 2
30 33 62 30 64 75
30 34 45 62 66 42
30 35 87 90 23 75
30 36 79 30 55 17
30 37 46 79 38 59
30 38 61 84 82 71
30 39 11 84 80 28
30 40 10 43 81 78
30 41 81 37 10 63
30 42 8 79 43 89
30 43 0 42 58 50
30 44 65 78 50 19
30 45 66 39 45 82
30 46 87 52 39 76
30 47 40 71 29 74
30 48 55 21 37 92
30 49 31 23 82 72
30 50 73 57 69 22
30 51 64 38 41 68
30 52 64 91 51 66
30 53 34 68 50 79
30 54 70 51 45 45
30 55 53 77 83 59
30 56 90 15 4 79
30 57 99 52 43 89
30 58 6 82 69 44
30 59 39 62 81 56
30 60 41 66 60 90
30 61 14 81 91 74
30 62 88 67 8 78
30 63 18 10 17 76
30 64 46 79 84 59
30 65 99 48 15 57
30 66 48 83 85 64
30 67 63 50 52 30
30 68 87 4 57 56
30 69 0 75 80 48
30 70 20 34 85 55
30 71 52 32 78 93
30 72 73 30 20 4
30 73 84 55 67 84
30 74 1 10 35 13
30 75 14 97 93 90
30 76 53 86 39 10
30 77 81 84 27 69
30 78 87 62 84 41
30 79 26 51 63 56
30 80 11 95 60 95
30 81 37 15 71 12
30 82 87 30 32 74
30 83 14 86 19 90
30 84 98 85 49 11
30 85 25 22 30 15
30 86 93 15 78 20
30 87 2 46 90 80
30 88 53 67 69 78
30 89 53 67 80 30
30 90 16 42 80 93
30 91 32 31 83 28
30 92 49 45 62 24
30 93 70 39 5 49
30 94 63 69 40 8
30 95 78 11 20 68
30 96 30 7 73 89
30 97 73 29 28 16
30 98 36 83 13 15
30 99 1 85 78 96
31 32 12 71 26 64
31 33 6 57 58 43
31 34 50 92 61 89
31 35 9 24 20 94
31 36 27 89 29 90
31 37 9 50 56 97
31 38 14 43 22 76
31 39 95 27 75 38
31 40 41 48 59 55
31 41 68 5 78 90
31 42 73 89 83 71
31 43 48 48 56 71
31 44 80 18 86 88
31 45 6 53 83 78
31 46 32 73 44 93
31 47 95 66 6 84
31 48 99 60 64 46
31 49 31 94 62 57
31 50 88 75 3 57
31 51 10 62 49 76
31 52 95 61 39 79
31 53 56 84 33 37
31 54 58 66 18 18
31 55 61 6 17 13
31 56 79 34 2 15
31 57 10 33 56 78
31 58 40 87 19 30
31 59 37 57 34 83
31 60 8 31 53 82
31 61 99 29 9 79
31 62 84 31 48 57
31 63 74 15 23 42
31 64 92 8 51 86
31 65 14 77 28 64
31 66 33 50 85 32
31 67 81 16 83 16
31 68 34 86 45 63
31 69 27 59 54 26
31 70 59 12 61 43
31 71 5 79 25 35
31 72 45 45 87 47
31 73 96 60 65 15
31 74 49 60 86 48
31 75 8 60 55 54
31 76 66 67 71 89
31 77 34 95 10 76
31 78 36 41 49 93
31 79 84 2 31 49
31 80 34 48 17 45
31 81 26 49 72 10
31 82 37 72 60 77
31 83 24 76 79 53
31 84 93 41 24 59
31 85 21 32 20 48
31 86 17 54 11 40
31 87 13 93 39 75
31 88 92 22 19 52
31 89 4 75 33 87
31 90 19 15 96 11
31 91 90 55 70 65
31 92 85 87 25 75
31 93 4 18 17 39
31 94 28 56 26 90
31 95 53 15 55 28
31 96 67 7 21 62
31 97 4 11 43 62
31 98 6 77 60 17
31 99 70 17 33 17
32 33 46 57 71 20
32 34 4 98 50 46
32 35 33 35 81 85
32 36 81 21 45 13
32 37 35 70 48 94
32 38 52 77 71 19
32 39 56 87 58 35
32 40 87 44 19 55
32 41 62 5 24 12
32 42 59 15 74 17
32 43 4 71 77 31
32 44 70 84 72 60
32 45 14 75 38 19
32 46 86 71 79 72
32 47 30 39 22 8
32 48 14 75 39 33
32 49 86 14 17 11
32 50 98 69 64 58
32 51 16 92 56 90
32 52 70 12 17 15
32 53 98 52 79 83
32 54 40 23 19 40
32 55 11 77 81 20
32 56 68 22 31 37
32 57 3 97 65 93
32 58 0 23 52 18
32 59 73 46 15 53
32 60 33 12 26 70
32 61 92 16 66 89
32 62 70 10 79 53
32 63 75 88 31 62
32 64 6 75 31 72
32 65 6 91 27 97
32 66 5 12 17 33
32 67 51 76 58 84
32 68 54 44 5 49
32 69 47 68 19 26
32 70 28 30 16 56
32 71 61 23 70 67
32 72 68 40 52 85
32 73 6 91 87 50
32 74 43 77 42 53
32 75 98 52 15 78
32 76 14 59 76 51
32 77 61 8 30 58
32 78 15 67 33 39
32 79 63 31 27 38
32 80 11 10 47 57
32 81 65 41 4 5
32 82 38 59 17 56
32 83 19 33 36 32
32 84 84 15 74 36
32 85 76 33 54 78
32 86 12 83 42 55
32 87 0 48 86 53
32 88 8 76 88 14
32 89 37 46 76 26
32 90 70 59 64 62
32 91 62 32 50 85
32 92 74 9 24 13
32 93 25 23 38 86
32 94 87 60 44 64
32 95 40 83 60 21
32 96 25 30 84 89
32 97 22 79 61 57
32 98 50 89 43 93
32 99 19 69 64 24
33 34 46 63 86 18
33 35 52 25 85 39
33 36 98 30 30 84
33 37 47 12 58 62
33 38 44 91 28 78
33 39 28 37 46 76
33 40 92 10 61 64
33 41 67 35 81 11
33 42 93 41 73 32
33 43 9 13 64 45
33 44 35 18 56 42
33 45 44 78 8 62
33 46 67 44 63 4
33 47 94 57 65 27
33 48 66 74 72 62
33 49 63 25 68 57
33 50 37 72 49 22
33 51 37 23 94 67
33 52 39 16 73 46
33 53 2 36 32 88
33 54 94 3 49 29
33 55 13 98 20 91
33 56 69 56 74 41
33 57 7 65 98 88
33 58 49 72 78 83
33 59 72 42 85 64
33 60 56 40 60 33
33 61 82 69 17 1
33 62 65 14 92 21
33 63 60 33 73 40
33 64 38 76 63 41
33 65 52 74 72 38
33 66 17 64 62 9
33 67 16 78 11 58
33 68 48 63 9 87
33 69 19 51 17 56
33 70 29 37 32 65
33 71 62 36 85 74
33 72 74 78 43 52
33 73 1 96 33 13
33 74 26 97 60 50
33 75 60 34 28 47
33 76 25 25 59 63
33 77 26 67 46 30
33 78 59 67 15 68
33 79 92 24 19 80
33 80 3 90 18 41
33 81 97 69 88 68
33 82 8 9 37 29
33 83 11 9 76 79
33 84 9 69 25 34
33 85 43 17 40 21
33 86 18 45 65 96
33 87 64 25 33 84
33 88 83 62 54 43
33 89 80 68 30 76
33 90 58 34 77 47
33 91 91 45 53 59
33 92 50 54 92 62
33 93 13 38 9 62
33 94 34 90 28 82
33 95 14 20 40 81
33 96 45 92 62 36
33 97 22 26 22 38
33 98 65 26 13 90
33 99 29 79 60 74
34 35 46 55 33 89
34 36 65 40 74 59
34 37 23 27 34 92
34 38 18 89 10 10
34 39 11 33 12 76
34 40 28 68 21 89
34 41 25 56 97 34
34 42 40 63 46 47
34 43 4 55 68 21
34 44 22 63 24 73
34 45 31 38 29 48
34 46 48 29 82 72
34 47 82 72 31 48
34 48 66 13 52 66
34 49 72 86 83 20
34 50 28 21 78 82
34 51 29 59 84 7
34 52 5 53 35 81
34 53 50 50 69 62
34 54 23 92 25 39
34 55 18 10 80 80
34 56 33 24 42 46
34 57 61 16 60 32
34 58 69 19 16 28
34 59 31 84 14 96
34 60 45 77 78 58
34 61 83 33 58 20
34 62 50 91 32 55
34 63 8 28 45 13
34 64 2 14 87 66
34 65 35 70 29 80
34 66 74 37 68 67
34 67 84 72 9 31
34 68 0 65 71 77
34 69 9 19 65 83
34 70 73 60 19 14
34 71 9 62 36 93
34 72 19 44 67 42
34 73 67 81 53 58
34 74 36 90 23 25
34 75 24 38 37 40
34 76 70 54 41 52
34 77 46 35 36 9
34 78 41 44 36 11
34 79 93 24 8 22
34 80 14 89 77 87
34 81 68 87 45 34
34 82 36 60 91 26
34 83 20 33 30 67
34 84 31 14 8 66
34 85 48 53 89 35
34 86 94 73 65 49
34 87 32 81 74 21
34 88 99 0 15 10
34 89 62 45 46 35
34 90 94 73 34 36
34 91 68 62 37 72
34 92 73 37 49 46
34 93 71 83 70 68
34 94 57 15 43 31
34 95 38 23 81 47
34 96 89 17 88 61
34 97 99 27 49 47
34 98 60 71 45 80
34 99 22 57 43 22
35 36 86 80 22 28
35 37 46 83 38 58
35 38 35 61 35 57
35 39 43 13 76 38
35 40 75 89 59 64
35 41 79 12 59 14
35 42 53 9 91 11
35 43 27 8 88 68
35 44 37 23 34 17
35 45 64 42 61 80
35 46 55 30 47 5
35 47 97 81 31 88
35 48 11 39 39 25
35 49 69 65 14 12
35 50 2 32 93 84
35 51 90 17 14 51
35 52 0 50 17 82
35 53 16 64 93 62
35 54 62 4 76 59
35 55 46 9 21 39
35 56 34 34 40 30
35 57 7 49 41 58
35 58 15 66 60 33
35 59 77 78 40 20
35 60 79 84 39 69
35 61 39 7 77 19
35 62 85 10 64 82
35 63 56 60 42 75
35 64 31 43 82 62
35 65 84 79 88 14
35 66 51 69 57 32
35 67 57 57 82 71
35 68 89 49 6 60
35 69 57 24 73 79
35 70 46 33 16 65
35 71 92 78 63 17
35 72 13 47 83 43
35 73 54 74 82 73
35 74 26 61 34 20
35 75 14 55 74 78
35 76 85 37 90 45
35 77 63 36 4 34
35 78 71 9 61 15
35 79 69 29 49 88
35 80 49 70 10 65
35 81 84 63 69 76
35 82 48 6 66 41
35 83 66 88 25 39
35 84 54 45 4 67
35 85 87 12 54 55
35 86 69 87 58 65
35 87 58 23 25 21
35 88 3 90 79 82
35 89 54 50 78 43
35 90 82 61 78 15
35 91 93 49 13 10
35 92 23 69 13 14
35 93 42 29 28 68
35 94 13 77 63 32
35 95 91 38 40 29
35 96 81 53 91 32
35 97 86 53 10 57
35 98 28 23 32 69
35 99 65 9 44 29
36 37 20 88 60 56
36 38 16 35 62 39
36 39 98 19 60 14
36 40 78 43 65 46
36 41 49 69 60 17
36 42 41 86 20 23
36 43 85 87 3 41
36 44 31 87 54 76
36 45 46 25 84 20
36 46 0 72 35 99
36 47 8 27 48 18
36 48 9 94 84 30
36 49 74 44 30 39
36 50 13 91 15 79
36 51 27 77 17 38
36 52 91 49 16 65
36 53 32 94 40 39
36 54 61 28 37 89
36 55 9 75 95 86
36 56 70 46 9 76
36 57 51 46 84 9
36 58 1 62 84 37
36 59 89 32 26 29
36 60 35 47 51 20
36 61 87 60 60 56
36 62 9 48 74 20
36 63 10 60 92 9
36 64 29 68 50 84
36 65 3 72 89 41
36 66 10 76 29 68
36 67 99 48 6 40
36 68 71 43 87 18
36 69 89 29 66 7
36 70 22 46 80 29
36 71 16 15 62 42
36 72 5 38 89 88
36 73 63 29 12 69
36 74 24 66 49 88
36 75 68 33 65 48
36 76 57 60 57 66
36 77 94 52 88 40
36 78 76 74 4 25
36 79 1 42 33 79
36 80 85 21 83 44
36 81 99 25 24 68
36 82 42 79 74 59
36 83 47 19 26 40
36 84 0 89 39 42
36 85 15 38 78 57
36 86 1 27 76 26
36 87 1 17 25 99
36 88 17 62 54 52
36 89 36 37 32 20
36 90 97 10 77 64
36 91 19 55 59 21
36 92 79 78 9 40
36 93 86 38 39 12
36 94 56 69 70 25
36 95 18 10 64 26
36 96 40 37 41 43
36 97 4 40 21 47
36 98 88 87 48 1
36 99 52 72 41 45
37 38 43 19 64 52
37 39 52 40 88 71
37 40 59 20 91 7
37 41 98 86 66 55
37 42 63 63 64 7
37 43 64 6 91 81
37 44 81 36 18 86
37 45 56 13 35 46
37 46 77 59 49 68
37 47 39 33 78 41
37 48 57 6 43 13
37 49 76 17 26 7
37 50 76 5 63 4
37 51 40 31 70 12
37 52 3 57 26 99
37 53 76 12 36 85
37 54 70 80 42 48
37 55 47 7 19 19
37 56 11 77 70 19
37 57 99 11 7 32
37 58 8 48 94 66
37 59 2 67 72 38
37 60 8 56 91 37
37 61 20 58 89 10
37 62 63 58 31 25
37 63 29 17 18 88
37 64 14 61 12 73
37 65 75 11 2 40
37 66 79 51 38 40
37 67 58 78 8 57
37 68 63 3 14 49
37 69 68 68 57 66
37 70 18 27 10 72
37 71 13 28 82 80
37 72 54 13 54 92
37 73 88 89 61 46
37 74 54 68 13 81
37 75 74 41 74 20
37 76 26 42 26 97
37 77 69 5 14 54
37 78 9 60 54 70
37 79 80 50 39 66
37 80 78 44 85 8
37 81 43 12 53 82
37 82 81 84 50 71
37 83 7 94 59 34
37 84 28 92 58 46
37 85 0 98 76 80
37 86 55 61 64 37
37 87 41 14 80 67
37 88 77 10 6 41
37 89 5 65 15 76
37 90 35 53 22 39
37 91 97 69 68 5
37 92 17 41 88 53
37 93 69 54 27 84
37 94 31 65 79 26
37 95 24 90 56 80
37 96 58 26 11 80
37 97 60 17 19 51
37 98 8 93 17 56
37 99 42 79 60 91
38 39 28 75 24 23
38 40 44 35 22 66
38 41 27 70 56 17
38 42 89 8 45 90
38 43 20 92 17 36
38 44 41 95 42 10
38 45 82 35 35 25
38 46 33 62 33 76
38 47 40 75 30 55
38 48 24 31 41 29
38 49 44 68 42 33
38 50 42 12 62 95
38 51 67 73 18 79
38 52 11 89 36 52
38 53 63 72 23 64
38 54 73 80 6 6
38 55 18 94 89 11
38 56 46 22 44 92
38 57 50 93 70 59
38 58 2 29 53 13
38 59 95 8 68 90
38 60 31 10 87 35
38 61 90 32 14 21
38 62 16 19 44 95
38 63 23 91 31 38
38 64 98 31 16 48
38 65 42 31 86 84
38 66 50 37 84 11
38 67 95 81 3 28
38 68 40 81 16 20
38 69 39 16 48 57
38 70 84 6 88 47
38 71 68 87 23 85
38 72 48 58 19 38
38 73 43 93 56 21
38 74 17 17 15 69
38 75 75 64 49 50
38 76 58 89 60 91
38 77 93 35 8 54
38 78 95 7 10 38
38 79 61 25 56 12
38 80 22 13 49 13
38 81 33 14 15 80
38 82 62 86 44 16
38 83 87 7 16 7
38 84 82 76 28 8
38 85 47 17 43 53
38 86 95 13 81 38
38 87 89 85 21 34
38 88 20 47 68 56
38 89 74 90 76 46
38 90 79 41 84 31
38 91 62 71 21 35
38 92 16 28 61 34
38 93 53 27 85 27
38 94 42 74 66 94
38 95 17 39 91 68
38 96 46 78 63 49
38 97 47 69 63 63
38 98 8 89 75 20
38 99 83 13 27 83
39 40 29 59 54 69
39 41 33 70 87 14
39 42 8 48 59 22
39 43 59 68 57 69
39 44 61 61 46 78
39 45 10 56 46 42
39 46 95 49 42 55
39 47 16 94 38 44
39 48 50 79 17 50
39 49 78 78 19 32
39 50 77 73 71 81
39 51 58 93 5 72
39 52 30 84 17 93
39 53 48 92 83 43
39 54 33 73 79 89
39 55 15 80 25 75
39 56 59 47 82 80
39 57 50 78 27 37
39 58 23 71 79 22
39 59 21 76 20 57
39 60 34 78 42 13
39 61 93 21 21 65
39 62 3 22 97 16
39 63 55 73 49 55
39 64 73 58 86 48
39 65 4 16 92 73
39 66 38 12 65 19
39 67 27 76 84 25
39 68 73 15 59 23
39 69 11 29 42 47
39 70 8 79 70 13
39 71 68 74 17 83
39 72 40 34 38 24
39 73 54 55 13 12
39 74 5 11 14 82
39 75 24 29 10 12
39 76 61 18 30 41
39 77 69 81 40 8
39 78 97 13 15 37
39 79 54 14 44 16
39 80 5 82 81 85
39 81 0 16 76 96
39 82 63 12 51 77
39 83 72 11 32 50
39 84 45 85 61 59
39 85 85 86 44 21
39 86 51 28 87 15
39 87 89 28 2 85
39 88 29 9 81 64
39 89 89 25 83 73
39 90 86 39 26 22
39 91 26 65 84 87
39 92 67 78 18 80
39 93 29 96 72 9
39 94 28 28 91 27
39 95 31 55 62 85
39 96 94 69 87 71
39 97 57 62 42 46
39 98 61 48 25 51
39 99 39 24 75 64
40 41 77 49 50 31
40 42 0 13 81 34
40 43 74 71 38 35
40 44 71 61 60 10
40 45 82 41 73 32
40 46 67 77 71 36
40 47 10 86 40 44
40 48 50 70 87 65
40 49 12 46 42 78
40 50 84 85 53 55
40 51 67 27 89 76
40 52 20 15 42 10
40 53 6 66 88 47
40 54 99 13 51 28
40 55 30 26 61 18
40 56 12 70 23 55
40 57 88 90 72 52
40 58 34 38 33 43
40 59 53 73 78 13
40 60 84 21 62 60
40 61 1 39 85 16
40 62 26 96 65 94
40 63 67 42 13 46
40 64 41 12 11 61
40 65 23 29 29 59
40 66 19 97 88 56
40 67 7 54 75 97
40 68 26 51 76 10
40 69 42 43 21 91
40 70 16 51 19 90
40 71 55 89 60 66
40 72 72 63 84 77
40 73 35 24 28 31
40 74 14 68 52 83
40 75 77 69 29 90
40 76 63 33 34 33
40 77 11 53 66 42
40 78 78 15 84 36
40 79 84 5 82 3
40 80 19 11 50 61
40 81 36 75 51 94
40 82 27 42 28 96
40 83 35 41 36 14
40 84 14 88 68 45
40 85 38 34 91 61
40 86 89 54 17 35
40 87 16 43 41 21
40 88 60 72 42 44
40 89 45 62 92 24
40 90 82 10 48 87
40 91 67 54 81 64
40 92 1 51 73 38
40 93 53 70 89 87
40 94 82 27 4 63
40 95 98 56 75 23
40 96 41 13 75 48
40 97 96 26 27 67
40 98 30 66 95 86
40 99 91 52 56 70
41 42 89 44 21 13
41 43 9 88 41 78
41 44 68 50 18 43
41 45 61 88 44 68
41 46 33 95 42 75
41 47 74 35 17 87
41 48 94 65 57 73
41 49 92 13 1 49
41 50 9 76 52 24
41 51 25 43 70 14
41 52 7 21 21 83
41 53 99 56 68 65
41 54 51 74 40 51
41 55 24 21 50 74
41 56 45 35 12 74
41 57 57 41 88 26
41 58 39 7 6 74
41 59 19 78 49 10
41 60 12 34 76 58
41 61 35 79 50 74
41 62 90 45 74 36
41 63 62 81 48 37
41 64 7 62 22 19
41 65 20 13 61 74
41 66 21 97 77 33
41 67 19 81 34 82
41 68 41 91 40 19
41 69 92 67 41 14
41 70 28 44 43 80
41 71 73 45 42 13
41 72 53 67 17 30
41 73 93 51 40 90
41 74 22 22 89 53
41 75 0 83 45 24
41 76 32 71 34 87
41 77 10 43 28 94
41 78 68 88 89 29
41 79 75 28 69 24
41 80 68 56 51 9
41 81 47 80 21 78
41 82 19 76 43 18
41 83 14 62 33 24
41 84 91 53 27 18
41 85 47 28 70 73
41 86 9 60 41 61
41 87 50 7 46 74
41 88 51 58 68 48
41 89 80 75 78 57
41 90 15 87 40 29
41 91 57 80 78 17
41 92 71 36 70 17
41 93 91 77 22 45
41 94 22 42 20 81
41 95 0 62 74 25
41 96 8 70 66 52
41 97 79 15 7 27
41 98 40 70 41 51
41 99 92 16 21 68
42 43 97 51 53 84
42 44 45 9 58 93
42 45 7 36 89 49
42 46 98 50 38 7
42 47 67 63 37 80
42 48 41 77 46 56
42 49 29 55 58 89
42 50 90 88 81 81
42 51 94 17 27 57
42 52 63 92 67 89
42 53 52 51 42 57
42 54 29 51 91 48
42 55 67 8 87 58
42 56 27 74 92 95
42 57 32 91 54 21
42 58 21 14 26 21
42 59 47 85 90 84
42 60 76 92 18 90
42 61 54 8 92 81
42 62 2 37 22 20
42 63 30 72 10 9
42 64 81 78 42 18
42 65 74 74 53 55
42 66 10 93 98 70
42 67 71 42 73 84
42 68 49 16 83 9
42 69 84 70 31 6
42 70 46 48 91 19
42 71 92 42 15 75
42 72 25 73 79 55
42 73 34 8 15 86
42 74 12 24 43 60
42 75 15 15 16 85
42 76 49 66 89 72
42 77 47 75 81 5
42 78 49 15 22 58
42 79 83 31 79 49
42 80 55 84 39 13
42 81 8 40 53 37
42 82 72 64 64 10
42 83 98 44 15 81
42 84 39 90 80 51
42 85 87 10 81 22
42 86 80 86 61 13
42 87 69 73 89 71
42 88 58 63 26 91
42 89 16 95 83 53
42 90 44 73 85 15
42 91 9 76 52 75
42 92 96 89 71 69
42 93 6 76 72 66
42 94 6 42 99 20
42 95 76 71 8 76
42 96 89 51 13 65
42 97 30 95 9 25
42 98 34 12 49 93
42 99 3 23 49 24
43 44 96 31 60 12
43 45 7 47 10 87
43 46 92 30 65 14
43 47 48 22 39 36
43 48 36 7 85 60
43 49 9 12 65 78
43 50 23 65 86 33
43 51 20 58 46 44
43 52 39 73 75 54
43 53 29 39 73 26
43 54 72 43 27 42
43 55 21 28 16 48
43 56 96 58 64 40
43 57 95 54 46 17
43 58 48 58 91 42
43 59 37 38 81 50
43 60 48 54 10 86
43 61 29 93 31 73
43 62 46 45 60 43
43 63 14 67 65 48
43 64 94 39 4 5
43 65 78 16 10 32
43 66 27 89 64 82
43 67 48 12 12 57
43 68 11 66 61 75
43 69 8 37 66 11
43 70 9 66 38 58
43 71 60 84 36 17
43 72 11 14 77 41
43 73 70 13 39 17
43 74 46 78 87 92
43 75 15 51 50 15
43 76 33 76 61 20
43 77 75 91 42 59
43 78 28 94 53 38
43 79 86 35 24 81
43 80 55 21 24 65
43 81 77 45 53 2
43 82 25 63 24 65
43 83 65 21 58 72
43 84 71 62 38 55
43 85 75 71 78 49
43 86 84 44 31 75
43 87 94 87 55 40
43 88 43 21 71 69
43 89 67 21 47 90
43 90 70 92 36 77
43 91 59 62 12 43
43 92 2 65 58 82
43 93 54 51 83 78
43 94 77 74 66 49
43 95 69 79 91 84
43 96 77 4 5 35
43 97 2 15 11 19
43 98 72 28 59 91
43 99 69 46 59 78
44 45 22 74 93 88
44 46 84 48 79 26
44 47 67 58 33 88
44 48 59 88 34 17
44 49 59 32 33 12
44 50 25 79 10 8
44 51 64 67 32 81
44 52 68 76 47 74
44 53 34 39 50 85
44 54 37 76 16 18
44 55 70 16 30 78
44 56 74 29 44 79
44 57 9 67 11 37
44 58 97 51 13 1
44 59 47 81 81 26
44 60 8 44 41 65
44 61 36 94 59 91
44 62 12 41 55 34
44 63 73 66 4 29
44 64 66 90 46 22
44 65 34 14 70 43
44 66 61 45 88 86
44 67 91 33 8 6
44 68 80 35 60 36
44 69 35 87 56 32
44 70 53 75 71 89
44 71 36 83 18 9
44 72 57 85 29 87
44 73 73 51 73 83
44 74 68 38 90 64
44 75 42 62 30 53
44 76 18 8 79 59
44 77 0 55 59 92
44 78 67 76 26 74
44 79 43 93 53 22
44 80 52 18 45 71
44 81 67 76 63 29
44 82 42 39 81 71
44 83 17 55 68 32
44 84 41 55 33 79
44 85 47 55 93 13
44 86 29 62 48 88
44 87 76 59 51 71
44 88 42 50 74 85
44 89 91 64 28 69
44 90 34 67 23 67
44 91 70 55 68 29
44 92 55 6 53 86
44 93 62 75 5 7
44 94 33 71 87 65
44 95 43 81 72 23
44 96 96 46 42 22
44 97 14 38 53 40
44 98 96 35 66 0
44 99 27 38 13 90
45 46 36 30 46 13
45 47 17 68 35 57
45 48 40 33 26 81
45 49 2 25 87 55
45 50 60 88 14 35
45 51 89 52 33 28
45 52 67 27 83 28
45 53 32 46 19 21
45 54 44 20 19 49
45 55 46 64 81 69
45 56 96 9 41 77
45 57 86 39 20 70
45 58 29 42 17 16
45 59 46 14 36 62
45 60 99 76 24 71
45 61 54 62 90 76
45 62 48 43 16 73
45 63 52 63 79 90
45 64 97 54 78 3
45 65 19 29 61 59
45 66 9 87 10 37
45 67 71 87 26 58
45 68 13 60 31 57
45 69 22 52 24 45
45 70 81 33 74 68
45 71 59 10 42 73
45 72 61 84 57 87
45 73 67 90 25 33
45 74 13 31 92 14
45 75 47 34 84 67
45 76 90 88 84 34
45 77 4 60 95 82
45 78 41 93 73 73
45 79 35 67 54 10
45 80 81 33 8 57
45 81 70 25 19 68
45 82 54 53 81 26
45 83 21 53 21 34
45 84 75 62 92 60
45 85 85 70 85 32
45 86 49 15 33 49
45 87 7 31 69 92
45 88 3 42 97 37
45 89 94 15 50 29
45 90 96 16 2 67
45 91 31 74 45 82
45 92 48 74 31 64
45 93 35 20 23 47
45 94 72 27 85 54
45 95 77 18 12 25
45 96 91 38 76 4
45 97 8 43 93 87
45 98 50 87 11 9
45 99 68 50 7 72
46 47 67 49 92 48
46 48 66 89 64 39
46 49 23 94 68 95
46 50 20 13 73 68
46 51 35 91 71 79
46 52 41 79 7 13
46 53 32 51 15 64
46 54 16 64 88 41
46 55 24 24 24 24
46 56 6 66 79 28
46 57 52 67 57 31
46 58 97 14 41 68
46 59 87 11 48 14
46 60 68 63 32 59
46 61 90 9 3 58
46 62 11 83 9 43
46 63 6 21 68 56
46 64 36 16 14 14
46 65 18 50 63 29
46 66 17 17 84 70
46 67 68 20 52 17
46 68 40 17 86 13
46 69 61 78 64 8
46 70 57 67 19 46
46 71 36 31 72 86
46 72 56 70 62 82
46 73 7 80 70 32
46 74 71 30 24 49
46 75 18 48 24 26
46 76 9 71 9 82
46 77 28 35 16 54
46 78 15 77 48 60
46 79 63 57 78 32
46 80 30 8 33 54
46 81 41 20 62 53
46 82 5 59 61 51
46 83 28 42 64 85
46 84 94 50 70 17
46 85 96 75 18 49
46 86 85 53 63 41
46 87 54 57 71 15
46 88 74 69 72 5
46 89 9 28 50 74
46 90 68 72 4 27
46 91 35 76 12 83
46 92 34 30 7 16
46 93 53 81 60 80
46 94 33 57 56 26
46 95 8 54 67 69
46 96 15 55 31 80
46 97 47 33 52 78
46 98 30 66 90 81
46 99 96 35 65 67
47 48 75 84 40 65
47 49 64 48 8 54
47 50 93 80 81 5
47 51 66 24 77 78
47 52 9 46 91 20
47 53 97 52 56 11
47 54 14 93 98 38
47 55 78 56 34 50
47 56 91 11 69 7
47 57 34 24 16 94
47 58 4 23 33 42
47 59 46 77 6 18
47 60 23 88 55 45
47 61 58 49 66 38
47 62 16 44 68 70
47 63 80 17 77 23
47 64 64 59 76 49
47 65 68 39 50 57
47 66 43 30 41 87
47 67 51 58 93 22
47 68 65 54 40 39
47 69 79 37 3 12
47 70 1 11 73 52
47 71 59 87 22 68
47 72 56 47 50 25
47 73 20 85 95 30
47 74 90 57 3 29
47 75 34 33 18 48
47 76 31 28 41 47
47 77 25 24 64 31
47 78 20 96 80 51
47 79 56 66 43 88
47 80 85 88 62 48
47 81 58 42 16 35
47 82 98 10 27 58
47 83 1 39 35 77
47 84 54 65 23 74
47 85 93 72 78 61
47 86 45 79 79 22
47 87 4 12 50 25
47 88 51 43 27 29
47 89 7 53 78 30
47 90 26 12 93 59
47 91 56 84 45 79
47 92 18 39 96 87
47 93 45 40 16 26
47 94 28 54 40 63
47 95 18 71 71 68
47 96 49 50 88 32
47 97 81 39 13 82
47 98 49 64 26 64
47 99 79 73 82 14
48 49 19 49 50 69
48 50 93 11 36 46
48 51 95 82 88 34
48 52 49 24 12 37
48 53 60 48 62 70
48 54 36 89 24 49
48 55 82 44 85 36
48 56 83 67 23 74
48 57 34 91 64 84
48 58 57 59 42 59
48 59 76 59 58 63
48 60 10 80 63 42
48 61 73 7 57 46
48 62 50 15 79 49
48 63 81 36 13 39
48 64 99 21 46 43
48 65 23 66 62 54
48 66 44 47 21 51
48 67 29 50 90 21
48 68 61 86 22 16
48 69 60 82 20 85
48 70 85 84 37 57
48 71 83 58 70 36
48 72 40 92 65 79
48 73 89 60 72 61
48 74 21 59 36 69
48 75 56 77 20 73
48 76 19 18 87 80
48 77 8 64 29 75
48 78 14 90 88 33
48 79 14 16 13 48
48 80 54 78 24 34
48 81 32 9 76 69
48 82 9 93 37 80
48 83 14 52 23 53
48 84 55 44 78 12
48 85 20 45 39 95
48 86 83 61 2 54
48 87 35 85 77 87
48 88 24 88 94 12
48 89 58 81 88 34
48 90 16 41 63 11
48 91 21 57 21 56
48 92 28 91 38 37
48 93 24 63 39 24
48 94 17 95 90 68
48 95 6 41 26 92
48 96 31 94 92 45
48 97 19 74 58 41
48 98 42 90 73 93
48 99 34 65 12 20
49 50 48 26 41 68
49 51 9 29 90 21
49 52 94 90 62 1
49 53 89 4 11 74
49 54 64 34 13 90
49 55 97 29 73 29
49 56 44 54 23 16
49 57 98 78 75 39
49 58 44 16 83 40
49 59 50 57 38 74
49 60 89 87 33 78
49 61 89 24 45 80
49 62 66 8 83 39
49 63 50 69 79 27
49 64 91 48 24 39
49 65 75 86 47 71
49 66 1 68 36 90
49 67 19 8 27 85
49 68 21 43 57 95
49 69 57 45 58 4
49 70 20 29 89 12
49 71 22 83 90 57
49 72 40 88 55 17
49 73 20 21 27 57
49 74 75 43 47 39
49 75 81 50 26 66
49 76 29 27 27 37
49 77 64 51 14 76
49 78 31 18 39 50
49 79 27 61 12 46
49 80 31 77 30 65
49 81 99 16 86 66
49 82 68 53 47 51
49 83 29 47 47 81
49 84 97 10 72 86
49 85 5 44 10 22
49 86 90 37 47 19
49 87 5 25 18 12
49 88 89 19 19 39
49 89 18 50 45 39
49 90 15 53 22 24
49 91 72 57 20 42
49 92 40 48 78 58
49 93 21 38 84 23
49 94 88 88 81 50
49 95 48 17 22 5
49 96 23 57 35 10
49 97 0 50 19 82
49 98 48 61 30 32
49 99 23 30 66 94
50 51 93 4 2 9
50 52 34 85 8 26
50 53 74 55 49 21
50 54 48 94 87 70
50 55 13 70 91 64
50 56 79 44 24 24
50 57 45 53 9 69
50 58 94 44 30 38
50 59 17 26 60 35
50 60 1 26 80 97
50 61 6 34 61 86
50 62 7 48 34 33
50 63 77 74 75 58
50 64 80 75 66 18
50 65 99 71 22 71
50 66 65 61 60 82
50 67 69 38 81 66
50 68 37 81 43 51
50 69 60 20 74 19
50 70 6 43 88 33
50 71 3 45 29 63
50 72 29 79 41 90
50 73 41 89 42 78
50 74 75 35 89 22
50 75 70 47 48 26
50 76 55 19 9 25
50 77 12 70 47 78
50 78 32 59 33 10
50 79 35 71 95 87
50 80 98 57 29 27
50 81 22 11 18 92
50 82 90 65 56 31
50 83 63 58 92 51
50 84 96 6 83 67
50 85 18 13 39 86
50 86 6 82 81 63
50 87 82 69 14 67
50 88 69 71 72 20
50 89 37 47 22 7
50 90 94 13 84 1
50 91 46 57 46 15
50 92 79 36 82 40
50 93 33 85 18 63
50 94 37 61 77 66
50 95 45 36 81 40
50 96 76 91 72 49
50 97 34 42 57 69
50 98 87 16 19 20
50 99 19 12 46 27
51 52 82 81 8 53
51 53 40 59 8 31
51 54 8 91 59 45
51 55 71 82 59 22
51 56 39 56 23 87
51 57 46 93 79 78
51 58 58 46 11 77
51 59 94 8 81 20
51 60 6 60 46 23
51 61 78 25 84 52
51 62 46 83 46 18
51 63 91 30 50 23
51 64 89 49 44 64
51 65 21 48 80 41
51 66 44 67 76 7
51 67 65 78 76 29
51 68 72 89 89 73
51 69 96 90 16 36
51 70 24 32 82 79
51 71 24 27 91 73
51 72 50 10 30 88
51 73 36 71 7 27
51 74 61 80 40 73
51 75 86 53 87 45
51 76 79 25 37 71
51 77 65 65 6 64
51 78 89 6 10 29
51 79 98 3 77 1
51 80 63 4 83 81
51 81 98 57 86 15
51 82 85 1 12 34
51 83 54 20 57 31
51 84 89 29 25 89
51 85 22 84 27 90
51 86 48 28 56 46
51 87 88 61 10 2
51 88 98 29 54 64
51 89 66 30 84 43
51 90 37 93 18 42
51 91 86 58 58 54
51 92 7 47 61 11
51 93 37 34 62 93
51 94 5 53 97 41
51 95 69 69 33 61
51 96 60 70 93 82
51 97 15 21 67 28
51 98 56 27 17 47
51 99 67 63 7 7
52 53 22 43 9 75
52 54 94 57 64 73
52 55 73 39 87 88
52 56 58 5 18 77
52 57 57 25 17 21
52 58 66 42 14 16
52 59 16 68 71 44
52 60 27 47 35 57
52 61 5 87 76 73
52 62 19 50 73 74
52 63 21 61 9 40
52 64 35 72 41 73
52 65 59 75 93 61
52 66 47 18 78 74
52 67 8 54 30 84
52 68 47 7 84 29
52 69 97 3 18 54
52 70 57 27 28 82
52 71 7 66 15 75
52 72 37 44 41 20
52 73 95 39 68 23
52 74 10 22 33 20
52 75 90 24 34 52
52 76 11 25 30 69
52 77 71 46 66 20
52 78 92 50 8 77
52 79 26 72 66 59
52 80 57 35 18 40
52 81 19 28 79 79
52 82 0 45 99 11
52 83 80 17 44 57
52 84 36 33 82 23
52 85 36 88 64 29
52 86 88 49 77 9
52 87 67 82 78 73
52 88 71 11 73 47
52 89 25 81 75 61
52 90 80 77 12 72
52 91 46 32 78 78
52 92 27 60 46 55
52 93 70 44 43 74
52 94 59 83 93 53
52 95 75 77 58 63
52 96 87 90 10 52
52 97 93 55 62 18
52 98 47 41 58 71
52 99 16 79 24 59
53 54 89 68 22 87
53 55 32 49 90 11
53 56 23 75 27 17
53 57 74 36 51 84
53 58 71 91 64 64
53 59 88 59 16 25
53 60 50 66 58 69
53 61 76 37 58 66
53 62 32 62 35 22
53 63 74 46 77 9
53 64 30 65 65 76
53 65 49 5 44 84
53 66 36 43 96 18
53 67 36 68 36 84
53 68 99 19 27 39
53 69 69 78 43 68
53 70 24 42 26 66
53 71 56 48 28 47
53 72 80 11 22 41
53 73 93 35 80 82
53 74 89 58 25 79
53 75 2 52 22 31
53 76 18 27 66 16
53 77 83 88 88 64
53 78 71 57 76 14
53 79 8 76 15 85
53 80 57 59 45 83
53 81 38 25 88 6
53 82 76 29 15 43
53 83 33 88 55 75
53 84 93 35 25 33
53 85 54 47 33 56
53 86 18 46 86 34
53 87 45 73 62 60
53 88 34 84 73 87
53 89 95 42 73 64
53 90 97 71 8 40
53 91 56 72 28 85
53 92 73 48 2 63
53 93 49 57 55 7
53 94 74 64 44 7
53 95 88 90 45 24
53 96 47 37 89 37
53 97 87 75 10 9
53 98 92 11 28 63
53 99 44 38 87 15
54 55 82 58 34 23
54 56 15 17 11 35
54 57 72 38 35 62
54 58 65 80 57 67
54 59 0 45 54 60
54 60 30 80 90 29
54 61 78 87 41 39
54 62 40 29 58 58
54 63 37 78 72 41
54 64 48 65 63 39
54 65 15 86 40 73
54 66 41 23 13 11
54 67 99 42 22 78
54 68 96 88 78 55
54 69 2 33 22 60
54 70 0 80 81 66
54 71 41 44 25 86
54 72 6 29 42 75
54 73 0 23 49 64
54 74 82 61 57 58
54 75 82 69 63 17
54 76 93 25 17 44
54 77 89 23 60 88
54 78 42 57 17 46
54 79 97 61 23 47
54 80 84 14 32 11
54 81 94 81 16 11
54 82 95 14 7 74
54 83 60 81 80 66
54 84 19 72 33 16
54 85 75 74 67 23
54 86 8 67 63 72
54 87 5 56 49 65
54 88 82 74 11 44
54 89 21 13 29 82
54 90 95 36 71 48
54 91 77 68 35 69
54 92 38 83 57 41
54 93 92 33 17 40
54 94 13 18 31 59
54 95 6 63 11 84
54 96 22 59 29 16
54 97 64 47 20 16
54 98 25 15 50 31
54 99 53 22 46 69
55 56 2 59 86 16
55 57 21 82 69 72
55 58 99 38 25 16
55 59 48 54 57 77
55 60 22 54 7 30
55 61 70 63 23 12
55 62 90 36 15 39
55 63 11 19 94 81
55 64 7 64 57 29
55 65 7 56 91 23
55 66 37 30 54 42
55 67 76 32 29 25
55 68 30 47 76 21
55 69 61 59 49 28
55 70 84 39 43 23
55 71 15 84 69 89
55 72 74 35 43 66
55 73 62 53 61 90
55 74 29 35 38 35
55 75 37 90 31 31
55 76 79 57 79 73
55 77 80 46 71 77
55 78 82 73 51 35
55 79 40 78 22 64
55 80 7 88 83 36
55 81 36 7 34 78
55 82 91 58 20 7
55 83 66 53 31 86
55 84 0 62 67 11
55 85 91 62 64 66
55 86 77 49 67 28
55 87 1 67 50 88
55 88 45 78 65 25
55 89 60 26 21 12
55 90 2 66 79 76
55 91 98 4 5 14
55 92 96 25 76 84
55 93 3 35 30 47
55 94 15 96 53 9
55 95 55 29 57 73
55 96 5 63 60 35
55 97 82 33 23 24
55 98 6 83 33 72
55 99 46 33 66 75
56 57 54 53 81 21
56 58 84 44 18 23
56 59 14 53 20 73
56 60 20 15 57 84
56 61 47 61 42 78
56 62 89 57 20 63
56 63 20 11 19 78
56 64 48 94 88 66
56 65 94 47 43 65
56 66 21 49 39 14
56 67 86 35 34 65
56 68 1 98 25 46
56 69 49 25 87 11
56 70 85 60 22 54
56 71 82 45 60 80
56 72 58 57 25 53
56 73 17 40 95 47
56 74 75 3 61 78
56 75 84 85 63 63
56 76 68 53 20 9
56 77 13 96 80 97
56 78 51 54 29 89
56 79 76 72 49 34
56 80 40 21 72 35
56 81 10 44 29 29
56 82 12 30 75 13
56 83 93 10 48 59
56 84 10 27 51 80
56 85 55 92 45 89
56 86 61 29 83 32
56 87 25 64 64 12
56 88 34 42 45 95
56 89 19 78 51 70
56 90 11 66 51 75
56 91 81 8 57 58
56 92 50 42 25 36
56 93 68 35 55 76
56 94 20 51 51 50
56 95 8 30 23 98
56 96 91 56 15 33
56 97 22 79 12 88
56 98 7 35 56 26
56 99 9 84 88 57
57 58 44 53 46 85
57 59 76 44 67 88
57 60 34 82 60 20
57 61 24 66 39 75
57 62 5 81 89 15
57 63 86 17 17 18
57 64 8 30 15 92
57 65 6 79 14 83
57 66 16 60 52 85
57 67 78 72 63 59
57 68 1 95 42 79
57 69 14 71 9 76
57 70 86 53 74 34
57 71 63 92 71 46
57 72 87 61 15 1
57 73 96 21 31 31
57 74 29 15 23 61
57 75 26 31 34 66
57 76 88 62 13 75
57 77 40 22 24 29
57 78 89 80 4 62
57 79 56 74 10 17
57 80 24 53 33 92
57 81 14 78 54 94
57 82 60 31 30 80
57 83 34 48 65 84
57 84 16 73 48 28
57 85 51 70 92 59
57 86 97 50 21 42
57 87 94 80 27 54
57 88 70 89 52 34
57 89 20 90 85 36
57 90 68 22 27 58
57 91 98 31 84 54
57 92 27 70 36 90
57 93 46 43 24 33
57 94 31 85 26 21
57 95 2 14 44 12
57 96 9 47 61 69
57 97 51 59 22 78
57 98 19 52 81 30
57 99 18 60 58 62
58 59 35 44 27 88
58 60 68 56 81 56
58 61 33 88 55 53
58 62 71 23 80 43
58 63 85 31 48 76
58 64 57 27 76 28
58 65 34 22 15 61
58 66 89 34 3 68
58 67 66 20 61 15
58 68 35 69 59 42
58 69 79 76 74 83
58 70 40 52 54 9
58 71 2 35 81 45
58 72 88 3 63 38
58 73 57 65 83 71
58 74 36 65 47 54
58 75 17 98 85 93
58 76 29 56 72 33
58 77 85 72 72 10
58 78 33 37 62 72
58 79 33 26 24 19
58 80 31 78 31 87
58 81 91 37 40 55
58 82 70 47 19 14
58 83 87 36 5 13
58 84 52 30 63 29
58 85 74 37 69 67
58 86 60 19 88 32
58 87 51 54 89 77
58 88 80 32 65 54
58 89 70 20 70 42
58 90 98 70 25 4
58 91 33 39 87 62
58 92 69 86 83 84
58 93 18 97 84 37
58 94 19 73 22 87
58 95 12 83 51 39
58 96 85 21 90 44
58 97 76 8 70 84
58 98 21 45 14 79
58 99 54 65 11 43
59 60 90 65 57 60
59 61 24 36 7 95
59 62 51 85 27 43
59 63 36 18 62 77
59 64 8 22 57 87
59 65 34 48 75 78
59 66 54 74 81 85
59 67 21 11 11 31
59 68 16 50 14 64
59 69 94 1 47 6
59 70 57 27 54 41
59 71 81 3 79 19
59 72 65 43 61 51
59 73 16 66 90 35
59 74 84 58 82 70
59 75 90 13 37 80
59 76 91 62 52 28
59 77 44 30 75 82
59 78 36 46 34 80
59 79 16 61 12 17
59 80 8 78 46 28
59 81 32 94 53 68
59 82 58 52 40 41
59 83 55 12 78 84
59 84 55 75 26 20
59 85 68 58 27 82
59 86 48 44 84 51
59 87 94 54 87 55
59 88 58 49 6 13
59 89 44 70 84 56
59 90 20 12 32 18
59 91 20 88 80 82
59 92 55 89 52 36
59 93 0 58 63 29
59 94 95 14 48 6
59 95 51 77 88 89
59 96 47 74 71 58
59 97 53 28 13 5
59 98 0 79 67 60
59 99 34 7 31 77
60 61 30 72 72 88
60 62 93 90 79 45
60 63 54 5 45 26
60 64 37 22 78 77
60 65 5 47 43 48
60 66 70 91 49 43
60 67 78 42 27 7
60 68 52 67 32 77
60 69 98 53 82 63
60 70 7 29 28 72
60 71 61 71 87 81
60 72 29 24 66 20
60 73 69 33 19 80
60 74 47 56 87 64
60 75 39 84 22 69
60 76 50 43 75 77
60 77 87 31 81 35
60 78 41 6 51 70
60 79 82 80 3 35
60 80 60 19 75 8
60 81 15 30 38 80
60 82 11 15 82 35
60 83 64 10 16 17
60 84 69 90 11 66
60 85 40 36 7 77
60 86 29 43 58 10
60 87 78 62 82 6
60 88 51 76 11 26
60 89 65 6 71 76
60 90 47 40 16 58
60 91 90 40 59 40
60 92 9 54 35 91
60 93 24 37 41 9
60 94 76 73 73 46
60 95 33 60 22 10
60 96 95 47 28 75
60 97 78 69 11 5
60 98 4 14 81 52
60 99 17 55 31 19
61 62 11 83 40 59
61 63 68 83 66 71
61 64 19 32 61 50
61 65 79 51 43 25
61 66 56 58 6 15
61 67 25 13 37 33
61 68 72 5 49 40
61 69 23 62 28 97
61 70 62 27 87 87
61 71 79 19 41 2
61 72 45 69 53 45
61 73 10 41 74 37
61 74 99 61 34 8
61 75 9 23 50 11
61 76 19 95 11 90
61 77 98 3 64 64
61 78 87 82 67 68
61 79 72 34 71 79
61 80 59 19 51 29
61 81 97 33 73 42
61 82 5 76 49 90
61 83 58 61 27 55
61 84 0 92 17 37
61 85 87 9 44 82
61 86 67 87 16 18
61 87 80 68 53 78
61 88 64 11 8 37
61 89 71 76 35 27
61 90 30 40 13 84
61 91 54 67 41 16
61 92 32 32 94 79
61 93 84 7 41 39
61 94 37 78 27 21
61 95 36 33 28 63
61 96 67 3 59 4
61 97 20 26 25 25
61 98 71 13 90 13
61 99 45 69 39 83
62 63 74 2 36 66
62 64 50 31 45 84
62 65 72 30 28 24
62 66 37 37 16 80
62 67 1 36 47 46
62 68 40 23 87 78
62 69 91 62 67 42
62 70 93 72 64 52
62 71 19 89 60 9
62 72 32 59 96 80
62 73 79 35 84 62
62 74 32 32 64 77
62 75 70 80 72 42
62 76 70 52 33 82
62 77 32 69 90 89
62 78 70 40 77 61
62 79 92 84 69 21
62 80 6 83 17 90
62 81 16 78 55 26
62 82 92 64 7 16
62 83 50 92 86 47
62 84 34 78 73 59
62 85 30 96 96 9
62 86 5 29 58 81
62 87 95 56 10 5
62 88 58 92 32 64
62 89 85 69 10 74
62 90 79 21 71 9
62 91 64 29 18 45
62 92 43 93 89 93
62 93 24 65 64 40
62 94 5 14 69 23
62 95 88 69 16 52
62 96 31 43 29 86
62 97 36 83 28 19
62 98 76 3 51 77
62 99 43 34 10 89
63 64 55 93 29 77
63 65 92 63 62 86
63 66 87 18 86 25
63 67 99 39 79 78
63 68 66 75 56 52
63 69 61 80 45 86
63 70 45 83 63 93
63 71 19 34 36 80
63 72 14 69 37 54
63 73 54 54 36 81
63 74 37 75 56 44
63 75 41 56 74 86
63 76 89 63 42 7
63 77 43 90 40 56
63 78 52 12 15 82
63 79 87 86 56 6
63 80 75 16 20 16
63 81 66 23 24 45
63 82 75 56 58 38
63 83 0 96 57 62
63 84 27 50 37 21
63 85 92 28 74 76
63 86 15 87 87 44
63 87 1 72 35 14
63 88 48 48 91 15
63 89 25 73 24 87
63 90 25 31 56 37
63 91 85 70 56 6
63 92 65 83 63 88
63 93 25 22 85 20
63 94 36 72 83 53
63 95 80 63 30 70
63 96 57 30 47 65
63 97 37 62 8 57
63 98 68 9 47 17
63 99 72 80 67 39
64 65 79 15 82 20
64 66 83 3 30 8
64 67 29 7 59 50
64 68 18 85 33 33
64 69 87 73 24 45
64 70 28 79 87 66
64 71 13 46 93 71
64 72 6 34 61 47
64 73 59 75 52 55
64 74 57 42 94 92
64 75 78 59 52 31
64 76 0 20 29 69
64 77 72 25 88 83
64 78 99 86 82 63
64 79 82 29 37 70
64 80 32 12 81 33
64 81 23 19 45 65
64 82 6 57 81 82
64 83 43 52 7 11
64 84 17 36 60 90
64 85 82 35 15 45
64 86 84 33 70 90
64 87 13 80 32 91
64 88 42 19 44 46
64 89 30 9 61 43
64 90 89 36 63 16
64 91 91 17 34 74
64 92 72 68 5 81
64 93 8 15 78 77
64 94 75 15 54 64
64 95 54 48 35 26
64 96 58 42 83 28
64 97 71 58 4 38
64 98 52 17 88 91
64 99 1 40 91 54
65 66 12 77 93 52
65 67 65 70 49 56
65 68 98 61 76 80
65 69 55 17 89 55
65 70 70 41 64 72
65 71 25 27 25 39
65 72 61 28 75 43
65 73 27 92 31 34
65 74 35 27 50 91
65 75 37 70 21 27
65 76 26 89 89 31
65 77 42 76 52 74
65 78 49 7 83 9
65 79 75 11 67 13
65 80 11 67 66 65
65 81 11 21 31 64
65 82 52 14 89 11
65 83 62 83 34 71
65 84 76 35 47 36
65 85 28 74 54 9
65 86 54 57 62 46
65 87 16 95 92 45
65 88 16 22 50 89
65 89 6 51 46 88
65 90 23 83 65 14
65 91 57 90 72 25
65 92 38 82 88 72
65 93 88 59 82 32
65 94 99 47 75 44
65 95 95 7 24 57
65 96 99 9 53 3
65 97 1 73 47 16
65 98 98 38 87 35
65 99 61 58 22 44
66 67 6 38 33 73
66 68 66 32 26 22
66 69 65 29 71 76
66 70 46 13 83 79
66 71 32 18 94 71
66 72 42 89 10 15
66 73 38 67 29 20
66 74 0 41 61 30
66 75 88 55 57 72
66 76 21 51 66 20
66 77 18 75 46 25
66 78 62 61 48 43
66 79 15 83 90 64
66 80 9 91 92 96
66 81 14 23 93 13
66 82 3 77 84 68
66 83 68 29 49 87
66 84 86 52 79 58
66 85 57 58 22 46
66 86 48 93 47 41
66 87 73 25 21 59
66 88 61 55 9 29
66 89 61 17 45 7
66 90 65 4 11 77
66 91 88 8 74 44
66 92 21 67 45 39
66 93 3 21 99 16
66 94 6 88 60 92
66 95 96 22 43 23
66 96 65 24 9 79
66 97 1 54 57 23
66 98 5 79 29 91
66 99 69 17 17 24
67 68 70 92 55 58
67 69 2 96 85 50
67 70 74 83 8 88
67 71 41 17 81 16
67 72 34 64 56 69
67 73 28 80 60 67
67 74 86 26 39 64
67 75 0 68 66 30
67 76 92 59 42 60
67 77 19 86 84 88
67 78 89 52 63 62
67 79 52 84 30 6
67 80 68 70 75 88
67 81 68 57 61 63
67 82 99 51 55 15
67 83 60 49 18 18
67 84 11 82 98 71
67 85 59 62 64 42
67 86 64 26 83 72
67 87 99 37 10 11
67 88 44 32 13 66
67 89 80 80 52 16
67 90 46 87 50 84
67 91 77 59 8 64
67 92 63 53 21 77
67 93 41 95 83 23
67 94 84 59 61 65
67 95 35 59 68 10
67 96 25 40 76 8
67 97 13 26 32 88
67 98 20 35 59 69
67 99 48 85 58 93
68 69 57 10 62 81
68 70 82 15 26 69
68 71 90 58 57 52
68 72 39 74 54 83
68 73 26 83 80 22
68 74 92 28 35 77
68 75 66 58 60 79
68 76 52 87 28 85
68 77 54 73 9 19
68 78 53 64 28 40
68 79 69 89 41 90
68 80 42 78 15 11
68 81 26 22 73 24
68 82 37 38 59 34
68 83 64 74 43 80
68 84 27 81 64 23
68 85 7 76 29 47
68 86 2 19 19 68
68 87 95 15 45 3
68 88 12 24 37 57
68 89 64 15 35 46
68 90 84 37 12 34
68 91 53 24 18 45
68 92 70 48 39 37
68 93 56 63 73 7
68 94 83 2 16 71
68 95 42 13 58 31
68 96 86 69 42 27
68 97 26 81 44 50
68 98 71 90 35 37
68 99 93 10 35 59
69 70 39 17 77 88
69 71 67 37 49 82
69 72 20 16 90 73
69 73 10 22 89 36
69 74 2 23 57 85
69 75 65 25 71 60
69 76 53 51 28 79
69 77 31 46 65 72
69 78 9 15 38 78
69 79 40 61 19 68
69 80 22 23 59 74
69 81 62 55 54 64
69 82 43 14 34 21
69 83 69 39 38 40
69 84 92 20 16 86
69 85 79 64 28 62
69 86 54 81 89 27
69 87 22 59 35 54
69 88 59 40 89 78
69 89 55 74 11 15
69 90 25 47 66 87
69 91 18 65 30 68
69 92 87 29 23 90
69 93 40 79 38 64
69 94 12 57 83 62
69 95 96 2 30 70
69 96 81 87 28 53
69 97 91 52 36 33
69 98 48 76 56 50
69 99 79 55 8 87
70 71 17 74 54 22
70 72 44 12 75 20
70 73 74 4 14 9
70 74 86 7 49 27
70 75 93 31 19 50
70 76 60 13 87 31
70 77 39 54 67 33
70 78 9 64 17 25
70 79 88 48 61 4
70 80 90 44 30 70
70 81 18 10 54 20
70 82 40 55 21 29
70 83 45 54 24 57
70 84 91 42 75 60
70 85 99 84 60 10
70 86 37 73 9 38
70 87 57 83 67 32
70 88 97 21 22 77
70 89 15 55 80 38
70 90 94 49 16 41
70 91 56 66 55 56
70 92 53 25 93 68
70 93 47 56 34 85
70 94 94 40 5 54
70 95 54 63 4 60
70 96 13 72 18 45
70 97 75 20 18 8
70 98 98 15 43 81
70 99 94 46 80 18
71 72 77 9 83 73
71 73 58 14 57 75
71 74 81 27 46 79
71 75 6 78 16 76
71 76 61 52 88 35
71 77 67 87 32 75
71 78 52 58 45 43
71 79 11 92 28 61
71 80 40 20 13 69
71 81 70 16 10 18
71 82 17 65 44 51
71 83 28 59 16 26
71 84 37 84 67 15
71 85 19 43 90 40
71 86 65 6 18 24
71 87 86 71 12 21
71 88 54 44 56 18
71 89 51 72 69 22
71 90 25 12 57 19
71 91 78 35 78 10
71 92 43 66 63 10
71 93 45 77 78 81
71 94 5 41 74 44
71 95 56 5 46 48
71 96 74 84 74 39
71 97 90 49 46 60
71 98 64 49 75 49
71 99 6 65 77 98
72 73 57 4 71 72
72 74 9 23 84 38
72 75 70 17 38 45
72 76 81 43 69 69
72 77 1 32 11 14
72 78 45 31 65 25
72 79 2 95 66 58
72 80 47 44 62 57
72 81 76 77 48 30
72 82 99 57 89 90
72 83 32 27 80 55
72 84 89 52 59 76
72 85 56 86 92 54
72 86 99 23 60 64
72 87 34 32 41 52
72 88 85 42 66 40
72 89 73 83 3 75
72 90 94 78 82 87
72 91 17 69 71 44
72 92 63 57 57 37
72 93 63 32 47 18
72 94 1 41 12 14
72 95 75 10 57 67
72 96 63 77 15 14
72 97 91 1 16 4
72 98 68 74 62 18
72 99 24 77 59 94
73 74 37 68 27 63
73 75 24 54 7 21
73 76 64 76 89 47
73 77 22 83 96 73
73 78 11 72 61 31
73 79 70 83 79 43
73 80 70 84 58 78
73 81 14 85 23 90
73 82 61 35 60 59
73 83 43 17 65 54
73 84 3 46 62 58
73 85 41 84 50 9
73 86 66 14 69 49
73 87 72 59 58 34
73 88 57 32 87 64
73 89 3 74 11 54
73 90 96 3 66 86
73 91 94 87 24 8
73 92 72 53 78 88
73 93 54 61 77 48
73 94 56 47 72 42
73 95 98 42 61 72
73 96 84 65 30 85
73 97 5 19 59 62
73 98 72 56 20 84
73 99 11 10 15 52
74 75 21 24 63 81
74 76 59 26 78 38
74 77 76 28 45 82
74 78 65 75 45 87
74 79 90 5 16 37
74 80 87 9 53 41
74 81 81 62 88 43
74 82 97 7 56 27
74 83 31 63 24 67
74 84 24 28 42 78
74 85 39 19 38 86
74 86 21 14 62 15
74 87 46 60 44 95
74 88 74 63 59 52
74 89 49 18 91 45
74 90 20 12 41 80
74 91 46 30 23 82
74 92 72 79 81 68
74 93 2 29 61 36
74 94 7 77 57 85
74 95 32 37 23 19
74 96 20 33 28 71
74 97 29 90 57 14
74 98 27 63 66 24
74 99 39 37 66 74
75 76 96 55 10 40
75 77 31 28 96 93
75 78 10 19 75 86
75 79 79 31 90 5
75 80 31 32 80 71
75 81 40 26 56 65
75 82 10 64 63 27
75 83 69 33 12 79
75 84 75 20 73 62
75 85 20 88 51 38
75 86 13 24 90 32
75 87 4 52 94 43
75 88 67 89 63 25
75 89 92 7 33 12
75 90 28 48 35 82
75 91 20 46 74 53
75 92 36 62 77 30
75 93 93 89 57 89
75 94 52 16 68 38
75 95 80 5 41 34
75 96 59 61 85 93
75 97 39 30 34 59
75 98 62 56 79 92
75 99 11 43 44 11
76 77 33 61 31 11
76 78 24 13 83 9
76 79 5 47 54 92
76 80 70 84 88 14
76 81 10 84 70 70
76 82 81 35 28 77
76 83 9 24 43 16
76 84 23 22 38 18
76 85 20 75 21 86
76 86 7 59 32 96
76 87 89 74 2 40
76 88 19 96 60 36
76 89 48 55 80 94
76 90 37 84 10 66
76 91 39 63 83 63
76 92 69 30 36 62
76 93 42 81 44 24
76 94 81 20 34 75
76 95 17 96 34 91
76 96 15 47 38 20
76 97 57 51 89 90
76 98 5 31 54 56
76 99 27 82 79 53
77 78 2 15 56 55
77 79 35 17 32 93
77 80 31 89 57 41
77 81 12 40 92 92
77 82 46 89 27 80
77 83 53 80 61 12
77 84 68 14 10 64
77 85 94 18 63 23
77 86 25 37 73 43
77 87 97 6 77 27
77 88 98 54 32 74
77 89 11 55 77 60
77 90 91 17 29 6
77 91 83 50 52 60
77 92 84 14 70 24
77 93 81 39 25 46
77 94 98 38 30 42
77 95 68 6 88 33
77 96 4 25 33 22
77 97 98 54 36 11
77 98 65 81 64 72
77 99 68 74 30 88
78 79 29 61 74 41
78 80 95 87 67 79
78 81 68 26 44 4
78 82 44 27 85 73
78 83 17 35 45 16
78 84 66 50 79 22
78 85 19 38 23 62
78 86 74 39 40 33
78 87 93 8 26 71
78 88 58 66 63 10
78 89 1 35 30 50
78 90 20 39 25 47
78 91 75 67 90 83
78 92 38 34 65 60
78 93 63 52 73 9
78 94 10 97 91 65
78 95 43 67 8 90
78 96 90 76 21 57
78 97 85 25 88 39
78 98 50 48 35 9
78 99 16 60 54 17
79 80 95 15 26 51
79 81 95 63 52 59
79 82 9 33 74 44
79 83 77 52 14 22
79 84 75 32 40 73
79 85 56 81 81 34
79 86 87 17 30 72
79 87 79 11 45 23
79 88 76 44 3 57
79 89 12 89 20 62
79 90 45 26 76 36
79 91 92 5 9 59
79 92 84 83 13 41
79 93 70 32 18 71
79 94 38 83 39 58
79 95 83 25 76 68
79 96 46 85 23 9
79 97 33 52 84 12
79 98 38 68 44 78
79 99 39 85 16 95
80 81 41 72 21 42
80 82 24 56 36 24
80 83 10 32 97 65
80 84 10 92 39 20
80 85 9 20 31 36
80 86 15 78 70 9
80 87 75 74 36 62
80 88 22 79 94 15
80 89 25 78 8 14
80 90 46 60 52 51
80 91 43 50 61 48
80 92 48 67 21 48
80 93 56 88 72 41
80 94 48 50 35 76
80 95 37 78 27 50
80 96 75 45 7 89
80 97 52 5 88 9
80 98 38 48 55 88
80 99 41 69 68 23
81 82 91 73 82 86
81 83 71 85 72 33
81 84 41 60 95 20
81 85 8 31 22 67
81 86 8 13 78 84
81 87 35 77 65 65
81 88 85 18 4 43
81 89 92 78 66 69
81 90 16 90 56 42
81 91 59 7 28 50
81 92 76 62 40 87
81 93 8 11 14 55
81 94 35 76 53 86
81 95 11 55 37 23
81 96 80 15 62 38
81 97 50 47 15 77
81 98 65 20 21 24
81 99 64 34 19 69
82 83 99 51 77 28
82 84 7 78 16 46
82 85 60 83 62 36
82 86 88 82 41 33
82 87 75 81 80 71
82 88 44 9 76 54
82 89 41 62 80 38
82 90 95 69 45 28
82 91 11 24 13 81
82 92 61 55 48 22
82 93 57 79 74 4
82 94 21 40 35 53
82 95 38 68 77 67
82 96 47 94 17 43
82 97 73 80 16 34
82 98 24 39 64 23
82 99 66 18 26 23
83 84 7 12 78 82
83 85 27 17 62 37
83 86 92 17 36 17
83 87 48 62 12 40
83 88 32 85 48 9
83 89 60 22 20 89
83 90 87 56 11 2
83 91 97 72 34 17
83 92 6 91 20 90
83 93 81 13 7 60
83 94 50 58 74 41
83 95 30 45 52 85
83 96 24 36 70 20
83 97 15 30 54 71
83 98 89 77 56 81
83 99 78 90 73 30
84 85 59 54 70 55
84 86 87 85 66 45
84 87 47 31 42 85
84 88 41 76 66 38
84 89 92 16 68 61
84 90 97 22 3 85
84 91 37 11 67 41
84 92 52 4 30 43
84 93 78 28 79 57
84 94 22 26 48 50
84 95 2 97 44 66
84 96 57 27 24 51
84 97 98 52 40 66
84 98 83 15 67 58
84 99 56 34 10 4
85 86 8 43 43 88
85 87 78 82 37 23
85 88 33 51 59 41
85 89 64 26 65 84
85 90 24 87 44 96
85 91 42 84 93 94
85 92 16 30 51 83
85 93 21 11 44 55
85 94 57 87 63 42
85 95 49 56 68 44
85 96 36 47 9 52
85 97 96 77 58 43
85 98 48 45 38 10
85 99 55 50 60 92
86 87 67 44 68 73
86 88 37 24 89 28
86 89 15 78 95 21
86 90 18 79 60 88
86 91 41 85 87 56
86 92 26 83 88 96
86 93 65 26 70 28
86 94 43 44 39 34
86 95 41 57 55 9
86 96 90 43 9 81
86 97 59 83 76 51
86 98 9 76 96 60
86 99 18 30 21 72
87 88 79 31 63 7
87 89 16 23 46 53
87 90 75 45 91 30
87 91 91 21 21 14
87 92 24 58 66 86
87 93 66 20 49 74
87 94 17 27 34 17
87 95 38 58 34 69
87 96 91 50 66 36
87 97 76 4 19 35
87 98 64 11 23 82
87 99 97 69 55 15
88 89 58 46 56 19
88 90 63 87 41 86
88 91 77 43 57 58
88 92 78 2 64 53
88 93 60 13 19 18
88 94 82 31 67 8
88 95 60 79 66 12
88 96 62 50 50 56
88 97 41 36 14 41
88 98 45 90 95 83
88 99 44 24 71 70
89 90 85 57 13 86
89 91 75 44 8 39
89 92 67 65 68 66
89 93 44 56 8 8
89 94 39 34 51 18
89 95 74 19 56 77
89 96 6 16 30 15
89 97 98 32 0 31
89 98 91 57 50 70
89 99 11 41 60 37
90 91 33 50 23 57
90 92 16 53 26 79
90 93 57 9 86 13
90 94 91 29 46 5
90 95 15 64 48 93
90 96 74 49 57 44
90 97 81 18 46 7
90 98 83 77 27 11
90 99 44 81 40 46
91 92 32 7 66 7
91 93 54 51 67 83
91 94 40 23 12 6
91 95 28 87 7 67
91 96 21 72 78 25
91 97 88 19 69 10
91 98 90 21 70 70
91 99 40 75 15 31
92 93 77 82 39 70
92 94 73 41 42 44
92 95 62 87 15 10
92 96 27 70 52 34
92 97 77 84 50 23
92 98 23 50 73 79
92 99 58 19 35 15
93 94 4 27 33 54
93 95 46 68 38 14
93 96 32 36 23 76
93 97 10 47 31 94
93 98 81 76 57 54
93 99 71 39 36 66
94 95 51 40 22 31
94 96 23 10 75 54
94 97 0 12 44 24
94 98 47 88 56 33
94 99 39 15 32 17
95 96 0 61 76 81
95 97 99 16 41 82
95 98 30 29 50 8
95 99 17 67 98 31
96 97 40 40 21 21
96 98 14 64 82 47
96 99 72 4 75 83
97 98 65 14 39 67
97 99 20 12 39 52
98 99 95 15 1 34
