50
0 1 69 52 40 16
0 2 16 56 86 61
0 3 49 68 44 49
0 4 1 55 98 78
0 5 47 37 26 63
0 6 3 62 87 90
0 7 37 34 50 32
0 8 47 76 70 59
0 9 74 50 43 27
0 10 23 41 50 52
0 11 9 73 73 78
0 12 33 51 50 50
0 13 4 57 72 72
0 14 24 72 71 44
0 15 86 36 14 42
0 16 80 16 10 58
0 17 26 55 70 64
0 18 35 54 62 59
0 19 54 27 38 57
0 20 4 52 90 47
0 21 67 17 18 47
0 22 22 72 62 68
0 23 23 69 83 67
0 24 16 52 55 68
0 25 13 66 80 49
0 26 39 55 49 60
0 27 27 51 82 68
0 28 65 54 62 43
0 29 25 65 53 67
0 30 83 9 24 54
0 31 56 48 51 38
0 32 2 57 93 61
0 33 61 30 60 38
0 34 97 14 50 25
0 35 30 37 42 42
0 36 84 34 43 46
0 37 23 64 64 45
0 38 69 64 38 52
0 39 6 85 76 66
0 40 84 56 14 46
0 41 16 64 52 73
0 42 63 67 44 68
0 43 12 56 65 55
0 44 31 79 79 38
0 45 50 39 60 51
0 46 1 66 84 49
0 47 45 28 39 33
0 48 65 50 64 39
0 49 69 64 54 18
1 2 0 98 62 91
1 3 90 13 12 6
1 4 20 81 51 85
1 5 44 28 75 61
1 6 46 46 49 63
1 7 58 49 68 24
1 8 62 63 56 26
1 9 4 60 87 57
1 10 47 26 35 61
1 11 71 62 20 19
1 12 66 57 34 44
1 13 79 15 44 43
1 14 94 4 30 18
1 15 73 18 49 19
1 16 18 79 81 69
1 17 93 21 14 14
1 18 92 6 25 21
1 19 24 78 41 73
1 20 29 65 82 68
1 21 53 36 34 43
1 22 11 88 72 91
1 23 25 67 56 49
1 24 7 94 81 92
1 25 30 64 79 67
1 26 38 43 59 42
1 27 26 50 52 61
1 28 59 58 64 43
1 29 20 42 53 55
1 30 24 46 60 59
1 31 19 81 57 89
1 32 67 40 33 64
1 33 8 70 56 90
1 34 99 29 8 3
1 35 75 62 28 47
1 36 67 51 26 25
1 37 87 46 54 37
1 38 46 49 39 69
1 39 15 81 92 45
1 40 35 50 55 47
1 41 62 44 19 32
1 42 89 12 47 9
1 43 16 52 67 60
1 44 1 76 50 63
1 45 98 45 27 28
1 46 5 58 87 64
1 47 30 63 60 79
1 48 4 71 60 61
1 49 45 31 64 53
2 3 56 50 68 32
2 4 47 73 75 44
2 5 99 23 11 27
2 6 4 86 54 95
2 7 22 88 51 74
2 8 36 32 75 40
2 9 73 60 54 18
2 10 18 87 73 47
2 11 4 55 51 73
2 12 35 68 71 71
2 13 34 52 63 78
2 14 85 17 27 38
2 15 48 50 67 30
2 16 53 26 50 63
2 17 65 46 44 40
2 18 28 38 74 65
2 19 71 51 59 20
2 20 47 64 39 28
2 21 52 36 61 44
2 22 56 52 33 71
2 23 7 75 58 46
2 24 31 40 65 79
2 25 70 21 29 29
2 26 90 43 5 37
2 27 48 58 63 59
2 28 4 64 65 68
2 29 54 23 47 59
2 30 43 75 33 73
2 31 74 41 41 17
2 32 69 36 43 38
2 33 42 59 30 48
2 34 94 45 47 46
2 35 56 60 53 60
2 36 43 44 56 31
2 37 26 85 47 78
2 38 49 72 58 70
2 39 7 84 76 95
2 40 48 63 74 52
2 41 7 48 62 72
2 42 92 46 41 50
2 43 80 17 44 47
2 44 59 57 48 45
2 45 6 72 76 83
2 46 54 60 25 70
2 47 40 73 54 52
2 48 40 39 30 56
2 49 8 68 93 77
3 4 11 88 46 72
3 5 83 33 24 21
3 6 35 71 37 76
3 7 76 58 27 36
3 8 29 67 64 59
3 9 9 65 91 65
3 10 20 48 63 72
3 11 86 34 15 43
3 12 2 86 50 91
3 13 12 49 73 64
3 14 6 80 71 50
3 15 8 66 84 56
3 16 19 64 66 52
3 17 1 68 70 83
3 18 34 44 56 74
3 19 6 58 72 74
3 20 55 30 49 71
3 21 16 54 80 58
3 22 68 57 57 29
3 23 70 36 16 62
3 24 95 27 33 33
3 25 36 62 72 39
3 26 15 67 63 45
3 27 80 26 34 41
3 28 97 30 14 37
3 29 74 55 43 53
3 30 83 24 31 54
3 31 19 83 65 77
3 32 4 92 56 96
3 33 14 77 92 43
3 34 19 80 48 65
3 35 72 60 47 61
3 36 36 67 52 46
3 37 84 23 38 11
3 38 21 85 41 75
3 39 59 57 27 51
3 40 6 75 86 92
3 41 77 29 14 51
3 42 10 57 62 51
3 43 21 59 69 60
3 44 92 19 52 18
3 45 54 41 26 71
3 46 69 54 26 43
3 47 85 11 36 10
3 48 38 55 38 48
3 49 65 59 66 29
4 5 80 22 49 27
4 6 17 56 76 64
4 7 55 22 22 40
4 8 69 53 46 53
4 9 22 61 80 76
4 10 28 39 45 72
4 11 98 39 5 37
4 12 82 15 12 55
4 13 11 79 87 78
4 14 39 32 70 58
4 15 20 49 51 46
4 16 35 51 51 74
4 17 10 83 50 55
4 18 48 26 64 64
4 19 17 49 82 51
4 20 18 73 61 83
4 21 41 64 72 35
4 22 50 57 38 27
4 23 1 84 54 88
4 24 47 54 72 56
4 25 2 51 86 49
4 26 25 79 66 43
4 27 64 58 54 21
4 28 28 50 73 70
4 29 35 72 57 77
4 30 51 68 48 62
4 31 22 56 43 50
4 32 29 69 62 69
4 33 60 63 36 53
4 34 33 54 42 42
4 35 67 45 64 22
4 36 73 45 47 53
4 37 46 27 32 51
4 38 10 78 46 77
4 39 58 22 25 42
4 40 75 60 61 50
4 41 34 60 49 35
4 42 10 92 48 53
4 43 81 10 30 50
4 44 97 6 12 31
4 45 52 67 68 31
4 46 13 82 49 79
4 47 62 45 54 64
4 48 57 58 24 53
4 49 42 66 30 33
5 6 72 51 40 36
5 7 80 21 29 56
5 8 66 24 27 21
5 9 45 50 63 31
5 10 36 72 79 80
5 11 96 26 8 31
5 12 98 27 4 48
5 13 41 37 64 72
5 14 84 18 36 40
5 15 4 78 58 53
5 16 32 34 58 35
5 17 84 12 51 35
5 18 13 89 53 63
5 19 73 49 62 18
5 20 55 61 66 51
5 21 77 33 26 58
5 22 10 69 51 63
5 23 32 48 35 37
5 24 92 44 15 19
5 25 32 45 67 77
5 26 69 25 41 41
5 27 78 42 16 39
5 28 73 38 34 41
5 29 69 28 55 43
5 30 92 49 35 39
5 31 34 46 44 52
5 32 34 48 82 39
5 33 14 45 45 46
5 34 49 25 52 51
5 35 35 45 64 77
5 36 85 31 29 39
5 37 11 68 48 66
5 38 73 62 55 54
5 39 74 20 13 17
5 40 28 76 40 52
5 41 90 13 7 22
5 42 73 47 59 55
5 43 51 40 74 58
5 44 96 30 34 16
5 45 12 86 55 70
5 46 43 44 38 69
5 47 42 62 62 48
5 48 31 45 59 45
5 49 33 81 33 45
6 7 51 35 50 52
6 8 63 62 25 18
6 9 2 78 58 58
6 10 59 49 70 35
6 11 97 48 6 15
6 12 85 18 32 46
6 13 71 25 33 41
6 14 81 16 10 42
6 15 95 8 8 17
6 16 54 68 35 25
6 17 49 39 52 27
6 18 29 60 64 73
6 19 12 46 82 68
6 20 30 70 68 65
6 21 81 31 26 21
6 22 36 67 51 37
6 23 39 47 36 70
6 24 32 43 58 70
6 25 34 75 34 69
6 26 20 40 87 58
6 27 14 68 69 69
6 28 81 50 27 53
6 29 29 66 45 80
6 30 51 56 55 41
6 31 15 53 53 46
6 32 61 22 54 58
6 33 68 49 43 25
6 34 71 50 49 15
6 35 62 49 26 41
6 36 24 85 68 55
6 37 63 21 40 50
6 38 24 85 53 67
6 39 76 33 38 32
6 40 74 43 50 59
6 41 76 33 30 19
6 42 36 56 56 42
6 43 36 37 65 69
6 44 43 35 65 48
6 45 2 74 73 78
6 46 27 39 51 55
6 47 40 75 52 32
6 48 48 40 30 53
6 49 31 52 63 56
7 8 19 57 48 62
7 9 6 80 94 65
7 10 0 78 82 64
7 11 12 55 49 88
7 12 94 5 13 12
7 13 23 80 51 82
7 14 35 56 58 35
7 15 36 63 45 80
7 16 22 81 47 71
7 17 21 86 59 83
7 18 65 55 17 33
7 19 4 78 60 95
7 20 93 48 7 19
7 21 46 35 27 55
7 22 16 89 44 45
7 23 87 36 12 23
7 24 24 57 58 71
7 25 98 9 43 29
7 26 70 47 41 22
7 27 94 14 11 9
7 28 41 52 53 75
7 29 19 69 87 49
7 30 62 24 43 38
7 31 7 49 49 50
7 32 55 32 41 63
7 33 26 73 67 77
7 34 14 74 51 65
7 35 66 48 50 22
7 36 25 77 45 81
7 37 92 18 48 45
7 38 3 80 72 97
7 39 66 40 23 39
7 40 8 91 72 74
7 41 75 13 25 15
7 42 24 49 43 51
7 43 77 26 36 55
7 44 74 16 44 42
7 45 34 65 76 77
7 46 20 48 44 46
7 47 55 51 56 27
7 48 40 41 74 30
7 49 5 68 77 84
8 9 96 19 19 11
8 10 9 79 66 94
8 11 52 29 52 50
8 12 92 27 49 19
8 13 4 95 82 67
8 14 67 61 48 51
8 15 43 63 32 31
8 16 95 3 22 5
8 17 2 79 52 75
8 18 24 56 50 79
8 19 81 36 10 28
8 20 77 34 33 21
8 21 32 70 53 69
8 22 8 57 76 64
8 23 72 15 35 58
8 24 7 71 75 57
8 25 29 64 64 84
8 26 38 65 50 75
8 27 40 53 68 71
8 28 67 52 28 56
8 29 68 37 23 26
8 30 85 18 25 50
8 31 48 38 37 51
8 32 9 53 83 57
8 33 1 71 78 91
8 34 85 25 45 8
8 35 83 49 48 38
8 36 15 72 60 67
8 37 75 50 53 25
8 38 80 31 22 25
8 39 2 66 98 69
8 40 59 35 23 45
8 41 12 68 81 52
8 42 14 70 69 52
8 43 55 71 26 58
8 44 82 18 43 38
8 45 25 66 63 68
8 46 54 70 24 63
8 47 99 19 47 22
8 48 74 23 20 62
8 49 7 75 88 88
9 10 74 13 30 62
9 11 20 80 60 46
9 12 6 93 58 81
9 13 23 54 45 47
9 14 43 44 42 64
9 15 71 50 36 36
9 16 27 82 85 57
9 17 50 37 32 48
9 18 44 69 60 51
9 19 72 26 53 30
9 20 68 29 63 33
9 21 87 42 27 33
9 22 87 27 37 25
9 23 55 53 53 65
9 24 80 33 52 23
9 25 60 63 66 23
9 26 1 50 73 79
9 27 27 50 41 58
9 28 3 53 77 64
9 29 86 51 26 55
9 30 7 90 47 46
9 31 94 22 8 26
9 32 58 41 25 57
9 33 94 7 22 20
9 34 43 47 30 68
9 35 81 19 18 9
9 36 41 54 74 38
9 37 58 43 21 54
9 38 17 50 81 63
9 39 50 68 33 48
9 40 27 62 77 43
9 41 43 44 62 39
9 42 32 36 78 55
9 43 40 49 60 60
9 44 86 39 19 11
9 45 11 82 85 55
9 46 3 76 58 51
9 47 39 79 33 72
9 48 9 93 57 72
9 49 97 3 50 42
10 11 64 37 27 41
10 12 20 87 43 54
10 13 71 36 31 19
10 14 78 14 16 14
10 15 76 24 50 34
10 16 15 63 58 91
10 17 20 55 63 46
10 18 34 70 40 80
10 19 47 32 61 34
10 20 95 8 3 15
10 21 32 47 80 70
10 22 94 22 10 17
10 23 39 48 49 58
10 24 63 61 37 60
10 25 18 61 74 67
10 26 21 77 80 75
10 27 34 36 70 42
10 28 77 18 47 36
10 29 66 24 32 32
10 30 69 29 62 42
10 31 54 60 50 63
10 32 62 38 26 23
10 33 12 89 59 84
10 34 74 12 15 28
10 35 80 24 10 40
10 36 6 93 91 73
10 37 48 28 39 40
10 38 80 35 50 9
10 39 52 57 30 31
10 40 70 17 40 51
10 41 85 45 10 8
10 42 29 51 69 76
10 43 99 9 4 4
10 44 55 60 60 48
10 45 59 32 46 25
10 46 89 11 46 37
10 47 99 48 2 37
10 48 71 30 28 52
10 49 94 42 15 52
11 12 51 68 64 63
11 13 24 84 65 68
11 14 2 91 73 73
11 15 40 40 61 32
11 16 74 59 45 21
11 17 94 21 48 38
11 18 94 43 35 9
11 19 32 77 69 60
11 20 68 16 56 58
11 21 95 35 44 29
11 22 51 62 65 60
11 23 97 22 26 25
11 24 42 50 68 66
11 25 23 57 51 65
11 26 14 72 90 64
11 27 54 33 37 68
11 28 41 32 74 77
11 29 41 42 54 33
11 30 46 75 40 45
11 31 35 67 39 46
11 32 11 62 76 59
11 33 8 62 74 66
11 34 16 66 46 72
11 35 26 49 38 74
11 36 62 20 56 36
11 37 81 50 24 44
11 38 53 62 56 40
11 39 15 80 52 65
11 40 50 63 29 71
11 41 32 54 58 57
11 42 39 66 39 39
11 43 97 2 25 40
11 44 64 57 30 49
11 45 30 63 69 79
11 46 39 35 78 73
11 47 55 55 67 63
11 48 85 26 40 15
11 49 84 9 48 13
12 13 3 59 60 68
12 14 46 74 73 65
12 15 68 46 31 41
12 16 70 22 34 57
12 17 86 43 28 23
12 18 66 28 41 45
12 19 89 48 37 27
12 20 66 37 26 64
12 21 82 49 39 18
12 22 34 80 70 61
12 23 54 39 32 48
12 24 92 25 20 5
12 25 94 5 43 15
12 26 86 33 49 37
12 27 23 72 70 68
12 28 92 34 10 39
12 29 4 63 94 53
12 30 51 55 41 34
12 31 2 53 90 74
12 32 98 32 40 45
12 33 29 65 74 51
12 34 45 54 37 43
12 35 89 6 52 34
12 36 56 52 65 35
12 37 37 50 78 56
12 38 49 59 29 73
12 39 42 47 64 59
12 40 31 70 38 48
12 41 59 67 48 61
12 42 5 56 58 84
12 43 39 65 49 51
12 44 66 31 22 20
12 45 58 38 29 49
12 46 79 15 14 44
12 47 38 33 32 70
12 48 17 47 86 86
12 49 59 62 33 36
13 14 13 55 79 48
13 15 30 64 53 71
13 16 17 68 74 70
13 17 16 67 91 90
13 18 47 43 71 64
13 19 29 52 84 67
13 20 21 84 40 45
13 21 28 37 78 65
13 22 70 43 32 19
13 23 13 59 57 67
13 24 39 47 73 30
13 25 68 59 58 30
13 26 40 69 48 61
13 27 54 45 58 45
13 28 88 33 23 52
13 29 1 52 60 57
13 30 25 60 84 42
13 31 12 66 53 77
13 32 5 60 89 77
13 33 97 28 41 43
13 34 19 56 43 62
13 35 75 59 23 23
13 36 14 45 86 71
13 37 45 43 77 41
13 38 63 40 41 36
13 39 92 38 29 42
13 40 55 49 56 69
13 41 12 70 61 68
13 42 29 49 69 79
13 43 43 52 75 54
13 44 93 43 5 33
13 45 29 63 61 60
13 46 35 57 44 71
13 47 88 22 30 48
13 48 92 47 18 20
13 49 33 44 39 59
14 15 81 35 44 54
14 16 92 39 16 32
14 17 49 70 71 43
14 18 25 77 38 56
14 19 69 46 23 23
14 20 7 58 49 51
14 21 35 34 38 50
14 22 58 59 50 56
14 23 13 84 72 76
14 24 84 32 47 10
14 25 44 70 55 68
14 26 87 8 13 23
14 27 89 12 53 8
14 28 11 63 56 91
14 29 6 91 65 63
14 30 36 32 42 74
14 31 26 36 39 66
14 32 85 31 23 55
14 33 84 12 39 22
14 34 51 30 42 46
14 35 85 11 54 25
14 36 79 46 19 19
14 37 99 38 31 43
14 38 54 43 46 24
14 39 36 58 61 64
14 40 7 86 64 84
14 41 91 32 20 47
14 42 60 57 20 49
14 43 5 68 67 56
14 44 37 32 76 64
14 45 9 90 66 46
14 46 49 33 34 44
14 47 63 32 53 45
14 48 60 26 23 34
14 49 69 21 60 20
15 16 96 45 22 40
15 17 82 13 23 37
15 18 84 38 17 21
15 19 47 29 29 26
15 20 66 61 23 43
15 21 88 46 17 26
15 22 94 20 40 22
15 23 10 86 66 51
15 24 98 43 33 32
15 25 2 82 51 89
15 26 41 34 56 50
15 27 57 55 42 52
15 28 27 60 78 84
15 29 99 20 30 1
15 30 9 56 93 48
15 31 1 99 71 67
15 32 24 49 87 82
15 33 66 24 53 24
15 34 67 56 17 34
15 35 87 34 31 19
15 36 12 87 45 91
15 37 91 46 27 23
15 38 56 70 30 46
15 39 60 51 37 53
15 40 31 38 57 79
15 41 98 43 9 37
15 42 74 19 62 51
15 43 63 57 67 25
15 44 25 60 81 62
15 45 82 12 41 51
15 46 95 31 11 26
15 47 58 32 27 34
15 48 70 35 35 26
15 49 94 14 41 13
16 17 85 25 51 19
16 18 37 69 78 60
16 19 65 57 44 50
16 20 27 39 63 86
16 21 64 28 25 34
16 22 44 73 35 33
16 23 57 70 61 61
16 24 72 61 47 44
16 25 42 48 78 39
16 26 65 64 65 65
16 27 59 27 32 55
16 28 11 93 83 90
16 29 92 29 7 39
16 30 82 9 18 48
16 31 52 61 32 41
16 32 15 50 69 69
16 33 67 64 46 64
16 34 6 80 76 62
16 35 78 12 56 46
16 36 45 34 64 30
16 37 56 22 31 25
16 38 81 14 35 53
16 39 23 66 81 55
16 40 51 30 51 63
16 41 57 57 23 55
16 42 49 44 45 45
16 43 21 87 48 75
16 44 34 37 72 78
16 45 71 28 60 28
16 46 73 17 23 51
16 47 76 18 41 47
16 48 81 56 12 34
16 49 49 71 55 62
17 18 4 49 61 72
17 19 3 59 94 92
17 20 4 67 90 72
17 21 60 43 69 52
17 22 20 44 74 64
17 23 81 35 44 50
17 24 26 51 40 57
17 25 57 51 33 39
17 26 50 34 40 73
17 27 76 12 57 47
17 28 21 65 52 44
17 29 33 82 38 60
17 30 31 50 44 72
17 31 97 37 42 33
17 32 47 69 51 47
17 33 50 73 58 31
17 34 15 87 55 74
17 35 5 91 86 91
17 36 23 60 60 53
17 37 12 82 46 57
17 38 22 58 75 42
17 39 93 25 20 27
17 40 91 49 50 50
17 41 95 33 18 44
17 42 21 60 46 43
17 43 17 83 79 64
17 44 85 29 55 9
17 45 77 55 49 16
17 46 87 18 35 44
17 47 88 21 22 26
17 48 84 26 48 44
17 49 52 39 46 47
18 19 63 64 44 58
18 20 22 60 88 67
18 21 30 67 48 80
18 22 3 80 78 94
18 23 32 35 57 46
18 24 9 72 72 80
18 25 5 57 65 59
18 26 72 30 28 47
18 27 64 48 38 66
18 28 23 73 86 79
18 29 2 72 84 84
18 30 70 16 39 44
18 31 44 39 45 51
18 32 49 25 68 51
18 33 65 24 55 23
18 34 94 32 3 25
18 35 1 81 65 60
18 36 66 56 32 63
18 37 7 94 91 60
18 38 35 53 36 33
18 39 81 34 12 41
18 40 23 42 78 64
18 41 98 49 50 5
18 42 79 40 11 23
18 43 79 45 31 46
18 44 4 90 51 67
18 45 45 46 77 39
18 46 97 33 42 49
18 47 59 54 30 70
18 48 76 47 12 39
18 49 79 42 52 18
19 20 67 36 19 51
19 21 49 59 28 38
19 22 45 40 70 52
19 23 69 43 58 58
19 24 42 64 36 34
19 25 54 43 46 44
19 26 93 42 8 43
19 27 52 64 73 31
19 28 73 26 35 44
19 29 77 37 22 27
19 30 60 56 45 68
19 31 82 47 32 20
19 32 5 78 70 47
19 33 16 60 65 73
19 34 56 31 53 64
19 35 28 76 54 49
19 36 31 59 51 63
19 37 38 52 41 43
19 38 57 65 42 38
19 39 39 56 69 75
19 40 82 39 27 46
19 41 55 64 35 59
19 42 3 48 51 54
19 43 98 24 39 24
19 44 12 89 84 66
19 45 85 16 11 23
19 46 31 38 51 35
19 47 16 84 49 79
19 48 23 77 77 70
19 49 19 55 85 53
20 21 63 63 33 36
20 22 71 45 37 40
20 23 75 51 51 45
20 24 14 84 70 58
20 25 89 51 22 18
20 26 71 58 59 31
20 27 89 21 12 14
20 28 27 36 78 42
20 29 77 40 18 31
20 30 2 90 73 77
20 31 83 21 44 24
20 32 17 66 44 44
20 33 55 62 55 22
20 34 6 76 60 92
20 35 47 51 32 51
20 36 21 54 61 85
20 37 0 57 72 52
20 38 44 75 31 67
20 39 33 47 63 61
20 40 98 29 33 40
20 41 41 64 64 78
20 42 51 71 36 60
20 43 39 53 74 68
20 44 99 42 47 21
20 45 17 47 57 66
20 46 79 10 52 41
20 47 21 46 75 55
20 48 20 42 59 60
20 49 10 78 49 48
21 22 18 87 78 72
21 23 19 78 57 64
21 24 74 47 29 33
21 25 54 55 40 70
21 26 8 50 46 64
21 27 48 37 56 48
21 28 52 51 39 54
21 29 68 50 24 62
21 30 92 49 31 35
21 31 9 82 90 63
21 32 1 83 64 94
21 33 75 36 56 54
21 34 39 69 67 63
21 35 58 60 52 52
21 36 8 57 66 55
21 37 57 56 38 26
21 38 4 61 48 53
21 39 44 50 42 70
21 40 68 65 62 19
21 41 4 60 55 48
21 42 0 93 80 62
21 43 21 58 50 81
21 44 95 37 9 17
21 45 57 52 51 52
21 46 90 24 30 5
21 47 28 49 67 56
21 48 83 54 9 44
21 49 68 19 52 18
22 23 68 37 53 53
22 24 54 35 38 39
22 25 65 54 27 35
22 26 58 28 51 32
22 27 69 51 51 16
22 28 94 15 33 35
22 29 60 28 32 63
22 30 9 70 67 94
22 31 32 71 79 68
22 32 25 53 50 79
22 33 67 41 57 54
22 34 15 74 58 90
22 35 44 30 47 72
22 36 1 78 53 85
22 37 29 55 55 66
22 38 85 12 49 25
22 39 3 68 64 79
22 40 56 47 27 25
22 41 62 51 40 66
22 42 30 55 46 55
22 43 24 73 73 43
22 44 78 36 39 59
22 45 93 47 51 16
22 46 4 63 65 59
22 47 82 16 47 24
22 48 97 29 36 28
22 49 55 47 56 48
23 24 28 47 48 77
23 25 78 31 59 52
23 26 49 49 33 55
23 27 8 78 60 73
23 28 75 33 37 46
23 29 52 50 48 71
23 30 95 12 29 4
23 31 75 40 35 48
23 32 46 37 29 45
23 33 92 12 53 9
23 34 99 8 23 14
23 35 13 76 51 50
23 36 71 44 56 28
23 37 62 27 20 43
23 38 92 47 4 50
23 39 2 66 59 72
23 40 21 44 63 67
23 41 73 24 30 60
23 42 24 39 48 65
23 43 51 24 67 31
23 44 30 79 35 48
23 45 1 59 81 77
23 46 61 44 65 45
23 47 38 59 73 44
23 48 44 56 60 59
23 49 29 42 60 62
24 25 31 64 77 79
24 26 56 67 27 67
24 27 48 43 63 34
24 28 81 57 13 44
24 29 81 22 25 32
24 30 10 91 68 85
24 31 85 43 52 38
24 32 32 35 45 65
24 33 33 74 46 65
24 34 84 24 14 47
24 35 79 40 21 59
24 36 37 62 41 35
24 37 11 67 82 84
24 38 0 96 93 94
24 39 46 61 44 29
24 40 84 54 14 55
24 41 31 77 66 81
24 42 81 22 22 17
24 43 23 75 40 39
24 44 20 86 44 71
24 45 54 52 45 55
24 46 39 50 47 55
24 47 80 17 21 16
24 48 46 68 37 69
24 49 36 81 60 37
25 26 25 60 41 40
25 27 13 45 88 43
25 28 36 74 77 44
25 29 36 50 49 40
25 30 41 64 42 62
25 31 29 55 72 50
25 32 32 67 70 71
25 33 30 60 47 49
25 34 75 37 14 16
25 35 37 51 43 58
25 36 0 86 79 75
25 37 66 55 30 25
25 38 95 28 18 5
25 39 27 79 52 69
25 40 86 42 14 26
25 41 88 24 49 43
25 42 20 60 70 42
25 43 62 62 25 30
25 44 9 48 84 90
25 45 28 61 60 42
25 46 76 30 48 33
25 47 70 39 60 33
25 48 56 27 32 30
25 49 13 56 63 83
26 27 20 56 85 41
26 28 27 63 48 53
26 29 34 71 58 72
26 30 60 39 67 49
26 31 10 89 47 76
26 32 70 33 24 15
26 33 12 75 63 78
26 34 26 85 64 77
26 35 3 92 97 84
26 36 83 51 24 46
26 37 92 16 12 41
26 38 86 8 50 31
26 39 87 15 9 32
26 40 81 47 50 39
26 41 95 9 14 3
26 42 14 79 83 64
26 43 37 59 49 60
26 44 13 62 71 53
26 45 76 56 31 51
26 46 68 27 21 61
26 47 36 32 42 32
26 48 87 35 32 55
26 49 18 79 67 48
27 28 27 54 76 81
27 29 34 73 61 46
27 30 76 47 20 20
27 31 68 25 41 20
27 32 12 81 77 59
27 33 92 32 38 53
27 34 56 35 50 70
27 35 78 20 45 27
27 36 44 57 32 28
27 37 12 76 69 76
27 38 42 61 37 45
27 39 80 27 35 32
27 40 43 63 63 42
27 41 22 74 80 53
27 42 69 21 51 42
27 43 9 59 60 58
27 44 43 39 35 34
27 45 12 73 88 51
27 46 46 54 39 45
27 47 93 37 45 51
27 48 9 80 74 80
27 49 85 28 19 40
28 29 29 61 65 83
28 30 71 43 16 56
28 31 59 60 22 39
28 32 7 86 95 94
28 33 47 45 75 38
28 34 19 54 54 51
28 35 32 52 44 43
28 36 48 29 27 63
28 37 87 41 24 28
28 38 23 79 73 71
28 39 83 10 53 35
28 40 39 37 78 66
28 41 81 57 38 33
28 42 43 57 53 55
28 43 41 64 42 64
28 44 29 72 71 46
28 45 37 56 74 34
28 46 91 52 20 29
28 47 37 53 39 57
28 48 13 80 75 65
28 49 75 54 13 29
29 30 68 45 64 16
29 31 32 82 57 71
29 32 69 53 50 33
29 33 68 50 45 26
29 34 14 89 57 56
29 35 35 66 66 66
29 36 38 77 31 33
29 37 35 61 68 69
29 38 64 41 33 58
29 39 73 36 35 18
29 40 46 47 55 28
29 41 12 89 91 81
29 42 35 81 60 36
29 43 49 39 71 58
29 44 97 28 43 19
29 45 86 26 49 43
29 46 62 19 59 18
29 47 76 56 15 24
29 48 71 59 55 42
29 49 34 47 68 53
30 31 12 85 88 87
30 32 39 37 69 65
30 33 42 76 42 33
30 34 10 45 50 53
30 35 16 88 48 67
30 36 51 68 68 47
30 37 31 71 78 37
30 38 24 80 81 42
30 39 51 61 51 73
30 40 81 9 9 28
30 41 74 29 30 57
30 42 6 54 63 88
30 43 7 59 68 77
30 44 19 70 67 56
30 45 8 85 76 48
30 46 50 67 27 27
30 47 19 51 43 86
30 48 97 29 21 21
30 49 30 72 46 65
31 32 73 34 21 58
31 33 51 31 49 73
31 34 86 52 25 31
31 35 44 57 32 56
31 36 33 67 77 50
31 37 41 50 68 70
31 38 56 30 37 40
31 39 58 38 27 25
31 40 54 24 23 23
31 41 72 45 35 40
31 42 68 59 32 57
31 43 71 15 32 47
31 44 99 22 45 35
31 45 77 27 40 52
31 46 30 77 68 54
31 47 70 17 24 21
31 48 89 28 47 41
31 49 51 70 33 68
32 33 78 45 59 33
32 34 30 66 52 70
32 35 90 25 28 46
32 36 74 40 21 24
32 37 26 69 60 58
32 38 2 68 81 82
32 39 61 63 62 36
32 40 76 36 23 17
32 41 16 59 72 54
32 42 30 44 63 76
32 43 46 51 50 66
32 44 76 13 16 37
32 45 33 38 61 34
32 46 35 46 55 32
32 47 21 48 58 45
32 48 29 69 57 45
32 49 93 12 21 9
33 34 40 37 61 65
33 35 33 48 59 52
33 36 28 85 57 76
33 37 24 57 85 51
33 38 20 69 44 74
33 39 5 92 67 95
33 40 23 59 87 60
33 41 10 51 73 56
33 42 8 94 71 47
33 43 84 25 29 25
33 44 30 64 45 58
33 45 55 51 47 47
33 46 17 52 50 52
33 47 68 52 20 51
33 48 92 10 32 48
33 49 72 59 58 62
34 35 80 58 16 41
34 36 37 36 38 41
34 37 52 48 26 65
34 38 3 84 49 72
34 39 76 12 32 22
34 40 89 10 41 38
34 41 17 42 43 69
34 42 79 56 26 49
34 43 32 42 80 41
34 44 3 78 49 68
34 45 41 67 41 46
34 46 40 65 52 55
34 47 45 36 47 30
34 48 5 58 81 72
34 49 32 63 68 67
35 36 88 47 45 43
35 37 68 53 40 17
35 38 18 85 59 57
35 39 59 53 66 28
35 40 26 61 49 50
35 41 8 47 75 48
35 42 17 86 65 51
35 43 24 39 61 43
35 44 92 39 30 36
35 45 57 27 23 35
35 46 7 62 91 86
35 47 81 29 16 57
35 48 78 52 40 58
35 49 25 68 80 49
36 37 62 66 21 19
36 38 68 26 36 54
36 39 90 18 23 19
36 40 43 45 74 66
36 41 57 46 39 23
36 42 15 88 81 75
36 43 74 15 39 29
36 44 33 76 77 47
36 45 61 19 46 34
36 46 36 63 58 65
36 47 63 25 24 43
36 48 80 25 22 57
36 49 24 53 79 64
37 38 77 47 30 52
37 39 28 61 71 68
37 40 15 75 59 69
37 41 78 60 57 57
37 42 56 70 22 34
37 43 18 62 90 55
37 44 42 36 59 40
37 45 53 32 60 57
37 46 38 62 40 63
37 47 58 26 64 39
37 48 73 53 62 19
37 49 18 72 64 64
38 39 54 57 58 69
38 40 5 75 60 62
38 41 21 80 42 61
38 42 83 54 9 14
38 43 99 6 13 13
38 44 94 19 10 11
38 45 18 66 60 56
38 46 9 81 56 94
38 47 49 33 40 49
38 48 89 42 18 9
38 49 18 77 48 46
39 40 89 27 25 6
39 41 73 16 44 20
39 42 67 60 25 51
39 43 12 62 60 85
39 44 2 62 62 96
39 45 62 64 44 29
39 46 28 52 67 47
39 47 94 4 36 18
39 48 67 40 38 56
39 49 56 33 41 60
40 41 22 67 54 75
40 42 64 17 62 26
40 43 13 68 43 80
40 44 9 73 86 91
40 45 84 42 29 47
40 46 49 51 62 32
40 47 27 70 59 55
40 48 3 55 74 92
40 49 69 55 26 24
41 42 69 35 52 32
41 43 93 29 22 43
41 44 28 39 52 71
41 45 39 60 79 39
41 46 51 55 40 39
41 47 79 52 57 11
41 48 12 54 69 50
41 49 37 52 67 78
42 43 39 67 53 52
42 44 40 67 74 31
42 45 69 17 35 46
42 46 21 40 41 73
42 47 34 63 76 74
42 48 83 13 18 44
42 49 40 45 42 31
43 44 67 36 56 53
43 45 53 68 27 32
43 46 57 39 51 62
43 47 83 35 55 24
43 48 36 63 45 80
43 49 9 80 91 83
44 45 66 38 39 58
44 46 29 67 81 50
44 47 70 57 25 36
44 48 1 72 99 55
44 49 85 25 31 13
45 46 10 59 77 56
45 47 17 88 89 42
45 48 47 52 26 36
45 49 98 34 17 34
46 47 33 61 37 79
46 48 17 56 74 60
46 49 23 58 51 68
47 48 46 31 28 59
47 49 25 78 81 62
48 49 60 66 31 48
