50
0 1 47 9 20 17
0 2 56 39 28 45
0 3 99 82 60 84
0 4 88 1 91 58
0 5 75 83 48 7
0 6 67 75 76 79
0 7 9 18 97 24
0 8 31 28 74 76
0 9 50 86 68 27
0 10 43 67 12 35
0 11 48 48 94 19
0 12 94 60 32 65
0 13 80 91 37 21
0 14 62 51 15 41
0 15 58 26 38 19
0 16 20 67 16 34
0 17 11 15 13 43
0 18 10 17 57 18
0 19 80 89 80 67
0 20 97 39 28 60
0 21 19 19 81 43
0 22 54 69 54 32
0 23 18 60 33 35
0 24 18 14 79 37
0 25 95 75 20 65
0 26 19 22 32 35
0 27 56 83 71 82
0 28 91 39 74 57
0 29 22 26 35 67
0 30 94 80 15 6
0 31 12 64 11 73
0 32 41 42 51 31
0 33 65 17 59 51
0 34 64 66 39 16
0 35 88 72 37 77
0 36 13 59 88 13
0 37 79 61 6 61
0 38 15 70 16 35
0 39 2 59 29 95
0 40 76 74 31 67
0 41 14 37 82 70
0 42 54 80 6 26
0 43 77 87 81 78
0 44 32 24 62 7
0 45 59 29 4 79
0 46 62 51 42 9
0 47 10 70 82 22
0 48 39 33 6 15
0 49 22 87 60 27
1 2 14 64 74 96
1 3 62 12 10 20
1 4 49 63 16 77
1 5 73 29 88 12
1 6 8 39 35 54
1 7 90 3 86 34
1 8 76 86 28 53
1 9 17 87 78 14
1 10 48 79 84 86
1 11 19 16 71 80
1 12 32 90 30 66
1 13 89 24 10 90
1 14 35 13 17 33
1 15 53 58 50 86
1 16 43 70 38 12
1 17 74 39 90 15
1 18 74 78 33 5
1 19 7 70 31 69
1 20 53 56 64 16
1 21 59 75 92 92
1 22 92 76 61 11
1 23 65 80 5 63
1 24 45 80 42 93
1 25 50 18 65 30
1 26 30 70 73 11
1 27 81 77 29 56
1 28 32 26 48 17
1 29 25 19 30 13
1 30 83 33 13 29
1 31 19 65 41 30
1 32 62 16 83 15
1 33 84 24 70 85
1 34 3 22 69 54
1 35 6 71 77 41
1 36 75 82 89 32
1 37 70 50 58 18
1 38 77 24 27 16
1 39 76 78 90 51
1 40 47 67 65 77
1 41 25 10 34 29
1 42 61 56 34 39
1 43 76 8 40 63
1 44 11 33 70 16
1 45 69 28 76 89
1 46 2 74 94 56
1 47 21 63 60 75
1 48 32 91 65 50
1 49 66 86 55 34
2 3 78 57 2 27
2 4 88 67 70 42
2 5 71 21 26 69
2 6 77 24 4 10
2 7 10 59 40 85
2 8 28 58 38 64
2 9 85 30 40 19
2 10 62 45 39 10
2 11 16 82 79 45
2 12 88 85 54 61
2 13 48 78 93 90
2 14 11 76 70 59
2 15 57 5 44 50
2 16 68 39 72 81
2 17 72 51 15 72
2 18 68 68 18 72
2 19 2 84 85 38
2 20 78 29 77 45
2 21 22 17 20 44
2 22 44 17 64 8
2 23 96 24 77 72
2 24 39 8 52 80
2 25 71 79 72 7
2 26 27 55 10 13
2 27 22 87 60 60
2 28 88 80 39 67
2 29 17 58 10 16
2 30 51 82 21 27
2 31 55 65 21 93
2 32 78 53 12 4
2 33 89 27 77 88
2 34 65 13 77 91
2 35 28 31 92 80
2 36 50 23 34 93
2 37 10 12 40 50
2 38 99 43 55 81
2 39 89 80 72 46
2 40 48 78 49 62
2 41 35 40 22 72
2 42 94 20 28 72
2 43 61 67 80 79
2 44 28 83 72 17
2 45 45 48 26 38
2 46 18 20 96 49
2 47 33 21 62 30
2 48 94 38 75 45
2 49 10 19 20 70
3 4 29 23 77 24
3 5 51 80 71 13
3 6 73 60 78 88
3 7 33 10 72 51
3 8 21 36 26 97
3 9 14 26 97 30
3 10 46 35 53 10
3 11 74 82 33 71
3 12 77 23 9 24
3 13 42 28 61 39
3 14 20 18 7 92
3 15 5 20 87 14
3 16 4 36 79 91
3 17 39 36 83 68
3 18 94 74 56 82
3 19 24 83 61 57
3 20 92 1 38 81
3 21 72 20 40 5
3 22 87 61 18 2
3 23 86 11 85 65
3 24 5 78 15 97
3 25 4 20 43 14
3 26 40 88 52 55
3 27 64 46 25 20
3 28 37 49 40 33
3 29 10 69 53 95
3 30 26 16 17 94
3 31 79 48 3 89
3 32 48 75 61 62
3 33 47 19 37 17
3 34 30 23 24 41
3 35 38 43 10 23
3 36 86 71 35 36
3 37 47 28 8 74
3 38 21 41 68 49
3 39 96 59 27 21
3 40 30 44 51 75
3 41 24 19 79 22
3 42 52 58 76 38
3 43 95 60 74 57
3 44 5 17 15 30
3 45 86 43 71 9
3 46 15 75 72 72
3 47 2 24 76 13
3 48 14 45 90 79
3 49 68 43 77 77
4 5 20 31 53 54
4 6 43 30 88 70
4 7 33 35 14 82
4 8 65 36 26 88
4 9 14 78 29 21
4 10 54 16 81 29
4 11 56 9 27 66
4 12 31 54 65 37
4 13 79 37 36 34
4 14 77 91 9 33
4 15 56 83 37 47
4 16 73 28 17 48
4 17 97 29 22 76
4 18 73 3 41 10
4 19 99 51 72 13
4 20 86 79 65 17
4 21 9 23 73 16
4 22 94 21 85 37
4 23 3 55 62 81
4 24 78 33 73 58
4 25 1 14 91 46
4 26 25 51 58 91
4 27 3 57 79 59
4 28 72 79 34 40
4 29 87 28 36 90
4 30 2 62 34 76
4 31 59 65 86 81
4 32 38 88 85 78
4 33 4 20 28 90
4 34 78 11 62 42
4 35 77 21 4 47
4 36 77 15 8 59
4 37 62 8 75 22
4 38 17 71 66 88
4 39 61 9 64 83
4 40 28 86 18 62
4 41 61 26 52 7
4 42 67 25 9 11
4 43 13 27 65 60
4 44 61 90 34 5
4 45 6 45 46 12
4 46 24 14 48 87
4 47 94 19 30 83
4 48 60 93 74 54
4 49 87 42 12 74
5 6 92 21 46 41
5 7 11 15 10 47
5 8 31 7 64 58
5 9 83 34 25 75
5 10 23 64 25 38
5 11 61 67 89 13
5 12 88 4 30 51
5 13 61 60 82 56
5 14 22 89 29 24
5 15 11 96 56 32
5 16 97 34 60 42
5 17 69 40 90 13
5 18 69 89 11 65
5 19 33 96 21 60
5 20 73 76 89 73
5 21 27 24 46 39
5 22 7 56 60 84
5 23 95 48 67 12
5 24 17 11 66 25
5 25 23 43 28 73
5 26 68 14 84 24
5 27 95 36 25 54
5 28 95 3 30 47
5 29 63 18 90 31
5 30 47 12 63 91
5 31 11 34 60 97
5 32 59 56 39 79
5 33 54 81 68 52
5 34 35 70 93 7
5 35 24 12 64 71
5 36 39 32 14 26
5 37 3 45 24 89
5 38 9 91 28 66
5 39 50 38 68 45
5 40 66 24 64 45
5 41 18 79 43 16
5 42 87 20 47 65
5 43 58 80 59 11
5 44 63 90 26 65
5 45 86 27 88 34
5 46 14 56 77 98
5 47 55 30 15 59
5 48 96 48 49 4
5 49 59 36 9 71
6 7 81 81 23 90
6 8 4 11 29 20
6 9 31 95 29 91
6 10 60 13 25 19
6 11 40 58 30 58
6 12 96 38 58 72
6 13 84 62 3 66
6 14 47 64 69 37
6 15 94 87 5 20
6 16 34 18 14 37
6 17 9 96 76 58
6 18 45 25 51 50
6 19 44 37 54 17
6 20 96 58 29 17
6 21 17 95 11 63
6 22 41 36 87 87
6 23 83 83 76 16
6 24 74 65 76 46
6 25 0 84 25 34
6 26 57 19 79 10
6 27 48 19 76 77
6 28 25 40 94 84
6 29 59 82 44 13
6 30 73 58 25 34
6 31 15 45 18 96
6 32 35 76 93 23
6 33 87 30 7 42
6 34 95 83 22 45
6 35 0 41 15 19
6 36 64 14 19 20
6 37 58 60 78 6
6 38 51 50 41 42
6 39 69 55 89 86
6 40 81 17 58 67
6 41 89 41 86 88
6 42 55 9 22 73
6 43 79 15 15 55
6 44 64 50 62 90
6 45 55 67 88 91
6 46 75 87 14 64
6 47 34 92 31 79
6 48 16 90 92 41
6 49 16 45 22 60
7 8 53 54 88 22
7 9 60 92 69 53
7 10 91 78 45 85
7 11 87 39 2 80
7 12 65 7 92 70
7 13 84 49 10 64
7 14 25 30 71 40
7 15 44 44 43 66
7 16 13 58 29 97
7 17 50 70 46 85
7 18 87 55 23 32
7 19 92 71 15 14
7 20 82 44 18 80
7 21 16 86 65 54
7 22 34 88 36 67
7 23 82 16 18 41
7 24 28 88 9 48
7 25 57 11 38 68
7 26 51 29 73 45
7 27 85 26 46 65
7 28 62 23 36 47
7 29 21 57 65 29
7 30 52 92 63 8
7 31 84 91 4 29
7 32 94 8 85 23
7 33 16 30 9 60
7 34 25 21 48 89
7 35 41 18 20 93
7 36 61 33 16 54
7 37 59 76 37 55
7 38 24 66 38 40
7 39 40 46 81 54
7 40 35 50 82 27
7 41 39 21 49 84
7 42 30 92 47 49
7 43 41 36 89 79
7 44 52 81 83 87
7 45 44 33 23 12
7 46 64 22 18 71
7 47 76 22 87 92
7 48 74 76 71 54
7 49 30 7 59 78
8 9 77 66 77 64
8 10 33 91 59 39
8 11 7 41 25 58
8 12 19 63 67 64
8 13 49 12 5 81
8 14 67 51 83 43
8 15 96 27 11 84
8 16 40 93 88 54
8 17 15 38 54 12
8 18 2 26 22 22
8 19 50 13 45 26
8 20 84 29 66 8
8 21 27 10 9 55
8 22 97 89 5 76
8 23 59 30 93 75
8 24 6 49 40 46
8 25 74 48 32 67
8 26 28 29 81 40
8 27 52 7 31 39
8 28 37 87 50 35
8 29 30 75 42 54
8 30 54 71 80 46
8 31 35 66 25 51
8 32 98 34 54 81
8 33 22 45 68 78
8 34 54 78 80 8
8 35 38 95 23 23
8 36 20 25 42 28
8 37 44 35 13 59
8 38 17 87 36 89
8 39 7 86 84 45
8 40 29 88 80 82
8 41 86 36 53 90
8 42 98 53 34 84
8 43 60 79 89 42
8 44 56 64 56 33
8 45 78 45 84 3
8 46 99 2 6 51
8 47 8 54 34 37
8 48 32 28 62 18
8 49 38 46 26 13
9 10 39 86 43 67
9 11 3 77 97 91
9 12 38 59 36 78
9 13 56 33 25 44
9 14 9 96 96 93
9 15 12 64 37 66
9 16 32 47 73 70
9 17 81 47 71 61
9 18 7 34 37 83
9 19 32 27 79 79
9 20 99 4 80 43
9 21 27 31 39 31
9 22 83 11 17 50
9 23 2 21 20 18
9 24 37 69 76 82
9 25 35 18 78 18
9 26 87 54 23 18
9 27 15 84 91 29
9 28 59 34 82 33
9 29 30 49 35 65
9 30 95 44 74 69
9 31 16 60 72 30
9 32 25 54 97 14
9 33 74 39 55 79
9 34 53 50 4 64
9 35 64 9 67 54
9 36 84 18 54 3
9 37 18 88 60 9
9 38 32 20 41 67
9 39 21 22 9 22
9 40 39 15 70 66
9 41 62 34 54 81
9 42 27 84 39 31
9 43 50 13 12 23
9 44 79 57 22 27
9 45 98 10 20 26
9 46 66 55 60 24
9 47 54 94 66 15
9 48 21 68 41 61
9 49 80 18 50 29
10 11 61 12 78 58
10 12 92 12 49 68
10 13 46 37 86 19
10 14 5 14 91 83
10 15 89 44 63 10
10 16 5 9 81 34
10 17 68 4 47 10
10 18 82 70 50 13
10 19 90 28 8 31
10 20 23 57 55 40
10 21 66 80 63 71
10 22 35 36 87 48
10 23 88 82 55 18
10 24 3 96 13 79
10 25 96 7 89 89
10 26 31 73 43 13
10 27 98 4 88 75
10 28 16 40 28 31
10 29 46 51 67 53
10 30 35 53 21 36
10 31 84 55 43 78
10 32 2 71 88 72
10 33 30 91 56 60
10 34 48 61 59 73
10 35 86 8 55 22
10 36 26 41 95 74
10 37 71 7 55 83
10 38 27 7 73 79
10 39 67 52 66 59
10 40 60 13 42 41
10 41 11 24 11 92
10 42 11 82 55 60
10 43 51 82 29 17
10 44 84 2 10 60
10 45 94 24 65 5
10 46 40 18 52 91
10 47 7 52 94 88
10 48 33 29 33 79
10 49 20 95 54 43
11 12 48 53 38 32
11 13 29 38 60 94
11 14 8 86 86 26
11 15 13 43 95 31
11 16 97 13 37 30
11 17 42 83 85 54
11 18 96 43 67 24
11 19 20 56 84 21
11 20 63 40 44 51
11 21 25 70 63 34
11 22 2 76 31 56
11 23 0 77 41 29
11 24 0 43 70 43
11 25 43 36 6 66
11 26 23 86 97 41
11 27 51 37 45 16
11 28 40 37 59 48
11 29 54 63 64 79
11 30 31 53 44 88
11 31 15 51 15 62
11 32 94 88 64 11
11 33 60 85 12 55
11 34 14 90 57 53
11 35 25 88 84 48
11 36 54 62 37 87
11 37 67 20 61 28
11 38 10 80 68 85
11 39 40 82 10 53
11 40 61 55 23 19
11 41 82 24 39 82
11 42 44 40 54 86
11 43 39 74 29 30
11 44 38 27 45 58
11 45 67 12 12 93
11 46 93 80 85 3
11 47 97 11 42 37
11 48 53 78 59 8
11 49 34 48 93 74
12 13 72 71 71 49
12 14 40 6 57 16
12 15 20 94 75 82
12 16 72 21 23 43
12 17 48 22 20 89
12 18 18 94 86 97
12 19 90 78 16 7
12 20 15 76 11 96
12 21 47 48 61 42
12 22 91 44 55 76
12 23 97 75 22 0
12 24 15 91 65 61
12 25 20 59 60 81
12 26 41 14 22 70
12 27 85 52 75 77
12 28 14 22 64 25
12 29 51 13 63 68
12 30 46 48 6 59
12 31 60 20 69 61
12 32 10 98 87 29
12 33 98 52 47 55
12 34 34 22 53 20
12 35 2 14 45 50
12 36 67 31 87 49
12 37 60 23 40 53
12 38 24 67 24 70
12 39 66 44 56 62
12 40 39 69 13 89
12 41 69 87 41 7
12 42 33 51 91 59
12 43 49 75 6 88
12 44 14 60 61 80
12 45 0 74 34 55
12 46 59 89 7 26
12 47 79 16 22 26
12 48 51 36 73 41
12 49 69 12 64 30
13 14 82 28 59 62
13 15 20 14 73 65
13 16 99 12 14 52
13 17 19 68 30 79
13 18 86 1 86 51
13 19 17 74 12 70
13 20 34 81 81 89
13 21 32 51 11 32
13 22 39 50 12 93
13 23 74 50 51 61
13 24 98 75 10 75
13 25 42 73 57 63
13 26 4 22 38 23
13 27 20 81 58 14
13 28 22 45 58 28
13 29 88 36 5 49
13 30 5 70 59 78
13 31 46 40 27 77
13 32 65 27 13 44
13 33 89 73 75 50
13 34 55 56 14 18
13 35 87 36 62 46
13 36 87 73 82 28
13 37 57 71 40 60
13 38 84 62 67 46
13 39 24 21 24 73
13 40 97 66 72 62
13 41 41 15 90 29
13 42 7 21 67 68
13 43 76 61 18 53
13 44 26 79 64 48
13 45 88 25 59 32
13 46 17 87 92 60
13 47 16 75 44 11
13 48 84 43 79 30
13 49 0 75 15 63
14 15 16 31 23 80
14 16 53 15 64 77
14 17 52 24 88 28
14 18 59 86 48 27
14 19 88 15 62 64
14 20 1 9 48 43
14 21 47 11 47 33
14 22 92 83 30 40
14 23 37 23 58 65
14 24 52 17 86 45
14 25 97 60 22 65
14 26 56 13 18 49
14 27 3 60 40 24
14 28 48 94 70 75
14 29 26 23 11 83
14 30 39 56 13 71
14 31 51 70 91 92
14 32 22 80 37 20
14 33 77 34 80 34
14 34 63 92 43 3
14 35 94 25 72 46
14 36 52 93 13 28
14 37 14 61 29 96
14 38 25 63 65 94
14 39 41 9 36 14
14 40 93 8 11 35
14 41 56 80 77 21
14 42 14 79 21 66
14 43 1 64 70 19
14 44 67 75 83 44
14 45 53 62 20 85
14 46 25 71 44 16
14 47 88 42 85 31
14 48 22 57 9 29
14 49 73 74 30 63
15 16 1 47 86 24
15 17 87 67 27 16
15 18 29 96 65 33
15 19 26 94 94 64
15 20 31 23 40 79
15 21 95 57 88 18
15 22 38 62 58 41
15 23 46 22 55 17
15 24 5 99 76 23
15 25 73 34 83 71
15 26 75 42 74 10
15 27 75 48 88 90
15 28 1 24 41 35
15 29 77 52 15 56
15 30 50 82 36 67
15 31 90 35 10 6
15 32 68 11 53 13
15 33 41 59 29 82
15 34 18 93 85 10
15 35 3 70 25 28
15 36 43 29 17 87
15 37 84 20 89 26
15 38 42 43 12 36
15 39 57 37 55 25
15 40 79 41 91 62
15 41 72 54 77 85
15 42 62 36 20 78
15 43 46 94 57 21
15 44 29 59 52 37
15 45 0 25 89 68
15 46 43 56 54 45
15 47 70 12 33 56
15 48 47 12 88 88
15 49 85 38 54 19
16 17 93 5 55 64
16 18 30 27 40 43
16 19 56 32 45 85
16 20 92 75 23 74
16 21 65 37 63 91
16 22 56 31 24 9
16 23 79 43 62 29
16 24 43 59 12 44
16 25 34 16 67 24
16 26 70 73 36 54
16 27 80 45 41 4
16 28 46 35 59 61
16 29 6 36 51 73
16 30 41 51 65 33
16 31 58 25 66 4
16 32 51 91 59 89
16 33 42 44 58 91
16 34 23 67 11 17
16 35 22 59 32 44
16 36 83 54 88 61
16 37 15 63 44 49
16 38 36 7 23 40
16 39 52 50 24 74
16 40 0 21 48 63
16 41 7 78 35 90
16 42 61 88 49 74
16 43 63 11 85 89
16 44 39 72 92 61
16 45 5 73 63 70
16 46 61 41 86 58
16 47 86 81 51 16
16 48 93 19 68 78
16 49 41 94 70 23
17 18 62 91 44 27
17 19 93 14 50 31
17 20 22 96 77 30
17 21 5 64 13 11
17 22 34 76 8 61
17 23 5 23 18 90
17 24 91 40 3 31
17 25 48 86 63 49
17 26 19 96 90 29
17 27 80 14 18 85
17 28 43 80 21 27
17 29 56 86 25 76
17 30 82 18 88 71
17 31 75 44 52 28
17 32 74 35 48 71
17 33 65 46 74 35
17 34 11 14 45 96
17 35 10 77 45 73
17 36 29 90 80 42
17 37 64 82 83 72
17 38 35 14 42 69
17 39 38 35 39 67
17 40 44 85 89 85
17 41 48 50 13 30
17 42 59 92 61 30
17 43 46 86 21 65
17 44 91 77 68 50
17 45 35 11 12 7
17 46 68 66 58 38
17 47 50 78 78 86
17 48 27 58 81 26
17 49 15 23 34 69
18 19 29 37 57 40
18 20 35 73 62 88
18 21 87 75 54 61
18 22 82 5 88 24
18 23 36 13 23 80
18 24 73 6 4 90
18 25 21 17 55 63
18 26 24 26 89 54
18 27 76 22 36 83
18 28 86 66 28 77
18 29 35 80 62 80
18 30 30 92 49 24
18 31 88 15 43 81
18 32 31 25 56 86
18 33 50 70 45 30
18 34 33 47 34 43
18 35 45 86 30 5
18 36 50 14 37 49
18 37 38 16 18 16
18 38 82 55 87 82
18 39 28 8 85 55
18 40 18 49 11 76
18 41 20 76 26 31
18 42 31 63 11 64
18 43 79 50 46 10
18 44 76 6 44 75
18 45 0 61 56 19
18 46 62 61 26 45
18 47 38 67 83 39
18 48 74 51 62 27
18 49 39 47 15 23
19 20 84 64 83 28
19 21 31 30 60 91
19 22 92 39 81 37
19 23 12 82 60 11
19 24 96 69 82 57
19 25 65 17 85 78
19 26 2 79 40 26
19 27 11 89 57 88
19 28 24 20 48 53
19 29 91 58 80 21
19 30 60 39 42 23
19 31 45 59 35 13
19 32 41 24 25 89
19 33 66 87 79 55
19 34 47 19 61 82
19 35 39 38 45 31
19 36 44 62 90 73
19 37 47 67 19 18
19 38 37 12 26 8
19 39 81 17 40 43
19 40 24 74 93 27
19 41 79 43 81 65
19 42 43 45 57 20
19 43 71 75 48 80
19 44 14 17 82 49
19 45 53 78 20 76
19 46 40 51 10 80
19 47 4 39 25 42
19 48 65 48 68 39
19 49 7 66 60 11
20 21 79 72 11 49
20 22 68 80 11 70
20 23 45 15 61 9
20 24 67 52 17 64
20 25 81 61 5 83
20 26 71 86 54 42
20 27 95 17 17 21
20 28 86 27 12 33
20 29 41 80 59 88
20 30 11 83 68 63
20 31 48 34 81 88
20 32 33 34 75 84
20 33 26 51 63 93
20 34 44 84 25 33
20 35 88 73 90 82
20 36 69 78 35 38
20 37 80 3 56 12
20 38 44 20 65 30
20 39 88 83 12 52
20 40 74 90 61 68
20 41 59 80 73 27
20 42 74 57 34 51
20 43 62 24 56 61
20 44 91 64 54 50
20 45 50 24 20 72
20 46 18 9 29 48
20 47 81 55 66 4
20 48 59 38 89 57
20 49 9 41 97 85
21 22 59 57 47 17
21 23 56 86 71 11
21 24 91 10 7 44
21 25 74 38 19 28
21 26 56 43 27 6
21 27 53 78 89 71
21 28 36 37 41 86
21 29 7 17 21 83
21 30 34 47 91 48
21 31 38 51 49 51
21 32 91 68 18 20
21 33 83 31 46 79
21 34 74 30 14 92
21 35 61 45 58 7
21 36 25 10 13 32
21 37 48 50 42 40
21 38 17 95 20 98
21 39 44 95 30 47
21 40 65 92 8 45
21 41 76 23 74 72
21 42 76 12 65 86
21 43 12 92 89 82
21 44 24 20 54 16
21 45 94 6 1 88
21 46 58 72 12 62
21 47 21 60 50 11
21 48 84 21 10 2
21 49 84 82 19 23
22 23 59 28 49 73
22 24 81 9 33 63
22 25 33 39 10 39
22 26 71 59 52 63
22 27 70 9 12 69
22 28 78 47 21 74
22 29 86 90 6 63
22 30 79 17 37 44
22 31 29 33 81 39
22 32 44 16 11 87
22 33 44 70 70 73
22 34 31 92 17 24
22 35 97 75 27 32
22 36 5 79 12 22
22 37 79 22 16 21
22 38 11 50 57 78
22 39 84 39 3 41
22 40 35 34 62 10
22 41 17 81 68 43
22 42 0 20 30 80
22 43 60 43 63 61
22 44 27 69 96 50
22 45 22 10 95 69
22 46 28 78 13 33
22 47 40 6 51 72
22 48 32 85 31 41
22 49 42 38 77 48
23 24 53 68 27 45
23 25 37 74 77 87
23 26 58 61 6 26
23 27 39 17 49 29
23 28 62 25 4 4
23 29 49 53 65 79
23 30 90 65 14 63
23 31 65 7 9 9
23 32 91 30 84 77
23 33 85 16 81 36
23 34 11 15 33 30
23 35 15 12 20 92
23 36 60 15 53 51
23 37 96 10 9 37
23 38 57 66 25 81
23 39 99 34 21 88
23 40 25 89 34 35
23 41 50 69 78 63
23 42 42 30 12 19
23 43 38 33 78 74
23 44 13 75 22 42
23 45 10 25 79 57
23 46 21 35 10 81
23 47 78 32 80 23
23 48 34 53 55 90
23 49 79 52 12 23
24 25 33 24 56 60
24 26 5 91 31 99
24 27 25 76 43 55
24 28 30 93 8 51
24 29 73 71 20 20
24 30 72 12 4 20
24 31 47 77 21 35
24 32 84 29 83 35
24 33 80 58 53 74
24 34 74 37 44 58
24 35 2 16 36 44
24 36 3 79 40 56
24 37 13 40 80 75
24 38 73 51 60 4
24 39 34 42 93 90
24 40 33 47 46 62
24 41 42 63 87 27
24 42 42 6 29 21
24 43 75 74 16 26
24 44 62 33 30 63
24 45 52 75 19 26
24 46 49 51 25 53
24 47 2 22 33 15
24 48 17 68 54 87
24 49 43 46 60 92
25 26 88 26 3 33
25 27 50 65 75 35
25 28 5 45 29 52
25 29 57 13 64 5
25 30 55 89 53 12
25 31 3 50 66 51
25 32 84 64 4 40
25 33 48 58 65 47
25 34 67 46 67 18
25 35 50 71 47 46
25 36 31 59 25 54
25 37 51 40 38 51
25 38 58 44 59 71
25 39 64 41 62 17
25 40 36 86 64 13
25 41 86 4 75 29
25 42 89 27 84 12
25 43 8 43 86 93
25 44 4 28 67 50
25 45 58 91 84 11
25 46 42 59 73 14
25 47 35 76 87 43
25 48 53 47 37 5
25 49 55 52 61 75
26 27 4 35 15 18
26 28 36 78 33 43
26 29 20 67 60 66
26 30 41 63 95 56
26 31 26 84 64 87
26 32 14 27 98 64
26 33 39 33 64 66
26 34 45 21 56 12
26 35 12 10 84 22
26 36 94 23 70 18
26 37 54 12 75 25
26 38 86 85 43 37
26 39 20 51 19 20
26 40 43 69 72 30
26 41 2 57 63 32
26 42 75 45 44 5
26 43 13 59 93 83
26 44 64 31 86 68
26 45 32 92 81 10
26 46 83 65 3 56
26 47 1 47 90 33
26 48 68 54 19 30
26 49 48 88 48 43
27 28 68 51 73 43
27 29 50 64 36 20
27 30 8 60 44 58
27 31 85 24 39 53
27 32 19 38 88 35
27 33 35 28 15 34
27 34 7 56 58 95
27 35 31 52 38 28
27 36 45 20 91 73
27 37 71 89 58 5
27 38 1 69 81 66
27 39 69 56 49 39
27 40 31 83 76 33
27 41 45 8 83 61
27 42 95 53 71 42
27 43 17 38 72 14
27 44 44 52 32 74
27 45 94 3 23 71
27 46 20 90 51 46
27 47 59 58 67 77
27 48 83 24 12 45
27 49 16 27 72 76
28 29 91 50 50 58
28 30 13 35 76 31
28 31 90 40 37 46
28 32 93 43 23 54
28 33 91 78 22 3
28 34 61 58 16 70
28 35 22 96 35 13
28 36 57 9 9 76
28 37 37 88 82 56
28 38 19 50 58 27
28 39 85 48 53 36
28 40 53 53 13 77
28 41 69 58 26 31
28 42 17 31 96 61
28 43 8 20 20 54
28 44 90 35 6 70
28 45 67 41 58 28
28 46 70 84 49 58
28 47 98 63 13 44
28 48 45 49 82 14
28 49 59 64 9 20
29 30 9 57 68 24
29 31 35 10 49 69
29 32 74 28 66 22
29 33 14 70 65 54
29 34 15 24 58 55
29 35 42 82 86 45
29 36 83 22 65 81
29 37 84 30 49 79
29 38 35 85 80 17
29 39 74 83 80 90
29 40 53 46 52 6
29 41 47 17 91 35
29 42 0 52 44 93
29 43 87 73 61 82
29 44 7 88 54 98
29 45 5 12 98 15
29 46 90 53 20 34
29 47 80 52 35 33
29 48 59 44 49 36
29 49 0 43 48 81
30 31 12 33 81 11
30 32 19 43 93 22
30 33 16 9 46 34
30 34 15 85 24 63
30 35 79 83 48 90
30 36 66 7 82 10
30 37 66 71 70 22
30 38 64 93 72 5
30 39 17 44 91 12
30 40 88 7 53 63
30 41 91 35 31 27
30 42 80 90 9 35
30 43 35 61 35 73
30 44 19 35 83 25
30 45 84 46 6 61
30 46 20 19 63 32
30 47 6 86 38 96
30 48 70 67 14 92
30 49 42 23 54 49
31 32 97 28 83 54
31 33 8 24 76 79
31 34 85 69 17 25
31 35 39 30 90 54
31 36 95 40 68 39
31 37 36 65 32 24
31 38 91 38 76 30
31 39 32 15 70 75
31 40 27 80 96 44
31 41 48 63 13 36
31 42 22 93 9 11
31 43 63 37 65 79
31 44 78 37 19 60
31 45 58 28 83 7
31 46 57 38 91 91
31 47 91 7 2 23
31 48 33 59 31 43
31 49 5 33 19 86
32 33 53 20 48 90
32 34 96 83 35 64
32 35 17 95 12 81
32 36 34 14 19 53
32 37 48 83 10 43
32 38 88 43 57 13
32 39 46 57 67 57
32 40 28 87 20 53
32 41 40 54 46 92
32 42 98 42 23 77
32 43 73 27 20 9
32 44 99 0 6 86
32 45 55 92 35 88
32 46 41 15 47 62
32 47 54 93 92 71
32 48 57 34 80 87
32 49 56 83 26 45
33 34 81 89 73 18
33 35 66 8 25 70
33 36 47 93 35 77
33 37 1 75 87 86
33 38 23 88 22 65
33 39 25 11 54 58
33 40 55 77 92 53
33 41 27 83 30 13
33 42 21 78 66 74
33 43 95 10 19 39
33 44 62 37 54 58
33 45 7 67 70 25
33 46 85 23 69 23
33 47 80 2 22 3
33 48 13 58 94 95
33 49 1 61 23 35
34 35 5 57 78 98
34 36 5 33 50 26
34 37 64 75 78 72
34 38 57 70 61 18
34 39 97 50 65 2
34 40 99 4 26 4
34 41 51 73 54 7
34 42 77 25 8 89
34 43 13 81 82 46
34 44 8 49 85 60
34 45 11 52 65 89
34 46 35 84 29 72
34 47 34 70 86 24
34 48 40 84 84 76
34 49 44 18 39 41
35 36 50 5 5 5
35 37 47 29 55 63
35 38 89 5 13 10
35 39 45 67 33 29
35 40 62 77 55 93
35 41 12 9 66 72
35 42 39 83 40 77
35 43 96 27 81 59
35 44 16 18 84 95
35 45 83 88 28 21
35 46 67 91 78 32
35 47 92 2 19 59
35 48 37 79 95 36
35 49 67 36 87 69
36 37 28 51 31 53
36 38 15 36 96 97
36 39 53 62 13 69
36 40 78 12 41 90
36 41 1 74 39 66
36 42 81 59 41 45
36 43 6 53 23 77
36 44 47 93 27 82
36 45 63 79 49 91
36 46 35 60 53 45
36 47 15 61 48 90
36 48 79 62 17 22
36 49 15 41 89 73
37 38 82 64 15 30
37 39 74 69 38 41
37 40 31 8 66 69
37 41 97 3 17 86
37 42 42 34 61 69
37 43 92 10 26 19
37 44 61 17 83 50
37 45 9 73 29 63
37 46 16 47 83 90
37 47 91 57 18 22
37 48 3 50 65 80
37 49 1 83 36 46
38 39 96 62 88 77
38 40 63 73 61 31
38 41 88 86 39 20
38 42 38 44 62 73
38 43 67 79 60 13
38 44 21 31 80 70
38 45 88 10 15 14
38 46 84 58 68 74
38 47 75 53 45 44
38 48 31 89 29 34
38 49 10 18 46 88
39 40 86 25 90 4
39 41 47 24 33 20
39 42 41 83 70 62
39 43 92 16 37 44
39 44 36 86 38 93
39 45 25 12 45 95
39 46 52 22 18 19
39 47 13 11 87 49
39 48 94 40 45 21
39 49 28 30 59 40
40 41 32 42 96 87
40 42 69 27 50 8
40 43 79 3 90 45
40 44 97 71 39 80
40 45 28 49 39 31
40 46 27 40 63 87
40 47 28 22 48 15
40 48 4 93 24 66
40 49 80 44 3 15
41 42 25 44 31 74
41 43 71 60 36 44
41 44 33 11 64 69
41 45 95 15 13 7
41 46 68 23 58 27
41 47 69 5 61 66
41 48 55 27 83 36
41 49 4 24 69 88
42 43 4 27 13 84
42 44 14 47 52 64
42 45 31 80 74 17
42 46 25 54 81 65
42 47 97 47 51 11
42 48 5 73 23 53
42 49 70 35 3 7
43 44 49 79 75 47
43 45 21 68 75 43
43 46 62 5 9 88
43 47 56 8 77 36
43 48 60 57 55 10
43 49 70 7 3 53
44 45 48 35 83 86
44 46 60 79 77 29
44 47 25 85 89 95
44 48 96 8 30 18
44 49 32 19 22 93
45 46 38 84 50 43
45 47 64 75 16 82
45 48 55 81 51 41
45 49 37 16 41 27
46 47 87 25 7 34
46 48 87 64 71 64
46 49 28 59 23 36
47 48 66 24 77 14
47 49 86 34 62 1
48 49 21 41 75 80
