50
0 1 54 58 60 34
0 2 94 33 32 15
0 3 47 57 65 53
0 4 29 55 70 51
0 5 2 73 80 85
0 6 14 60 81 73
0 7 40 61 59 59
0 8 9 82 88 91
0 9 9 89 91 88
0 10 4 95 86 86
0 11 76 37 26 31
0 12 51 52 60 48
0 13 43 40 59 64
0 14 16 68 59 79
0 15 28 55 51 68
0 16 26 70 67 72
0 17 83 20 34 38
0 18 83 19 28 23
0 19 10 86 75 84
0 20 4 91 81 80
0 21 7 72 72 76
0 22 99 0 18 3
0 23 33 61 65 48
0 24 39 53 54 46
0 25 18 84 75 69
0 26 68 42 31 29
0 27 53 52 46 42
0 28 30 66 76 61
0 29 1 97 81 91
0 30 40 46 58 67
0 31 48 46 53 64
0 32 17 75 86 75
0 33 74 28 30 47
0 34 37 64 72 71
0 35 6 90 75 72
0 36 52 55 56 51
0 37 42 60 69 69
0 38 9 91 66 74
0 39 66 35 33 42
0 40 71 22 39 49
0 41 82 29 28 33
0 42 99 20 15 7
0 43 77 43 19 28
0 44 8 72 71 78
0 45 82 12 17 40
0 46 71 39 45 46
0 47 72 28 30 20
0 48 2 84 96 69
0 49 40 70 49 69
1 2 9 89 69 85
1 3 29 68 72 56
1 4 80 35 43 14
1 5 86 11 9 31
1 6 47 46 40 57
1 7 33 75 46 51
1 8 53 50 36 45
1 9 71 36 29 47
1 10 34 55 69 66
1 11 31 74 59 67
1 12 20 56 82 69
1 13 54 50 61 34
1 14 31 73 59 55
1 15 76 18 43 42
1 16 98 16 12 30
1 17 3 82 70 95
1 18 77 20 31 19
1 19 22 73 64 70
1 20 6 92 78 84
1 21 35 57 48 74
1 22 59 55 43 36
1 23 6 83 85 75
1 24 66 33 44 26
1 25 49 50 60 53
1 26 43 57 43 60
1 27 78 16 36 32
1 28 81 34 30 24
1 29 56 30 57 32
1 30 46 50 44 38
1 31 23 63 82 81
1 32 36 60 73 50
1 33 9 91 76 67
1 34 94 28 19 13
1 35 51 45 41 37
1 36 42 45 57 69
1 37 9 69 84 65
1 38 50 57 52 36
1 39 20 68 71 63
1 40 57 41 58 56
1 41 10 89 67 71
1 42 8 82 76 79
1 43 36 45 45 63
1 44 97 27 7 25
1 45 55 51 52 59
1 46 10 80 82 65
1 47 51 36 52 42
1 48 11 87 82 66
1 49 3 79 86 78
2 3 67 39 39 52
2 4 48 39 49 64
2 5 27 60 62 72
2 6 60 40 56 45
2 7 19 78 62 61
2 8 73 23 44 36
2 9 79 30 23 36
2 10 56 31 60 33
2 11 87 22 28 9
2 12 93 28 18 32
2 13 77 32 20 20
2 14 4 83 82 93
2 15 3 73 91 97
2 16 97 2 21 7
2 17 36 52 52 48
2 18 18 66 78 84
2 19 54 56 35 54
2 20 35 67 59 56
2 21 38 70 46 71
2 22 31 71 51 51
2 23 21 61 84 64
2 24 70 22 30 41
2 25 35 69 71 53
2 26 55 40 57 40
2 27 49 51 55 43
2 28 32 74 67 60
2 29 61 49 52 31
2 30 46 55 59 39
2 31 19 75 77 65
2 32 76 44 31 29
2 33 33 64 57 47
2 34 2 92 75 75
2 35 95 24 31 5
2 36 29 68 61 66
2 37 18 68 69 79
2 38 45 47 54 67
2 39 57 37 41 34
2 40 7 71 69 73
2 41 85 16 36 16
2 42 87 23 31 35
2 43 60 54 46 32
2 44 47 57 63 65
2 45 46 58 43 57
2 46 35 46 62 68
2 47 67 43 25 44
2 48 5 78 70 82
2 49 46 52 55 55
3 4 81 37 30 34
3 5 26 80 78 69
3 6 56 35 44 47
3 7 70 39 49 34
3 8 7 74 65 78
3 9 9 71 64 73
3 10 66 30 33 25
3 11 34 60 53 57
3 12 38 62 55 63
3 13 13 69 76 84
3 14 93 5 18 31
3 15 37 48 69 70
3 16 24 82 75 66
3 17 65 32 47 39
3 18 63 49 25 43
3 19 4 82 72 79
3 20 37 72 52 54
3 21 89 27 19 27
3 22 77 25 35 15
3 23 33 59 55 73
3 24 6 94 75 79
3 25 73 28 48 30
3 26 18 64 73 66
3 27 42 60 49 53
3 28 78 16 40 26
3 29 98 21 8 21
3 30 48 42 62 60
3 31 86 24 12 25
3 32 13 73 65 87
3 33 30 62 74 63
3 34 24 62 73 61
3 35 18 71 58 77
3 36 68 43 31 26
3 37 0 91 73 93
3 38 45 43 52 59
3 39 40 43 69 46
3 40 74 17 27 36
3 41 68 51 47 36
3 42 40 47 43 65
3 43 91 20 18 6
3 44 0 93 75 81
3 45 97 22 30 11
3 46 59 49 30 56
3 47 76 25 39 31
3 48 65 25 53 45
3 49 62 50 56 45
4 5 89 12 26 14
4 6 15 69 70 83
4 7 77 39 23 29
4 8 43 61 53 64
4 9 6 66 89 73
4 10 87 37 14 9
4 11 85 33 28 25
4 12 69 38 47 33
4 13 80 15 42 16
4 14 47 55 37 45
4 15 53 42 39 47
4 16 81 28 38 37
4 17 47 38 61 53
4 18 58 29 57 50
4 19 81 15 27 16
4 20 61 53 40 56
4 21 83 35 27 35
4 22 68 47 46 41
4 23 52 59 40 58
4 24 55 39 57 37
4 25 79 20 27 15
4 26 14 66 63 76
4 27 38 51 58 62
4 28 53 61 53 43
4 29 14 87 84 66
4 30 73 40 35 22
4 31 84 13 30 27
4 32 34 66 58 75
4 33 61 38 46 52
4 34 87 19 23 16
4 35 13 79 77 72
4 36 43 49 65 44
4 37 94 27 29 13
4 38 3 82 76 90
4 39 41 56 43 63
4 40 95 28 8 20
4 41 37 71 46 45
4 42 58 46 47 51
4 43 64 38 32 49
4 44 36 57 69 70
4 45 26 53 56 80
4 46 50 36 57 60
4 47 73 29 22 26
4 48 25 66 78 81
4 49 42 45 69 60
5 6 63 44 46 43
5 7 93 33 26 20
5 8 16 65 87 72
5 9 71 20 23 22
5 10 75 29 26 40
5 11 83 38 38 20
5 12 18 79 78 83
5 13 38 45 62 54
5 14 9 79 70 82
5 15 91 9 24 28
5 16 98 30 13 24
5 17 65 43 53 37
5 18 27 71 61 62
5 19 79 22 24 36
5 20 53 62 48 37
5 21 27 69 78 80
5 22 78 28 37 23
5 23 78 39 38 25
5 24 88 11 24 9
5 25 18 81 72 77
5 26 85 30 11 35
5 27 46 51 39 40
5 28 45 55 50 64
5 29 29 54 60 50
5 30 35 65 54 72
5 31 37 50 59 57
5 32 92 6 16 30
5 33 40 64 65 59
5 34 88 24 31 29
5 35 99 11 17 18
5 36 19 67 83 78
5 37 3 85 79 84
5 38 78 26 25 43
5 39 91 15 8 25
5 40 94 25 30 22
5 41 63 52 44 42
5 42 43 57 45 67
5 43 95 30 8 6
5 44 47 50 49 59
5 45 94 31 23 15
5 46 54 41 41 43
5 47 93 18 20 31
5 48 70 27 25 26
5 49 83 23 19 21
6 7 78 21 26 34
6 8 56 37 55 51
6 9 72 36 41 43
6 10 18 68 78 83
6 11 89 25 23 22
6 12 29 68 68 69
6 13 99 26 1 12
6 14 40 45 69 47
6 15 24 73 79 55
6 16 86 12 25 24
6 17 39 62 50 58
6 18 33 65 52 66
6 19 41 70 61 67
6 20 18 63 67 69
6 21 37 54 50 61
6 22 91 16 32 6
6 23 38 53 49 65
6 24 93 23 11 22
6 25 82 21 15 42
6 26 34 63 61 68
6 27 83 19 18 27
6 28 13 82 65 78
6 29 16 79 86 70
6 30 72 31 43 39
6 31 65 51 50 28
6 32 35 49 62 68
6 33 76 42 23 44
6 34 39 55 53 54
6 35 84 33 31 40
6 36 12 66 87 90
6 37 91 13 28 30
6 38 99 23 11 23
6 39 49 61 43 62
6 40 81 40 31 34
6 41 0 90 91 93
6 42 94 22 9 23
6 43 90 8 25 10
6 44 73 25 28 41
6 45 58 57 55 36
6 46 23 66 61 70
6 47 7 72 86 73
6 48 72 35 43 33
6 49 0 77 99 87
7 8 76 21 45 34
7 9 37 53 62 51
7 10 69 48 21 22
7 11 59 56 32 45
7 12 70 41 27 28
7 13 46 62 53 57
7 14 26 55 54 60
7 15 75 36 30 17
7 16 85 22 30 24
7 17 91 28 14 24
7 18 48 58 63 61
7 19 64 38 35 51
7 20 40 67 58 44
7 21 50 62 35 61
7 22 41 70 64 65
7 23 44 59 46 61
7 24 79 33 34 22
7 25 49 54 47 44
7 26 18 69 57 79
7 27 58 46 49 41
7 28 92 10 7 6
7 29 20 76 80 60
7 30 90 22 26 10
7 31 30 60 61 49
7 32 56 46 32 48
7 33 71 32 40 25
7 34 6 85 79 81
7 35 37 70 61 49
7 36 33 69 65 67
7 37 14 83 63 63
7 38 14 81 67 72
7 39 54 42 33 37
7 40 3 79 87 86
7 41 59 53 36 34
7 42 25 72 63 76
7 43 73 21 43 30
7 44 49 62 49 37
7 45 36 57 44 69
7 46 48 46 50 48
7 47 24 79 53 71
7 48 58 37 35 53
7 49 63 48 41 55
8 9 3 92 89 86
8 10 46 46 53 42
8 11 95 3 13 27
8 12 87 20 23 16
8 13 7 72 91 70
8 14 24 54 77 62
8 15 63 42 37 42
8 16 47 40 54 64
8 17 19 66 71 65
8 18 81 28 14 39
8 19 55 43 35 57
8 20 95 31 29 29
8 21 88 32 27 18
8 22 32 73 72 59
8 23 62 55 55 36
8 24 65 36 29 38
8 25 34 48 64 55
8 26 58 54 41 44
8 27 84 29 14 35
8 28 65 38 29 52
8 29 25 81 79 54
8 30 11 74 67 67
8 31 75 22 35 31
8 32 97 6 12 31
8 33 94 31 18 6
8 34 84 35 13 15
8 35 40 60 46 68
8 36 92 7 7 12
8 37 14 68 77 79
8 38 14 73 86 89
8 39 61 32 42 39
8 40 78 16 21 39
8 41 37 60 49 67
8 42 72 20 36 46
8 43 95 30 21 26
8 44 34 49 59 48
8 45 64 33 51 47
8 46 39 59 59 72
8 47 29 77 76 51
8 48 5 75 75 73
8 49 50 55 44 47
9 10 17 62 81 83
9 11 70 45 20 39
9 12 77 29 26 27
9 13 73 44 42 39
9 14 97 8 12 27
9 15 82 33 28 35
9 16 6 92 67 90
9 17 14 87 75 72
9 18 66 30 28 49
9 19 87 31 16 27
9 20 57 33 53 37
9 21 40 59 68 50
9 22 87 15 17 26
9 23 98 30 9 7
9 24 92 32 25 18
9 25 88 13 14 35
9 26 35 64 53 48
9 27 84 11 11 36
9 28 40 53 68 44
9 29 8 93 68 82
9 30 26 67 63 53
9 31 65 48 37 33
9 32 3 82 68 71
9 33 74 41 19 21
9 34 63 39 32 32
9 35 69 41 25 23
9 36 79 26 26 25
9 37 13 76 87 65
9 38 73 40 37 29
9 39 79 40 32 16
9 40 99 4 3 5
9 41 95 31 27 4
9 42 44 63 43 61
9 43 95 5 11 14
9 44 69 34 21 43
9 45 77 28 43 18
9 46 48 62 44 49
9 47 8 68 74 90
9 48 73 34 19 35
9 49 96 8 7 24
10 11 52 44 57 62
10 12 3 83 81 79
10 13 36 73 53 51
10 14 39 66 58 58
10 15 73 24 23 37
10 16 29 61 58 57
10 17 44 44 49 67
10 18 73 40 43 26
10 19 71 25 39 23
10 20 97 31 3 25
10 21 26 67 74 58
10 22 83 19 14 15
10 23 40 59 60 65
10 24 55 41 31 57
10 25 81 21 27 39
10 26 55 41 51 60
10 27 9 88 86 69
10 28 77 27 21 43
10 29 49 40 54 56
10 30 32 65 52 66
10 31 99 12 3 24
10 32 34 57 66 53
10 33 95 23 28 29
10 34 97 19 25 19
10 35 25 73 68 71
10 36 95 32 23 12
10 37 72 47 28 36
10 38 4 68 86 77
10 39 91 13 16 14
10 40 42 43 52 65
10 41 51 47 44 62
10 42 62 40 34 51
10 43 73 18 39 45
10 44 73 29 33 41
10 45 20 74 64 56
10 46 68 24 44 51
10 47 92 29 32 24
10 48 29 66 56 67
10 49 56 56 44 38
11 12 46 59 60 59
11 13 6 73 82 90
11 14 98 1 29 20
11 15 43 61 67 65
11 16 92 16 13 12
11 17 3 97 78 84
11 18 42 66 51 65
11 19 18 87 77 81
11 20 22 63 54 60
11 21 39 56 51 49
11 22 71 25 35 27
11 23 32 65 76 59
11 24 30 75 56 73
11 25 39 60 54 53
11 26 59 54 56 49
11 27 92 5 7 31
11 28 80 42 26 18
11 29 62 46 50 28
11 30 81 28 24 16
11 31 12 73 89 80
11 32 74 34 44 23
11 33 95 22 11 27
11 34 7 86 79 84
11 35 29 64 70 57
11 36 28 53 54 56
11 37 48 54 57 50
11 38 84 16 20 37
11 39 42 56 43 52
11 40 14 84 65 81
11 41 35 59 74 64
11 42 38 53 58 56
11 43 38 43 64 66
11 44 18 61 80 83
11 45 20 73 58 64
11 46 80 18 34 22
11 47 38 66 46 49
11 48 24 69 80 79
11 49 36 51 48 61
12 13 54 39 38 55
12 14 93 33 19 20
12 15 80 38 18 35
12 16 47 48 61 57
12 17 35 68 67 63
12 18 7 68 86 74
12 19 43 61 50 58
12 20 96 6 10 21
12 21 11 87 73 82
12 22 74 23 42 20
12 23 5 78 86 91
12 24 69 36 27 37
12 25 4 87 88 91
12 26 70 20 46 31
12 27 33 59 59 74
12 28 51 39 57 62
12 29 13 90 77 80
12 30 56 59 57 34
12 31 50 64 41 53
12 32 66 40 41 32
12 33 78 26 19 28
12 34 79 22 29 19
12 35 80 34 41 30
12 36 41 62 43 60
12 37 7 89 88 91
12 38 28 51 75 71
12 39 69 34 51 48
12 40 85 39 29 20
12 41 16 82 75 75
12 42 69 49 32 35
12 43 97 9 27 19
12 44 66 52 52 26
12 45 25 69 65 57
12 46 25 55 69 80
12 47 43 39 49 53
12 48 4 78 85 78
12 49 15 74 67 61
13 14 58 37 31 32
13 15 3 71 84 69
13 16 51 63 53 44
13 17 55 53 37 44
13 18 97 31 8 11
13 19 45 55 59 38
13 20 59 56 31 53
13 21 12 61 70 70
13 22 90 29 31 28
13 23 20 58 77 68
13 24 91 22 14 11
13 25 24 63 57 69
13 26 6 73 89 67
13 27 26 62 70 68
13 28 77 26 16 33
13 29 40 44 55 56
13 30 77 29 45 43
13 31 61 51 55 47
13 32 22 76 67 79
13 33 6 66 72 81
13 34 57 42 42 47
13 35 13 90 78 65
13 36 15 59 83 80
13 37 73 34 39 29
13 38 92 14 12 7
13 39 65 38 45 31
13 40 67 40 42 34
13 41 92 11 33 13
13 42 31 74 58 74
13 43 84 16 31 30
13 44 84 38 31 30
13 45 69 27 48 32
13 46 71 46 28 31
13 47 79 29 33 31
13 48 69 42 22 37
13 49 34 67 54 70
14 15 28 51 78 65
14 16 35 55 71 71
14 17 10 91 75 82
14 18 7 85 93 72
14 19 40 55 44 46
14 20 73 23 47 37
14 21 70 36 37 44
14 22 26 80 66 55
14 23 95 14 4 17
14 24 70 46 37 27
14 25 1 72 93 75
14 26 77 32 28 36
14 27 18 74 80 79
14 28 43 62 55 63
14 29 17 70 71 86
14 30 72 26 26 42
14 31 67 24 36 23
14 32 69 43 34 40
14 33 17 86 87 64
14 34 7 72 88 74
14 35 7 67 83 88
14 36 37 49 54 61
14 37 39 50 63 71
14 38 41 49 53 60
14 39 75 22 38 23
14 40 65 36 41 37
14 41 41 60 41 61
14 42 39 61 50 61
14 43 64 48 31 36
14 44 95 30 3 27
14 45 8 68 70 83
14 46 56 55 31 57
14 47 41 54 62 49
14 48 97 27 8 24
14 49 53 50 50 46
15 16 79 22 40 24
15 17 73 34 46 36
15 18 28 55 54 67
15 19 31 52 67 69
15 20 52 39 36 58
15 21 54 46 43 40
15 22 8 88 77 88
15 23 84 38 33 25
15 24 84 18 29 15
15 25 1 78 81 96
15 26 37 63 69 46
15 27 84 18 39 13
15 28 46 64 56 62
15 29 51 43 43 50
15 30 49 36 59 45
15 31 32 64 68 75
15 32 36 48 48 61
15 33 0 97 87 85
15 34 53 50 46 61
15 35 65 35 31 37
15 36 95 32 3 15
15 37 68 32 35 40
15 38 28 69 60 52
15 39 36 48 73 44
15 40 43 52 48 43
15 41 33 74 62 72
15 42 19 85 81 67
15 43 98 18 13 21
15 44 10 71 74 63
15 45 60 52 49 28
15 46 57 34 43 40
15 47 76 39 24 32
15 48 62 48 47 37
15 49 62 37 26 43
16 17 48 49 48 38
16 18 27 66 63 53
16 19 59 30 56 29
16 20 28 61 73 67
16 21 55 51 34 45
16 22 97 30 26 21
16 23 79 27 43 38
16 24 79 20 37 14
16 25 13 73 83 86
16 26 33 49 63 69
16 27 79 16 24 43
16 28 27 74 70 63
16 29 88 25 20 12
16 30 68 30 47 32
16 31 85 12 35 21
16 32 4 78 91 75
16 33 93 28 32 32
16 34 97 8 28 6
16 35 44 54 51 39
16 36 89 25 18 18
16 37 93 29 21 29
16 38 0 92 71 94
16 39 64 35 44 34
16 40 48 46 38 55
16 41 14 66 73 89
16 42 26 57 70 70
16 43 17 86 77 59
16 44 58 39 54 37
16 45 54 58 46 58
16 46 13 64 89 85
16 47 20 84 60 67
16 48 98 17 23 6
16 49 19 72 69 64
17 18 13 78 65 85
17 19 56 50 55 42
17 20 38 63 57 44
17 21 52 57 61 55
17 22 96 4 8 11
17 23 24 68 64 76
17 24 87 12 34 33
17 25 73 41 27 18
17 26 27 59 62 60
17 27 84 15 31 39
17 28 57 52 56 34
17 29 51 53 34 41
17 30 35 67 71 72
17 31 3 85 72 68
17 32 6 67 67 81
17 33 64 27 39 45
17 34 94 4 33 4
17 35 77 42 39 40
17 36 25 57 57 52
17 37 44 53 45 50
17 38 55 36 60 34
17 39 92 8 15 12
17 40 89 19 29 29
17 41 8 72 74 88
17 42 82 14 31 14
17 43 21 80 71 82
17 44 42 49 47 62
17 45 2 97 95 92
17 46 7 83 76 83
17 47 50 47 37 62
17 48 92 9 16 30
17 49 80 30 27 14
18 19 88 14 28 10
18 20 60 40 32 55
18 21 50 38 43 37
18 22 64 33 42 44
18 23 26 62 68 64
18 24 52 34 38 45
18 25 39 58 50 62
18 26 84 27 14 39
18 27 89 25 33 26
18 28 90 15 36 13
18 29 68 25 48 51
18 30 25 62 54 58
18 31 53 39 48 38
18 32 83 12 18 24
18 33 51 38 51 53
18 34 93 23 5 24
18 35 78 16 14 41
18 36 7 74 73 89
18 37 97 29 20 27
18 38 40 71 62 48
18 39 34 48 47 54
18 40 87 26 28 36
18 41 78 22 24 26
18 42 65 52 25 32
18 43 24 81 67 57
18 44 87 26 14 34
18 45 93 28 31 12
18 46 14 64 78 61
18 47 9 82 67 92
18 48 71 25 40 29
18 49 97 15 18 26
19 20 89 24 21 9
19 21 29 75 63 75
19 22 76 40 29 30
19 23 50 56 54 55
19 24 44 53 65 48
19 25 85 28 18 17
19 26 48 47 52 40
19 27 19 83 66 68
19 28 61 33 29 48
19 29 62 29 31 50
19 30 6 78 92 68
19 31 90 29 14 9
19 32 80 43 33 35
19 33 15 87 61 77
19 34 43 41 46 54
19 35 37 46 47 64
19 36 25 64 72 74
19 37 63 55 53 49
19 38 62 28 39 33
19 39 66 29 35 33
19 40 95 7 26 22
19 41 83 15 38 30
19 42 56 33 30 49
19 43 9 90 80 90
19 44 34 59 70 53
19 45 14 85 63 81
19 46 46 42 42 49
19 47 66 31 46 30
19 48 69 31 29 31
19 49 8 91 93 76
20 21 64 49 43 37
20 22 93 24 18 24
20 23 57 58 34 49
20 24 13 65 88 68
20 25 83 16 24 35
20 26 38 46 50 71
20 27 52 52 34 53
20 28 63 50 41 25
20 29 99 21 2 10
20 30 95 4 19 28
20 31 56 54 35 48
20 32 58 35 35 44
20 33 64 24 43 46
20 34 9 66 63 72
20 35 3 83 81 71
20 36 68 23 26 44
20 37 25 74 64 58
20 38 44 53 46 44
20 39 47 37 64 53
20 40 85 13 20 13
20 41 99 10 3 12
20 42 94 29 22 4
20 43 72 26 34 44
20 44 80 41 33 26
20 45 61 57 48 55
20 46 23 68 74 77
20 47 59 35 58 51
20 48 97 19 13 9
20 49 51 58 34 38
21 22 43 45 39 66
21 23 35 66 48 56
21 24 76 19 22 39
21 25 80 13 38 34
21 26 69 33 34 48
21 27 9 88 67 84
21 28 51 39 48 49
21 29 63 48 47 28
21 30 16 70 68 58
21 31 40 44 64 42
21 32 24 62 59 67
21 33 56 44 58 55
21 34 31 69 59 57
21 35 52 53 50 54
21 36 68 31 35 47
21 37 64 28 41 33
21 38 97 15 9 5
21 39 73 35 31 36
21 40 28 74 67 51
21 41 28 56 70 62
21 42 51 57 56 60
21 43 99 23 19 0
21 44 38 55 68 48
21 45 90 29 15 20
21 46 84 30 18 13
21 47 98 25 25 26
21 48 90 32 7 36
21 49 67 28 43 49
22 23 82 13 37 27
22 24 16 60 81 75
22 25 18 84 79 66
22 26 44 49 39 64
22 27 36 66 55 72
22 28 90 35 13 25
22 29 11 82 90 82
22 30 37 47 57 44
22 31 6 70 65 71
22 32 23 61 68 65
22 33 58 37 48 43
22 34 22 63 79 62
22 35 75 37 35 36
22 36 17 85 81 81
22 37 57 33 57 32
22 38 14 88 61 60
22 39 59 49 34 45
22 40 80 22 41 34
22 41 37 72 54 57
22 42 11 91 89 86
22 43 74 24 25 22
22 44 11 89 83 63
22 45 25 63 69 75
22 46 45 43 64 40
22 47 60 36 51 32
22 48 7 74 68 81
22 49 17 72 87 71
23 24 11 67 70 78
23 25 18 57 78 74
23 26 0 96 77 88
23 27 21 63 81 82
23 28 76 17 28 24
23 29 56 36 33 37
23 30 19 81 78 67
23 31 91 29 6 29
23 32 74 38 47 26
23 33 15 86 65 81
23 34 33 61 61 50
23 35 43 54 65 47
23 36 69 36 24 22
23 37 80 23 23 18
23 38 92 17 30 32
23 39 69 28 51 29
23 40 71 20 26 47
23 41 37 70 72 60
23 42 26 78 65 59
23 43 71 30 34 42
23 44 0 84 90 83
23 45 93 33 15 26
23 46 18 81 68 81
23 47 29 62 73 58
23 48 64 25 33 45
23 49 82 19 40 25
24 25 18 63 74 84
24 26 40 63 58 67
24 27 73 31 32 33
24 28 54 52 45 45
24 29 98 18 7 7
24 30 69 31 46 48
24 31 75 39 26 18
24 32 42 41 67 60
24 33 93 12 12 18
24 34 4 91 75 69
24 35 9 87 81 73
24 36 53 50 38 33
24 37 43 58 45 58
24 38 7 74 66 67
24 39 35 49 72 64
24 40 0 74 80 92
24 41 88 16 29 12
24 42 2 68 97 86
24 43 81 26 33 37
24 44 19 85 62 60
24 45 92 16 27 22
24 46 93 7 6 20
24 47 79 33 20 40
24 48 97 22 19 11
24 49 82 29 21 19
25 26 89 11 15 34
25 27 33 49 53 73
25 28 12 84 84 80
25 29 76 21 27 36
25 30 63 27 39 35
25 31 56 43 51 44
25 32 96 5 9 20
25 33 8 85 87 85
25 34 78 18 43 44
25 35 3 78 87 90
25 36 73 25 25 21
25 37 6 66 93 80
25 38 43 61 59 45
25 39 25 58 68 53
25 40 40 62 45 43
25 41 27 75 78 58
25 42 70 43 27 41
25 43 92 5 19 27
25 44 13 80 64 65
25 45 50 57 36 51
25 46 71 26 21 26
25 47 45 39 50 61
25 48 23 69 82 82
25 49 64 30 51 53
26 27 68 37 34 24
26 28 3 87 70 69
26 29 96 10 26 8
26 30 49 43 65 55
26 31 77 27 39 18
26 32 72 44 44 30
26 33 45 54 59 62
26 34 3 79 95 72
26 35 82 12 42 26
26 36 56 59 39 44
26 37 11 81 90 62
26 38 31 72 63 76
26 39 85 16 28 20
26 40 25 72 64 68
26 41 60 40 48 38
26 42 27 69 79 79
26 43 91 33 24 27
26 44 48 40 59 42
26 45 71 24 36 35
26 46 50 44 46 55
26 47 12 81 80 88
26 48 48 54 55 61
26 49 84 22 21 39
27 28 43 68 53 43
27 29 28 63 70 58
27 30 65 35 53 40
27 31 24 80 59 77
27 32 85 33 12 28
27 33 89 7 30 31
27 34 97 17 30 5
27 35 86 38 20 27
27 36 78 42 16 15
27 37 71 32 27 22
27 38 9 72 69 88
27 39 50 56 57 56
27 40 76 41 16 34
27 41 86 26 35 21
27 42 23 83 77 62
27 43 18 73 80 71
27 44 2 75 84 88
27 45 7 88 71 72
27 46 30 74 70 76
27 47 2 78 96 96
27 48 40 42 42 53
27 49 6 71 86 79
28 29 99 23 27 2
28 30 26 55 65 58
28 31 91 14 26 31
28 32 32 47 54 54
28 33 90 30 14 18
28 34 35 60 66 46
28 35 47 45 49 40
28 36 51 42 34 52
28 37 48 39 61 46
28 38 22 76 69 72
28 39 44 55 52 58
28 40 21 69 77 61
28 41 47 63 66 46
28 42 67 47 44 30
28 43 46 42 37 64
28 44 4 79 91 96
28 45 15 82 84 65
28 46 66 23 25 41
28 47 28 54 58 54
28 48 38 65 50 47
28 49 15 84 82 88
29 30 27 57 58 70
29 31 28 56 77 59
29 32 21 84 82 69
29 33 35 70 59 47
29 34 61 30 44 29
29 35 62 39 28 48
29 36 68 24 45 44
29 37 44 45 60 48
29 38 50 47 53 50
29 39 39 44 42 43
29 40 85 31 33 31
29 41 13 90 81 70
29 42 82 38 22 21
29 43 60 49 28 42
29 44 91 6 33 16
29 45 37 47 68 57
29 46 97 23 30 14
29 47 26 74 77 53
29 48 68 24 44 31
29 49 31 72 50 65
30 31 40 52 52 53
30 32 16 77 87 77
30 33 68 34 35 22
30 34 58 48 42 34
30 35 82 39 19 36
30 36 75 19 20 26
30 37 71 25 47 46
30 38 92 30 9 26
30 39 77 31 24 43
30 40 89 29 33 13
30 41 55 60 41 36
30 42 16 79 77 64
30 43 2 83 80 77
30 44 59 40 31 45
30 45 59 32 48 49
30 46 70 34 24 50
30 47 2 74 95 70
30 48 96 20 9 16
30 49 36 56 57 61
31 32 51 56 35 47
31 33 61 41 32 52
31 34 43 46 41 68
31 35 42 55 61 44
31 36 59 31 33 48
31 37 59 37 29 31
31 38 58 51 48 50
31 39 15 79 74 68
31 40 47 52 40 54
31 41 40 63 54 59
31 42 6 79 74 70
31 43 69 34 42 30
31 44 44 66 61 39
31 45 19 69 70 80
31 46 20 83 57 57
31 47 29 73 79 77
31 48 39 53 58 46
31 49 58 55 32 49
32 33 83 11 28 31
32 34 98 12 15 19
32 35 3 83 92 86
32 36 79 28 23 26
32 37 14 82 78 74
32 38 33 66 75 52
32 39 99 2 28 22
32 40 55 35 34 57
32 41 13 62 78 79
32 42 41 59 51 54
32 43 21 80 62 73
32 44 33 51 73 65
32 45 57 59 55 30
32 46 88 19 19 22
32 47 51 51 45 35
32 48 75 34 44 46
32 49 64 43 32 53
33 34 15 60 79 68
33 35 62 47 53 54
33 36 11 65 67 91
33 37 47 65 50 56
33 38 56 49 52 56
33 39 84 24 26 16
33 40 87 16 28 36
33 41 97 4 31 7
33 42 9 64 83 83
33 43 82 29 16 25
33 44 75 43 21 23
33 45 8 86 88 86
33 46 62 39 41 35
33 47 37 47 50 71
33 48 28 80 51 55
33 49 65 35 44 27
34 35 99 10 16 10
34 36 10 88 68 67
34 37 18 79 80 64
34 38 48 48 53 64
34 39 54 36 44 44
34 40 25 75 79 79
34 41 41 63 58 54
34 42 76 39 43 37
34 43 97 20 21 17
34 44 44 50 48 52
34 45 12 89 87 74
34 46 92 23 34 5
34 47 75 27 22 28
34 48 90 17 14 22
34 49 78 31 33 23
35 36 97 25 28 25
35 37 75 24 33 35
35 38 67 30 37 23
35 39 46 67 44 50
35 40 76 40 38 41
35 41 25 63 58 74
35 42 59 54 44 30
35 43 9 66 73 65
35 44 84 40 11 30
35 45 38 72 68 48
35 46 25 64 57 68
35 47 70 20 32 41
35 48 49 47 55 35
35 49 29 59 71 59
36 37 16 88 66 69
36 38 7 73 76 71
36 39 41 41 45 59
36 40 6 77 95 79
36 41 43 49 59 54
36 42 75 36 23 22
36 43 77 33 35 32
36 44 98 21 24 22
36 45 54 40 33 55
36 46 17 63 62 84
36 47 20 65 59 68
36 48 1 87 84 84
36 49 55 52 41 44
37 38 15 64 88 70
37 39 58 43 32 55
37 40 47 65 41 59
37 41 71 43 50 29
37 42 26 73 76 77
37 43 61 41 34 56
37 44 22 80 75 72
37 45 15 84 64 76
37 46 68 29 35 42
37 47 80 30 22 19
37 48 87 14 14 35
37 49 6 95 95 79
38 39 65 35 38 43
38 40 14 84 63 69
38 41 12 76 77 74
38 42 70 22 34 21
38 43 4 82 76 82
38 44 37 64 49 51
38 45 38 70 47 65
38 46 77 21 23 34
38 47 56 48 59 41
38 48 24 62 60 65
38 49 15 83 81 74
39 40 18 80 83 78
39 41 23 58 66 74
39 42 99 4 25 28
39 43 15 73 81 86
39 44 95 31 12 16
39 45 13 68 80 78
39 46 42 63 52 65
39 47 84 33 27 21
39 48 60 40 39 53
39 49 57 32 46 43
40 41 49 46 42 45
40 42 73 48 40 24
40 43 62 54 44 29
40 44 39 64 66 47
40 45 76 43 32 34
40 46 63 48 55 54
40 47 46 44 51 57
40 48 23 67 76 77
40 49 17 68 66 70
41 42 53 52 33 39
41 43 89 14 27 15
41 44 41 44 42 60
41 45 45 66 49 44
41 46 70 46 40 29
41 47 23 82 73 60
41 48 68 51 50 25
41 49 78 29 16 17
42 43 17 79 67 74
42 44 66 30 41 38
42 45 56 37 40 50
42 46 24 66 57 71
42 47 56 42 42 35
42 48 54 58 47 48
42 49 29 62 54 65
43 44 99 22 19 11
43 45 96 9 29 13
43 46 94 5 19 8
43 47 7 92 89 83
43 48 26 71 78 59
43 49 13 64 76 85
44 45 78 16 34 33
44 46 29 78 69 75
44 47 95 32 23 10
44 48 17 58 78 66
44 49 41 55 56 41
45 46 33 63 64 76
45 47 47 62 44 61
45 48 81 25 28 23
45 49 44 63 39 52
46 47 97 2 22 31
46 48 49 64 35 56
46 49 42 55 50 51
47 48 38 66 60 68
47 49 4 93 73 86
48 49 89 26 21 27
