50
0 1 41 60 53 56
0 2 25 71 75 73
0 3 47 52 49 56
0 4 11 89 86 84
0 5 64 38 38 39
0 6 33 61 69 65
0 7 55 47 46 42
0 8 95 7 10 10
0 9 77 27 21 23
0 10 25 77 73 73
0 11 13 84 85 79
0 12 88 17 17 19
0 13 82 19 16 21
0 14 72 27 34 26
0 15 13 79 85 78
0 16 1 96 89 97
0 17 29 65 65 72
0 18 52 43 42 48
0 19 85 13 21 16
0 20 21 77 74 75
0 21 4 95 88 88
0 22 15 79 85 85
0 23 92 12 8 7
0 24 48 51 51 46
0 25 29 68 68 64
0 26 54 45 50 43
0 27 85 16 16 15
0 28 96 9 12 8
0 29 4 90 94 94
0 30 74 29 30 32
0 31 33 62 59 69
0 32 19 74 73 74
0 33 69 28 36 32
0 34 61 36 39 36
0 35 52 51 45 47
0 36 39 59 59 62
0 37 72 28 33 30
0 38 56 43 44 47
0 39 4 89 86 93
0 40 21 72 72 74
0 41 63 42 40 33
0 42 22 79 77 70
0 43 51 45 49 48
0 44 7 91 86 92
0 45 98 6 9 11
0 46 16 76 85 79
0 47 44 53 49 57
0 48 29 72 72 72
0 49 12 86 87 79
1 2 44 51 55 49
1 3 16 81 80 83
1 4 0 95 93 98
1 5 97 8 8 6
1 6 6 93 90 88
1 7 60 40 38 42
1 8 33 60 67 62
1 9 69 30 36 35
1 10 10 80 86 89
1 11 47 48 48 56
1 12 11 83 80 88
1 13 30 65 66 63
1 14 95 11 5 8
1 15 89 10 14 12
1 16 82 19 25 22
1 17 69 33 37 32
1 18 7 84 91 88
1 19 38 58 60 63
1 20 4 90 87 86
1 21 49 49 47 51
1 22 55 44 43 48
1 23 85 22 21 20
1 24 68 33 32 30
1 25 81 24 19 19
1 26 6 85 89 87
1 27 26 66 66 72
1 28 53 42 42 51
1 29 17 82 75 77
1 30 34 67 66 63
1 31 65 34 36 36
1 32 0 92 91 90
1 33 50 53 52 53
1 34 46 48 57 53
1 35 54 47 48 45
1 36 68 32 36 32
1 37 10 90 86 84
1 38 79 18 22 23
1 39 14 80 78 86
1 40 34 64 59 60
1 41 41 61 60 56
1 42 82 23 17 25
1 43 88 20 19 18
1 44 67 31 29 33
1 45 82 24 17 16
1 46 14 86 83 79
1 47 93 12 15 14
1 48 79 26 20 21
1 49 53 43 44 49
2 3 0 96 91 95
2 4 97 10 8 11
2 5 20 79 74 78
2 6 84 23 18 22
2 7 49 51 54 53
2 8 46 56 56 51
2 9 94 9 10 9
2 10 49 53 49 46
2 11 11 82 80 85
2 12 65 40 32 39
2 13 32 61 68 63
2 14 83 16 16 16
2 15 62 40 42 36
2 16 68 30 34 30
2 17 2 92 96 89
2 18 42 56 53 53
2 19 17 80 82 81
2 20 42 52 55 54
2 21 68 37 35 32
2 22 21 79 71 80
2 23 50 47 50 51
2 24 74 27 27 28
2 25 38 56 64 64
2 26 33 61 62 66
2 27 32 66 69 68
2 28 77 30 29 29
2 29 94 15 9 12
2 30 14 82 86 81
2 31 42 55 52 59
2 32 43 56 57 59
2 33 20 78 76 74
2 34 26 67 69 75
2 35 41 62 61 60
2 36 50 50 51 48
2 37 67 29 35 33
2 38 42 59 60 56
2 39 27 65 72 67
2 40 23 73 76 77
2 41 81 17 17 23
2 42 19 75 73 75
2 43 52 49 51 50
2 44 29 67 69 66
2 45 77 20 29 24
2 46 68 31 31 31
2 47 23 78 73 71
2 48 82 20 25 17
2 49 17 83 81 81
3 4 47 48 51 52
3 5 67 31 30 37
3 6 86 15 16 21
3 7 96 5 10 8
3 8 16 83 75 76
3 9 11 80 82 88
3 10 18 76 79 74
3 11 32 63 67 68
3 12 81 18 17 18
3 13 67 36 38 37
3 14 29 69 69 65
3 15 53 48 46 46
3 16 39 62 61 58
3 17 4 95 87 88
3 18 68 32 33 35
3 19 42 56 55 52
3 20 44 60 55 55
3 21 36 60 66 61
3 22 75 29 30 24
3 23 85 22 17 19
3 24 42 56 54 52
3 25 43 59 54 54
3 26 16 81 81 81
3 27 0 98 98 95
3 28 90 15 8 14
3 29 26 75 66 73
3 30 18 81 81 77
3 31 87 12 19 12
3 32 47 56 48 55
3 33 69 36 31 28
3 34 10 86 86 89
3 35 73 24 24 26
3 36 63 36 38 40
3 37 1 94 93 90
3 38 14 79 84 78
3 39 61 39 38 44
3 40 25 69 75 72
3 41 84 21 18 21
3 42 15 82 76 78
3 43 36 62 59 60
3 44 79 22 18 28
3 45 62 43 38 37
3 46 27 75 70 66
3 47 91 10 8 10
3 48 28 72 74 69
3 49 90 13 18 8
4 5 11 86 81 88
4 6 66 32 34 39
4 7 86 16 13 16
4 8 71 28 31 31
4 9 13 81 86 85
4 10 48 53 51 54
4 11 5 93 94 89
4 12 73 30 29 28
4 13 26 69 68 74
4 14 31 67 63 61
4 15 50 53 52 51
4 16 49 47 47 46
4 17 68 36 35 34
4 18 96 8 7 9
4 19 72 29 34 34
4 20 35 64 63 62
4 21 79 27 23 21
4 22 61 35 44 43
4 23 14 86 83 82
4 24 4 86 86 91
4 25 4 89 87 89
4 26 71 34 32 35
4 27 16 76 83 81
4 28 75 28 24 27
4 29 28 71 70 69
4 30 86 14 20 21
4 31 88 19 14 17
4 32 73 31 33 27
4 33 37 58 59 60
4 34 50 50 53 45
4 35 44 50 58 56
4 36 95 12 11 8
4 37 39 61 63 61
4 38 22 76 70 75
4 39 61 39 41 37
4 40 98 2 9 9
4 41 18 82 74 76
4 42 77 20 26 21
4 43 9 82 87 82
4 44 43 55 57 57
4 45 99 0 4 9
4 46 95 8 7 5
4 47 63 35 38 39
4 48 31 65 62 65
4 49 16 77 76 78
5 6 85 17 16 15
5 7 76 24 23 26
5 8 55 48 44 48
5 9 10 82 84 88
5 10 7 84 87 84
5 11 56 45 45 40
5 12 79 19 25 22
5 13 55 41 47 40
5 14 71 28 26 26
5 15 95 11 9 4
5 16 50 52 52 46
5 17 96 12 8 8
5 18 44 54 56 59
5 19 3 95 89 89
5 20 70 33 32 28
5 21 83 21 18 18
5 22 44 52 59 54
5 23 22 74 77 73
5 24 11 88 80 84
5 25 96 5 5 5
5 26 81 17 23 22
5 27 38 59 65 55
5 28 55 45 48 47
5 29 50 52 49 48
5 30 54 50 48 49
5 31 88 19 15 20
5 32 14 78 81 80
5 33 83 24 24 16
5 34 81 22 22 18
5 35 69 30 36 36
5 36 2 96 91 97
5 37 28 68 68 71
5 38 90 15 18 14
5 39 13 86 87 84
5 40 83 21 18 20
5 41 42 61 52 52
5 42 1 94 90 96
5 43 60 36 41 37
5 44 7 83 91 91
5 45 98 2 9 5
5 46 61 44 39 36
5 47 71 31 27 30
5 48 70 34 35 27
5 49 71 32 29 30
6 7 90 12 17 12
6 8 78 28 25 28
6 9 72 25 29 28
6 10 9 81 86 89
6 11 23 76 76 77
6 12 32 62 63 63
6 13 58 39 41 38
6 14 32 60 65 64
6 15 10 89 80 87
6 16 45 54 52 49
6 17 80 25 18 26
6 18 8 89 87 91
6 19 9 86 88 88
6 20 42 56 58 59
6 21 84 21 15 18
6 22 50 45 49 49
6 23 21 71 71 73
6 24 42 56 52 53
6 25 46 50 50 47
6 26 2 93 97 93
6 27 2 91 89 89
6 28 40 58 62 55
6 29 57 44 40 41
6 30 89 15 10 11
6 31 58 44 41 37
6 32 52 45 50 43
6 33 14 84 78 78
6 34 29 68 66 67
6 35 7 85 83 89
6 36 88 14 12 13
6 37 0 94 91 98
6 38 39 56 54 64
6 39 34 64 63 63
6 40 92 9 8 10
6 41 0 97 94 95
6 42 63 37 35 34
6 43 52 45 44 46
6 44 74 26 23 25
6 45 38 63 58 61
6 46 32 62 66 60
6 47 75 30 31 28
6 48 42 58 57 52
6 49 94 11 6 6
7 8 3 91 93 90
7 9 56 45 41 41
7 10 31 63 65 71
7 11 28 65 71 66
7 12 20 77 74 79
7 13 85 13 16 22
7 14 0 92 97 94
7 15 73 23 29 27
7 16 57 47 47 43
7 17 39 62 56 62
7 18 6 91 94 91
7 19 50 47 45 48
7 20 8 90 92 89
7 21 80 24 27 20
7 22 60 39 38 36
7 23 36 61 56 62
7 24 93 8 11 7
7 25 0 94 91 94
7 26 62 41 37 43
7 27 70 27 32 35
7 28 27 69 68 71
7 29 43 51 58 54
7 30 19 78 79 77
7 31 61 44 37 37
7 32 64 38 40 37
7 33 5 91 89 85
7 34 68 33 37 36
7 35 20 80 78 75
7 36 75 24 23 28
7 37 38 57 59 64
7 38 31 62 68 61
7 39 26 74 68 72
7 40 97 4 5 7
7 41 0 97 93 99
7 42 38 64 64 63
7 43 15 83 80 85
7 44 64 38 40 39
7 45 90 16 11 12
7 46 73 29 26 33
7 47 37 63 61 66
7 48 18 82 82 76
7 49 42 52 57 57
8 9 76 28 25 28
8 10 66 37 30 38
8 11 10 88 87 86
8 12 30 65 67 67
8 13 29 66 72 65
8 14 92 12 16 8
8 15 95 7 5 7
8 16 14 83 83 82
8 17 51 47 43 52
8 18 80 24 26 20
8 19 75 21 30 22
8 20 55 44 40 44
8 21 44 57 50 51
8 22 88 18 13 13
8 23 25 76 77 76
8 24 83 17 23 19
8 25 70 29 35 31
8 26 70 27 30 30
8 27 72 32 27 34
8 28 36 65 62 65
8 29 79 20 23 20
8 30 81 17 24 21
8 31 96 6 3 11
8 32 20 79 72 72
8 33 78 22 22 24
8 34 46 49 50 48
8 35 19 73 79 73
8 36 14 79 76 86
8 37 73 25 29 29
8 38 59 42 40 39
8 39 56 44 41 39
8 40 83 23 23 17
8 41 83 18 19 20
8 42 22 75 74 70
8 43 15 82 84 79
8 44 15 82 85 76
8 45 75 28 22 27
8 46 1 95 91 94
8 47 59 36 40 38
8 48 65 40 35 39
8 49 2 88 97 94
9 10 93 13 9 11
9 11 69 30 36 32
9 12 99 2 0 7
9 13 10 86 83 89
9 14 31 68 62 65
9 15 0 92 98 94
9 16 77 25 23 22
9 17 21 71 80 73
9 18 18 76 79 81
9 19 20 72 76 81
9 20 91 16 16 14
9 21 98 1 3 8
9 22 43 51 57 56
9 23 56 48 46 48
9 24 66 31 35 34
9 25 86 13 18 16
9 26 88 12 13 11
9 27 58 42 37 47
9 28 49 45 45 46
9 29 97 6 5 10
9 30 66 31 39 39
9 31 24 69 69 78
9 32 72 34 32 31
9 33 37 61 60 61
9 34 53 51 48 43
9 35 13 79 78 81
9 36 59 40 36 39
9 37 46 57 50 54
9 38 63 39 37 39
9 39 32 65 70 62
9 40 71 30 32 27
9 41 26 70 71 73
9 42 63 42 39 36
9 43 23 78 72 74
9 44 30 71 71 69
9 45 99 10 7 10
9 46 54 48 44 47
9 47 39 63 64 58
9 48 39 60 60 55
9 49 91 12 17 13
10 11 36 62 61 62
10 12 37 58 64 63
10 13 57 40 46 46
10 14 92 9 14 15
10 15 66 39 37 30
10 16 64 36 41 40
10 17 49 49 49 50
10 18 82 24 22 17
10 19 97 5 2 10
10 20 44 58 56 55
10 21 11 79 83 80
10 22 34 67 65 59
10 23 66 37 35 36
10 24 15 76 78 78
10 25 74 31 30 30
10 26 66 34 31 35
10 27 0 94 94 92
10 28 18 74 74 82
10 29 19 74 78 73
10 30 73 27 24 30
10 31 51 45 53 48
10 32 81 24 17 19
10 33 51 46 52 45
10 34 5 92 92 91
10 35 25 68 68 73
10 36 43 53 57 57
10 37 14 79 86 80
10 38 51 48 48 50
10 39 44 57 57 57
10 40 14 85 83 86
10 41 61 38 41 37
10 42 11 80 86 85
10 43 42 59 53 59
10 44 12 83 80 87
10 45 0 90 92 96
10 46 62 34 38 40
10 47 39 62 63 56
10 48 39 58 57 63
10 49 16 76 79 76
11 12 41 56 59 53
11 13 57 42 43 47
11 14 80 20 22 18
11 15 50 52 50 45
11 16 27 67 67 66
11 17 9 89 84 83
11 18 46 51 53 55
11 19 18 79 75 76
11 20 76 25 27 22
11 21 87 18 19 19
11 22 96 6 8 11
11 23 19 78 78 78
11 24 80 20 18 25
11 25 22 73 74 74
11 26 68 30 31 33
11 27 47 48 53 52
11 28 36 61 60 65
11 29 25 74 75 75
11 30 72 26 28 30
11 31 72 29 34 25
11 32 12 79 82 86
11 33 48 53 48 50
11 34 16 76 75 81
11 35 16 82 80 80
11 36 95 3 7 5
11 37 32 64 67 68
11 38 90 10 9 18
11 39 69 33 29 36
11 40 73 24 30 24
11 41 57 44 40 46
11 42 70 32 27 34
11 43 45 57 51 49
11 44 20 72 73 79
11 45 88 13 19 13
11 46 29 68 65 71
11 47 32 66 60 70
11 48 38 64 61 62
11 49 75 28 29 27
12 13 39 56 63 55
12 14 51 46 47 45
12 15 9 89 84 86
12 16 56 41 46 39
12 17 88 15 19 10
12 18 72 33 25 29
12 19 14 85 81 85
12 20 35 67 67 61
12 21 30 66 70 69
12 22 60 37 36 37
12 23 76 29 28 26
12 24 66 39 32 39
12 25 38 59 58 56
12 26 14 80 83 82
12 27 21 72 70 70
12 28 60 39 42 38
12 29 83 18 16 15
12 30 22 79 77 75
12 31 77 26 30 20
12 32 87 20 11 12
12 33 29 68 65 67
12 34 36 63 59 66
12 35 84 19 18 16
12 36 3 88 89 93
12 37 24 72 71 76
12 38 88 20 16 19
12 39 64 40 39 36
12 40 62 35 37 41
12 41 60 45 39 38
12 42 47 52 47 55
12 43 5 91 92 90
12 44 3 93 93 93
12 45 48 55 51 46
12 46 17 80 77 79
12 47 27 67 67 70
12 48 24 71 74 77
12 49 56 45 40 43
13 14 79 23 23 20
13 15 45 56 54 54
13 16 87 16 13 13
13 17 92 9 13 14
13 18 12 87 80 88
13 19 83 17 14 19
13 20 16 79 83 80
13 21 27 67 68 66
13 22 68 34 34 36
13 23 6 92 93 90
13 24 87 15 20 17
13 25 39 60 64 55
13 26 33 67 63 60
13 27 60 42 38 37
13 28 31 62 69 67
13 29 30 69 71 69
13 30 78 23 25 25
13 31 53 51 44 50
13 32 74 25 27 26
13 33 62 36 40 41
13 34 26 71 75 70
13 35 2 91 95 96
13 36 97 9 9 11
13 37 50 49 50 49
13 38 75 23 30 27
13 39 51 47 54 48
13 40 64 32 39 35
13 41 7 88 86 91
13 42 67 30 34 31
13 43 72 26 28 33
13 44 12 79 84 81
13 45 68 29 34 31
13 46 70 30 34 27
13 47 78 25 26 20
13 48 63 35 42 40
13 49 93 6 10 12
14 15 43 51 58 58
14 16 37 59 65 64
14 17 45 51 48 57
14 18 79 25 21 25
14 19 57 46 45 42
14 20 17 76 75 76
14 21 83 18 20 22
14 22 3 93 92 89
14 23 62 34 33 37
14 24 50 48 48 51
14 25 21 71 80 77
14 26 87 19 10 19
14 27 16 78 82 75
14 28 47 53 47 48
14 29 24 68 68 75
14 30 61 44 41 37
14 31 33 64 65 66
14 32 62 37 36 39
14 33 37 57 56 60
14 34 57 40 40 39
14 35 90 13 11 9
14 36 59 41 40 43
14 37 75 28 22 30
14 38 66 31 34 33
14 39 70 30 27 27
14 40 36 58 61 60
14 41 37 58 57 59
14 42 63 37 41 40
14 43 90 8 12 14
14 44 11 85 81 82
14 45 75 24 28 25
14 46 96 5 8 3
14 47 81 19 26 23
14 48 6 91 92 85
14 49 39 60 56 58
15 16 79 26 27 25
15 17 89 15 13 16
15 18 93 14 13 11
15 19 23 69 72 77
15 20 78 24 22 26
15 21 32 62 64 61
15 22 38 58 56 61
15 23 19 80 79 77
15 24 56 48 40 39
15 25 35 62 62 67
15 26 37 57 63 61
15 27 13 80 79 79
15 28 8 83 84 82
15 29 31 71 61 64
15 30 7 86 83 86
15 31 41 58 54 61
15 32 32 62 69 65
15 33 19 77 74 76
15 34 61 42 40 40
15 35 17 77 78 79
15 36 70 31 35 29
15 37 64 34 38 38
15 38 84 16 22 18
15 39 90 12 10 17
15 40 75 31 30 29
15 41 51 44 45 54
15 42 83 21 17 20
15 43 26 69 74 72
15 44 33 69 62 62
15 45 15 80 80 76
15 46 70 35 29 30
15 47 9 84 90 88
15 48 60 44 43 41
15 49 98 3 6 2
16 17 11 81 85 82
16 18 58 45 39 42
16 19 51 45 52 48
16 20 21 76 78 77
16 21 53 47 42 44
16 22 92 7 7 12
16 23 42 55 61 57
16 24 61 39 38 39
16 25 78 22 24 19
16 26 90 15 15 14
16 27 28 66 74 72
16 28 82 24 16 21
16 29 10 84 89 86
16 30 87 15 18 19
16 31 85 12 20 21
16 32 54 48 50 49
16 33 77 25 25 21
16 34 84 23 17 21
16 35 53 46 43 49
16 36 28 71 73 70
16 37 84 18 18 21
16 38 15 79 78 84
16 39 65 37 37 33
16 40 92 10 11 11
16 41 94 11 8 8
16 42 59 36 45 37
16 43 38 57 55 61
16 44 5 94 88 91
16 45 52 46 51 46
16 46 25 75 71 75
16 47 3 89 92 89
16 48 99 1 8 5
16 49 12 82 87 84
17 18 58 40 46 39
17 19 84 17 17 20
17 20 52 43 47 44
17 21 70 34 30 29
17 22 12 80 83 86
17 23 86 15 20 19
17 24 4 95 94 90
17 25 74 31 28 26
17 26 35 66 64 62
17 27 49 47 52 50
17 28 10 82 88 81
17 29 28 73 67 66
17 30 31 62 62 67
17 31 10 86 83 90
17 32 73 28 31 33
17 33 4 87 93 89
17 34 69 28 35 28
17 35 52 52 48 46
17 36 34 62 64 59
17 37 62 34 38 33
17 38 52 46 48 46
17 39 85 13 12 17
17 40 98 4 6 8
17 41 33 62 62 67
17 42 64 33 36 34
17 43 14 78 86 83
17 44 92 9 12 10
17 45 38 64 57 64
17 46 24 74 73 72
17 47 15 78 81 79
17 48 9 82 81 81
17 49 17 79 82 80
18 19 50 54 50 52
18 20 28 72 69 65
18 21 23 74 69 75
18 22 82 19 18 23
18 23 34 60 65 61
18 24 38 58 61 60
18 25 39 54 57 63
18 26 28 70 71 68
18 27 98 9 8 6
18 28 68 29 34 36
18 29 66 39 34 31
18 30 55 41 45 39
18 31 68 32 29 33
18 32 11 85 87 89
18 33 97 3 6 10
18 34 17 77 75 82
18 35 6 86 85 90
18 36 26 73 68 70
18 37 19 78 80 81
18 38 61 42 41 37
18 39 20 75 76 76
18 40 62 36 41 37
18 41 16 82 80 77
18 42 71 28 32 30
18 43 72 32 25 30
18 44 82 19 18 22
18 45 11 81 84 81
18 46 26 72 74 70
18 47 3 90 91 88
18 48 96 12 7 9
18 49 65 33 34 36
19 20 61 43 36 35
19 21 38 59 56 59
19 22 91 17 14 9
19 23 44 59 58 50
19 24 24 77 77 69
19 25 51 51 52 47
19 26 59 44 37 39
19 27 24 72 72 76
19 28 80 19 22 18
19 29 89 17 10 15
19 30 51 45 47 46
19 31 15 85 83 80
19 32 60 36 38 42
19 33 54 44 47 41
19 34 95 8 10 6
19 35 44 54 56 55
19 36 93 10 11 6
19 37 69 34 35 35
19 38 93 7 5 12
19 39 15 85 78 81
19 40 74 29 25 27
19 41 69 33 28 29
19 42 52 46 47 49
19 43 6 85 89 85
19 44 41 57 62 53
19 45 43 55 59 58
19 46 78 23 23 20
19 47 21 74 79 72
19 48 91 14 12 15
19 49 15 78 79 84
20 21 10 86 87 84
20 22 56 49 43 43
20 23 9 88 88 84
20 24 58 38 46 40
20 25 5 89 88 89
20 26 62 40 42 43
20 27 88 15 14 20
20 28 69 34 29 32
20 29 62 36 34 34
20 30 8 92 84 83
20 31 21 71 72 75
20 32 5 89 89 89
20 33 76 25 21 25
20 34 77 30 22 22
20 35 20 78 78 74
20 36 19 80 74 72
20 37 71 30 33 26
20 38 47 57 54 53
20 39 99 2 1 2
20 40 14 82 85 84
20 41 32 62 63 67
20 42 96 5 7 4
20 43 50 53 44 52
20 44 69 34 37 31
20 45 56 40 41 48
20 46 85 15 20 16
20 47 78 28 26 28
20 48 48 49 48 51
20 49 64 37 38 37
21 22 87 16 17 19
21 23 85 14 21 13
21 24 20 73 80 81
21 25 34 59 62 62
21 26 70 30 30 33
21 27 49 45 48 55
21 28 4 86 86 86
21 29 58 38 46 37
21 30 26 70 67 73
21 31 96 12 12 12
21 32 13 86 87 85
21 33 79 21 24 25
21 34 23 72 71 71
21 35 19 77 73 74
21 36 47 50 47 56
21 37 84 19 17 18
21 38 62 40 36 37
21 39 0 90 90 96
21 40 51 43 49 45
21 41 28 67 66 65
21 42 94 6 14 8
21 43 36 58 65 59
21 44 52 42 46 47
21 45 42 53 51 60
21 46 56 41 48 44
21 47 66 37 36 37
21 48 98 1 7 8
21 49 43 52 56 58
22 23 6 90 84 89
22 24 72 29 34 27
22 25 25 76 76 68
22 26 10 83 87 83
22 27 54 50 48 46
22 28 41 59 62 60
22 29 81 26 20 20
22 30 1 94 93 97
22 31 60 40 37 36
22 32 2 92 97 95
22 33 72 30 28 32
22 34 41 52 58 54
22 35 42 55 52 57
22 36 27 75 74 74
22 37 72 31 28 34
22 38 54 48 44 43
22 39 41 62 53 62
22 40 64 37 41 36
22 41 68 28 31 37
22 42 69 36 32 33
22 43 15 84 79 83
22 44 37 59 62 56
22 45 3 92 90 92
22 46 72 34 24 26
22 47 92 15 12 8
22 48 72 30 33 29
22 49 95 9 9 12
23 24 40 63 56 61
23 25 50 50 54 46
23 26 19 77 80 77
23 27 37 61 61 62
23 28 24 73 76 76
23 29 21 74 77 76
23 30 30 64 66 69
23 31 83 17 17 22
23 32 76 30 26 29
23 33 74 25 25 31
23 34 82 25 25 24
23 35 14 81 83 80
23 36 89 10 18 17
23 37 94 8 8 7
23 38 75 25 23 30
23 39 73 30 33 32
23 40 27 69 74 65
23 41 77 22 20 27
23 42 19 77 77 74
23 43 92 10 10 14
23 44 8 85 82 84
23 45 78 26 27 26
23 46 55 48 43 41
23 47 48 49 53 50
23 48 76 29 31 25
23 49 77 21 29 24
24 25 39 57 63 62
24 26 17 77 74 78
24 27 51 47 48 49
24 28 2 90 90 90
24 29 10 87 83 83
24 30 10 84 81 80
24 31 63 37 39 39
24 32 33 67 68 65
24 33 20 74 77 72
24 34 53 48 50 51
24 35 51 44 49 50
24 36 45 50 53 55
24 37 95 10 10 11
24 38 41 56 54 60
24 39 47 55 57 51
24 40 18 76 76 76
24 41 48 48 48 48
24 42 82 20 23 21
24 43 26 74 66 74
24 44 87 11 20 19
24 45 35 62 58 61
24 46 60 45 42 44
24 47 92 15 10 6
24 48 3 88 88 96
24 49 62 42 40 35
25 26 27 70 71 68
25 27 45 48 54 56
25 28 25 74 74 72
25 29 10 86 82 82
25 30 86 19 17 17
25 31 26 69 73 71
25 32 48 54 48 51
25 33 5 90 89 94
25 34 64 33 32 33
25 35 5 86 88 89
25 36 56 43 42 47
25 37 96 12 10 9
25 38 54 46 42 49
25 39 63 36 35 38
25 40 60 40 39 41
25 41 57 43 42 40
25 42 51 44 50 49
25 43 12 88 85 86
25 44 64 39 38 34
25 45 49 53 46 53
25 46 79 22 25 21
25 47 87 13 15 12
25 48 47 50 50 53
25 49 47 55 47 52
26 27 56 47 40 40
26 28 18 78 81 78
26 29 78 19 23 21
26 30 35 59 67 67
26 31 64 32 38 39
26 32 91 11 13 11
26 33 68 31 31 29
26 34 40 59 55 55
26 35 42 58 59 55
26 36 75 22 26 23
26 37 30 72 69 65
26 38 64 38 38 33
26 39 77 23 21 26
26 40 31 63 70 70
26 41 98 3 1 5
26 42 33 68 61 65
26 43 89 18 11 10
26 44 36 61 62 66
26 45 85 20 21 17
26 46 56 46 44 39
26 47 86 21 15 14
26 48 0 96 99 94
26 49 88 11 14 12
27 28 84 22 23 20
27 29 94 9 11 12
27 30 74 23 25 28
27 31 47 51 48 51
27 32 4 94 88 89
27 33 42 53 60 57
27 34 3 95 88 89
27 35 17 75 82 78
27 36 56 44 39 46
27 37 57 39 46 45
27 38 36 65 62 61
27 39 57 46 43 41
27 40 79 25 27 27
27 41 82 23 23 19
27 42 17 75 83 74
27 43 87 17 19 17
27 44 67 31 35 30
27 45 8 83 91 88
27 46 43 58 54 56
27 47 8 87 85 89
27 48 92 14 12 12
27 49 40 54 54 56
28 29 73 32 31 33
28 30 75 31 29 31
28 31 85 19 17 16
28 32 40 56 57 59
28 33 4 94 91 96
28 34 56 48 41 45
28 35 12 88 79 87
28 36 17 79 83 77
28 37 14 85 77 77
28 38 96 3 10 12
28 39 12 88 88 82
28 40 91 7 12 9
28 41 92 12 9 10
28 42 47 51 57 47
28 43 46 48 52 48
28 44 3 92 96 92
28 45 82 24 24 16
28 46 27 70 67 71
28 47 60 40 41 44
28 48 16 82 82 79
28 49 32 66 69 70
29 30 40 55 59 56
29 31 87 13 14 19
29 32 57 43 45 38
29 33 94 9 6 8
29 34 49 49 46 53
29 35 4 86 95 93
29 36 31 70 71 69
29 37 43 52 56 58
29 38 96 8 8 6
29 39 99 0 6 9
29 40 7 89 84 86
29 41 77 20 26 22
29 42 45 52 53 58
29 43 36 60 61 64
29 44 25 70 74 75
29 45 30 67 65 66
29 46 76 30 30 29
29 47 96 5 8 5
29 48 9 87 91 83
29 49 48 49 52 55
30 31 60 41 36 37
30 32 66 36 37 39
30 33 56 40 45 44
30 34 34 60 61 60
30 35 51 46 43 46
30 36 86 16 20 16
30 37 33 64 62 62
30 38 90 10 17 13
30 39 5 93 85 93
30 40 86 16 14 18
30 41 31 64 63 63
30 42 4 90 86 89
30 43 48 49 52 51
30 44 20 80 76 72
30 45 53 47 43 44
30 46 22 74 72 73
30 47 9 88 83 87
30 48 2 93 97 91
30 49 91 12 12 13
31 32 82 17 24 22
31 33 96 5 4 11
31 34 51 45 51 45
31 35 30 68 72 71
31 36 4 86 86 95
31 37 65 37 38 32
31 38 36 64 60 60
31 39 88 14 19 13
31 40 87 16 19 19
31 41 78 28 27 24
31 42 2 88 95 91
31 43 98 2 6 5
31 44 5 92 92 94
31 45 32 68 63 68
31 46 91 15 7 14
31 47 50 52 51 47
31 48 53 49 48 44
31 49 74 25 27 28
32 33 58 45 39 44
32 34 62 42 38 35
32 35 45 54 58 51
32 36 91 12 16 15
32 37 95 13 4 8
32 38 48 53 54 50
32 39 60 35 41 39
32 40 94 6 13 7
32 41 51 47 45 48
32 42 55 45 41 44
32 43 38 58 58 60
32 44 65 36 33 33
32 45 11 84 87 84
32 46 31 67 65 71
32 47 6 89 86 87
32 48 96 10 3 6
32 49 29 72 64 68
33 34 33 66 67 62
33 35 73 30 27 30
33 36 73 32 32 27
33 37 49 47 50 49
33 38 74 27 23 31
33 39 41 56 58 62
33 40 32 65 66 62
33 41 75 26 22 26
33 42 81 22 26 18
33 43 86 15 19 14
33 44 71 32 33 30
33 45 52 52 45 50
33 46 27 66 67 73
33 47 42 54 57 59
33 48 84 18 21 16
33 49 87 19 17 19
34 35 92 12 11 13
34 36 61 44 39 41
34 37 26 75 71 74
34 38 51 47 47 52
34 39 74 30 23 32
34 40 4 91 90 87
34 41 14 81 82 78
34 42 24 71 71 72
34 43 56 48 39 39
34 44 80 18 25 19
34 45 76 27 28 27
34 46 70 27 32 35
34 47 42 52 52 58
34 48 69 30 30 33
34 49 96 3 6 4
35 36 84 13 21 21
35 37 80 23 21 21
35 38 18 75 77 76
35 39 46 49 52 54
35 40 43 60 55 60
35 41 73 27 31 32
35 42 82 15 18 16
35 43 62 40 39 41
35 44 26 67 73 76
35 45 48 47 46 47
35 46 39 57 57 60
35 47 84 18 17 21
35 48 35 63 62 64
35 49 52 46 45 49
36 37 42 51 51 56
36 38 29 67 73 65
36 39 8 86 85 86
36 40 44 56 53 49
36 41 75 26 27 27
36 42 99 5 2 3
36 43 53 47 43 47
36 44 90 13 15 11
36 45 64 38 41 39
36 46 99 8 3 7
36 47 0 98 91 93
36 48 31 65 65 69
36 49 76 22 26 30
37 38 99 3 7 0
37 39 78 22 27 22
37 40 31 69 69 62
37 41 89 12 10 15
37 42 96 3 7 3
37 43 68 38 37 32
37 44 47 49 49 50
37 45 27 71 66 74
37 46 77 21 22 22
37 47 79 20 22 18
37 48 14 81 78 84
37 49 52 44 44 52
38 39 50 45 45 49
38 40 24 69 75 75
38 41 68 35 29 35
38 42 42 60 58 60
38 43 0 91 96 90
38 44 11 80 87 86
38 45 96 3 4 5
38 46 40 53 55 54
38 47 88 13 16 17
38 48 47 52 56 56
38 49 39 57 57 59
39 40 11 81 80 82
39 41 24 73 75 73
39 42 64 34 33 33
39 43 46 56 52 53
39 44 38 61 64 60
39 45 62 37 40 44
39 46 90 13 14 16
39 47 72 27 27 30
39 48 57 41 41 45
39 49 24 75 70 69
40 41 74 32 31 29
40 42 71 35 31 27
40 43 64 40 35 36
40 44 71 27 26 26
40 45 14 85 80 84
40 46 3 95 92 92
40 47 24 69 72 73
40 48 56 42 39 45
40 49 69 32 32 28
41 42 51 47 43 49
41 43 5 92 91 90
41 44 61 41 38 37
41 45 24 69 70 77
41 46 66 32 36 31
41 47 24 72 71 75
41 48 69 36 35 29
41 49 91 17 12 12
42 43 72 25 33 32
42 44 17 77 75 75
42 45 6 87 85 89
42 46 32 63 70 63
42 47 1 95 96 94
42 48 47 55 48 52
42 49 57 39 42 45
43 44 92 14 14 9
43 45 36 66 65 61
43 46 35 63 64 60
43 47 15 83 79 79
43 48 57 39 47 46
43 49 31 67 62 66
44 45 56 44 44 39
44 46 50 50 47 47
44 47 74 31 31 31
44 48 51 51 49 46
44 49 85 20 19 15
45 46 45 53 57 57
45 47 4 91 89 91
45 48 3 96 91 93
45 49 7 84 89 86
46 47 49 54 48 55
46 48 8 84 85 82
46 49 69 32 29 34
47 48 66 38 39 32
47 49 91 13 12 14
48 49 64 35 33 41
