50
0 1 34 29 75 75
0 2 87 67 43 33
0 3 0 83 84 48
0 4 71 30 61 8
0 5 38 87 63 60
0 6 87 66 43 13
0 7 27 25 34 35
0 8 19 62 83 59
0 9 20 58 91 47
0 10 22 40 45 28
0 11 50 29 77 52
0 12 41 28 76 70
0 13 38 34 26 47
0 14 70 61 48 42
0 15 50 80 42 22
0 16 97 5 63 35
0 17 47 69 69 34
0 18 28 78 51 24
0 19 27 90 42 84
0 20 61 26 54 11
0 21 2 29 56 51
0 22 76 13 34 40
0 23 35 87 30 68
0 24 10 68 63 51
0 25 28 45 52 84
0 26 33 60 39 49
0 27 65 52 79 67
0 28 66 43 16 61
0 29 86 66 44 22
0 30 24 67 64 33
0 31 62 75 17 35
0 32 79 8 49 33
0 33 4 38 57 65
0 34 32 37 21 50
0 35 16 89 82 62
0 36 44 38 82 76
0 37 11 28 44 59
0 38 67 40 69 64
0 39 67 19 67 66
0 40 28 80 25 90
0 41 77 65 63 43
0 42 10 57 75 88
0 43 10 73 73 83
0 44 98 44 8 0
0 45 67 79 57 56
0 46 97 49 54 65
0 47 93 14 60 8
0 48 98 20 14 43
0 49 38 61 74 35
1 2 95 6 41 37
1 3 70 74 25 20
1 4 19 75 77 64
1 5 13 47 54 81
1 6 79 37 16 17
1 7 85 14 5 32
1 8 49 80 72 80
1 9 16 60 30 89
1 10 2 78 35 84
1 11 52 40 26 16
1 12 61 51 21 74
1 13 33 78 32 83
1 14 47 73 46 39
1 15 93 68 38 66
1 16 68 71 69 29
1 17 41 60 41 43
1 18 96 33 61 69
1 19 84 29 52 31
1 20 40 49 36 66
1 21 17 88 33 71
1 22 8 41 82 45
1 23 31 40 49 88
1 24 53 42 40 47
1 25 69 29 77 28
1 26 69 16 52 14
1 27 82 51 25 30
1 28 58 39 61 49
1 29 61 43 76 52
1 30 78 20 39 50
1 31 29 59 83 47
1 32 18 78 83 28
1 33 6 29 31 97
1 34 74 47 54 42
1 35 38 43 22 25
1 36 66 46 79 66
1 37 67 27 64 30
1 38 46 37 48 25
1 39 39 79 37 37
1 40 34 63 46 84
1 41 21 41 67 36
1 42 82 41 7 57
1 43 0 56 75 58
1 44 75 64 27 46
1 45 65 10 48 71
1 46 34 41 23 38
1 47 84 6 70 30
1 48 18 44 52 61
1 49 62 40 41 41
2 3 22 26 61 84
2 4 99 28 13 59
2 5 49 82 31 27
2 6 70 67 56 22
2 7 52 75 26 37
2 8 74 40 18 62
2 9 30 46 83 38
2 10 31 51 90 43
2 11 36 87 29 31
2 12 35 20 65 25
2 13 1 50 38 60
2 14 54 69 33 17
2 15 42 44 59 28
2 16 91 25 46 24
2 17 58 54 23 15
2 18 43 52 47 81
2 19 55 73 17 75
2 20 10 45 63 71
2 21 30 33 39 39
2 22 14 74 36 80
2 23 81 26 54 53
2 24 28 61 64 71
2 25 27 81 38 72
2 26 97 2 58 59
2 27 32 64 27 37
2 28 19 89 90 89
2 29 12 71 61 26
2 30 51 65 69 70
2 31 21 68 75 82
2 32 29 48 21 90
2 33 88 68 62 52
2 34 68 57 25 20
2 35 13 71 26 29
2 36 47 30 62 60
2 37 33 63 87 47
2 38 61 24 61 64
2 39 98 28 32 51
2 40 5 50 56 73
2 41 54 68 69 45
2 42 51 60 56 64
2 43 62 78 74 20
2 44 87 31 15 22
2 45 85 12 31 29
2 46 81 54 38 24
2 47 24 26 78 40
2 48 40 60 35 60
2 49 16 36 43 75
3 4 71 18 11 13
3 5 97 46 20 39
3 6 5 43 94 37
3 7 39 19 46 73
3 8 67 44 14 12
3 9 76 15 20 8
3 10 6 61 55 83
3 11 10 51 39 59
3 12 83 62 5 71
3 13 84 68 32 51
3 14 81 30 70 6
3 15 8 82 48 86
3 16 5 37 64 49
3 17 3 54 79 47
3 18 63 17 35 57
3 19 16 49 43 45
3 20 88 34 8 67
3 21 91 30 26 66
3 22 76 52 33 12
3 23 54 42 74 15
3 24 19 46 56 58
3 25 95 65 58 64
3 26 94 14 32 40
3 27 35 20 44 33
3 28 0 83 30 74
3 29 6 53 36 32
3 30 36 77 30 54
3 31 78 36 50 42
3 32 54 26 79 74
3 33 86 39 21 6
3 34 25 85 76 24
3 35 21 24 57 53
3 36 29 49 72 69
3 37 36 49 57 59
3 38 60 44 16 30
3 39 40 67 46 74
3 40 23 31 33 71
3 41 18 32 85 86
3 42 84 71 21 50
3 43 36 26 44 40
3 44 48 50 52 59
3 45 75 20 56 25
3 46 15 51 47 76
3 47 86 65 41 39
3 48 36 40 64 34
3 49 34 82 83 55
4 5 23 39 54 72
4 6 45 21 56 32
4 7 23 38 26 73
4 8 20 58 75 81
4 9 29 80 55 88
4 10 11 49 95 92
4 11 13 45 26 26
4 12 88 23 48 60
4 13 75 52 57 21
4 14 45 32 58 45
4 15 17 58 89 83
4 16 83 17 25 11
4 17 69 28 19 26
4 18 14 64 28 67
4 19 11 49 43 82
4 20 36 44 65 21
4 21 74 17 59 11
4 22 19 73 37 92
4 23 54 53 27 81
4 24 11 80 86 37
4 25 4 42 38 55
4 26 20 62 44 84
4 27 3 88 68 72
4 28 73 49 48 54
4 29 88 3 46 13
4 30 96 69 22 56
4 31 80 29 60 55
4 32 70 66 49 33
4 33 32 33 56 50
4 34 27 86 60 42
4 35 51 15 63 44
4 36 97 15 40 31
4 37 29 70 36 85
4 38 59 13 75 43
4 39 91 54 52 63
4 40 84 71 41 22
4 41 17 81 85 63
4 42 29 88 79 29
4 43 46 80 39 79
4 44 77 21 61 26
4 45 59 14 70 55
4 46 38 65 31 33
4 47 27 68 24 51
4 48 25 24 45 80
4 49 89 41 70 29
5 6 58 30 42 70
5 7 75 34 32 69
5 8 20 26 68 75
5 9 60 42 59 12
5 10 29 63 83 26
5 11 91 20 15 62
5 12 91 54 38 17
5 13 28 58 79 69
5 14 2 51 85 71
5 15 37 51 25 87
5 16 42 75 72 68
5 17 59 48 77 19
5 18 52 44 26 18
5 19 26 54 45 24
5 20 12 29 95 92
5 21 56 36 58 49
5 22 15 89 86 68
5 23 40 49 71 41
5 24 87 30 39 58
5 25 0 80 50 39
5 26 72 70 21 24
5 27 35 27 52 69
5 28 60 72 33 30
5 29 39 52 23 87
5 30 26 81 71 87
5 31 2 49 40 59
5 32 75 62 46 13
5 33 50 38 65 39
5 34 28 47 58 74
5 35 46 64 31 81
5 36 23 58 55 69
5 37 19 65 52 38
5 38 65 76 68 62
5 39 70 44 62 20
5 40 8 81 69 52
5 41 26 35 57 62
5 42 21 32 62 86
5 43 76 52 12 64
5 44 39 42 21 25
5 45 11 64 43 32
5 46 51 15 21 28
5 47 92 23 33 31
5 48 95 8 60 7
5 49 60 68 58 49
6 7 83 7 72 36
6 8 74 66 9 30
6 9 3 81 37 76
6 10 44 45 39 24
6 11 69 14 11 75
6 12 86 4 48 29
6 13 19 81 77 51
6 14 27 37 26 83
6 15 22 39 59 42
6 16 95 24 65 51
6 17 9 37 87 80
6 18 24 32 90 65
6 19 78 76 60 9
6 20 58 59 43 60
6 21 94 64 70 47
6 22 69 14 33 59
6 23 22 34 27 57
6 24 42 84 57 71
6 25 26 89 91 47
6 26 94 16 35 57
6 27 34 56 83 34
6 28 69 64 65 48
6 29 76 66 14 50
6 30 75 24 22 29
6 31 60 13 64 29
6 32 32 58 58 60
6 33 70 34 9 26
6 34 77 15 75 50
6 35 52 69 79 46
6 36 36 74 46 29
6 37 30 26 74 39
6 38 51 83 75 78
6 39 69 46 31 31
6 40 21 73 33 67
6 41 91 3 38 45
6 42 55 24 46 35
6 43 78 35 54 65
6 44 73 41 45 61
6 45 76 69 49 73
6 46 23 61 39 88
6 47 57 55 76 77
6 48 20 77 76 28
6 49 55 33 28 13
7 8 76 11 22 13
7 9 6 86 69 28
7 10 99 64 3 30
7 11 37 54 53 62
7 12 58 39 26 60
7 13 15 55 88 90
7 14 97 6 1 29
7 15 85 50 74 45
7 16 0 79 50 31
7 17 1 54 92 51
7 18 59 39 80 66
7 19 92 11 65 37
7 20 80 47 45 55
7 21 51 61 83 25
7 22 75 44 29 74
7 23 31 39 51 54
7 24 92 35 16 56
7 25 70 10 42 70
7 26 98 19 34 38
7 27 37 54 47 21
7 28 30 89 86 89
7 29 46 68 50 64
7 30 3 69 41 90
7 31 64 75 78 20
7 32 12 83 96 38
7 33 87 17 10 56
7 34 81 72 31 71
7 35 89 61 9 57
7 36 75 33 67 31
7 37 70 77 47 11
7 38 91 21 29 17
7 39 49 33 55 82
7 40 95 53 36 15
7 41 71 75 37 43
7 42 27 24 51 88
7 43 38 35 46 43
7 44 34 47 79 55
7 45 70 22 40 73
7 46 26 27 86 31
7 47 99 12 3 44
7 48 10 80 54 88
7 49 90 65 7 38
8 9 95 66 24 9
8 10 17 42 38 40
8 11 50 21 34 47
8 12 62 17 64 41
8 13 39 58 86 72
8 14 27 67 51 34
8 15 75 48 51 72
8 16 69 11 59 14
8 17 98 0 21 9
8 18 34 65 83 52
8 19 98 59 49 35
8 20 68 74 37 69
8 21 65 25 13 46
8 22 30 29 27 46
8 23 64 57 50 32
8 24 53 61 22 27
8 25 93 26 16 28
8 26 51 40 53 33
8 27 91 63 10 44
8 28 88 58 37 15
8 29 74 51 34 32
8 30 83 57 69 34
8 31 95 58 6 20
8 32 60 24 67 79
8 33 59 27 59 48
8 34 57 37 19 21
8 35 66 77 33 27
8 36 16 92 45 50
8 37 98 29 2 3
8 38 27 23 23 47
8 39 76 42 21 39
8 40 92 17 52 67
8 41 83 35 9 53
8 42 79 51 19 8
8 43 57 54 29 20
8 44 12 90 84 65
8 45 9 97 96 88
8 46 84 34 22 64
8 47 10 39 68 62
8 48 71 14 51 12
8 49 87 37 73 7
9 10 96 13 16 51
9 11 4 69 96 92
9 12 11 91 37 38
9 13 90 57 23 64
9 14 40 29 79 46
9 15 34 32 42 35
9 16 27 43 64 64
9 17 91 6 47 16
9 18 69 31 67 60
9 19 44 74 36 45
9 20 75 17 19 27
9 21 87 16 47 17
9 22 52 56 49 38
9 23 68 71 76 76
9 24 32 58 28 59
9 25 42 33 60 55
9 26 50 25 27 41
9 27 64 65 42 29
9 28 0 78 81 79
9 29 24 76 65 23
9 30 47 53 81 51
9 31 51 40 57 32
9 32 32 88 88 32
9 33 41 55 47 40
9 34 37 64 22 24
9 35 77 12 10 57
9 36 12 28 64 88
9 37 3 48 61 67
9 38 21 42 85 42
9 39 66 55 56 19
9 40 24 63 63 28
9 41 27 36 65 83
9 42 31 85 77 60
9 43 41 32 61 70
9 44 59 56 56 39
9 45 42 53 32 87
9 46 81 66 34 17
9 47 80 13 41 30
9 48 26 27 48 81
9 49 48 19 46 29
10 11 67 23 51 23
10 12 34 63 86 67
10 13 92 13 59 35
10 14 87 64 43 29
10 15 24 88 54 71
10 16 27 56 85 83
10 17 72 48 69 72
10 18 37 23 20 75
10 19 8 31 89 54
10 20 87 16 41 66
10 21 89 57 28 47
10 22 99 38 4 57
10 23 79 49 69 33
10 24 58 62 42 26
10 25 22 44 80 31
10 26 91 38 43 27
10 27 3 95 87 38
10 28 48 82 57 32
10 29 34 58 49 29
10 30 80 56 37 19
10 31 28 88 32 50
10 32 35 85 43 22
10 33 50 64 29 34
10 34 74 47 24 33
10 35 61 77 69 38
10 36 32 68 77 36
10 37 92 52 45 47
10 38 82 14 24 44
10 39 96 49 54 19
10 40 16 84 35 66
10 41 32 79 40 31
10 42 66 10 31 47
10 43 83 46 41 53
10 44 54 18 80 55
10 45 61 32 45 53
10 46 47 81 58 28
10 47 59 22 42 55
10 48 16 39 49 45
10 49 22 80 83 85
11 12 75 7 29 55
11 13 57 47 37 27
11 14 41 24 50 62
11 15 37 28 20 69
11 16 65 36 62 67
11 17 84 40 11 59
11 18 8 56 74 60
11 19 41 40 62 38
11 20 20 88 85 68
11 21 24 25 71 39
11 22 19 56 84 32
11 23 6 92 41 72
11 24 89 61 15 72
11 25 41 44 85 78
11 26 34 45 52 26
11 27 79 61 69 52
11 28 42 73 21 66
11 29 51 62 34 28
11 30 38 41 22 44
11 31 97 38 54 14
11 32 34 21 31 57
11 33 53 66 26 14
11 34 9 82 73 54
11 35 20 75 42 91
11 36 98 55 26 32
11 37 93 43 68 18
11 38 55 66 52 43
11 39 43 40 33 80
11 40 98 62 55 45
11 41 81 26 8 32
11 42 81 66 10 41
11 43 98 30 22 37
11 44 88 69 61 9
11 45 20 54 31 31
11 46 69 44 57 13
11 47 24 26 44 34
11 48 73 18 14 59
11 49 46 40 57 26
12 13 98 18 37 28
12 14 41 55 61 83
12 15 62 27 27 12
12 16 35 38 57 71
12 17 27 50 61 23
12 18 19 54 72 68
12 19 62 40 39 25
12 20 73 23 72 11
12 21 92 23 3 21
12 22 11 47 48 29
12 23 76 49 74 64
12 24 11 53 59 28
12 25 90 8 57 36
12 26 51 66 47 16
12 27 45 21 46 72
12 28 7 70 44 64
12 29 59 81 46 58
12 30 58 34 16 21
12 31 94 59 42 57
12 32 32 62 56 75
12 33 55 70 52 71
12 34 13 95 43 89
12 35 39 34 87 79
12 36 13 48 49 30
12 37 36 37 84 56
12 38 97 9 30 6
12 39 64 22 56 58
12 40 27 52 51 87
12 41 50 23 49 77
12 42 87 8 73 72
12 43 12 89 75 89
12 44 72 36 45 28
12 45 24 47 30 79
12 46 78 55 22 59
12 47 52 65 41 34
12 48 65 37 58 58
12 49 46 22 67 67
13 14 24 60 44 33
13 15 91 30 61 34
13 16 90 55 61 71
13 17 5 51 32 55
13 18 34 78 41 76
13 19 76 53 43 45
13 20 69 50 49 38
13 21 81 44 18 26
13 22 51 27 19 33
13 23 25 54 46 33
13 24 35 82 58 77
13 25 26 28 50 90
13 26 81 28 42 33
13 27 92 59 24 30
13 28 68 75 45 47
13 29 15 86 47 77
13 30 55 64 14 73
13 31 0 33 67 68
13 32 43 41 39 57
13 33 39 61 70 86
13 34 87 22 42 10
13 35 6 45 81 63
13 36 58 51 41 52
13 37 54 58 62 31
13 38 90 54 34 45
13 39 19 58 79 47
13 40 9 50 32 37
13 41 4 34 49 45
13 42 80 41 34 23
13 43 26 32 67 82
13 44 86 40 33 61
13 45 1 52 41 41
13 46 4 70 95 83
13 47 8 60 67 90
13 48 42 70 77 61
13 49 87 70 12 5
14 15 40 74 76 42
14 16 58 17 22 46
14 17 86 9 44 18
14 18 86 9 70 16
14 19 66 65 32 62
14 20 4 35 28 52
14 21 71 55 34 12
14 22 41 68 34 53
14 23 40 29 51 48
14 24 39 75 38 50
14 25 42 38 76 27
14 26 96 57 52 12
14 27 97 11 21 51
14 28 44 31 49 41
14 29 48 37 23 52
14 30 48 23 63 79
14 31 82 22 12 33
14 32 20 36 52 76
14 33 22 31 54 79
14 34 89 61 49 9
14 35 69 21 36 55
14 36 99 52 66 65
14 37 6 75 34 28
14 38 92 15 41 44
14 39 46 50 34 75
14 40 69 45 49 75
14 41 4 90 65 77
14 42 87 24 56 16
14 43 63 74 11 55
14 44 45 85 62 21
14 45 46 76 43 72
14 46 28 57 27 23
14 47 33 75 79 57
14 48 69 56 70 54
14 49 7 67 92 60
15 16 6 87 29 45
15 17 80 57 21 37
15 18 27 49 32 60
15 19 45 65 45 48
15 20 0 59 37 49
15 21 75 75 66 66
15 22 24 29 26 40
15 23 59 25 33 67
15 24 55 72 47 26
15 25 80 42 32 36
15 26 90 66 8 61
15 27 73 37 37 56
15 28 54 14 34 71
15 29 43 41 57 23
15 30 39 85 27 68
15 31 58 51 82 70
15 32 14 61 29 32
15 33 31 39 61 90
15 34 33 27 70 54
15 35 19 43 87 56
15 36 79 15 8 18
15 37 82 55 25 9
15 38 59 16 21 69
15 39 17 36 31 54
15 40 61 54 65 59
15 41 48 85 33 34
15 42 91 49 4 22
15 43 68 47 51 36
15 44 0 77 45 63
15 45 11 75 51 93
15 46 75 29 37 35
15 47 9 83 35 84
15 48 95 5 47 16
15 49 88 60 52 17
16 17 68 26 35 40
16 18 39 63 36 62
16 19 22 90 56 53
16 20 37 78 23 44
16 21 28 26 83 70
16 22 0 46 94 34
16 23 30 50 44 80
16 24 39 82 22 52
16 25 73 32 34 8
16 26 99 49 7 21
16 27 61 56 30 62
16 28 79 35 52 7
16 29 17 94 44 92
16 30 66 12 79 22
16 31 76 43 76 31
16 32 43 78 59 37
16 33 52 62 33 70
16 34 88 58 34 31
16 35 8 92 63 70
16 36 98 53 2 58
16 37 14 58 57 73
16 38 54 48 31 14
16 39 60 40 18 27
16 40 84 66 35 48
16 41 5 94 36 32
16 42 85 30 30 10
16 43 73 15 72 44
16 44 65 65 14 33
16 45 0 44 72 56
16 46 98 39 65 27
16 47 10 59 76 55
16 48 26 49 29 42
16 49 66 71 16 70
17 18 2 97 73 34
17 19 11 58 64 59
17 20 50 58 77 74
17 21 56 43 32 79
17 22 26 78 56 67
17 23 28 61 52 78
17 24 18 83 47 42
17 25 13 54 86 28
17 26 18 31 45 33
17 27 42 53 29 55
17 28 75 68 70 20
17 29 14 64 32 94
17 30 52 17 76 54
17 31 18 28 63 48
17 32 76 27 61 57
17 33 35 51 21 27
17 34 75 68 39 7
17 35 85 34 57 16
17 36 63 11 42 77
17 37 66 57 39 63
17 38 10 51 66 66
17 39 21 53 55 62
17 40 61 19 57 69
17 41 41 72 27 56
17 42 85 60 38 67
17 43 17 93 83 75
17 44 78 61 66 18
17 45 1 54 56 82
17 46 93 15 43 63
17 47 20 78 55 85
17 48 78 49 75 7
17 49 69 22 36 39
18 19 43 29 32 57
18 20 73 74 20 53
18 21 73 45 62 39
18 22 54 50 56 81
18 23 41 49 64 45
18 24 91 25 20 58
18 25 10 93 39 49
18 26 19 74 70 24
18 27 54 16 74 20
18 28 8 63 37 85
18 29 17 68 70 55
18 30 94 20 23 5
18 31 70 73 23 36
18 32 31 56 72 41
18 33 19 61 57 36
18 34 35 81 34 69
18 35 92 25 16 68
18 36 16 56 34 91
18 37 22 68 36 85
18 38 66 29 49 33
18 39 68 17 65 35
18 40 18 54 50 88
18 41 98 9 55 13
18 42 18 73 57 90
18 43 17 52 42 43
18 44 9 87 48 84
18 45 64 62 29 15
18 46 3 80 42 61
18 47 66 11 17 20
18 48 27 50 66 33
18 49 65 34 74 78
19 20 29 28 62 75
19 21 79 18 71 30
19 22 66 45 78 56
19 23 20 92 86 52
19 24 62 42 45 54
19 25 19 31 48 42
19 26 18 86 31 86
19 27 73 39 41 71
19 28 85 5 52 25
19 29 39 75 58 73
19 30 45 49 82 68
19 31 69 53 65 57
19 32 65 52 18 10
19 33 14 47 51 65
19 34 40 78 40 70
19 35 25 91 48 70
19 36 85 66 74 39
19 37 75 42 56 57
19 38 65 65 76 77
19 39 25 71 81 41
19 40 94 6 42 47
19 41 15 71 34 32
19 42 13 52 56 90
19 43 2 90 71 91
19 44 88 47 42 60
19 45 27 89 68 68
19 46 5 58 72 97
19 47 38 82 64 77
19 48 50 33 59 41
19 49 38 23 72 50
20 21 87 53 58 42
20 22 81 43 35 61
20 23 46 41 59 63
20 24 50 29 39 68
20 25 84 61 47 62
20 26 79 14 60 12
20 27 69 29 53 48
20 28 49 67 17 80
20 29 22 43 84 86
20 30 97 19 59 48
20 31 21 51 28 56
20 32 10 55 35 82
20 33 68 27 33 78
20 34 4 36 98 91
20 35 65 51 26 18
20 36 39 82 43 56
20 37 5 87 47 40
20 38 76 64 75 71
20 39 95 59 32 53
20 40 65 36 51 64
20 41 47 73 79 41
20 42 27 24 76 86
20 43 52 73 27 52
20 44 74 62 56 58
20 45 57 82 48 67
20 46 83 69 57 45
20 47 6 62 73 65
20 48 92 43 46 35
20 49 64 27 28 54
21 22 50 20 44 34
21 23 65 66 71 34
21 24 3 50 49 85
21 25 66 21 75 63
21 26 33 27 84 60
21 27 98 57 10 47
21 28 46 27 45 66
21 29 57 50 79 67
21 30 77 38 19 75
21 31 47 55 24 47
21 32 47 34 22 65
21 33 97 66 6 8
21 34 74 54 65 20
21 35 27 35 29 49
21 36 52 60 33 16
21 37 26 43 61 29
21 38 94 56 69 29
21 39 57 77 70 26
21 40 41 81 75 19
21 41 12 92 90 39
21 42 94 51 9 16
21 43 69 72 34 48
21 44 93 11 46 47
21 45 95 45 56 52
21 46 40 56 86 61
21 47 73 13 27 67
21 48 72 14 56 43
21 49 67 33 19 69
22 23 31 49 50 58
22 24 12 72 51 71
22 25 73 77 40 38
22 26 45 56 64 24
22 27 10 45 35 57
22 28 90 30 13 6
22 29 99 29 19 41
22 30 51 39 41 46
22 31 60 76 79 42
22 32 68 53 75 66
22 33 58 29 69 37
22 34 7 45 88 82
22 35 98 12 39 46
22 36 4 48 92 74
22 37 70 76 39 73
22 38 76 36 74 26
22 39 69 9 22 34
22 40 73 63 41 24
22 41 85 10 8 10
22 42 2 88 52 42
22 43 28 53 25 33
22 44 50 17 81 50
22 45 93 17 27 24
22 46 16 66 46 25
22 47 73 64 50 7
22 48 10 39 44 91
22 49 39 84 29 57
23 24 94 20 36 26
23 25 40 62 61 47
23 26 47 44 62 57
23 27 83 38 21 20
23 28 18 82 66 51
23 29 21 39 68 31
23 30 54 15 37 69
23 31 64 18 57 20
23 32 85 30 35 33
23 33 33 69 83 61
23 34 11 28 44 37
23 35 78 51 72 9
23 36 22 36 80 54
23 37 75 51 12 64
23 38 67 73 31 60
23 39 86 33 17 35
23 40 50 84 37 21
23 41 99 67 44 64
23 42 13 44 43 39
23 43 88 36 62 24
23 44 29 73 60 75
23 45 48 62 70 42
23 46 85 41 52 67
23 47 85 24 70 22
23 48 58 16 58 23
23 49 43 59 18 37
24 25 52 71 36 61
24 26 71 49 46 32
24 27 97 7 10 20
24 28 5 67 96 77
24 29 89 9 9 10
24 30 16 54 47 75
24 31 42 78 19 18
24 32 66 58 56 52
24 33 28 78 85 35
24 34 62 32 80 22
24 35 33 59 81 49
24 36 69 48 69 47
24 37 7 73 30 81
24 38 73 47 35 48
24 39 18 30 25 49
24 40 71 59 54 16
24 41 5 33 67 80
24 42 4 64 78 58
24 43 63 35 18 33
24 44 75 20 75 73
24 45 26 34 83 72
24 46 87 71 64 14
24 47 16 89 89 38
24 48 64 12 33 76
24 49 29 29 68 25
25 26 9 50 82 31
25 27 31 75 68 46
25 28 20 27 30 67
25 29 14 56 56 95
25 30 47 19 43 31
25 31 77 56 16 61
25 32 8 91 28 57
25 33 76 28 41 53
25 34 14 72 37 67
25 35 86 13 71 13
25 36 64 56 24 45
25 37 56 53 62 56
25 38 42 72 68 45
25 39 13 47 41 83
25 40 48 63 66 20
25 41 5 93 40 29
25 42 5 69 39 61
25 43 13 52 88 50
25 44 35 86 54 87
25 45 47 22 78 45
25 46 44 48 62 85
25 47 98 34 10 21
25 48 52 25 70 23
25 49 62 22 13 68
26 27 72 70 74 66
26 28 19 81 51 69
26 29 94 61 9 24
26 30 38 55 19 50
26 31 88 13 53 10
26 32 31 39 73 31
26 33 72 78 66 47
26 34 44 68 47 80
26 35 7 30 42 42
26 36 99 48 51 6
26 37 99 17 58 21
26 38 33 73 66 33
26 39 43 36 83 34
26 40 46 53 56 78
26 41 63 66 39 33
26 42 85 65 9 5
26 43 16 80 29 55
26 44 76 63 27 18
26 45 58 63 34 17
26 46 54 55 20 69
26 47 64 26 27 31
26 48 40 71 33 39
26 49 98 32 67 8
27 28 28 78 83 64
27 29 55 76 49 48
27 30 55 33 70 52
27 31 20 40 27 85
27 32 81 59 65 8
27 33 48 45 77 58
27 34 81 49 69 29
27 35 47 34 25 80
27 36 61 67 21 27
27 37 43 67 62 18
27 38 8 69 30 53
27 39 73 21 68 74
27 40 44 78 30 69
27 41 31 54 83 31
27 42 10 39 84 64
27 43 56 35 34 29
27 44 12 46 62 83
27 45 63 49 48 21
27 46 88 51 63 44
27 47 36 62 59 62
27 48 54 21 29 40
27 49 56 77 15 42
28 29 1 95 90 95
28 30 43 50 56 77
28 31 29 90 72 38
28 32 99 9 45 8
28 33 24 90 80 62
28 34 37 52 64 32
28 35 46 39 40 30
28 36 76 38 75 53
28 37 27 53 89 83
28 38 59 79 17 74
28 39 17 46 44 73
28 40 75 76 39 32
28 41 3 42 73 34
28 42 20 37 76 85
28 43 34 74 35 49
28 44 98 16 11 26
28 45 76 61 26 45
28 46 71 10 62 17
28 47 3 46 83 95
28 48 9 60 38 33
28 49 38 56 29 20
29 30 12 59 39 88
29 31 14 43 81 80
29 32 17 43 56 71
29 33 77 36 48 52
29 34 87 30 61 8
29 35 26 35 85 36
29 36 42 47 44 82
29 37 29 63 63 64
29 38 40 71 70 42
29 39 14 65 72 31
29 40 16 74 59 66
29 41 21 60 49 38
29 42 44 23 41 46
29 43 77 56 35 53
29 44 51 44 43 39
29 45 18 42 67 91
29 46 49 32 33 22
29 47 76 74 68 25
29 48 94 9 28 31
29 49 40 38 73 87
30 31 84 71 30 29
30 32 73 45 56 44
30 33 16 42 50 79
30 34 50 74 24 67
30 35 33 72 39 36
30 36 68 72 24 76
30 37 96 69 44 44
30 38 52 76 83 16
30 39 72 27 21 34
30 40 5 36 69 58
30 41 75 40 31 13
30 42 56 45 39 52
30 43 23 55 92 58
30 44 58 38 74 34
30 45 97 53 36 51
30 46 33 64 57 89
30 47 30 60 75 73
30 48 53 67 44 75
30 49 90 33 51 16
31 32 39 54 81 75
31 33 90 60 7 11
31 34 45 42 73 55
31 35 74 73 55 23
31 36 73 47 74 12
31 37 71 25 49 72
31 38 5 43 92 45
31 39 45 29 55 81
31 40 48 36 44 37
31 41 5 71 70 49
31 42 39 45 26 19
31 43 59 63 39 56
31 44 34 58 57 56
31 45 22 73 84 60
31 46 97 20 45 7
31 47 3 91 67 88
31 48 30 89 24 39
31 49 95 55 57 52
32 33 36 72 55 29
32 34 30 74 51 22
32 35 22 35 88 64
32 36 76 18 50 9
32 37 85 25 67 59
32 38 83 30 20 56
32 39 67 29 21 59
32 40 53 70 36 50
32 41 59 13 24 71
32 42 44 60 46 36
32 43 67 12 29 35
32 44 9 85 57 95
32 45 48 84 51 31
32 46 66 37 62 31
32 47 62 75 58 23
32 48 79 73 23 59
32 49 63 62 30 52
33 34 46 77 72 59
33 35 10 83 44 63
33 36 83 15 30 57
33 37 78 42 38 22
33 38 53 22 37 53
33 39 93 24 69 64
33 40 42 80 75 21
33 41 92 51 25 42
33 42 41 28 20 85
33 43 22 55 43 65
33 44 34 89 85 55
33 45 51 81 34 55
33 46 73 53 18 39
33 47 61 45 33 46
33 48 77 49 9 11
33 49 79 72 51 67
34 35 71 75 74 22
34 36 58 71 70 45
34 37 3 61 76 31
34 38 28 84 39 70
34 39 77 36 63 74
34 40 50 31 31 60
34 41 20 47 86 57
34 42 15 94 55 42
34 43 62 14 80 15
34 44 59 18 63 53
34 45 0 81 83 80
34 46 32 71 86 87
34 47 2 49 40 65
34 48 64 77 25 33
34 49 2 45 41 56
35 36 17 83 59 25
35 37 89 69 65 58
35 38 44 30 53 40
35 39 63 69 57 22
35 40 97 3 0 12
35 41 0 43 54 36
35 42 7 49 47 84
35 43 51 82 76 77
35 44 11 44 96 70
35 45 99 4 59 66
35 46 99 10 63 55
35 47 24 64 78 89
35 48 38 78 34 32
35 49 54 19 68 29
36 37 27 41 48 68
36 38 2 96 52 65
36 39 94 69 36 7
36 40 56 33 33 25
36 41 99 41 27 53
36 42 43 82 53 26
36 43 38 27 59 76
36 44 19 41 54 28
36 45 56 66 53 77
36 46 35 41 59 63
36 47 20 24 25 26
36 48 12 40 86 63
36 49 85 6 45 4
37 38 33 84 35 38
37 39 71 69 60 25
37 40 42 67 81 22
37 41 55 81 53 19
37 42 31 26 75 43
37 43 11 90 72 35
37 44 77 50 66 15
37 45 53 70 78 31
37 46 97 47 8 68
37 47 34 45 78 44
37 48 99 36 66 69
37 49 60 21 21 38
38 39 55 74 59 76
38 40 10 35 64 93
38 41 78 34 16 60
38 42 61 64 26 59
38 43 28 35 71 43
38 44 75 48 66 31
38 45 76 33 76 30
38 46 70 13 33 62
38 47 85 7 44 5
38 48 57 59 56 54
38 49 92 19 24 45
39 40 34 35 21 67
39 41 22 26 45 51
39 42 51 55 54 34
39 43 40 31 69 52
39 44 81 31 44 48
39 45 3 42 64 52
39 46 38 72 76 88
39 47 81 25 31 59
39 48 72 22 40 68
39 49 17 92 91 76
40 41 90 9 22 44
40 42 9 68 52 66
40 43 54 72 19 77
40 44 89 56 65 28
40 45 66 19 48 75
40 46 51 47 81 67
40 47 18 36 41 94
40 48 33 83 79 44
40 49 47 70 80 25
41 42 94 16 60 34
41 43 57 68 21 31
41 44 27 40 50 27
41 45 88 42 21 20
41 46 32 62 27 80
41 47 46 23 63 78
41 48 12 70 55 60
41 49 33 25 79 34
42 43 17 62 37 32
42 44 41 35 32 84
42 45 94 12 45 20
42 46 41 35 78 86
42 47 43 32 85 48
42 48 57 78 44 17
42 49 66 17 34 68
43 44 53 54 53 24
43 45 87 62 47 70
43 46 20 58 87 85
43 47 91 14 68 44
43 48 17 90 47 36
43 49 47 63 72 27
44 45 89 58 33 7
44 46 95 59 11 20
44 47 58 25 69 63
44 48 97 31 28 7
44 49 83 56 66 68
45 46 87 63 36 62
45 47 76 37 56 38
45 48 3 43 35 47
45 49 0 74 40 84
46 47 44 65 37 56
46 48 46 80 55 71
46 49 53 24 14 28
47 48 79 43 35 63
47 49 85 46 8 60
48 49 26 83 62 23
