100
0 1 91 57 54
0 2 12 35 34
0 3 59 59 34
0 4 58 42 76
0 5 12 48 44
0 6 64 70 68
0 7 48 53 28
0 8 81 68 55
0 9 24 24 12
0 10 34 22 63
0 11 70 73 67
0 12 9 31 26
0 13 55 56 49
0 14 96 79 60
0 15 69 58 78
0 16 5 47 37
0 17 65 50 81
0 18 58 54 31
0 19 16 32 9
0 20 12 44 40
0 21 1 42 33
0 22 44 25 47
0 23 24 51 35
0 24 54 61 32
0 25 27 37 39
0 26 98 81 94
0 27 65 80 43
0 28 23 55 36
0 29 73 84 39
0 30 98 73 84
0 31 81 69 43
0 32 20 27 27
0 33 11 51 18
0 34 41 52 36
0 35 29 21 34
0 36 63 55 69
0 37 49 46 57
0 38 3 30 17
0 39 43 32 34
0 40 7 9 49
0 41 15 50 53
0 42 91 71 66
0 43 54 36 48
0 44 95 72 70
0 45 39 58 25
0 46 2 14 16
0 47 29 37 60
0 48 91 79 48
0 49 54 42 47
0 50 52 28 56
0 51 98 92 51
0 52 51 74 42
0 53 34 35 49
0 54 11 35 37
0 55 11 49 35
0 56 94 81 86
0 57 58 41 45
0 58 40 67 24
0 59 22 38 33
0 60 36 53 40
0 61 69 62 55
0 62 32 36 48
0 63 76 60 48
0 64 46 37 48
0 65 24 19 39
0 66 80 82 71
0 67 79 41 74
0 68 12 11 8
0 69 4 22 17
0 70 79 63 40
0 71 5 13 47
0 72 65 45 77
0 73 77 46 65
0 74 7 20 33
0 75 24 44 38
0 76 65 41 69
0 77 64 33 44
0 78 73 63 55
0 79 83 76 85
0 80 47 33 60
0 81 78 72 76
0 82 39 62 34
0 83 18 30 11
0 84 65 38 55
0 85 1 28 27
0 86 85 50 50
0 87 13 14 39
0 88 19 35 58
0 89 44 63 42
0 90 53 50 27
0 91 13 44 50
0 92 59 70 40
0 93 29 19 62
0 94 10 49 33
0 95 71 55 65
0 96 42 57 51
0 97 41 32 24
0 98 26 14 17
0 99 49 55 45
1 2 11 40 17
1 3 49 52 73
1 4 29 18 54
1 5 2 21 28
1 6 6 43 10
1 7 43 68 26
1 8 4 32 44
1 9 70 53 44
1 10 21 54 14
1 11 36 42 27
1 12 10 41 46
1 13 14 36 12
1 14 94 86 59
1 15 23 26 20
1 16 4 8 46
1 17 60 76 73
1 18 47 39 37
1 19 2 41 23
1 20 40 49 39
1 21 64 55 75
1 22 72 49 38
1 23 21 37 18
1 24 80 75 76
1 25 86 81 77
1 26 60 42 33
1 27 72 63 72
1 28 81 79 65
1 29 46 50 61
1 30 79 66 77
1 31 50 32 36
1 32 7 17 19
1 33 30 59 37
1 34 24 52 25
1 35 61 32 76
1 36 46 45 30
1 37 63 36 57
1 38 37 26 67
1 39 4 20 39
1 40 34 59 64
1 41 16 29 26
1 42 95 52 74
1 43 53 54 50
1 44 16 21 19
1 45 43 30 28
1 46 14 12 57
1 47 66 43 61
1 48 86 51 89
1 49 78 78 78
1 50 62 48 78
1 51 82 46 60
1 52 49 43 37
1 53 24 25 18
1 54 61 42 64
1 55 36 57 68
1 56 12 30 47
1 57 95 68 90
1 58 37 52 56
1 59 79 53 47
1 60 19 25 39
1 61 75 69 63
1 62 26 52 60
1 63 22 38 36
1 64 81 59 55
1 65 74 55 56
1 66 97 76 76
1 67 31 35 29
1 68 21 12 40
1 69 78 52 54
1 70 47 44 69
1 71 56 73 37
1 72 1 25 30
1 73 12 39 30
1 74 78 41 55
1 75 11 21 20
1 76 74 65 43
1 77 96 68 65
1 78 83 63 89
1 79 33 50 33
1 80 41 24 42
1 81 17 49 34
1 82 2 27 21
1 83 83 49 87
1 84 99 90 56
1 85 53 69 48
1 86 2 12 42
1 87 70 57 74
1 88 13 10 43
1 89 3 12 25
1 90 41 69 24
1 91 67 66 70
1 92 43 66 53
1 93 43 37 47
1 94 92 81 93
1 95 88 46 82
1 96 99 80 51
1 97 6 40 28
1 98 95 83 92
1 99 73 49 44
2 3 54 43 32
2 4 24 52 44
2 5 12 35 28
2 6 8 11 9
2 7 74 46 55
2 8 40 55 45
2 9 12 30 21
2 10 80 59 42
2 11 52 53 73
2 12 17 25 42
2 13 12 52 10
2 14 13 50 30
2 15 75 75 66
2 16 90 47 94
2 17 81 52 56
2 18 41 49 70
2 19 48 64 63
2 20 43 64 48
2 21 76 81 80
2 22 90 77 62
2 23 27 63 25
2 24 33 27 65
2 25 55 72 60
2 26 40 24 25
2 27 85 49 71
2 28 42 54 38
2 29 63 33 76
2 30 45 72 37
2 31 95 81 53
2 32 66 67 51
2 33 13 27 8
2 34 33 31 66
2 35 72 36 38
2 36 76 42 59
2 37 26 56 50
2 38 49 66 30
2 39 95 70 51
2 40 1 22 28
2 41 12 41 11
2 42 33 18 25
2 43 7 38 26
2 44 87 77 72
2 45 14 35 47
2 46 96 75 90
2 47 22 15 27
2 48 62 61 52
2 49 87 52 57
2 50 71 41 44
2 51 88 65 81
2 52 77 45 61
2 53 39 36 26
2 54 64 75 67
2 55 89 70 94
2 56 46 45 55
2 57 74 48 59
2 58 2 23 39
2 59 18 49 25
2 60 37 48 68
2 61 58 72 41
2 62 71 79 67
2 63 6 18 16
2 64 47 45 58
2 65 65 45 64
2 66 85 58 87
2 67 37 24 49
2 68 27 30 22
2 69 59 59 37
2 70 63 48 56
2 71 69 40 42
2 72 0 16 28
2 73 14 50 10
2 74 0 7 20
2 75 30 33 62
2 76 94 64 94
2 77 30 33 36
2 78 99 68 62
2 79 33 47 52
2 80 9 44 40
2 81 76 71 78
2 82 18 16 40
2 83 58 59 75
2 84 36 66 37
2 85 39 26 45
2 86 14 35 44
2 87 53 66 64
2 88 18 21 47
2 89 73 54 70
2 90 17 38 11
2 91 42 25 43
2 92 86 46 67
2 93 37 56 34
2 94 4 16 25
2 95 93 85 77
2 96 87 55 82
2 97 43 47 29
2 98 17 58 36
2 99 99 90 84
3 4 99 88 71
3 5 59 64 69
3 6 61 56 53
3 7 55 67 31
3 8 26 13 58
3 9 9 24 11
3 10 59 62 51
3 11 42 57 67
3 12 5 6 42
3 13 93 67 77
3 14 1 0 25
3 15 80 71 44
3 16 0 11 44
3 17 65 69 71
3 18 33 41 35
3 19 58 75 38
3 20 9 40 10
3 21 45 25 70
3 22 68 45 58
3 23 28 58 63
3 24 35 46 35
3 25 40 35 27
3 26 3 37 15
3 27 21 44 51
3 28 28 47 14
3 29 36 64 21
3 30 85 91 88
3 31 21 55 18
3 32 48 50 51
3 33 52 51 56
3 34 63 81 31
3 35 95 75 61
3 36 94 47 88
3 37 82 64 83
3 38 77 55 62
3 39 43 42 40
3 40 39 34 43
3 41 40 54 41
3 42 83 87 74
3 43 49 59 56
3 44 10 39 25
3 45 41 32 37
3 46 77 74 72
3 47 45 30 45
3 48 83 79 78
3 49 82 63 84
3 50 36 41 23
3 51 26 54 19
3 52 97 91 54
3 53 8 38 13
3 54 44 39 40
3 55 76 53 38
3 56 13 40 7
3 57 10 27 37
3 58 84 45 69
3 59 62 32 67
3 60 58 53 44
3 61 31 44 27
3 62 14 51 34
3 63 71 46 68
3 64 83 68 72
3 65 15 10 40
3 66 33 23 55
3 67 9 23 40
3 68 76 55 85
3 69 37 55 45
3 70 78 82 75
3 71 94 53 70
3 72 5 47 41
3 73 35 49 45
3 74 69 46 81
3 75 38 47 36
3 76 16 35 21
3 77 52 39 34
3 78 57 74 50
3 79 40 45 37
3 80 12 47 22
3 81 55 34 74
3 82 3 39 8
3 83 96 87 96
3 84 22 43 27
3 85 41 47 41
3 86 37 31 39
3 87 86 72 61
3 88 5 30 46
3 89 84 76 43
3 90 31 16 58
3 91 33 45 30
3 92 31 16 20
3 93 12 42 24
3 94 71 83 37
3 95 63 45 58
3 96 40 62 68
3 97 38 67 41
3 98 36 65 60
3 99 70 50 41
4 5 66 54 75
4 6 7 37 34
4 7 43 60 53
4 8 47 24 47
4 9 8 52 31
4 10 63 42 36
4 11 32 24 47
4 12 35 53 40
4 13 65 33 51
4 14 26 18 40
4 15 83 44 59
4 16 99 50 63
4 17 77 66 55
4 18 35 20 55
4 19 95 56 56
4 20 91 79 82
4 21 45 67 40
4 22 9 12 51
4 23 12 50 38
4 24 10 28 20
4 25 57 75 76
4 26 51 53 29
4 27 55 61 69
4 28 64 32 44
4 29 87 60 51
4 30 61 63 37
4 31 67 76 46
4 32 58 38 31
4 33 46 54 63
4 34 88 69 89
4 35 52 58 42
4 36 96 70 68
4 37 82 77 54
4 38 92 58 51
4 39 40 46 23
4 40 63 48 66
4 41 11 27 29
4 42 50 63 64
4 43 71 47 84
4 44 98 72 58
4 45 84 83 80
4 46 51 50 46
4 47 41 35 54
4 48 46 64 31
4 49 26 36 59
4 50 1 2 19
4 51 56 49 73
4 52 65 65 72
4 53 51 64 67
4 54 87 86 78
4 55 35 40 57
4 56 96 63 60
4 57 61 45 38
4 58 22 47 38
4 59 3 21 2
4 60 85 76 92
4 61 73 41 53
4 62 40 25 28
4 63 29 35 43
4 64 84 53 79
4 65 66 44 80
4 66 53 60 58
4 67 35 47 30
4 68 51 57 42
4 69 95 91 80
4 70 88 62 75
4 71 74 76 86
4 72 47 66 30
4 73 96 82 64
4 74 83 89 90
4 75 25 23 33
4 76 87 71 76
4 77 36 54 48
4 78 40 46 39
4 79 77 52 69
4 80 77 86 65
4 81 85 70 44
4 82 29 19 50
4 83 13 39 49
4 84 50 47 52
4 85 37 47 55
4 86 35 54 35
4 87 53 57 64
4 88 15 52 41
4 89 23 33 53
4 90 83 82 51
4 91 70 37 63
4 92 40 63 56
4 93 1 11 24
4 94 5 2 18
4 95 35 31 26
4 96 9 47 23
4 97 29 54 47
4 98 74 49 74
4 99 93 93 89
5 6 92 68 61
5 7 44 35 66
5 8 10 28 12
5 9 32 37 33
5 10 42 70 49
5 11 44 31 55
5 12 34 63 38
5 13 23 47 56
5 14 18 15 18
5 15 46 65 35
5 16 1 21 1
5 17 30 19 21
5 18 13 7 14
5 19 12 16 7
5 20 38 25 19
5 21 35 56 47
5 22 3 20 26
5 23 20 24 24
5 24 17 16 37
5 25 41 36 66
5 26 32 26 54
5 27 54 48 63
5 28 35 55 34
5 29 54 31 32
5 30 24 13 44
5 31 10 15 39
5 32 39 64 66
5 33 30 47 25
5 34 75 44 72
5 35 4 32 6
5 36 2 1 24
5 37 28 28 53
5 38 79 55 70
5 39 24 55 29
5 40 31 43 55
5 41 50 60 74
5 42 23 38 18
5 43 13 51 23
5 44 36 58 66
5 45 80 45 52
5 46 10 50 7
5 47 41 21 35
5 48 92 67 64
5 49 86 87 50
5 50 11 29 50
5 51 97 54 72
5 52 29 61 38
5 53 76 82 53
5 54 20 45 18
5 55 69 79 82
5 56 48 72 56
5 57 69 79 53
5 58 82 69 44
5 59 19 45 29
5 60 80 43 51
5 61 51 31 60
5 62 65 81 49
5 63 24 58 18
5 64 11 18 45
5 65 39 43 55
5 66 25 22 16
5 67 14 52 8
5 68 17 52 30
5 69 8 18 18
5 70 15 25 25
5 71 87 50 46
5 72 16 46 25
5 73 39 68 23
5 74 88 59 56
5 75 53 29 35
5 76 32 58 22
5 77 0 4 14
5 78 72 75 44
5 79 88 54 89
5 80 42 41 37
5 81 70 61 52
5 82 71 70 74
5 83 16 34 37
5 84 44 45 71
5 85 75 47 81
5 86 44 36 61
5 87 78 87 87
5 88 24 58 12
5 89 39 55 64
5 90 58 67 31
5 91 48 29 68
5 92 53 38 47
5 93 13 44 16
5 94 43 42 22
5 95 16 13 35
5 96 58 29 33
5 97 87 62 51
5 98 99 80 79
5 99 39 68 26
6 7 56 54 68
6 8 2 34 14
6 9 43 62 58
6 10 45 49 71
6 11 77 59 57
6 12 36 65 51
6 13 63 72 72
6 14 28 26 26
6 15 98 51 63
6 16 39 26 25
6 17 69 71 53
6 18 68 42 73
6 19 95 83 50
6 20 6 12 16
6 21 14 18 36
6 22 98 67 50
6 23 4 31 34
6 24 43 33 65
6 25 9 5 45
6 26 85 54 72
6 27 2 45 9
6 28 96 75 66
6 29 4 10 46
6 30 97 97 92
6 31 69 40 56
6 32 43 27 22
6 33 94 86 58
6 34 24 34 14
6 35 35 37 26
6 36 95 65 60
6 37 3 24 20
6 38 24 55 31
6 39 71 65 43
6 40 75 54 40
6 41 25 30 43
6 42 90 64 77
6 43 72 39 60
6 44 13 39 29
6 45 53 51 73
6 46 69 49 51
6 47 30 53 21
6 48 75 59 45
6 49 41 22 59
6 50 98 58 82
6 51 69 82 44
6 52 78 66 53
6 53 42 64 44
6 54 46 33 30
6 55 27 28 31
6 56 93 53 59
6 57 4 18 3
6 58 92 61 94
6 59 82 55 56
6 60 52 54 66
6 61 79 79 49
6 62 89 50 86
6 63 27 62 23
6 64 89 79 55
6 65 31 15 57
6 66 39 27 54
6 67 30 59 52
6 68 36 58 32
6 69 28 42 40
6 70 74 76 52
6 71 14 44 36
6 72 15 21 33
6 73 84 59 68
6 74 80 44 61
6 75 28 53 62
6 76 61 56 49
6 77 42 29 58
6 78 85 66 44
6 79 7 26 9
6 80 12 12 47
6 81 91 78 53
6 82 25 57 30
6 83 5 11 43
6 84 14 14 9
6 85 62 54 40
6 86 84 45 46
6 87 48 47 49
6 88 74 64 53
6 89 38 46 35
6 90 70 83 69
6 91 82 51 48
6 92 25 23 29
6 93 38 65 33
6 94 87 81 49
6 95 87 77 59
6 96 70 74 58
6 97 91 68 79
6 98 84 65 44
6 99 43 33 39
7 8 94 84 68
7 9 23 24 29
7 10 88 92 92
7 11 0 15 3
7 12 74 78 71
7 13 56 57 67
7 14 43 65 34
7 15 88 89 50
7 16 10 31 12
7 17 97 75 69
7 18 95 69 96
7 19 49 54 56
7 20 76 56 62
7 21 77 67 44
7 22 90 69 51
7 23 75 42 70
7 24 95 83 63
7 25 36 29 49
7 26 82 74 87
7 27 36 37 30
7 28 1 21 35
7 29 93 79 87
7 30 62 66 37
7 31 77 72 39
7 32 57 62 47
7 33 17 29 13
7 34 65 63 69
7 35 62 48 43
7 36 92 75 86
7 37 93 73 61
7 38 4 12 7
7 39 86 66 43
7 40 85 57 80
7 41 88 76 52
7 42 77 69 74
7 43 86 55 64
7 44 93 71 63
7 45 77 85 74
7 46 84 69 47
7 47 60 42 63
7 48 16 22 17
7 49 83 79 62
7 50 66 61 78
7 51 46 43 55
7 52 61 80 66
7 53 75 48 57
7 54 88 91 48
7 55 49 52 61
7 56 26 57 29
7 57 57 73 48
7 58 8 19 31
7 59 83 56 65
7 60 63 44 71
7 61 31 22 40
7 62 20 52 36
7 63 3 49 34
7 64 13 49 55
7 65 80 45 84
7 66 85 69 76
7 67 66 67 56
7 68 39 26 58
7 69 79 66 88
7 70 40 23 35
7 71 84 48 63
7 72 51 26 71
7 73 35 54 58
7 74 55 58 57
7 75 81 57 85
7 76 27 54 28
7 77 0 17 40
7 78 44 44 68
7 79 91 67 83
7 80 76 47 69
7 81 83 59 85
7 82 8 28 15
7 83 44 61 35
7 84 15 14 48
7 85 60 65 41
7 86 92 83 84
7 87 73 53 75
7 88 7 52 7
7 89 53 37 59
7 90 4 40 39
7 91 14 16 28
7 92 19 18 35
7 93 14 20 43
7 94 99 60 58
7 95 42 51 61
7 96 53 30 30
7 97 33 35 60
7 98 38 38 22
7 99 27 31 22
8 9 75 67 45
8 10 84 62 86
8 11 78 44 80
8 12 65 78 80
8 13 57 56 61
8 14 96 84 93
8 15 10 17 38
8 16 19 31 39
8 17 88 48 49
8 18 44 66 41
8 19 69 72 76
8 20 84 85 66
8 21 54 51 34
8 22 38 23 59
8 23 3 6 28
8 24 60 45 69
8 25 65 47 36
8 26 7 43 20
8 27 61 37 66
8 28 43 29 59
8 29 30 63 37
8 30 97 84 75
8 31 97 77 67
8 32 98 67 67
8 33 59 71 33
8 34 7 6 27
8 35 41 53 49
8 36 46 70 31
8 37 97 91 79
8 38 94 89 55
8 39 98 96 70
8 40 74 85 51
8 41 96 85 64
8 42 66 42 42
8 43 32 53 57
8 44 71 41 55
8 45 43 47 46
8 46 16 15 15
8 47 16 52 24
8 48 11 27 52
8 49 73 72 65
8 50 7 32 20
8 51 34 24 56
8 52 74 78 46
8 53 36 60 50
8 54 1 41 1
8 55 54 50 54
8 56 22 36 14
8 57 34 45 40
8 58 70 75 53
8 59 22 13 15
8 60 22 34 35
8 61 5 50 37
8 62 96 62 91
8 63 30 51 49
8 64 51 46 38
8 65 46 43 42
8 66 4 23 39
8 67 17 55 25
8 68 27 55 13
8 69 41 38 35
8 70 66 44 46
8 71 3 5 9
8 72 6 20 38
8 73 77 49 52
8 74 88 57 85
8 75 44 63 68
8 76 7 34 35
8 77 71 75 37
8 78 28 43 18
8 79 59 49 53
8 80 66 33 42
8 81 60 40 47
8 82 43 28 70
8 83 98 90 97
8 84 53 38 62
8 85 36 63 55
8 86 83 79 76
8 87 12 54 14
8 88 25 62 17
8 89 93 76 85
8 90 10 39 50
8 91 83 70 52
8 92 61 35 48
8 93 19 52 10
8 94 35 45 52
8 95 92 79 50
8 96 88 92 48
8 97 75 41 43
8 98 43 40 62
8 99 53 74 66
9 10 86 92 91
9 11 34 37 42
9 12 3 32 48
9 13 6 52 43
9 14 75 66 77
9 15 79 63 83
9 16 62 47 70
9 17 28 27 55
9 18 47 42 60
9 19 9 34 13
9 20 82 66 45
9 21 61 64 66
9 22 14 32 54
9 23 56 74 46
9 24 48 68 54
9 25 26 14 15
9 26 61 74 49
9 27 57 54 76
9 28 47 53 63
9 29 6 38 26
9 30 66 72 55
9 31 74 85 57
9 32 84 55 43
9 33 72 65 63
9 34 5 32 9
9 35 79 84 70
9 36 84 51 59
9 37 73 61 82
9 38 18 37 31
9 39 6 34 31
9 40 34 51 55
9 41 8 8 42
9 42 5 37 30
9 43 69 53 57
9 44 8 14 16
9 45 71 83 73
9 46 4 6 5
9 47 34 37 33
9 48 72 62 38
9 49 16 24 20
9 50 43 36 28
9 51 94 71 53
9 52 54 51 59
9 53 87 48 46
9 54 14 35 54
9 55 4 9 46
9 56 22 29 58
9 57 2 42 15
9 58 35 50 18
9 59 62 72 48
9 60 53 48 32
9 61 1 29 23
9 62 91 93 56
9 63 77 67 71
9 64 58 76 50
9 65 83 76 90
9 66 72 48 44
9 67 28 29 24
9 68 46 34 61
9 69 12 11 45
9 70 7 36 9
9 71 46 56 41
9 72 26 31 49
9 73 96 66 61
9 74 87 89 73
9 75 37 35 22
9 76 88 51 74
9 77 48 24 35
9 78 25 34 59
9 79 58 77 32
9 80 40 28 40
9 81 86 50 87
9 82 54 27 44
9 83 18 58 47
9 84 51 35 26
9 85 43 34 49
9 86 36 64 67
9 87 4 12 29
9 88 33 36 27
9 89 48 42 65
9 90 79 62 49
9 91 6 49 24
9 92 97 96 97
9 93 89 91 86
9 94 97 49 70
9 95 50 34 52
9 96 31 42 16
9 97 67 39 59
9 98 95 48 81
9 99 92 64 77
10 11 91 69 94
10 12 18 19 29
10 13 68 78 45
10 14 72 60 37
10 15 5 16 19
10 16 83 69 85
10 17 34 55 19
10 18 45 40 37
10 19 46 61 36
10 20 7 7 40
10 21 83 89 70
10 22 23 39 42
10 23 85 61 69
10 24 14 15 11
10 25 6 42 25
10 26 3 25 46
10 27 50 26 51
10 28 10 26 54
10 29 40 61 56
10 30 73 55 55
10 31 10 33 28
10 32 24 18 22
10 33 53 43 46
10 34 39 66 24
10 35 82 43 50
10 36 32 30 26
10 37 67 57 67
10 38 12 33 22
10 39 70 55 37
10 40 38 31 44
10 41 29 64 52
10 42 62 74 58
10 43 32 61 28
10 44 15 47 42
10 45 94 51 72
10 46 71 49 42
10 47 47 68 31
10 48 31 36 44
10 49 26 16 57
10 50 41 38 34
10 51 67 68 57
10 52 39 30 34
10 53 30 17 20
10 54 56 75 42
10 55 3 47 27
10 56 58 47 62
10 57 71 53 59
10 58 36 49 52
10 59 65 75 66
10 60 46 30 70
10 61 17 12 26
10 62 92 86 82
10 63 97 48 73
10 64 3 39 41
10 65 87 48 56
10 66 14 16 22
10 67 49 30 48
10 68 5 43 16
10 69 9 20 52
10 70 37 57 54
10 71 13 40 39
10 72 88 60 92
10 73 71 60 51
10 74 5 43 22
10 75 11 9 52
10 76 79 39 83
10 77 42 58 35
10 78 81 52 70
10 79 46 43 56
10 80 56 75 48
10 81 8 4 49
10 82 85 84 65
10 83 40 59 43
10 84 0 43 46
10 85 93 90 82
10 86 8 4 6
10 87 18 27 59
10 88 6 10 6
10 89 83 71 67
10 90 24 18 60
10 91 61 33 57
10 92 35 24 33
10 93 66 68 75
10 94 41 27 63
10 95 62 77 46
10 96 89 89 68
10 97 74 38 46
10 98 99 76 83
10 99 43 25 55
11 12 54 59 41
11 13 2 37 9
11 14 83 48 77
11 15 76 46 62
11 16 28 38 50
11 17 37 22 27
11 18 18 11 34
11 19 36 19 33
11 20 62 60 63
11 21 59 37 34
11 22 72 74 39
11 23 99 90 65
11 24 29 42 52
11 25 15 33 42
11 26 44 47 45
11 27 30 35 27
11 28 2 24 13
11 29 93 87 82
11 30 98 85 71
11 31 96 56 64
11 32 5 26 25
11 33 12 23 40
11 34 82 63 88
11 35 58 65 44
11 36 86 61 60
11 37 39 30 51
11 38 89 88 74
11 39 81 79 56
11 40 93 53 51
11 41 62 72 77
11 42 5 28 21
11 43 34 28 21
11 44 80 88 83
11 45 10 10 42
11 46 20 45 51
11 47 25 44 53
11 48 9 44 22
11 49 85 68 76
11 50 83 71 49
11 51 91 72 57
11 52 52 55 72
11 53 79 54 62
11 54 5 28 20
11 55 33 22 63
11 56 12 29 55
11 57 77 84 40
11 58 37 66 36
11 59 76 50 53
11 60 59 41 77
11 61 80 55 73
11 62 27 52 14
11 63 49 54 26
11 64 15 40 26
11 65 61 41 30
11 66 94 65 80
11 67 13 23 52
11 68 64 69 60
11 69 48 42 49
11 70 21 53 57
11 71 96 55 79
11 72 70 36 36
11 73 30 45 25
11 74 1 36 15
11 75 55 49 35
11 76 11 44 17
11 77 42 63 38
11 78 93 51 52
11 79 73 40 41
11 80 46 46 36
11 81 50 62 56
11 82 19 41 20
11 83 82 75 58
11 84 69 63 51
11 85 90 83 66
11 86 32 44 43
11 87 60 42 67
11 88 76 68 63
11 89 78 59 55
11 90 47 29 57
11 91 12 46 24
11 92 76 76 53
11 93 61 62 40
11 94 76 41 40
11 95 91 90 94
11 96 14 51 36
11 97 14 49 14
11 98 99 57 84
11 99 6 6 34
12 13 48 45 46
12 14 7 6 38
12 15 82 90 89
12 16 14 32 44
12 17 73 86 70
12 18 37 31 23
12 19 73 38 58
12 20 2 36 46
12 21 78 84 73
12 22 76 66 44
12 23 60 70 31
12 24 96 84 67
12 25 25 62 39
12 26 10 30 27
12 27 85 46 68
12 28 20 59 29
12 29 69 78 73
12 30 68 71 77
12 31 73 84 47
12 32 98 93 82
12 33 89 85 83
12 34 66 83 65
12 35 22 41 51
12 36 73 39 81
12 37 60 51 72
12 38 72 73 73
12 39 84 76 63
12 40 93 74 90
12 41 37 42 46
12 42 66 77 72
12 43 56 66 36
12 44 23 32 13
12 45 68 51 60
12 46 45 52 24
12 47 92 73 58
12 48 23 57 32
12 49 38 36 36
12 50 0 6 47
12 51 69 71 36
12 52 53 28 51
12 53 87 45 83
12 54 44 41 53
12 55 42 66 31
12 56 13 50 8
12 57 63 76 41
12 58 72 59 70
12 59 9 28 16
12 60 64 74 76
12 61 94 61 74
12 62 0 46 45
12 63 77 73 76
12 64 99 70 98
12 65 54 64 47
12 66 99 91 71
12 67 42 36 57
12 68 49 58 64
12 69 14 7 49
12 70 48 73 63
12 71 95 91 53
12 72 93 47 75
12 73 5 8 5
12 74 20 16 27
12 75 34 31 36
12 76 10 10 41
12 77 36 58 31
12 78 37 66 59
12 79 3 44 5
12 80 57 32 39
12 81 13 38 56
12 82 50 30 68
12 83 23 56 55
12 84 26 58 52
12 85 46 71 48
12 86 81 67 64
12 87 63 74 65
12 88 68 83 76
12 89 72 52 47
12 90 10 10 53
12 91 34 38 55
12 92 18 40 15
12 93 28 25 59
12 94 89 64 73
12 95 91 49 67
12 96 39 66 37
12 97 83 50 87
12 98 16 56 44
12 99 70 52 43
13 14 11 22 31
13 15 48 33 36
13 16 75 41 85
13 17 12 20 43
13 18 24 20 28
13 19 10 29 34
13 20 72 53 83
13 21 34 38 64
13 22 62 70 46
13 23 48 71 40
13 24 37 51 51
13 25 64 51 42
13 26 36 39 54
13 27 2 27 1
13 28 90 88 63
13 29 14 53 10
13 30 22 37 24
13 31 35 58 21
13 32 20 29 50
13 33 71 76 74
13 34 61 47 52
13 35 57 50 40
13 36 98 98 69
13 37 39 53 68
13 38 18 12 48
13 39 47 25 26
13 40 47 35 50
13 41 65 43 38
13 42 11 42 50
13 43 62 60 44
13 44 8 46 14
13 45 24 55 50
13 46 63 50 45
13 47 31 60 26
13 48 59 45 56
13 49 11 44 47
13 50 0 45 33
13 51 40 64 48
13 52 29 59 16
13 53 22 55 55
13 54 34 23 25
13 55 83 58 64
13 56 96 62 71
13 57 75 62 54
13 58 12 33 40
13 59 3 21 22
13 60 95 53 52
13 61 43 62 23
13 62 71 68 73
13 63 37 60 54
13 64 98 80 84
13 65 58 67 77
13 66 69 60 47
13 67 86 67 51
13 68 96 63 82
13 69 90 76 69
13 70 69 72 75
13 71 90 51 62
13 72 65 55 72
13 73 55 39 50
13 74 18 27 13
13 75 65 46 56
13 76 46 33 62
13 77 24 35 45
13 78 40 56 36
13 79 6 5 43
13 80 96 77 82
13 81 97 52 52
13 82 90 82 92
13 83 3 45 45
13 84 8 19 54
13 85 72 61 66
13 86 63 32 35
13 87 33 60 46
13 88 60 52 40
13 89 97 64 79
13 90 11 49 40
13 91 74 87 40
13 92 19 46 39
13 93 29 15 22
13 94 16 14 14
13 95 37 65 19
13 96 8 8 38
13 97 19 19 25
13 98 46 67 62
13 99 95 71 66
14 15 74 85 71
14 16 67 43 74
14 17 58 67 65
14 18 88 69 88
14 19 38 48 22
14 20 73 59 62
14 21 35 45 44
14 22 47 72 60
14 23 60 52 56
14 24 53 68 64
14 25 43 35 49
14 26 32 46 45
14 27 23 18 38
14 28 76 62 40
14 29 50 64 39
14 30 61 45 38
14 31 91 54 79
14 32 75 79 59
14 33 83 88 79
14 34 94 63 72
14 35 24 46 38
14 36 79 59 47
14 37 89 79 56
14 38 72 56 67
14 39 31 29 21
14 40 96 71 75
14 41 9 15 38
14 42 62 36 44
14 43 47 64 42
14 44 12 17 31
14 45 80 58 86
14 46 1 50 12
14 47 6 25 43
14 48 45 26 46
14 49 33 61 26
14 50 2 20 16
14 51 23 35 20
14 52 88 90 54
14 53 36 62 56
14 54 39 64 40
14 55 84 45 53
14 56 48 33 44
14 57 4 41 16
14 58 21 13 15
14 59 49 68 27
14 60 28 19 61
14 61 94 85 59
14 62 8 32 28
14 63 36 19 64
14 64 35 22 37
14 65 64 41 57
14 66 50 33 68
14 67 58 38 55
14 68 15 41 10
14 69 36 26 58
14 70 50 69 73
14 71 0 41 34
14 72 68 59 48
14 73 76 79 64
14 74 69 64 38
14 75 11 43 13
14 76 13 22 47
14 77 27 24 52
14 78 95 55 96
14 79 10 52 34
14 80 92 53 58
14 81 57 31 52
14 82 61 47 51
14 83 92 73 76
14 84 62 35 67
14 85 80 59 60
14 86 37 28 62
14 87 10 29 11
14 88 5 52 12
14 89 13 10 11
14 90 4 34 23
14 91 74 48 71
14 92 73 36 51
14 93 76 65 74
14 94 84 65 72
14 95 66 45 62
14 96 31 65 51
14 97 14 29 24
14 98 48 65 29
14 99 6 34 29
15 16 71 39 81
15 17 5 7 3
15 18 96 85 61
15 19 93 92 92
15 20 11 36 31
15 21 4 20 51
15 22 28 14 19
15 23 81 59 46
15 24 18 19 21
15 25 7 13 11
15 26 43 41 65
15 27 23 22 36
15 28 56 53 76
15 29 80 68 40
15 30 87 55 91
15 31 6 42 16
15 32 24 25 56
15 33 21 48 30
15 34 52 75 74
15 35 89 76 79
15 36 24 52 47
15 37 52 75 64
15 38 40 29 64
15 39 44 58 68
15 40 66 63 58
15 41 14 41 45
15 42 74 73 50
15 43 82 58 42
15 44 83 59 67
15 45 8 32 51
15 46 97 64 52
15 47 37 53 24
15 48 92 60 50
15 49 88 51 93
15 50 67 55 71
15 51 19 24 19
15 52 29 60 27
15 53 70 39 79
15 54 59 48 45
15 55 7 14 31
15 56 53 48 40
15 57 61 68 50
15 58 12 19 55
15 59 97 73 54
15 60 77 82 53
15 61 12 23 9
15 62 43 37 69
15 63 80 85 60
15 64 0 11 15
15 65 53 53 44
15 66 81 82 57
15 67 8 18 38
15 68 33 26 51
15 69 54 66 32
15 70 77 69 84
15 71 63 49 47
15 72 57 36 51
15 73 4 7 9
15 74 19 49 22
15 75 96 72 55
15 76 81 67 81
15 77 92 59 81
15 78 86 90 67
15 79 0 34 27
15 80 8 6 49
15 81 42 51 42
15 82 92 82 78
15 83 7 28 32
15 84 39 20 20
15 85 0 10 22
15 86 67 55 56
15 87 96 55 84
15 88 86 85 70
15 89 2 25 49
15 90 17 24 51
15 91 32 39 28
15 92 17 10 29
15 93 3 31 37
15 94 64 70 34
15 95 62 48 46
15 96 24 57 60
15 97 54 50 72
15 98 58 64 51
15 99 58 63 61
16 17 81 43 46
16 18 81 68 49
16 19 52 40 27
16 20 37 22 56
16 21 69 53 74
16 22 35 39 54
16 23 41 67 68
16 24 64 79 63
16 25 50 65 34
16 26 56 39 33
16 27 2 47 32
16 28 40 21 54
16 29 40 67 38
16 30 79 55 47
16 31 62 55 59
16 32 66 69 52
16 33 23 46 49
16 34 62 60 56
16 35 51 74 57
16 36 20 39 13
16 37 89 68 80
16 38 19 28 15
16 39 47 48 72
16 40 53 61 50
16 41 41 46 30
16 42 27 59 35
16 43 69 50 66
16 44 78 42 49
16 45 64 68 48
16 46 40 65 23
16 47 86 70 53
16 48 68 62 74
16 49 28 64 15
16 50 27 60 49
16 51 47 25 60
16 52 27 54 42
16 53 51 60 71
16 54 96 73 54
16 55 62 80 55
16 56 88 57 70
16 57 89 90 64
16 58 25 24 32
16 59 69 55 35
16 60 1 19 21
16 61 2 40 19
16 62 58 50 70
16 63 19 56 53
16 64 8 51 25
16 65 8 15 18
16 66 54 40 59
16 67 62 79 35
16 68 18 50 54
16 69 29 21 53
16 70 49 29 27
16 71 96 67 55
16 72 64 33 35
16 73 24 19 14
16 74 51 34 68
16 75 45 41 64
16 76 79 41 63
16 77 83 53 64
16 78 20 38 14
16 79 1 39 11
16 80 43 23 36
16 81 62 78 37
16 82 53 62 58
16 83 47 69 39
16 84 90 68 79
16 85 87 49 88
16 86 32 41 17
16 87 42 33 27
16 88 23 26 44
16 89 66 43 55
16 90 94 65 61
16 91 63 69 63
16 92 29 43 15
16 93 8 8 28
16 94 58 32 42
16 95 15 18 36
16 96 69 46 42
16 97 97 59 98
16 98 87 50 66
16 99 68 79 42
17 18 84 55 64
17 19 94 91 87
17 20 87 76 74
17 21 1 46 47
17 22 81 82 77
17 23 73 76 80
17 24 24 58 40
17 25 95 48 78
17 26 59 43 79
17 27 66 48 70
17 28 24 12 58
17 29 45 46 52
17 30 79 79 89
17 31 70 43 67
17 32 88 91 74
17 33 87 66 56
17 34 61 75 46
17 35 62 55 54
17 36 19 43 31
17 37 32 23 45
17 38 3 38 21
17 39 64 51 58
17 40 71 73 36
17 41 90 45 50
17 42 4 34 4
17 43 38 34 26
17 44 56 38 51
17 45 81 87 55
17 46 89 88 63
17 47 72 51 67
17 48 16 24 30
17 49 25 16 14
17 50 54 54 57
17 51 13 9 56
17 52 30 58 47
17 53 99 58 62
17 54 88 62 44
17 55 39 64 48
17 56 71 52 38
17 57 58 32 31
17 58 85 88 46
17 59 11 14 6
17 60 13 44 53
17 61 46 57 48
17 62 52 71 32
17 63 71 78 84
17 64 62 73 54
17 65 55 36 60
17 66 60 31 73
17 67 80 52 85
17 68 54 71 67
17 69 54 53 36
17 70 99 77 67
17 71 14 11 43
17 72 14 12 44
17 73 53 50 53
17 74 85 87 91
17 75 36 43 32
17 76 67 66 61
17 77 59 45 72
17 78 84 69 83
17 79 56 66 59
17 80 60 76 53
17 81 81 72 70
17 82 71 75 67
17 83 71 55 61
17 84 90 54 84
17 85 27 58 35
17 86 2 11 46
17 87 69 45 73
17 88 75 64 45
17 89 34 49 45
17 90 33 44 30
17 91 67 83 57
17 92 13 43 22
17 93 30 38 30
17 94 60 57 79
17 95 76 64 77
17 96 19 9 43
17 97 43 61 36
17 98 64 35 50
17 99 25 19 45
18 19 11 54 45
18 20 94 57 72
18 21 13 21 43
18 22 77 53 88
18 23 82 80 69
18 24 84 81 59
18 25 91 76 48
18 26 81 86 85
18 27 85 92 50
18 28 42 39 56
18 29 25 27 47
18 30 56 44 58
18 31 65 79 34
18 32 76 44 60
18 33 54 68 70
18 34 33 22 61
18 35 18 45 50
18 36 82 73 74
18 37 51 40 32
18 38 33 51 22
18 39 50 44 53
18 40 98 76 72
18 41 86 45 82
18 42 57 71 61
18 43 5 24 7
18 44 85 91 89
18 45 75 49 85
18 46 64 47 38
18 47 47 31 26
18 48 24 36 16
18 49 34 36 54
18 50 2 32 11
18 51 13 40 50
18 52 25 55 37
18 53 45 32 34
18 54 50 62 40
18 55 34 32 51
18 56 87 86 54
18 57 28 47 61
18 58 6 23 15
18 59 19 51 44
18 60 19 54 13
18 61 15 15 17
18 62 7 33 14
18 63 79 43 81
18 64 75 76 87
18 65 9 35 53
18 66 60 61 71
18 67 7 12 31
18 68 27 25 54
18 69 11 47 20
18 70 35 27 59
18 71 56 73 34
18 72 75 80 82
18 73 36 34 21
18 74 42 64 66
18 75 35 44 44
18 76 46 28 55
18 77 45 40 58
18 78 7 49 28
18 79 58 56 59
18 80 95 85 65
18 81 30 30 38
18 82 45 59 70
18 83 74 48 86
18 84 94 72 49
18 85 2 28 32
18 86 28 53 20
18 87 88 49 80
18 88 86 75 92
18 89 21 53 33
18 90 66 63 47
18 91 14 51 11
18 92 0 2 33
18 93 66 68 76
18 94 89 57 54
18 95 46 31 53
18 96 76 85 50
18 97 32 36 50
18 98 1 48 8
18 99 22 39 37
19 20 89 78 88
19 21 99 69 74
19 22 37 64 54
19 23 33 27 25
19 24 94 52 60
19 25 44 46 65
19 26 8 35 50
19 27 1 43 28
19 28 71 74 81
19 29 98 64 84
19 30 7 52 20
19 31 42 36 24
19 32 10 39 30
19 33 24 48 51
19 34 57 57 59
19 35 0 22 41
19 36 51 46 58
19 37 49 34 40
19 38 50 73 59
19 39 92 52 73
19 40 32 59 39
19 41 95 77 95
19 42 86 58 67
19 43 73 84 51
19 44 29 29 57
19 45 78 85 77
19 46 91 58 79
19 47 55 31 36
19 48 77 58 79
19 49 25 33 44
19 50 58 51 71
19 51 83 87 74
19 52 35 38 49
19 53 51 72 54
19 54 51 31 58
19 55 43 52 50
19 56 47 65 54
19 57 33 17 39
19 58 30 22 31
19 59 94 91 63
19 60 90 57 69
19 61 82 67 48
19 62 20 12 32
19 63 12 44 39
19 64 64 34 78
19 65 24 58 39
19 66 22 26 21
19 67 44 29 31
19 68 41 42 32
19 69 27 56 52
19 70 6 4 48
19 71 85 65 62
19 72 15 30 49
19 73 68 65 47
19 74 86 64 71
19 75 66 73 55
19 76 16 19 23
19 77 33 56 24
19 78 79 48 62
19 79 34 39 66
19 80 56 72 41
19 81 90 50 51
19 82 87 63 48
19 83 61 36 60
19 84 50 68 73
19 85 83 79 64
19 86 46 62 53
19 87 5 13 43
19 88 35 49 39
19 89 9 52 39
19 90 6 38 42
19 91 33 40 27
19 92 17 35 20
19 93 26 54 54
19 94 28 30 19
19 95 47 24 34
19 96 35 66 37
19 97 50 29 74
19 98 40 39 57
19 99 76 70 77
20 21 93 91 78
20 22 57 30 50
20 23 50 64 33
20 24 79 45 78
20 25 73 68 74
20 26 79 58 60
20 27 82 45 58
20 28 11 32 12
20 29 21 19 36
20 30 29 15 34
20 31 53 45 32
20 32 77 76 81
20 33 65 76 46
20 34 6 11 45
20 35 39 38 41
20 36 26 20 48
20 37 92 76 86
20 38 99 80 50
20 39 95 92 56
20 40 27 31 15
20 41 96 66 64
20 42 40 28 63
20 43 7 42 23
20 44 15 37 12
20 45 14 56 31
20 46 63 36 52
20 47 73 49 64
20 48 84 81 80
20 49 31 26 18
20 50 77 59 53
20 51 97 92 72
20 52 78 71 77
20 53 43 36 38
20 54 49 31 42
20 55 26 60 43
20 56 80 59 78
20 57 60 71 32
20 58 69 47 78
20 59 0 23 16
20 60 42 49 21
20 61 42 36 39
20 62 59 33 57
20 63 39 46 25
20 64 98 51 91
20 65 62 53 78
20 66 45 67 55
20 67 78 83 56
20 68 1 37 39
20 69 56 28 46
20 70 73 62 59
20 71 71 46 36
20 72 47 46 70
20 73 41 24 40
20 74 16 57 34
20 75 52 43 30
20 76 59 65 76
20 77 54 55 55
20 78 9 18 7
20 79 28 15 58
20 80 15 8 9
20 81 2 23 30
20 82 93 61 85
20 83 26 16 39
20 84 1 41 9
20 85 50 57 72
20 86 7 32 10
20 87 9 20 39
20 88 52 43 64
20 89 86 57 83
20 90 48 51 44
20 91 75 86 64
20 92 81 82 69
20 93 40 50 37
20 94 62 67 50
20 95 97 84 59
20 96 0 17 24
20 97 50 33 28
20 98 74 37 68
20 99 13 40 16
21 22 65 35 34
21 23 12 50 43
21 24 32 51 56
21 25 43 35 61
21 26 32 19 34
21 27 12 33 51
21 28 69 39 65
21 29 74 70 68
21 30 81 85 54
21 31 43 61 27
21 32 19 19 21
21 33 86 92 84
21 34 76 42 69
21 35 5 3 48
21 36 21 52 25
21 37 10 28 39
21 38 81 52 89
21 39 6 31 34
21 40 80 87 73
21 41 12 47 32
21 42 44 53 39
21 43 66 77 80
21 44 12 11 7
21 45 76 57 44
21 46 47 34 40
21 47 89 94 55
21 48 5 49 25
21 49 22 29 53
21 50 18 28 54
21 51 19 20 18
21 52 33 32 48
21 53 70 79 68
21 54 34 49 43
21 55 35 42 31
21 56 69 74 80
21 57 42 60 60
21 58 24 25 31
21 59 74 62 61
21 60 31 60 43
21 61 84 80 52
21 62 0 35 37
21 63 21 20 35
21 64 16 24 17
21 65 58 29 31
21 66 1 44 12
21 67 83 78 54
21 68 7 27 53
21 69 52 51 39
21 70 5 14 4
21 71 17 41 48
21 72 23 23 61
21 73 1 41 30
21 74 12 17 32
21 75 55 71 31
21 76 23 39 35
21 77 7 27 26
21 78 63 50 72
21 79 23 47 53
21 80 61 61 51
21 81 28 60 31
21 82 70 83 60
21 83 98 50 66
21 84 0 1 5
21 85 56 29 62
21 86 61 46 75
21 87 52 64 47
21 88 85 57 90
21 89 42 66 25
21 90 14 44 16
21 91 27 35 21
21 92 48 42 66
21 93 9 9 48
21 94 96 52 80
21 95 77 62 59
21 96 86 55 89
21 97 13 18 52
21 98 18 51 48
21 99 37 19 38
22 23 70 43 47
22 24 96 81 96
22 25 48 32 44
22 26 53 31 62
22 27 65 54 39
22 28 72 68 84
22 29 48 47 25
22 30 58 61 50
22 31 21 36 45
22 32 24 23 49
22 33 95 91 71
22 34 46 28 35
22 35 68 81 69
22 36 84 53 60
22 37 68 42 64
22 38 8 45 29
22 39 16 14 15
22 40 81 79 68
22 41 4 18 27
22 42 74 53 39
22 43 60 60 38
22 44 45 31 23
22 45 66 73 63
22 46 29 53 60
22 47 69 56 80
22 48 13 47 33
22 49 50 51 41
22 50 70 77 68
22 51 70 75 70
22 52 82 49 76
22 53 49 56 46
22 54 10 7 36
22 55 97 65 49
22 56 70 64 61
22 57 48 47 38
22 58 46 48 40
22 59 41 35 51
22 60 56 77 40
22 61 22 17 24
22 62 69 63 42
22 63 20 55 46
22 64 23 27 57
22 65 71 72 51
22 66 69 55 55
22 67 68 75 71
22 68 10 48 54
22 69 41 37 63
22 70 76 73 45
22 71 27 48 63
22 72 73 79 58
22 73 88 68 68
22 74 49 46 72
22 75 12 40 9
22 76 8 20 37
22 77 3 21 13
22 78 18 9 33
22 79 11 46 23
22 80 64 34 79
22 81 82 53 75
22 82 36 57 23
22 83 93 85 68
22 84 11 24 25
22 85 29 15 49
22 86 25 38 47
22 87 87 76 73
22 88 66 70 47
22 89 25 33 30
22 90 29 24 38
22 91 81 59 85
22 92 64 66 62
22 93 72 67 83
22 94 44 31 23
22 95 8 32 28
22 96 42 22 48
22 97 1 2 9
22 98 72 43 46
22 99 92 68 50
23 24 1 12 12
23 25 46 65 72
23 26 70 73 61
23 27 61 32 31
23 28 59 77 45
23 29 48 45 39
23 30 98 49 81
23 31 51 51 64
23 32 99 60 60
23 33 64 50 39
23 34 22 11 47
23 35 33 24 36
23 36 4 47 51
23 37 9 5 48
23 38 51 33 34
23 39 26 57 30
23 40 46 36 26
23 41 92 59 78
23 42 70 41 76
23 43 73 66 79
23 44 97 94 66
23 45 46 48 59
23 46 32 46 44
23 47 7 5 36
23 48 19 58 15
23 49 61 45 64
23 50 15 46 21
23 51 85 77 85
23 52 82 55 41
23 53 56 70 36
23 54 2 2 10
23 55 72 53 71
23 56 67 64 66
23 57 67 39 82
23 58 46 44 26
23 59 15 57 55
23 60 63 41 78
23 61 26 49 49
23 62 86 49 55
23 63 5 12 7
23 64 57 37 57
23 65 54 37 33
23 66 51 66 68
23 67 50 50 74
23 68 45 54 70
23 69 75 78 64
23 70 43 55 30
23 71 50 35 54
23 72 32 33 59
23 73 3 23 37
23 74 12 37 49
23 75 14 7 20
23 76 6 38 36
23 77 9 5 29
23 78 14 47 8
23 79 34 53 28
23 80 88 70 94
23 81 78 61 62
23 82 60 63 49
23 83 64 53 37
23 84 18 14 40
23 85 76 44 47
23 86 29 33 33
23 87 22 49 59
23 88 60 74 80
23 89 99 71 69
23 90 90 94 66
23 91 21 28 18
23 92 89 50 54
23 93 1 6 43
23 94 65 41 59
23 95 64 73 71
23 96 84 89 76
23 97 3 47 51
23 98 50 44 58
23 99 83 49 87
24 25 41 21 61
24 26 5 27 39
24 27 57 49 62
24 28 52 41 71
24 29 37 43 46
24 30 35 52 42
24 31 24 30 50
24 32 89 62 45
24 33 77 50 39
24 34 88 81 49
24 35 28 23 33
24 36 77 80 81
24 37 71 55 44
24 38 73 38 81
24 39 89 63 51
24 40 22 40 21
24 41 98 68 81
24 42 47 25 34
24 43 65 57 36
24 44 65 40 42
24 45 47 58 26
24 46 13 26 48
24 47 76 79 86
24 48 93 79 87
24 49 91 83 79
24 50 36 19 39
24 51 53 67 58
24 52 51 44 41
24 53 91 87 81
24 54 61 78 46
24 55 56 31 33
24 56 24 46 50
24 57 52 52 67
24 58 35 60 51
24 59 9 9 27
24 60 27 52 46
24 61 91 65 91
24 62 97 81 79
24 63 80 88 66
24 64 58 71 33
24 65 4 18 23
24 66 40 58 36
24 67 85 65 51
24 68 94 90 81
24 69 93 65 94
24 70 27 42 20
24 71 96 70 51
24 72 28 39 22
24 73 34 29 60
24 74 19 16 50
24 75 11 48 48
24 76 60 58 40
24 77 89 54 70
24 78 46 66 45
24 79 38 64 37
24 80 51 67 50
24 81 30 18 21
24 82 56 43 44
24 83 97 75 58
24 84 6 51 41
24 85 4 19 24
24 86 59 49 39
24 87 22 61 50
24 88 74 58 53
24 89 48 24 66
24 90 60 73 45
24 91 23 51 47
24 92 66 39 69
24 93 38 19 49
24 94 55 31 59
24 95 21 44 17
24 96 5 36 35
24 97 73 84 47
24 98 32 59 19
24 99 16 57 11
25 26 15 57 22
25 27 25 52 47
25 28 31 35 29
25 29 52 39 33
25 30 4 44 48
25 31 53 43 48
25 32 19 13 50
25 33 23 15 35
25 34 26 56 58
25 35 20 30 45
25 36 88 64 56
25 37 2 37 11
25 38 58 48 35
25 39 88 64 57
25 40 24 21 25
25 41 43 58 68
25 42 89 54 68
25 43 9 25 18
25 44 74 37 48
25 45 72 56 76
25 46 68 44 62
25 47 8 37 20
25 48 18 55 47
25 49 92 55 60
25 50 5 42 47
25 51 12 15 47
25 52 24 57 29
25 53 94 69 84
25 54 45 70 53
25 55 44 45 39
25 56 50 47 54
25 57 91 47 84
25 58 60 41 38
25 59 88 54 84
25 60 10 32 11
25 61 28 14 52
25 62 29 55 63
25 63 81 61 88
25 64 68 41 78
25 65 39 47 41
25 66 73 75 66
25 67 27 55 27
25 68 19 43 10
25 69 30 32 29
25 70 21 16 45
25 71 51 63 58
25 72 62 44 51
25 73 60 62 72
25 74 74 68 54
25 75 22 60 57
25 76 36 18 59
25 77 37 19 50
25 78 31 25 24
25 79 80 62 49
25 80 81 67 88
25 81 38 51 64
25 82 15 46 52
25 83 22 25 46
25 84 69 36 51
25 85 61 38 61
25 86 31 39 56
25 87 95 95 75
25 88 72 40 75
25 89 63 58 38
25 90 49 42 51
25 91 57 48 73
25 92 42 54 21
25 93 93 52 54
25 94 87 71 90
25 95 64 66 47
25 96 9 33 13
25 97 25 54 42
25 98 46 29 39
25 99 73 81 47
26 27 45 50 45
26 28 97 63 50
26 29 81 62 45
26 30 78 45 81
26 31 92 56 89
26 32 92 83 94
26 33 2 33 9
26 34 35 20 54
26 35 80 87 51
26 36 68 78 54
26 37 48 52 50
26 38 88 81 52
26 39 38 65 30
26 40 53 68 71
26 41 13 40 35
26 42 92 93 67
26 43 9 17 36
26 44 50 56 37
26 45 94 50 72
26 46 40 44 26
26 47 83 42 60
26 48 13 8 52
26 49 6 28 37
26 50 28 51 39
26 51 98 83 67
26 52 36 29 34
26 53 31 54 29
26 54 77 77 74
26 55 38 30 52
26 56 91 61 76
26 57 35 25 36
26 58 95 85 60
26 59 85 85 70
26 60 15 20 10
26 61 95 89 59
26 62 99 80 54
26 63 43 52 36
26 64 47 60 63
26 65 94 61 65
26 66 54 63 65
26 67 34 58 29
26 68 17 10 24
26 69 75 64 39
26 70 47 47 37
26 71 64 49 43
26 72 56 62 70
26 73 92 53 61
26 74 22 45 32
26 75 75 86 85
26 76 90 61 76
26 77 80 68 48
26 78 68 51 75
26 79 97 74 87
26 80 37 36 42
26 81 42 21 37
26 82 87 84 74
26 83 87 89 65
26 84 47 68 67
26 85 47 30 59
26 86 27 30 23
26 87 40 48 54
26 88 49 66 37
26 89 88 82 68
26 90 66 40 82
26 91 45 64 36
26 92 11 23 29
26 93 93 72 65
26 94 41 33 28
26 95 0 43 8
26 96 74 41 45
26 97 79 80 62
26 98 7 14 27
26 99 59 77 44
27 28 14 7 29
27 29 70 62 65
27 30 77 53 47
27 31 10 16 8
27 32 64 45 62
27 33 53 64 61
27 34 91 59 77
27 35 60 77 56
27 36 12 37 33
27 37 86 81 58
27 38 40 39 51
27 39 40 46 23
27 40 46 37 67
27 41 68 50 65
27 42 40 27 38
27 43 82 89 42
27 44 33 66 57
27 45 25 39 16
27 46 89 87 52
27 47 45 41 63
27 48 49 58 28
27 49 62 47 46
27 50 29 42 51
27 51 74 72 40
27 52 27 54 38
27 53 36 41 36
27 54 67 70 50
27 55 33 51 46
27 56 75 60 70
27 57 55 31 63
27 58 70 57 54
27 59 13 48 39
27 60 91 81 92
27 61 77 50 74
27 62 73 51 81
27 63 70 70 51
27 64 82 51 51
27 65 82 58 59
27 66 62 58 36
27 67 98 86 49
27 68 91 93 68
27 69 68 71 45
27 70 84 87 88
27 71 42 69 27
27 72 16 29 43
27 73 92 77 52
27 74 25 62 21
27 75 7 45 52
27 76 26 16 17
27 77 70 63 66
27 78 85 52 69
27 79 1 33 17
27 80 6 11 45
27 81 33 54 58
27 82 45 45 38
27 83 92 93 87
27 84 14 42 54
27 85 48 28 49
27 86 16 19 56
27 87 22 37 41
27 88 72 49 48
27 89 85 54 48
27 90 18 51 50
27 91 57 43 76
27 92 41 27 55
27 93 65 43 34
27 94 76 59 68
27 95 66 82 36
27 96 74 80 62
27 97 37 46 53
27 98 1 1 29
27 99 36 34 40
28 29 28 25 62
28 30 75 63 55
28 31 88 52 47
28 32 69 81 79
28 33 27 62 24
28 34 11 55 17
28 35 9 24 25
28 36 17 39 36
28 37 52 65 69
28 38 45 66 30
28 39 50 37 71
28 40 9 18 28
28 41 98 93 94
28 42 93 76 56
28 43 28 21 61
28 44 42 65 29
28 45 48 55 52
28 46 12 13 26
28 47 75 72 43
28 48 18 38 18
28 49 76 55 75
28 50 20 14 34
28 51 45 30 36
28 52 83 52 77
28 53 76 87 84
28 54 75 55 45
28 55 92 79 74
28 56 84 67 77
28 57 6 50 7
28 58 34 25 46
28 59 10 42 50
28 60 30 43 20
28 61 83 55 85
28 62 59 50 37
28 63 60 74 43
28 64 62 54 37
28 65 22 47 23
28 66 26 46 52
28 67 11 28 41
28 68 85 57 48
28 69 10 18 33
28 70 94 96 51
28 71 73 67 38
28 72 74 85 83
28 73 51 48 70
28 74 47 72 61
28 75 74 57 39
28 76 31 30 35
28 77 23 25 41
28 78 36 58 35
28 79 45 34 58
28 80 31 63 18
28 81 42 23 52
28 82 80 76 60
28 83 63 50 33
28 84 42 42 28
28 85 45 34 48
28 86 93 72 57
28 87 91 56 92
28 88 85 48 46
28 89 97 81 49
28 90 23 47 20
28 91 13 35 52
28 92 18 37 23
28 93 71 43 36
28 94 52 66 40
28 95 44 56 35
28 96 34 39 32
28 97 77 69 77
28 98 5 24 19
28 99 55 41 58
29 30 42 55 44
29 31 81 73 71
29 32 80 71 72
29 33 60 51 71
29 34 71 80 62
29 35 12 55 46
29 36 17 24 33
29 37 44 34 33
29 38 72 62 48
29 39 32 45 31
29 40 83 73 67
29 41 32 52 33
29 42 8 20 29
29 43 37 34 60
29 44 90 76 56
29 45 74 60 81
29 46 46 72 38
29 47 1 28 34
29 48 44 26 47
29 49 84 90 67
29 50 60 39 56
29 51 15 41 19
29 52 11 23 19
29 53 69 47 45
29 54 84 69 68
29 55 10 25 12
29 56 24 15 49
29 57 92 69 64
29 58 63 80 44
29 59 40 59 33
29 60 13 13 21
29 61 77 87 54
29 62 66 57 60
29 63 48 52 31
29 64 36 40 47
29 65 59 74 39
29 66 25 28 51
29 67 79 42 46
29 68 25 62 15
29 69 6 36 36
29 70 5 41 49
29 71 69 44 36
29 72 23 30 54
29 73 79 76 61
29 74 22 22 30
29 75 44 70 36
29 76 28 63 38
29 77 82 46 66
29 78 71 41 54
29 79 49 33 38
29 80 81 75 75
29 81 59 38 40
29 82 6 17 11
29 83 42 41 39
29 84 19 11 12
29 85 18 50 23
29 86 10 46 30
29 87 3 46 42
29 88 37 55 62
29 89 12 16 41
29 90 87 77 57
29 91 22 59 57
29 92 35 30 55
29 93 52 65 33
29 94 23 25 24
29 95 20 17 38
29 96 12 46 19
29 97 7 40 14
29 98 31 26 31
29 99 6 18 11
30 31 8 19 14
30 32 87 79 55
30 33 53 46 56
30 34 70 38 54
30 35 42 31 54
30 36 93 88 89
30 37 31 26 63
30 38 17 50 29
30 39 17 55 41
30 40 5 14 20
30 41 76 43 71
30 42 7 38 43
30 43 10 29 11
30 44 92 79 59
30 45 47 33 45
30 46 88 75 77
30 47 52 34 64
30 48 98 94 72
30 49 41 48 41
30 50 84 65 44
30 51 51 34 75
30 52 80 75 75
30 53 70 74 81
30 54 10 24 12
30 55 29 44 57
30 56 35 40 32
30 57 99 75 75
30 58 0 24 12
30 59 43 44 35
30 60 95 53 73
30 61 48 40 27
30 62 8 26 18
30 63 49 41 29
30 64 36 36 20
30 65 79 64 43
30 66 46 23 47
30 67 0 36 15
30 68 33 31 56
30 69 82 85 54
30 70 55 77 29
30 71 90 88 57
30 72 60 46 70
30 73 35 51 19
30 74 73 71 46
30 75 96 59 76
30 76 99 91 77
30 77 58 36 74
30 78 22 31 23
30 79 78 61 45
30 80 3 3 26
30 81 53 26 53
30 82 12 23 32
30 83 42 69 28
30 84 72 77 37
30 85 18 12 54
30 86 62 73 74
30 87 70 57 64
30 88 16 38 48
30 89 26 13 36
30 90 72 71 81
30 91 37 56 22
30 92 31 45 30
30 93 89 82 59
30 94 66 52 74
30 95 83 52 58
30 96 64 50 80
30 97 8 42 46
30 98 37 29 21
30 99 97 88 62
31 32 0 39 24
31 33 22 40 13
31 34 53 40 64
31 35 40 21 33
31 36 65 66 36
31 37 26 30 54
31 38 73 81 64
31 39 84 71 58
31 40 7 48 19
31 41 29 33 18
31 42 70 56 57
31 43 0 32 30
31 44 98 71 82
31 45 19 12 51
31 46 22 30 60
31 47 57 76 39
31 48 75 50 47
31 49 62 32 51
31 50 15 38 14
31 51 57 62 34
31 52 2 31 43
31 53 18 58 17
31 54 56 48 34
31 55 77 79 48
31 56 85 81 65
31 57 27 25 35
31 58 32 20 18
31 59 51 32 30
31 60 36 59 46
31 61 38 64 44
31 62 43 24 22
31 63 99 91 52
31 64 78 50 74
31 65 46 51 63
31 66 94 89 74
31 67 82 56 66
31 68 42 68 47
31 69 86 60 89
31 70 24 54 59
31 71 11 31 19
31 72 64 57 37
31 73 9 10 9
31 74 76 41 68
31 75 92 57 72
31 76 38 35 36
31 77 24 22 48
31 78 4 44 33
31 79 47 37 64
31 80 22 22 52
31 81 76 59 70
31 82 20 54 54
31 83 8 4 27
31 84 45 72 66
31 85 24 14 58
31 86 54 31 27
31 87 48 24 53
31 88 26 59 48
31 89 62 51 76
31 90 24 24 32
31 91 29 19 35
31 92 62 55 35
31 93 2 43 11
31 94 85 78 75
31 95 85 56 44
31 96 26 13 25
31 97 18 9 26
31 98 14 32 30
31 99 86 68 73
32 33 60 42 52
32 34 82 55 42
32 35 35 36 51
32 36 76 73 75
32 37 70 57 58
32 38 16 26 28
32 39 50 64 29
32 40 68 77 62
32 41 68 75 79
32 42 98 65 63
32 43 84 75 88
32 44 40 57 52
32 45 63 55 51
32 46 86 67 67
32 47 11 43 36
32 48 31 18 44
32 49 32 47 52
32 50 11 44 49
32 51 82 90 77
32 52 14 40 40
32 53 36 27 44
32 54 82 46 87
32 55 95 64 55
32 56 79 84 41
32 57 52 54 50
32 58 57 72 33
32 59 11 28 34
32 60 12 39 24
32 61 17 25 35
32 62 0 14 8
32 63 35 21 62
32 64 88 59 45
32 65 19 28 47
32 66 39 46 52
32 67 33 37 31
32 68 27 57 49
32 69 40 27 31
32 70 49 65 69
32 71 58 68 62
32 72 9 47 53
32 73 3 47 23
32 74 25 57 32
32 75 19 41 50
32 76 82 46 73
32 77 57 44 75
32 78 73 60 72
32 79 1 3 43
32 80 2 21 28
32 81 41 57 22
32 82 11 23 7
32 83 61 31 40
32 84 79 86 70
32 85 29 21 58
32 86 43 68 47
32 87 95 73 54
32 88 92 77 82
32 89 17 56 12
32 90 53 36 71
32 91 82 83 88
32 92 42 49 61
32 93 15 15 49
32 94 40 39 53
32 95 65 62 34
32 96 6 50 41
32 97 65 63 56
32 98 13 32 30
32 99 64 63 71
33 34 93 89 80
33 35 4 31 17
33 36 11 42 55
33 37 99 87 99
33 38 55 71 36
33 39 78 62 77
33 40 64 63 53
33 41 59 30 70
33 42 33 17 63
33 43 93 59 71
33 44 47 39 63
33 45 1 6 24
33 46 32 42 42
33 47 19 24 58
33 48 4 6 20
33 49 67 60 49
33 50 10 21 52
33 51 93 50 86
33 52 91 78 55
33 53 33 22 33
33 54 72 41 81
33 55 9 11 19
33 56 9 28 49
33 57 91 63 67
33 58 88 73 52
33 59 79 44 57
33 60 13 33 10
33 61 88 70 74
33 62 47 36 52
33 63 27 52 43
33 64 65 80 42
33 65 55 56 57
33 66 42 58 57
33 67 36 55 68
33 68 69 42 49
33 69 84 88 66
33 70 6 40 49
33 71 13 43 53
33 72 69 49 64
33 73 85 82 68
33 74 58 77 59
33 75 34 59 29
33 76 72 47 55
33 77 42 27 30
33 78 63 64 76
33 79 53 42 45
33 80 39 38 20
33 81 48 51 71
33 82 59 51 51
33 83 37 55 55
33 84 11 28 11
33 85 89 52 72
33 86 90 50 94
33 87 77 79 42
33 88 52 69 65
33 89 86 72 71
33 90 62 78 33
33 91 67 36 80
33 92 97 60 63
33 93 53 49 61
33 94 89 48 60
33 95 44 37 68
33 96 55 60 29
33 97 21 22 24
33 98 39 27 66
33 99 12 40 47
34 35 80 55 46
34 36 73 56 78
34 37 7 51 32
34 38 82 60 49
34 39 72 80 78
34 40 62 60 74
34 41 83 87 54
34 42 55 38 50
34 43 25 56 43
34 44 89 48 61
34 45 53 49 59
34 46 79 86 41
34 47 60 74 55
34 48 22 59 55
34 49 0 40 30
34 50 85 62 47
34 51 56 35 65
34 52 0 36 14
34 53 37 49 20
34 54 22 59 32
34 55 67 63 35
34 56 43 32 67
34 57 38 43 22
34 58 56 61 28
34 59 74 73 75
34 60 37 21 52
34 61 3 13 20
34 62 44 37 38
34 63 20 48 47
34 64 39 30 65
34 65 54 57 41
34 66 71 44 44
34 67 98 59 52
34 68 84 81 43
34 69 88 59 86
34 70 86 81 81
34 71 31 65 65
34 72 40 54 24
34 73 1 36 12
34 74 31 28 23
34 75 45 51 43
34 76 83 42 70
34 77 50 54 54
34 78 14 41 9
34 79 20 11 38
34 80 47 64 27
34 81 31 25 34
34 82 78 40 80
34 83 10 23 11
34 84 45 31 25
34 85 57 64 35
34 86 57 37 29
34 87 51 41 26
34 88 61 62 38
34 89 90 94 93
34 90 72 69 73
34 91 24 23 48
34 92 24 26 48
34 93 40 21 31
34 94 91 82 95
34 95 15 48 39
34 96 57 77 48
34 97 42 42 66
34 98 60 57 58
34 99 53 37 46
35 36 12 46 46
35 37 57 70 75
35 38 95 90 90
35 39 91 49 77
35 40 70 72 42
35 41 62 60 76
35 42 40 39 68
35 43 80 48 44
35 44 55 37 44
35 45 31 56 34
35 46 88 92 86
35 47 64 56 52
35 48 84 80 60
35 49 44 68 38
35 50 66 78 35
35 51 10 27 50
35 52 35 59 67
35 53 38 68 25
35 54 16 8 41
35 55 24 32 43
35 56 56 76 54
35 57 85 84 63
35 58 43 26 31
35 59 77 50 40
35 60 27 34 53
35 61 50 68 65
35 62 98 84 58
35 63 44 45 28
35 64 27 37 22
35 65 65 54 42
35 66 5 15 45
35 67 11 36 41
35 68 82 84 85
35 69 33 54 22
35 70 25 44 18
35 71 93 86 75
35 72 19 20 44
35 73 28 36 56
35 74 53 38 65
35 75 26 43 13
35 76 96 90 64
35 77 45 55 41
35 78 45 57 72
35 79 74 42 42
35 80 47 45 33
35 81 67 63 59
35 82 19 36 32
35 83 43 53 56
35 84 53 35 58
35 85 62 70 43
35 86 38 22 21
35 87 51 54 52
35 88 19 58 54
35 89 2 29 14
35 90 53 34 70
35 91 95 61 78
35 92 94 68 61
35 93 4 11 25
35 94 72 85 78
35 95 78 54 88
35 96 88 89 85
35 97 58 42 52
35 98 72 36 80
35 99 39 40 48
36 37 22 23 26
36 38 21 38 58
36 39 7 38 26
36 40 2 41 38
36 41 64 68 55
36 42 24 37 38
36 43 14 12 11
36 44 20 55 47
36 45 74 62 55
36 46 7 10 12
36 47 23 15 60
36 48 94 48 64
36 49 97 50 54
36 50 78 47 57
36 51 16 17 45
36 52 88 53 46
36 53 27 32 52
36 54 17 21 34
36 55 81 62 87
36 56 91 50 74
36 57 8 16 52
36 58 0 20 30
36 59 8 26 30
36 60 66 55 42
36 61 15 50 50
36 62 56 60 33
36 63 42 32 50
36 64 46 28 62
36 65 0 37 23
36 66 50 64 73
36 67 18 12 36
36 68 60 48 76
36 69 8 37 23
36 70 51 46 32
36 71 73 73 51
36 72 50 45 58
36 73 9 32 33
36 74 16 49 21
36 75 48 30 53
36 76 98 67 58
36 77 98 51 76
36 78 32 21 41
36 79 13 38 17
36 80 42 50 67
36 81 61 46 46
36 82 55 70 40
36 83 33 51 35
36 84 48 44 47
36 85 17 17 50
36 86 24 35 14
36 87 91 59 60
36 88 82 85 49
36 89 25 25 34
36 90 71 43 50
36 91 77 84 50
36 92 48 39 51
36 93 29 36 58
36 94 52 67 48
36 95 30 65 44
36 96 10 23 20
36 97 68 70 59
36 98 95 54 59
36 99 80 40 55
37 38 75 86 43
37 39 9 22 41
37 40 43 71 46
37 41 36 28 65
37 42 59 77 57
37 43 42 64 47
37 44 10 43 43
37 45 26 44 44
37 46 71 49 43
37 47 45 45 69
37 48 0 9 48
37 49 72 62 42
37 50 9 7 14
37 51 45 27 37
37 52 4 36 24
37 53 7 24 4
37 54 4 11 25
37 55 54 62 73
37 56 15 42 25
37 57 0 29 30
37 58 58 38 45
37 59 73 69 56
37 60 27 29 54
37 61 48 48 48
37 62 87 51 71
37 63 0 9 23
37 64 84 44 85
37 65 26 18 35
37 66 0 23 6
37 67 68 63 78
37 68 17 54 55
37 69 94 75 73
37 70 21 14 13
37 71 56 55 29
37 72 18 14 52
37 73 50 34 66
37 74 40 50 27
37 75 8 14 48
37 76 67 54 44
37 77 6 4 17
37 78 89 89 55
37 79 52 63 30
37 80 11 47 50
37 81 41 69 61
37 82 71 63 56
37 83 65 64 60
37 84 69 70 54
37 85 98 83 77
37 86 21 53 58
37 87 49 40 41
37 88 1 26 23
37 89 22 35 45
37 90 13 9 15
37 91 7 44 28
37 92 79 79 50
37 93 51 72 62
37 94 21 51 60
37 95 72 42 85
37 96 12 27 19
37 97 81 40 78
37 98 98 69 93
37 99 73 81 85
38 39 23 16 35
38 40 81 78 56
38 41 49 43 32
38 42 70 79 37
38 43 27 34 45
38 44 95 64 92
38 45 27 54 59
38 46 71 72 48
38 47 82 70 56
38 48 83 88 78
38 49 78 68 72
38 50 39 57 28
38 51 33 26 39
38 52 45 48 24
38 53 49 32 70
38 54 8 14 27
38 55 8 53 11
38 56 28 23 48
38 57 28 30 36
38 58 45 27 54
38 59 74 37 47
38 60 81 63 77
38 61 16 38 14
38 62 92 62 76
38 63 72 69 42
38 64 47 46 23
38 65 33 17 29
38 66 56 78 66
38 67 47 50 25
38 68 79 73 69
38 69 53 51 27
38 70 75 50 78
38 71 48 31 37
38 72 15 17 48
38 73 16 21 41
38 74 37 67 38
38 75 13 29 34
38 76 3 14 45
38 77 13 9 42
38 78 36 32 46
38 79 8 48 38
38 80 9 39 44
38 81 56 73 44
38 82 95 78 67
38 83 97 78 83
38 84 65 66 62
38 85 49 41 31
38 86 68 74 69
38 87 21 50 42
38 88 92 94 60
38 89 14 32 7
38 90 39 39 42
38 91 40 52 58
38 92 0 46 36
38 93 26 35 16
38 94 36 20 66
38 95 33 43 21
38 96 6 7 40
38 97 93 90 82
38 98 26 59 17
38 99 31 23 46
39 40 56 53 55
39 41 94 58 75
39 42 35 64 33
39 43 38 43 35
39 44 44 61 60
39 45 40 68 45
39 46 14 52 29
39 47 88 91 66
39 48 3 31 50
39 49 54 53 63
39 50 40 24 37
39 51 38 66 55
39 52 93 74 86
39 53 21 53 34
39 54 81 86 67
39 55 79 55 61
39 56 80 69 71
39 57 45 63 56
39 58 8 9 28
39 59 38 27 31
39 60 74 45 39
39 61 71 72 66
39 62 59 41 41
39 63 76 77 77
39 64 93 93 88
39 65 94 74 76
39 66 59 52 78
39 67 0 33 26
39 68 57 30 33
39 69 48 48 43
39 70 59 36 72
39 71 38 23 45
39 72 0 36 17
39 73 39 37 30
39 74 33 57 51
39 75 44 53 26
39 76 47 69 62
39 77 56 77 52
39 78 4 30 15
39 79 43 32 31
39 80 14 55 23
39 81 30 42 23
39 82 92 89 65
39 83 27 58 21
39 84 83 69 46
39 85 59 71 57
39 86 29 43 42
39 87 49 41 51
39 88 98 76 67
39 89 29 54 33
39 90 30 54 61
39 91 35 36 38
39 92 33 28 55
39 93 59 56 40
39 94 13 33 46
39 95 33 26 56
39 96 87 55 52
39 97 37 27 23
39 98 84 71 56
39 99 70 70 39
40 41 98 55 77
40 42 36 27 35
40 43 23 22 43
40 44 22 34 54
40 45 90 53 72
40 46 11 31 44
40 47 88 80 83
40 48 57 77 29
40 49 28 18 43
40 50 11 23 55
40 51 5 45 23
40 52 79 88 74
40 53 49 27 40
40 54 46 56 66
40 55 32 36 27
40 56 36 27 31
40 57 60 40 43
40 58 75 71 86
40 59 72 44 57
40 60 1 42 38
40 61 41 50 24
40 62 77 67 79
40 63 60 64 63
40 64 85 56 51
40 65 39 65 31
40 66 99 90 85
40 67 12 34 14
40 68 99 59 61
40 69 25 51 60
40 70 89 90 86
40 71 49 35 30
40 72 10 51 29
40 73 31 42 36
40 74 74 70 48
40 75 84 74 61
40 76 20 17 19
40 77 37 52 65
40 78 16 27 52
40 79 22 21 56
40 80 78 58 53
40 81 81 66 57
40 82 27 55 29
40 83 29 62 32
40 84 81 57 44
40 85 11 35 16
40 86 99 59 60
40 87 5 41 23
40 88 89 57 78
40 89 87 50 81
40 90 2 34 42
40 91 18 11 39
40 92 51 33 66
40 93 29 22 32
40 94 88 85 62
40 95 1 23 27
40 96 61 72 52
40 97 35 27 55
40 98 82 89 42
40 99 55 55 36
41 42 42 36 33
41 43 64 37 78
41 44 86 83 76
41 45 73 50 66
41 46 97 98 55
41 47 92 58 88
41 48 17 13 48
41 49 36 60 19
41 50 51 58 36
41 51 63 68 61
41 52 68 49 82
41 53 10 39 47
41 54 6 32 37
41 55 74 76 73
41 56 52 62 49
41 57 4 4 41
41 58 12 16 8
41 59 53 39 45
41 60 18 31 55
41 61 45 44 34
41 62 56 41 63
41 63 52 73 66
41 64 42 67 48
41 65 75 44 50
41 66 99 85 94
41 67 31 62 54
41 68 39 42 43
41 69 50 53 70
41 70 74 71 83
41 71 47 59 33
41 72 90 68 76
41 73 84 47 70
41 74 34 38 17
41 75 18 43 25
41 76 17 38 50
41 77 1 1 20
41 78 60 65 37
41 79 67 68 64
41 80 49 59 56
41 81 34 36 45
41 82 59 49 65
41 83 83 54 61
41 84 70 74 63
41 85 25 53 44
41 86 86 66 48
41 87 34 27 35
41 88 74 57 85
41 89 62 38 40
41 90 93 70 95
41 91 16 51 23
41 92 98 87 52
41 93 29 28 14
41 94 75 58 77
41 95 11 40 14
41 96 97 85 66
41 97 39 44 69
41 98 42 61 50
41 99 50 35 53
42 43 58 74 38
42 44 37 38 61
42 45 86 80 49
42 46 77 40 42
42 47 90 45 65
42 48 14 21 57
42 49 57 35 56
42 50 37 68 55
42 51 70 55 41
42 52 92 58 50
42 53 35 41 49
42 54 23 29 31
42 55 30 26 24
42 56 63 65 32
42 57 83 76 53
42 58 18 47 14
42 59 33 28 50
42 60 80 86 73
42 61 3 13 15
42 62 17 12 54
42 63 82 62 56
42 64 68 66 61
42 65 9 25 53
42 66 51 36 36
42 67 87 92 44
42 68 42 50 49
42 69 97 61 65
42 70 85 86 68
42 71 87 82 90
42 72 50 41 72
42 73 88 62 59
42 74 22 12 49
42 75 8 13 17
42 76 96 66 87
42 77 29 18 55
42 78 73 57 72
42 79 5 18 47
42 80 73 59 38
42 81 61 63 64
42 82 76 82 87
42 83 35 56 37
42 84 17 19 33
42 85 99 98 93
42 86 75 69 82
42 87 19 20 52
42 88 92 94 78
42 89 85 84 74
42 90 85 72 90
42 91 19 26 54
42 92 4 4 45
42 93 71 64 85
42 94 86 62 91
42 95 54 28 53
42 96 21 50 23
42 97 52 28 32
42 98 69 75 64
42 99 36 60 58
43 44 68 38 55
43 45 74 82 79
43 46 83 48 74
43 47 20 12 55
43 48 66 41 68
43 49 87 50 73
43 50 32 26 36
43 51 76 80 47
43 52 33 27 62
43 53 87 89 59
43 54 61 59 75
43 55 57 65 35
43 56 66 58 77
43 57 18 16 49
43 58 32 41 47
43 59 84 54 81
43 60 87 69 54
43 61 81 84 88
43 62 48 35 44
43 63 32 35 27
43 64 82 48 71
43 65 95 96 81
43 66 52 36 42
43 67 17 9 17
43 68 89 84 91
43 69 77 49 82
43 70 7 26 12
43 71 33 33 46
43 72 67 45 68
43 73 89 50 79
43 74 41 64 50
43 75 65 33 76
43 76 72 75 63
43 77 23 57 48
43 78 1 17 39
43 79 70 60 52
43 80 37 46 22
43 81 31 24 40
43 82 38 51 65
43 83 36 43 24
43 84 49 49 30
43 85 55 48 28
43 86 51 72 48
43 87 74 84 57
43 88 89 74 51
43 89 4 49 45
43 90 68 82 67
43 91 68 37 79
43 92 84 85 67
43 93 82 42 87
43 94 14 17 12
43 95 31 31 29
43 96 10 5 15
43 97 33 63 57
43 98 66 82 77
43 99 0 30 48
44 45 4 41 16
44 46 35 21 47
44 47 28 41 17
44 48 68 74 38
44 49 19 56 49
44 50 61 34 52
44 51 78 58 51
44 52 67 70 68
44 53 65 51 59
44 54 8 11 53
44 55 51 54 49
44 56 77 69 43
44 57 37 61 61
44 58 22 25 55
44 59 82 81 68
44 60 67 71 38
44 61 46 65 54
44 62 73 55 61
44 63 6 38 52
44 64 13 37 49
44 65 0 26 36
44 66 12 16 14
44 67 37 30 25
44 68 79 61 83
44 69 14 29 10
44 70 5 49 33
44 71 56 68 75
44 72 5 23 19
44 73 80 54 66
44 74 16 53 37
44 75 57 60 78
44 76 15 49 32
44 77 90 62 74
44 78 16 10 38
44 79 25 42 26
44 80 23 51 40
44 81 74 76 70
44 82 54 53 47
44 83 5 47 11
44 84 97 79 94
44 85 42 69 25
44 86 40 28 22
44 87 82 52 47
44 88 85 91 63
44 89 13 25 39
44 90 91 50 89
44 91 62 79 60
44 92 73 62 85
44 93 92 53 87
44 94 45 62 53
44 95 73 66 50
44 96 48 57 47
44 97 11 46 18
44 98 77 75 68
44 99 42 56 50
45 46 4 14 51
45 47 73 74 52
45 48 96 80 90
45 49 33 57 30
45 50 9 34 16
45 51 38 50 47
45 52 41 28 33
45 53 67 37 73
45 54 21 11 24
45 55 68 37 78
45 56 33 28 18
45 57 2 3 44
45 58 2 11 40
45 59 7 22 42
45 60 83 84 50
45 61 16 45 13
45 62 29 43 62
45 63 11 52 32
45 64 59 73 35
45 65 33 38 37
45 66 71 52 66
45 67 97 54 57
45 68 55 52 67
45 69 92 61 93
45 70 45 71 33
45 71 69 80 63
45 72 1 39 49
45 73 80 51 84
45 74 18 47 12
45 75 10 48 7
45 76 59 47 51
45 77 85 50 69
45 78 81 81 64
45 79 60 46 73
45 80 12 9 44
45 81 71 44 54
45 82 55 47 38
45 83 34 22 32
45 84 86 66 63
45 85 12 40 24
45 86 10 45 23
45 87 13 32 34
45 88 27 35 34
45 89 69 37 81
45 90 27 56 60
45 91 90 93 46
45 92 21 48 27
45 93 78 64 45
45 94 10 28 44
45 95 28 48 50
45 96 24 56 16
45 97 63 64 59
45 98 23 48 51
45 99 81 80 74
46 47 32 51 36
46 48 99 77 96
46 49 54 44 38
46 50 13 21 45
46 51 51 59 40
46 52 96 97 57
46 53 31 26 33
46 54 74 37 65
46 55 85 86 49
46 56 29 56 58
46 57 24 27 42
46 58 80 64 62
46 59 66 34 78
46 60 24 51 57
46 61 68 53 65
46 62 95 58 62
46 63 32 56 53
46 64 81 64 73
46 65 14 41 14
46 66 21 17 49
46 67 54 35 74
46 68 92 86 80
46 69 0 32 11
46 70 76 61 56
46 71 38 63 45
46 72 50 39 69
46 73 99 68 87
46 74 11 24 28
46 75 63 79 65
46 76 46 67 35
46 77 3 15 9
46 78 52 34 38
46 79 43 39 61
46 80 80 61 53
46 81 23 31 51
46 82 54 45 55
46 83 77 65 59
46 84 77 75 45
46 85 99 91 61
46 86 23 44 40
46 87 79 43 45
46 88 44 37 68
46 89 51 55 68
46 90 37 31 23
46 91 19 17 31
46 92 22 31 24
46 93 33 44 33
46 94 85 89 59
46 95 72 40 53
46 96 55 35 49
46 97 50 25 52
46 98 10 33 54
46 99 62 49 76
47 48 61 65 75
47 49 75 75 65
47 50 83 55 62
47 51 58 43 60
47 52 50 66 26
47 53 61 40 55
47 54 40 31 20
47 55 35 38 46
47 56 32 33 47
47 57 48 56 72
47 58 49 34 51
47 59 57 44 37
47 60 37 48 54
47 61 16 57 28
47 62 15 54 21
47 63 12 10 52
47 64 74 68 63
47 65 33 62 39
47 66 47 66 47
47 67 12 22 35
47 68 52 29 33
47 69 30 56 63
47 70 49 28 44
47 71 87 65 48
47 72 26 60 18
47 73 91 55 76
47 74 78 76 59
47 75 18 16 35
47 76 66 35 59
47 77 13 27 33
47 78 95 78 59
47 79 2 10 25
47 80 82 46 68
47 81 99 75 83
47 82 6 11 5
47 83 71 54 50
47 84 30 64 23
47 85 48 38 44
47 86 44 63 41
47 87 70 78 84
47 88 4 36 46
47 89 25 16 30
47 90 27 41 47
47 91 79 42 44
47 92 8 48 6
47 93 99 70 71
47 94 15 10 44
47 95 65 79 65
47 96 17 30 34
47 97 45 29 56
47 98 55 52 48
47 99 92 85 71
48 49 70 79 40
48 50 25 23 56
48 51 88 55 84
48 52 57 35 33
48 53 4 21 23
48 54 38 32 46
48 55 48 41 56
48 56 12 44 14
48 57 29 64 25
48 58 59 53 73
48 59 83 51 77
48 60 77 54 53
48 61 46 45 48
48 62 35 56 26
48 63 21 29 34
48 64 80 54 63
48 65 19 23 15
48 66 85 73 88
48 67 64 70 69
48 68 55 41 28
48 69 6 24 15
48 70 15 26 9
48 71 36 59 58
48 72 38 48 21
48 73 97 89 49
48 74 12 29 27
48 75 2 37 3
48 76 95 97 49
48 77 92 89 60
48 78 33 39 28
48 79 1 6 50
48 80 76 64 71
48 81 21 12 36
48 82 81 57 87
48 83 26 50 45
48 84 90 64 49
48 85 76 55 46
48 86 28 28 35
48 87 73 36 55
48 88 1 3 18
48 89 77 63 78
48 90 28 62 35
48 91 75 67 83
48 92 85 64 50
48 93 29 45 22
48 94 50 53 66
48 95 39 51 55
48 96 84 82 72
48 97 74 50 77
48 98 28 62 40
48 99 62 54 56
49 50 73 54 81
49 51 95 48 89
49 52 39 35 65
49 53 53 60 35
49 54 95 83 90
49 55 50 39 40
49 56 41 26 50
49 57 56 64 75
49 58 9 52 7
49 59 75 77 38
49 60 26 44 14
49 61 93 60 91
49 62 85 65 79
49 63 25 41 19
49 64 2 10 32
49 65 54 57 72
49 66 17 56 37
49 67 84 75 84
49 68 11 19 10
49 69 94 97 76
49 70 72 84 63
49 71 17 13 35
49 72 60 42 30
49 73 62 64 40
49 74 3 6 33
49 75 61 37 42
49 76 89 86 86
49 77 74 77 52
49 78 69 83 75
49 79 91 95 51
49 80 64 78 76
49 81 13 26 14
49 82 74 62 47
49 83 70 75 42
49 84 98 53 79
49 85 48 48 51
49 86 80 74 80
49 87 14 15 49
49 88 34 53 29
49 89 4 10 37
49 90 39 54 58
49 91 61 65 60
49 92 49 58 52
49 93 91 93 80
49 94 60 67 47
49 95 99 66 56
49 96 74 53 70
49 97 93 70 61
49 98 24 15 55
49 99 97 55 75
50 51 9 54 15
50 52 28 55 45
50 53 39 53 58
50 54 65 49 58
50 55 73 39 74
50 56 58 54 65
50 57 7 52 4
50 58 51 64 50
50 59 81 75 57
50 60 95 73 59
50 61 8 40 44
50 62 97 77 52
50 63 62 49 59
50 64 24 24 44
50 65 51 30 70
50 66 16 18 29
50 67 9 25 36
50 68 75 42 75
50 69 69 74 56
50 70 72 66 61
50 71 48 64 32
50 72 39 58 27
50 73 69 59 44
50 74 27 34 51
50 75 67 60 39
50 76 17 57 28
50 77 96 97 68
50 78 63 39 81
50 79 37 44 61
50 80 67 66 77
50 81 84 53 48
50 82 30 21 52
50 83 95 63 52
50 84 54 31 70
50 85 79 79 88
50 86 33 57 50
50 87 37 22 33
50 88 60 42 42
50 89 97 55 68
50 90 56 72 55
50 91 52 68 51
50 92 66 44 61
50 93 86 84 83
50 94 4 6 43
50 95 33 17 62
50 96 19 52 34
50 97 82 61 50
50 98 20 33 46
50 99 22 32 43
51 52 71 76 50
51 53 28 15 63
51 54 79 79 75
51 55 60 78 76
51 56 55 52 71
51 57 48 57 31
51 58 65 73 35
51 59 6 47 48
51 60 71 67 52
51 61 68 42 77
51 62 52 69 72
51 63 45 65 64
51 64 43 22 64
51 65 87 75 65
51 66 9 5 13
51 67 30 25 23
51 68 28 60 37
51 69 66 55 64
51 70 76 45 41
51 71 41 45 38
51 72 16 49 29
51 73 30 35 50
51 74 86 91 64
51 75 97 89 92
51 76 85 81 53
51 77 43 52 30
51 78 50 61 69
51 79 60 50 63
51 80 61 68 65
51 81 67 77 73
51 82 48 60 32
51 83 3 43 3
51 84 31 27 63
51 85 29 30 44
51 86 70 81 44
51 87 24 41 41
51 88 74 69 75
51 89 0 25 37
51 90 93 65 53
51 91 15 36 26
51 92 31 31 29
51 93 2 33 36
51 94 47 71 46
51 95 43 38 35
51 96 79 75 86
51 97 17 17 51
51 98 90 94 50
51 99 38 38 56
52 53 62 66 80
52 54 50 31 39
52 55 18 14 17
52 56 64 35 55
52 57 58 37 42
52 58 47 68 64
52 59 25 57 59
52 60 74 41 86
52 61 23 51 44
52 62 26 40 14
52 63 16 36 39
52 64 60 59 54
52 65 79 73 57
52 66 20 46 15
52 67 44 35 54
52 68 77 87 74
52 69 91 74 48
52 70 39 39 45
52 71 26 55 62
52 72 97 80 95
52 73 9 33 6
52 74 42 39 40
52 75 68 65 50
52 76 13 6 11
52 77 2 30 32
52 78 13 33 28
52 79 92 71 73
52 80 94 83 50
52 81 67 62 76
52 82 50 26 40
52 83 75 63 57
52 84 28 62 51
52 85 2 25 17
52 86 12 10 26
52 87 67 57 54
52 88 77 58 42
52 89 64 47 46
52 90 62 68 47
52 91 0 9 40
52 92 95 87 91
52 93 75 62 69
52 94 18 18 26
52 95 47 69 30
52 96 24 19 37
52 97 6 42 47
52 98 17 57 44
52 99 66 36 66
53 54 14 8 39
53 55 27 29 41
53 56 9 14 27
53 57 61 76 41
53 58 60 60 52
53 59 62 39 77
53 60 99 92 84
53 61 0 9 32
53 62 75 78 56
53 63 70 56 64
53 64 72 47 78
53 65 69 37 58
53 66 75 46 56
53 67 5 16 48
53 68 76 56 42
53 69 56 73 37
53 70 97 93 64
53 71 47 25 62
53 72 96 50 88
53 73 18 36 43
53 74 93 93 51
53 75 67 35 71
53 76 55 28 28
53 77 33 46 46
53 78 76 55 41
53 79 90 84 57
53 80 93 94 75
53 81 74 85 38
53 82 46 38 34
53 83 34 51 42
53 84 54 58 27
53 85 10 50 10
53 86 32 59 32
53 87 87 89 85
53 88 75 41 45
53 89 41 34 45
53 90 46 56 44
53 91 30 16 28
53 92 69 58 77
53 93 39 27 42
53 94 36 53 40
53 95 9 44 40
53 96 60 73 73
53 97 91 57 61
53 98 0 45 48
53 99 52 45 67
54 55 29 24 19
54 56 73 49 53
54 57 89 78 48
54 58 7 26 38
54 59 44 70 63
54 60 86 65 68
54 61 75 77 64
54 62 43 25 35
54 63 15 41 43
54 64 21 11 30
54 65 36 63 18
54 66 48 68 43
54 67 77 78 45
54 68 64 36 74
54 69 27 51 35
54 70 93 54 68
54 71 88 47 83
54 72 87 86 87
54 73 95 69 52
54 74 82 51 82
54 75 30 33 54
54 76 39 55 28
54 77 55 29 69
54 78 50 72 26
54 79 63 47 38
54 80 15 55 27
54 81 55 56 30
54 82 73 77 53
54 83 28 31 42
54 84 98 63 98
54 85 39 48 38
54 86 87 88 52
54 87 2 44 21
54 88 60 45 56
54 89 71 79 79
54 90 89 57 48
54 91 44 56 59
54 92 58 44 61
54 93 7 43 13
54 94 77 50 79
54 95 57 57 76
54 96 89 47 55
54 97 75 54 51
54 98 81 88 63
54 99 18 22 31
55 56 7 41 47
55 57 11 46 43
55 58 50 31 36
55 59 34 51 35
55 60 80 41 82
55 61 3 26 9
55 62 9 23 34
55 63 98 65 49
55 64 85 64 55
55 65 68 42 74
55 66 92 68 56
55 67 80 53 54
55 68 15 32 20
55 69 20 40 59
55 70 19 36 34
55 71 59 30 52
55 72 57 30 55
55 73 50 74 57
55 74 40 40 58
55 75 68 82 54
55 76 91 85 81
55 77 59 43 75
55 78 52 50 31
55 79 8 22 5
55 80 54 54 30
55 81 62 69 48
55 82 70 50 48
55 83 82 64 55
55 84 91 84 63
55 85 36 49 45
55 86 19 48 57
55 87 43 38 58
55 88 64 33 80
55 89 39 65 48
55 90 26 61 45
55 91 22 28 56
55 92 40 20 68
55 93 91 91 78
55 94 31 15 17
55 95 93 51 69
55 96 94 83 93
55 97 76 62 48
55 98 86 61 56
55 99 21 15 36
56 57 15 55 48
56 58 81 59 44
56 59 35 20 54
56 60 72 75 78
56 61 18 29 46
56 62 62 50 74
56 63 25 40 56
56 64 74 41 76
56 65 70 63 64
56 66 57 72 52
56 67 44 30 27
56 68 15 44 50
56 69 21 43 15
56 70 7 47 26
56 71 32 52 36
56 72 63 68 52
56 73 55 39 41
56 74 32 59 60
56 75 41 56 36
56 76 24 26 55
56 77 53 42 32
56 78 56 33 53
56 79 97 52 52
56 80 31 46 56
56 81 99 58 70
56 82 99 50 57
56 83 70 60 36
56 84 77 78 46
56 85 62 48 55
56 86 16 54 12
56 87 50 43 70
56 88 41 57 60
56 89 16 18 37
56 90 54 31 65
56 91 52 49 57
56 92 10 31 20
56 93 86 87 52
56 94 56 33 30
56 95 37 43 34
56 96 19 42 18
56 97 84 56 76
56 98 67 48 58
56 99 77 76 46
57 58 13 37 35
57 59 14 41 26
57 60 74 44 71
57 61 37 65 64
57 62 27 17 43
57 63 84 86 91
57 64 46 50 38
57 65 23 53 61
57 66 91 79 59
57 67 71 69 80
57 68 17 40 47
57 69 45 72 52
57 70 97 56 64
57 71 5 33 50
57 72 20 41 28
57 73 67 50 80
57 74 10 49 35
57 75 32 43 39
57 76 29 21 31
57 77 10 46 49
57 78 52 61 49
57 79 70 68 48
57 80 22 19 48
57 81 88 76 53
57 82 34 65 36
57 83 27 32 26
57 84 2 26 21
57 85 9 13 33
57 86 10 36 13
57 87 74 86 46
57 88 61 33 43
57 89 12 47 49
57 90 15 28 54
57 91 36 43 61
57 92 16 23 10
57 93 5 14 22
57 94 15 17 37
57 95 7 53 14
57 96 71 36 62
57 97 84 75 61
57 98 6 37 17
57 99 25 22 51
58 59 81 70 90
58 60 37 39 49
58 61 71 63 36
58 62 20 29 25
58 63 46 58 46
58 64 85 82 89
58 65 12 11 48
58 66 77 68 62
58 67 43 50 55
58 68 11 52 38
58 69 28 15 23
58 70 0 42 25
58 71 55 60 52
58 72 98 56 76
58 73 76 81 68
58 74 4 3 36
58 75 28 42 62
58 76 73 50 82
58 77 48 36 58
58 78 55 64 28
58 79 54 66 28
58 80 77 88 57
58 81 31 29 34
58 82 36 55 58
58 83 29 24 42
58 84 93 49 55
58 85 83 49 71
58 86 62 43 32
58 87 74 86 53
58 88 21 49 25
58 89 14 14 52
58 90 83 61 68
58 91 83 65 42
58 92 26 34 19
58 93 9 45 11
58 94 1 19 1
58 95 67 34 47
58 96 78 67 87
58 97 21 23 27
58 98 44 59 40
58 99 21 56 17
59 60 52 51 40
59 61 99 78 53
59 62 59 52 36
59 63 3 40 31
59 64 86 85 53
59 65 99 68 85
59 66 1 17 22
59 67 76 48 38
59 68 46 30 53
59 69 44 43 50
59 70 31 38 44
59 71 66 76 78
59 72 14 28 7
59 73 29 40 36
59 74 99 90 51
59 75 85 80 64
59 76 63 32 49
59 77 14 23 24
59 78 15 26 21
59 79 25 20 24
59 80 82 88 91
59 81 79 68 57
59 82 29 54 22
59 83 92 69 64
59 84 40 52 26
59 85 74 53 57
59 86 86 79 49
59 87 44 48 25
59 88 37 23 39
59 89 50 63 54
59 90 82 51 49
59 91 31 26 33
59 92 76 49 70
59 93 28 59 32
59 94 65 61 40
59 95 28 54 25
59 96 76 50 82
59 97 19 50 42
59 98 90 48 51
59 99 11 19 28
60 61 68 39 58
60 62 47 48 72
60 63 56 69 48
60 64 40 23 43
60 65 18 49 24
60 66 37 46 45
60 67 18 18 26
60 68 67 48 45
60 69 38 53 53
60 70 55 36 41
60 71 71 70 44
60 72 76 43 51
60 73 85 43 68
60 74 28 27 18
60 75 97 71 76
60 76 45 61 40
60 77 0 2 28
60 78 55 31 53
60 79 33 44 59
60 80 12 9 39
60 81 71 71 83
60 82 54 32 42
60 83 10 35 17
60 84 35 26 65
60 85 68 62 80
60 86 82 54 53
60 87 77 61 57
60 88 97 61 94
60 89 90 93 92
60 90 39 33 61
60 91 36 48 55
60 92 6 17 53
60 93 93 81 59
60 94 64 62 76
60 95 5 43 32
60 96 52 67 61
60 97 32 44 20
60 98 64 60 60
60 99 13 20 31
61 62 92 71 63
61 63 76 53 67
61 64 56 67 30
61 65 97 68 71
61 66 4 10 6
61 67 80 86 86
61 68 84 66 59
61 69 35 29 42
61 70 72 84 48
61 71 81 64 74
61 72 11 33 24
61 73 95 86 52
61 74 40 44 32
61 75 32 38 54
61 76 11 10 52
61 77 34 45 19
61 78 50 74 43
61 79 23 14 46
61 80 72 60 76
61 81 52 41 28
61 82 91 57 90
61 83 39 27 32
61 84 56 77 36
61 85 26 44 23
61 86 65 38 42
61 87 38 60 65
61 88 55 37 63
61 89 41 58 70
61 90 97 74 68
61 91 71 85 69
61 92 56 59 61
61 93 82 52 78
61 94 40 49 42
61 95 61 70 68
61 96 56 57 51
61 97 37 37 51
61 98 61 32 62
61 99 25 12 41
62 63 49 53 44
62 64 26 22 27
62 65 16 20 58
62 66 58 61 52
62 67 59 54 62
62 68 28 64 25
62 69 12 50 42
62 70 97 55 64
62 71 18 53 37
62 72 77 85 59
62 73 95 56 77
62 74 93 47 58
62 75 53 44 43
62 76 75 85 40
62 77 29 21 50
62 78 84 85 90
62 79 88 84 85
62 80 79 87 74
62 81 41 35 60
62 82 75 84 62
62 83 78 46 63
62 84 12 52 32
62 85 79 82 58
62 86 31 58 16
62 87 6 21 19
62 88 87 47 90
62 89 83 45 67
62 90 85 59 54
62 91 38 50 67
62 92 50 53 35
62 93 10 35 11
62 94 56 77 28
62 95 85 54 48
62 96 55 63 59
62 97 93 91 62
62 98 72 42 83
62 99 35 46 34
63 64 88 54 82
63 65 57 72 63
63 66 54 75 38
63 67 21 14 33
63 68 21 16 20
63 69 66 44 35
63 70 88 70 55
63 71 60 61 58
63 72 66 38 36
63 73 34 22 63
63 74 87 83 58
63 75 18 52 31
63 76 64 78 59
63 77 38 41 61
63 78 25 52 60
63 79 49 30 34
63 80 60 80 75
63 81 38 41 47
63 82 24 56 25
63 83 85 87 70
63 84 46 37 54
63 85 35 59 21
63 86 24 12 60
63 87 78 56 82
63 88 43 34 41
63 89 97 56 74
63 90 78 70 56
63 91 52 72 34
63 92 69 49 76
63 93 31 48 49
63 94 4 15 21
63 95 69 52 66
63 96 32 28 50
63 97 78 41 57
63 98 59 37 55
63 99 37 55 66
64 65 81 40 58
64 66 23 57 45
64 67 9 42 41
64 68 85 81 68
64 69 83 75 76
64 70 36 26 28
64 71 61 63 78
64 72 59 31 63
64 73 26 32 35
64 74 70 47 70
64 75 51 70 35
64 76 16 46 35
64 77 13 49 29
64 78 63 79 45
64 79 27 15 53
64 80 4 21 39
64 81 62 70 79
64 82 20 39 24
64 83 23 14 28
64 84 96 82 70
64 85 78 41 47
64 86 52 28 43
64 87 36 34 24
64 88 30 48 17
64 89 77 83 47
64 90 8 35 16
64 91 34 58 18
64 92 31 59 27
64 93 4 49 40
64 94 65 41 62
64 95 54 29 63
64 96 55 50 31
64 97 61 57 45
64 98 3 20 6
64 99 75 53 68
65 66 88 46 76
65 67 11 28 20
65 68 54 32 61
65 69 64 44 70
65 70 91 73 57
65 71 92 63 57
65 72 53 30 70
65 73 14 11 47
65 74 22 40 46
65 75 55 35 42
65 76 22 32 38
65 77 64 82 71
65 78 52 32 26
65 79 47 34 67
65 80 17 46 47
65 81 91 76 94
65 82 61 78 51
65 83 1 14 34
65 84 2 4 48
65 85 85 77 81
65 86 11 29 7
65 87 61 34 59
65 88 81 89 70
65 89 14 17 50
65 90 96 79 83
65 91 13 48 34
65 92 21 18 41
65 93 64 37 75
65 94 91 66 72
65 95 36 63 27
65 96 54 45 71
65 97 68 47 47
65 98 57 51 32
65 99 35 24 32
66 67 46 66 71
66 68 79 40 40
66 69 61 33 32
66 70 66 36 35
66 71 34 29 17
66 72 33 19 18
66 73 30 15 44
66 74 94 68 60
66 75 12 45 42
66 76 52 50 30
66 77 94 85 67
66 78 49 25 70
66 79 92 62 89
66 80 52 65 70
66 81 3 18 47
66 82 76 76 49
66 83 33 48 45
66 84 47 71 30
66 85 75 73 70
66 86 16 28 25
66 87 96 76 63
66 88 95 58 93
66 89 9 15 46
66 90 72 61 68
66 91 76 80 50
66 92 0 21 27
66 93 46 70 37
66 94 30 27 40
66 95 35 63 34
66 96 48 44 56
66 97 48 31 37
66 98 20 14 26
66 99 93 84 61
67 68 94 48 47
67 69 95 96 91
67 70 26 47 19
67 71 65 57 55
67 72 48 42 72
67 73 62 38 57
67 74 13 26 44
67 75 20 26 55
67 76 6 26 49
67 77 83 86 55
67 78 88 94 52
67 79 89 47 92
67 80 97 98 94
67 81 50 72 36
67 82 69 35 68
67 83 82 77 54
67 84 89 90 53
67 85 49 38 60
67 86 34 38 28
67 87 0 48 42
67 88 48 63 57
67 89 95 96 94
67 90 42 37 51
67 91 2 1 30
67 92 39 31 40
67 93 9 54 18
67 94 67 58 82
67 95 35 37 58
67 96 8 5 53
67 97 11 11 54
67 98 91 89 69
67 99 90 55 56
68 69 5 29 6
68 70 4 28 45
68 71 68 70 39
68 72 43 53 26
68 73 20 43 49
68 74 36 40 23
68 75 67 50 61
68 76 17 46 32
68 77 22 26 22
68 78 18 27 26
68 79 9 19 14
68 80 95 60 91
68 81 26 19 50
68 82 85 75 68
68 83 37 20 50
68 84 49 58 59
68 85 65 56 51
68 86 66 58 56
68 87 76 83 62
68 88 30 60 58
68 89 84 74 47
68 90 56 34 51
68 91 13 9 47
68 92 16 49 33
68 93 70 49 72
68 94 46 69 59
68 95 58 65 77
68 96 22 30 45
68 97 27 62 45
68 98 57 57 67
68 99 15 20 22
69 70 95 79 64
69 71 69 47 67
69 72 40 64 37
69 73 14 21 34
69 74 70 49 82
69 75 97 53 58
69 76 21 19 41
69 77 0 9 32
69 78 92 55 84
69 79 97 84 50
69 80 49 34 25
69 81 46 72 57
69 82 55 33 75
69 83 0 27 43
69 84 36 58 36
69 85 11 28 40
69 86 2 38 2
69 87 45 68 39
69 88 20 54 30
69 89 70 70 75
69 90 12 26 35
69 91 45 51 56
69 92 55 43 47
69 93 32 47 64
69 94 58 76 63
69 95 6 19 7
69 96 98 49 66
69 97 14 28 37
69 98 52 70 73
69 99 95 83 63
70 71 32 22 45
70 72 12 25 50
70 73 6 37 44
70 74 68 66 46
70 75 48 57 55
70 76 25 49 48
70 77 86 73 62
70 78 38 56 49
70 79 24 54 55
70 80 33 64 38
70 81 42 58 37
70 82 73 47 44
70 83 98 56 56
70 84 90 58 75
70 85 68 37 53
70 86 61 68 47
70 87 63 45 38
70 88 79 45 66
70 89 45 44 61
70 90 85 71 56
70 91 34 40 51
70 92 32 43 32
70 93 41 54 60
70 94 6 16 28
70 95 52 42 62
70 96 90 57 91
70 97 96 52 88
70 98 20 46 40
70 99 83 84 80
71 72 29 34 41
71 73 21 44 59
71 74 78 75 51
71 75 29 62 47
71 76 53 34 36
71 77 91 62 70
71 78 87 75 52
71 79 30 17 61
71 80 86 76 86
71 81 84 91 48
71 82 29 41 47
71 83 69 63 72
71 84 14 42 56
71 85 7 22 19
71 86 12 51 35
71 87 53 31 53
71 88 54 61 32
71 89 64 39 65
71 90 21 29 43
71 91 19 35 52
71 92 36 29 44
71 93 74 53 56
71 94 40 46 26
71 95 86 66 72
71 96 38 46 54
71 97 41 48 52
71 98 80 43 89
71 99 92 87 87
72 73 88 88 58
72 74 48 28 58
72 75 0 28 11
72 76 53 60 28
72 77 61 37 35
72 78 68 82 42
72 79 59 63 59
72 80 76 38 53
72 81 34 49 59
72 82 83 71 50
72 83 14 29 38
72 84 92 54 48
72 85 34 45 62
72 86 32 24 42
72 87 5 43 24
72 88 31 44 31
72 89 79 68 78
72 90 42 48 63
72 91 0 28 22
72 92 96 87 92
72 93 60 65 53
72 94 54 45 53
72 95 62 38 66
72 96 26 43 30
72 97 90 88 83
72 98 85 92 51
72 99 75 54 56
73 74 37 23 33
73 75 87 90 69
73 76 27 32 33
73 77 54 67 41
73 78 10 18 44
73 79 10 15 30
73 80 84 49 78
73 81 13 14 28
73 82 72 36 81
73 83 21 40 15
73 84 65 34 32
73 85 51 71 66
73 86 85 56 52
73 87 88 66 87
73 88 24 36 30
73 89 83 46 60
73 90 62 51 76
73 91 16 34 37
73 92 68 62 70
73 93 71 56 45
73 94 90 47 78
73 95 20 54 14
73 96 3 13 21
73 97 32 48 31
73 98 46 54 43
73 99 70 65 64
74 75 81 59 47
74 76 55 40 29
74 77 31 55 54
74 78 79 41 52
74 79 32 54 44
74 80 72 72 64
74 81 60 31 66
74 82 66 47 76
74 83 35 45 50
74 84 65 46 78
74 85 95 63 84
74 86 51 31 54
74 87 91 48 81
74 88 35 62 59
74 89 52 55 52
74 90 47 28 70
74 91 63 75 65
74 92 26 23 50
74 93 73 62 41
74 94 44 55 65
74 95 0 3 15
74 96 92 54 57
74 97 51 62 41
74 98 81 87 80
74 99 36 56 62
75 76 33 23 44
75 77 45 69 68
75 78 27 50 14
75 79 4 36 46
75 80 71 68 42
75 81 89 90 60
75 82 59 48 65
75 83 36 45 45
75 84 93 63 60
75 85 30 62 64
75 86 64 50 33
75 87 97 50 80
75 88 31 41 22
75 89 47 36 43
75 90 57 35 30
75 91 16 23 54
75 92 36 48 59
75 93 16 46 22
75 94 78 85 39
75 95 57 76 31
75 96 11 40 44
75 97 31 22 42
75 98 57 73 35
75 99 45 56 46
76 77 76 74 48
76 78 45 69 53
76 79 75 40 54
76 80 41 54 49
76 81 42 39 58
76 82 97 62 57
76 83 50 60 33
76 84 98 95 94
76 85 10 38 11
76 86 65 52 44
76 87 37 37 59
76 88 76 55 85
76 89 94 48 89
76 90 64 60 62
76 91 92 91 86
76 92 56 53 30
76 93 54 44 32
76 94 95 82 92
76 95 29 26 53
76 96 20 12 24
76 97 7 27 41
76 98 64 67 63
76 99 29 29 39
77 78 17 48 54
77 79 37 42 40
77 80 59 55 64
77 81 46 31 59
77 82 14 9 52
77 83 13 31 42
77 84 1 24 19
77 85 84 64 46
77 86 23 13 60
77 87 35 55 48
77 88 94 62 54
77 89 20 48 47
77 90 97 69 53
77 91 45 28 29
77 92 63 62 54
77 93 16 12 56
77 94 6 30 39
77 95 78 53 42
77 96 92 73 78
77 97 89 73 66
77 98 88 45 47
77 99 1 5 2
78 79 75 48 53
78 80 0 24 49
78 81 92 65 83
78 82 53 52 37
78 83 18 12 17
78 84 76 39 38
78 85 86 45 63
78 86 27 58 60
78 87 74 56 55
78 88 71 64 65
78 89 72 42 59
78 90 40 39 68
78 91 20 28 50
78 92 43 45 64
78 93 89 93 45
78 94 19 46 50
78 95 66 71 74
78 96 62 57 60
78 97 97 82 77
78 98 94 85 94
78 99 24 59 12
79 80 83 46 48
79 81 42 66 36
79 82 49 54 61
79 83 34 29 23
79 84 67 69 43
79 85 32 29 57
79 86 46 47 39
79 87 78 56 81
79 88 69 67 75
79 89 75 58 86
79 90 89 55 73
79 91 18 19 55
79 92 25 16 27
79 93 22 39 18
79 94 83 86 63
79 95 45 56 43
79 96 30 37 60
79 97 23 48 18
79 98 29 18 29
79 99 27 51 15
80 81 19 38 25
80 82 28 45 40
80 83 41 31 24
80 84 37 65 29
80 85 60 72 62
80 86 8 12 33
80 87 62 66 36
80 88 78 70 46
80 89 28 56 15
80 90 51 67 51
80 91 27 43 27
80 92 47 53 64
80 93 35 32 28
80 94 19 51 19
80 95 38 45 58
80 96 1 6 1
80 97 82 90 42
80 98 44 72 63
80 99 62 67 36
81 82 2 34 10
81 83 91 61 74
81 84 90 88 52
81 85 71 43 47
81 86 63 81 76
81 87 64 37 64
81 88 56 65 73
81 89 15 54 51
81 90 2 7 23
81 91 46 63 44
81 92 11 23 40
81 93 8 45 50
81 94 92 47 63
81 95 75 59 60
81 96 89 82 59
81 97 61 34 62
81 98 2 27 37
81 99 46 52 40
82 83 1 44 14
82 84 6 26 19
82 85 15 32 14
82 86 41 24 58
82 87 11 51 14
82 88 27 37 57
82 89 34 22 31
82 90 25 33 29
82 91 52 41 48
82 92 13 21 25
82 93 91 56 64
82 94 20 12 22
82 95 63 80 39
82 96 41 25 70
82 97 16 43 16
82 98 55 37 36
82 99 86 49 52
83 84 2 42 48
83 85 16 21 57
83 86 15 17 36
83 87 59 61 72
83 88 92 61 85
83 89 7 17 8
83 90 7 40 9
83 91 34 33 41
83 92 29 54 63
83 93 73 59 48
83 94 83 63 54
83 95 69 37 63
83 96 72 60 85
83 97 80 86 73
83 98 91 79 62
83 99 29 18 33
84 85 40 50 33
84 86 66 78 48
84 87 96 58 61
84 88 53 76 74
84 89 33 50 62
84 90 68 56 49
84 91 34 26 29
84 92 11 12 49
84 93 9 29 51
84 94 45 64 63
84 95 57 29 42
84 96 77 74 60
84 97 79 62 83
84 98 58 30 65
84 99 67 50 60
85 86 20 42 50
85 87 90 79 61
85 88 81 88 77
85 89 6 45 17
85 90 45 23 46
85 91 43 35 27
85 92 53 74 72
85 93 48 42 63
85 94 61 60 33
85 95 66 81 39
85 96 34 29 47
85 97 54 44 65
85 98 5 40 18
85 99 34 40 49
86 87 62 32 36
86 88 84 77 46
86 89 15 15 22
86 90 89 65 64
86 91 71 42 65
86 92 8 13 34
86 93 91 81 56
86 94 21 34 47
86 95 90 55 60
86 96 1 40 42
86 97 80 42 68
86 98 9 47 49
86 99 89 55 56
87 88 14 38 35
87 89 72 83 78
87 90 30 35 27
87 91 82 55 72
87 92 54 30 65
87 93 67 63 70
87 94 68 59 44
87 95 13 14 55
87 96 38 50 38
87 97 78 40 61
87 98 22 58 36
87 99 45 43 48
88 89 61 66 49
88 90 98 51 54
88 91 85 64 52
88 92 36 67 40
88 93 7 7 45
88 94 87 79 70
88 95 45 57 54
88 96 63 56 43
88 97 81 50 52
88 98 20 24 19
88 99 54 48 45
89 90 80 47 73
89 91 78 88 50
89 92 21 25 26
89 93 95 91 47
89 94 26 30 14
89 95 89 64 53
89 96 46 71 45
89 97 24 17 40
89 98 37 19 27
89 99 30 57 33
90 91 69 58 84
90 92 98 80 97
90 93 88 49 89
90 94 89 89 63
90 95 93 54 93
90 96 32 26 47
90 97 90 83 52
90 98 54 67 49
90 99 51 31 62
91 92 61 69 78
91 93 79 39 59
91 94 85 78 88
91 95 65 43 49
91 96 26 44 51
91 97 36 47 60
91 98 65 35 53
91 99 80 52 76
92 93 73 55 64
92 94 6 16 3
92 95 80 46 46
92 96 26 35 52
92 97 80 57 72
92 98 47 41 41
92 99 73 85 40
93 94 5 11 11
93 95 64 71 47
93 96 30 19 37
93 97 37 48 66
93 98 49 60 46
93 99 69 38 72
94 95 72 48 67
94 96 19 19 45
94 97 0 26 13
94 98 16 50 11
94 99 61 56 71
95 96 19 38 43
95 97 64 55 61
95 98 29 44 36
95 99 61 60 37
96 97 66 80 53
96 98 78 62 64
96 99 71 78 58
97 98 8 6 11
97 99 5 26 19
98 99 17 39 47
