100
0 1 63 62 61
0 2 6 14 15
0 3 61 62 58
0 4 49 52 53
0 5 75 73 73
0 6 59 56 61
0 7 19 25 24
0 8 62 62 64
0 9 15 19 16
0 10 50 53 48
0 11 38 42 40
0 12 62 61 57
0 13 62 62 64
0 14 56 60 57
0 15 75 73 76
0 16 67 61 67
0 17 20 24 24
0 18 52 53 54
0 19 11 19 17
0 20 29 29 27
0 21 51 46 56
0 22 63 64 65
0 23 87 85 80
0 24 64 63 64
0 25 50 52 52
0 26 78 73 71
0 27 14 13 19
0 28 79 79 75
0 29 38 43 38
0 30 44 41 47
0 31 87 86 84
0 32 83 76 80
0 33 52 48 53
0 34 98 94 92
0 35 24 24 31
0 36 59 56 58
0 37 72 70 72
0 38 22 22 25
0 39 50 48 46
0 40 80 82 73
0 41 29 35 32
0 42 74 67 68
0 43 89 89 90
0 44 26 33 29
0 45 15 21 17
0 46 36 34 39
0 47 42 41 44
0 48 63 65 62
0 49 31 29 35
0 50 89 87 85
0 51 48 47 52
0 52 69 67 70
0 53 35 38 36
0 54 65 63 59
0 55 16 19 24
0 56 47 46 52
0 57 35 31 34
0 58 58 61 60
0 59 53 51 56
0 60 31 34 29
0 61 93 91 92
0 62 25 25 30
0 63 49 44 51
0 64 29 27 27
0 65 46 49 44
0 66 40 36 44
0 67 78 81 78
0 68 62 59 55
0 69 71 73 68
0 70 33 35 29
0 71 80 80 75
0 72 11 13 17
0 73 96 96 91
0 74 43 47 40
0 75 61 62 55
0 76 69 71 62
0 77 82 76 78
0 78 0 5 8
0 79 39 43 38
0 80 68 67 68
0 81 84 77 79
0 82 62 60 66
0 83 10 11 11
0 84 68 68 65
0 85 0 8 6
0 86 14 12 20
0 87 31 35 35
0 88 86 80 82
0 89 39 42 45
0 90 10 17 16
0 91 75 70 67
0 92 73 72 67
0 93 81 82 78
0 94 17 24 20
0 95 73 69 70
0 96 13 13 20
0 97 0 5 0
0 98 6 12 6
0 99 24 31 29
1 2 94 93 94
1 3 77 79 76
1 4 94 86 94
1 5 25 26 28
1 6 20 23 19
1 7 3 12 13
1 8 24 27 29
1 9 2 3 10
1 10 25 23 30
1 11 80 77 75
1 12 14 22 18
1 13 53 48 52
1 14 89 84 88
1 15 70 67 67
1 16 74 67 68
1 17 44 49 48
1 18 25 32 27
1 19 93 91 94
1 20 70 65 72
1 21 3 3 7
1 22 96 87 94
1 23 57 51 61
1 24 54 51 57
1 25 67 67 64
1 26 34 36 39
1 27 89 87 86
1 28 42 38 46
1 29 36 37 39
1 30 95 86 92
1 31 60 63 61
1 32 3 7 6
1 33 79 74 72
1 34 30 29 27
1 35 28 34 35
1 36 2 3 2
1 37 7 12 14
1 38 48 52 44
1 39 6 5 8
1 40 74 77 68
1 41 80 78 82
1 42 21 22 26
1 43 12 15 20
1 44 49 46 47
1 45 65 59 60
1 46 20 24 27
1 47 4 10 6
1 48 27 30 27
1 49 58 60 61
1 50 41 39 44
1 51 1 3 4
1 52 39 43 41
1 53 37 39 38
1 54 64 59 65
1 55 20 23 18
1 56 3 13 10
1 57 37 38 40
1 58 44 42 45
1 59 59 62 57
1 60 91 88 87
1 61 65 66 61
1 62 32 37 36
1 63 4 10 12
1 64 74 70 75
1 65 44 44 47
1 66 42 39 47
1 67 95 94 91
1 68 10 9 14
1 69 41 45 41
1 70 48 51 52
1 71 28 28 32
1 72 91 83 84
1 73 51 55 50
1 74 83 76 80
1 75 82 74 82
1 76 89 84 81
1 77 81 78 79
1 78 55 55 59
1 79 71 65 64
1 80 78 75 75
1 81 6 10 6
1 82 95 95 92
1 83 73 71 71
1 84 32 36 31
1 85 27 31 25
1 86 28 30 31
1 87 9 10 11
1 88 66 63 66
1 89 54 51 53
1 90 55 56 52
1 91 0 8 4
1 92 39 36 40
1 93 14 15 13
1 94 78 75 75
1 95 38 42 40
1 96 54 54 55
1 97 54 52 56
1 98 46 46 46
1 99 6 8 9
2 3 39 44 42
2 4 97 88 95
2 5 99 90 89
2 6 99 90 90
2 7 24 29 26
2 8 52 49 56
2 9 84 81 85
2 10 42 46 43
2 11 25 28 26
2 12 2 12 5
2 13 85 82 83
2 14 33 30 30
2 15 65 61 65
2 16 42 43 45
2 17 17 16 22
2 18 7 14 12
2 19 96 93 93
2 20 78 75 77
2 21 7 11 11
2 22 52 51 53
2 23 71 72 69
2 24 3 7 5
2 25 49 47 53
2 26 73 72 69
2 27 67 63 63
2 28 47 45 43
2 29 60 62 63
2 30 70 70 64
2 31 96 93 89
2 32 9 18 13
2 33 19 17 18
2 34 37 37 34
2 35 8 14 9
2 36 12 20 13
2 37 58 58 53
2 38 36 38 39
2 39 13 14 17
2 40 30 33 31
2 41 12 20 18
2 42 26 32 29
2 43 31 30 30
2 44 43 47 44
2 45 1 9 10
2 46 75 72 74
2 47 37 42 41
2 48 14 18 16
2 49 11 15 18
2 50 61 58 63
2 51 31 34 36
2 52 2 4 3
2 53 74 67 74
2 54 45 41 49
2 55 26 23 27
2 56 54 52 54
2 57 94 91 90
2 58 8 9 14
2 59 37 33 42
2 60 52 49 51
2 61 25 23 32
2 62 20 27 25
2 63 99 98 98
2 64 74 76 71
2 65 39 38 40
2 66 23 29 27
2 67 1 10 4
2 68 94 89 86
2 69 59 58 59
2 70 86 85 85
2 71 65 62 66
2 72 28 33 30
2 73 73 70 76
2 74 42 42 45
2 75 78 73 73
2 76 44 42 48
2 77 88 88 88
2 78 43 39 41
2 79 4 6 10
2 80 48 43 48
2 81 45 45 44
2 82 46 47 45
2 83 72 75 74
2 84 69 68 71
2 85 76 71 69
2 86 86 80 80
2 87 55 58 55
2 88 4 9 8
2 89 42 39 45
2 90 65 61 60
2 91 39 37 40
2 92 34 39 32
2 93 12 20 16
2 94 94 89 90
2 95 17 25 25
2 96 36 37 40
2 97 75 74 72
2 98 30 28 34
2 99 56 60 56
3 4 83 75 83
3 5 1 5 5
3 6 8 15 12
3 7 27 31 29
3 8 52 49 57
3 9 0 4 8
3 10 23 21 29
3 11 54 58 54
3 12 93 86 84
3 13 54 50 51
3 14 78 74 71
3 15 32 39 33
3 16 46 50 42
3 17 45 46 49
3 18 27 32 34
3 19 27 26 29
3 20 24 24 26
3 21 48 45 46
3 22 80 78 79
3 23 10 12 16
3 24 94 87 91
3 25 38 42 36
3 26 60 61 59
3 27 63 57 61
3 28 39 45 37
3 29 28 26 35
3 30 10 12 19
3 31 66 67 65
3 32 19 19 17
3 33 58 60 60
3 34 66 61 67
3 35 23 27 23
3 36 9 13 9
3 37 90 82 84
3 38 98 92 91
3 39 96 94 95
3 40 4 5 4
3 41 14 13 21
3 42 22 20 20
3 43 68 67 63
3 44 49 48 49
3 45 49 48 49
3 46 86 84 86
3 47 7 9 7
3 48 33 37 33
3 49 32 36 36
3 50 2 3 10
3 51 92 87 84
3 52 9 17 10
3 53 50 51 49
3 54 7 12 14
3 55 58 60 59
3 56 0 4 4
3 57 76 73 78
3 58 82 84 78
3 59 36 41 36
3 60 90 88 81
3 61 13 13 21
3 62 1 10 9
3 63 17 22 24
3 64 38 43 43
3 65 94 94 89
3 66 7 8 15
3 67 67 62 63
3 68 29 31 28
3 69 78 72 78
3 70 50 47 45
3 71 34 32 39
3 72 70 69 72
3 73 95 88 88
3 74 9 18 18
3 75 60 58 60
3 76 80 82 77
3 77 85 81 82
3 78 90 84 88
3 79 22 27 27
3 80 3 10 9
3 81 22 23 20
3 82 56 59 52
3 83 65 61 60
3 84 46 51 42
3 85 42 48 38
3 86 56 59 50
3 87 6 8 13
3 88 40 37 43
3 89 54 50 56
3 90 55 53 53
3 91 11 16 10
3 92 14 13 14
3 93 88 88 86
3 94 21 23 20
3 95 70 65 65
3 96 13 16 14
3 97 37 36 41
3 98 28 29 26
3 99 79 80 74
4 5 20 21 27
4 6 25 29 24
4 7 97 89 94
4 8 22 29 25
4 9 43 48 44
4 10 64 64 67
4 11 69 64 66
4 12 32 36 33
4 13 8 11 8
4 14 52 53 55
4 15 29 29 34
4 16 68 61 65
4 17 90 91 89
4 18 13 22 20
4 19 6 11 13
4 20 87 86 83
4 21 12 12 13
4 22 42 45 44
4 23 68 70 70
4 24 43 47 42
4 25 11 10 12
4 26 35 34 37
4 27 51 54 47
4 28 14 18 19
4 29 31 36 29
4 30 37 41 43
4 31 96 89 93
4 32 95 93 90
4 33 72 64 71
4 34 64 64 58
4 35 44 43 43
4 36 8 16 10
4 37 64 60 60
4 38 86 86 81
4 39 86 82 81
4 40 42 47 44
4 41 86 81 82
4 42 38 42 35
4 43 82 81 82
4 44 15 15 16
4 45 93 92 92
4 46 3 9 8
4 47 42 42 39
4 48 18 21 21
4 49 89 89 89
4 50 68 61 63
4 51 49 51 47
4 52 15 23 19
4 53 93 93 87
4 54 67 68 69
4 55 67 67 65
4 56 10 17 17
4 57 26 24 32
4 58 30 36 31
4 59 90 86 87
4 60 49 47 49
4 61 30 29 33
4 62 69 70 71
4 63 25 26 29
4 64 1 7 3
4 65 43 48 47
4 66 90 91 81
4 67 0 1 3
4 68 94 90 93
4 69 81 77 78
4 70 66 67 64
4 71 18 25 25
4 72 29 28 31
4 73 72 74 74
4 74 5 8 14
4 75 92 84 88
4 76 69 66 63
4 77 26 28 27
4 78 86 81 79
4 79 32 30 37
4 80 66 65 63
4 81 92 89 88
4 82 18 26 19
4 83 74 77 68
4 84 24 27 28
4 85 68 70 62
4 86 38 39 39
4 87 24 22 22
4 88 89 84 80
4 89 79 79 78
4 90 42 42 41
4 91 45 45 49
4 92 92 84 83
4 93 86 84 86
4 94 28 30 33
4 95 10 14 15
4 96 52 52 56
4 97 37 43 39
4 98 67 69 67
4 99 69 70 67
5 6 6 14 14
5 7 15 20 18
5 8 28 31 32
5 9 3 5 7
5 10 80 80 76
5 11 85 79 80
5 12 68 63 69
5 13 42 38 46
5 14 97 89 91
5 15 96 96 92
5 16 3 13 3
5 17 17 20 16
5 18 41 41 46
5 19 82 80 79
5 20 12 20 20
5 21 19 21 21
5 22 53 55 49
5 23 35 37 39
5 24 91 92 83
5 25 72 68 73
5 26 34 34 40
5 27 32 31 31
5 28 59 54 55
5 29 43 45 39
5 30 73 66 73
5 31 72 73 72
5 32 25 30 24
5 33 47 48 44
5 34 80 80 80
5 35 20 28 20
5 36 91 87 82
5 37 63 61 64
5 38 62 56 60
5 39 56 55 59
5 40 54 53 53
5 41 76 73 69
5 42 62 60 58
5 43 91 91 84
5 44 40 45 36
5 45 4 12 5
5 46 33 36 39
5 47 27 30 29
5 48 97 89 96
5 49 15 14 18
5 50 40 37 44
5 51 76 70 71
5 52 18 20 22
5 53 87 81 79
5 54 63 57 61
5 55 60 63 56
5 56 4 9 7
5 57 74 75 72
5 58 13 21 21
5 59 14 20 17
5 60 49 49 52
5 61 15 17 15
5 62 81 75 78
5 63 74 75 67
5 64 66 67 69
5 65 26 33 31
5 66 3 11 4
5 67 47 51 49
5 68 37 41 40
5 69 64 67 62
5 70 83 77 78
5 71 35 36 35
5 72 46 49 48
5 73 26 25 27
5 74 19 17 20
5 75 28 35 27
5 76 91 84 89
5 77 6 15 11
5 78 10 16 10
5 79 82 81 84
5 80 89 83 88
5 81 70 68 66
5 82 75 70 72
5 83 70 72 71
5 84 93 87 87
5 85 4 8 12
5 86 14 20 19
5 87 6 8 15
5 88 71 67 68
5 89 39 36 38
5 90 31 28 35
5 91 23 29 26
5 92 32 31 33
5 93 84 82 76
5 94 22 21 25
5 95 7 15 12
5 96 22 27 28
5 97 89 86 80
5 98 34 34 32
5 99 50 48 55
6 7 47 42 51
6 8 99 97 93
6 9 97 93 91
6 10 87 87 79
6 11 55 57 56
6 12 24 26 25
6 13 9 16 11
6 14 15 23 14
6 15 3 13 7
6 16 26 31 29
6 17 30 28 34
6 18 3 3 3
6 19 26 29 27
6 20 63 60 65
6 21 19 25 26
6 22 83 79 77
6 23 25 23 24
6 24 40 38 41
6 25 61 62 59
6 26 66 65 60
6 27 87 81 82
6 28 31 37 29
6 29 18 23 24
6 30 86 84 86
6 31 61 57 55
6 32 76 72 70
6 33 19 18 23
6 34 11 17 16
6 35 18 26 21
6 36 37 42 43
6 37 59 57 60
6 38 5 8 5
6 39 73 68 71
6 40 75 74 75
6 41 47 50 52
6 42 76 75 70
6 43 24 27 26
6 44 51 56 47
6 45 68 65 71
6 46 52 49 53
6 47 99 98 97
6 48 71 68 73
6 49 83 84 83
6 50 3 8 8
6 51 85 79 86
6 52 28 34 32
6 53 8 16 11
6 54 13 13 14
6 55 47 43 47
6 56 55 57 52
6 57 56 55 59
6 58 97 94 92
6 59 77 70 71
6 60 12 14 20
6 61 87 84 80
6 62 23 26 21
6 63 45 47 44
6 64 12 13 14
6 65 59 59 61
6 66 95 90 89
6 67 4 12 13
6 68 19 23 23
6 69 16 17 20
6 70 81 81 76
6 71 7 9 9
6 72 13 13 15
6 73 16 22 17
6 74 48 44 49
6 75 9 17 16
6 76 6 11 14
6 77 43 48 45
6 78 10 16 16
6 79 92 84 83
6 80 21 28 21
6 81 91 84 91
6 82 1 5 9
6 83 4 11 11
6 84 69 71 63
6 85 4 8 11
6 86 87 80 84
6 87 28 32 32
6 88 18 21 21
6 89 75 69 74
6 90 36 38 36
6 91 7 10 15
6 92 73 67 68
6 93 89 84 87
6 94 49 51 53
6 95 40 39 44
6 96 64 66 65
6 97 72 73 70
6 98 46 42 51
6 99 59 55 56
7 8 2 11 3
7 9 68 68 62
7 10 93 86 86
7 11 1 3 5
7 12 44 48 46
7 13 73 73 74
7 14 90 86 83
7 15 96 93 93
7 16 35 37 40
7 17 67 65 67
7 18 16 16 24
7 19 95 95 95
7 20 78 73 75
7 21 97 95 92
7 22 96 92 88
7 23 94 91 85
7 24 85 79 81
7 25 41 45 37
7 26 68 65 66
7 27 34 40 34
7 28 88 85 89
7 29 72 73 75
7 30 59 57 56
7 31 13 13 21
7 32 67 65 68
7 33 5 12 9
7 34 85 86 86
7 35 86 78 87
7 36 90 90 85
7 37 22 22 20
7 38 49 46 52
7 39 3 4 10
7 40 0 4 3
7 41 11 14 16
7 42 94 92 85
7 43 74 72 72
7 44 6 14 12
7 45 35 32 37
7 46 43 46 43
7 47 89 80 89
7 48 37 42 35
7 49 68 70 66
7 50 71 73 71
7 51 34 36 35
7 52 17 22 18
7 53 47 46 44
7 54 2 9 11
7 55 22 27 26
7 56 49 49 49
7 57 45 41 45
7 58 91 83 89
7 59 28 35 31
7 60 52 47 53
7 61 75 69 73
7 62 98 97 92
7 63 90 81 81
7 64 2 10 3
7 65 97 95 89
7 66 72 71 67
7 67 50 46 53
7 68 97 90 93
7 69 48 44 50
7 70 72 69 68
7 71 8 9 13
7 72 17 17 21
7 73 16 16 20
7 74 21 22 20
7 75 68 64 64
7 76 89 90 88
7 77 20 27 19
7 78 6 11 12
7 79 29 32 35
7 80 30 35 29
7 81 44 48 49
7 82 11 15 11
7 83 51 51 55
7 84 82 75 79
7 85 4 9 8
7 86 88 83 83
7 87 86 79 87
7 88 43 47 47
7 89 51 47 49
7 90 75 76 74
7 91 85 78 85
7 92 85 83 83
7 93 47 45 50
7 94 38 40 35
7 95 79 80 75
7 96 19 20 17
7 97 79 74 80
7 98 30 30 30
7 99 84 79 80
8 9 86 80 79
8 10 58 55 59
8 11 43 39 47
8 12 80 75 76
8 13 99 92 93
8 14 90 85 89
8 15 41 41 43
8 16 6 5 9
8 17 43 39 40
8 18 37 36 40
8 19 51 51 50
8 20 28 32 29
8 21 3 9 7
8 22 52 48 56
8 23 81 75 79
8 24 33 37 38
8 25 73 68 71
8 26 54 53 56
8 27 32 37 32
8 28 67 69 61
8 29 51 54 47
8 30 86 79 81
8 31 46 44 50
8 32 64 67 61
8 33 41 40 38
8 34 70 63 68
8 35 69 65 67
8 36 3 5 10
8 37 79 78 77
8 38 98 90 90
8 39 90 89 85
8 40 51 56 53
8 41 99 96 97
8 42 47 44 47
8 43 9 15 13
8 44 49 44 48
8 45 61 58 58
8 46 49 48 47
8 47 60 62 62
8 48 7 16 14
8 49 3 10 7
8 50 49 46 53
8 51 75 68 75
8 52 3 9 3
8 53 65 65 59
8 54 1 7 6
8 55 78 80 74
8 56 24 28 27
8 57 20 22 19
8 58 62 60 62
8 59 14 17 14
8 60 95 90 92
8 61 12 13 15
8 62 87 79 82
8 63 0 9 7
8 64 53 55 56
8 65 78 77 73
8 66 9 8 12
8 67 37 38 40
8 68 28 27 26
8 69 91 88 88
8 70 67 66 65
8 71 94 85 85
8 72 29 35 29
8 73 82 83 81
8 74 11 16 13
8 75 6 13 13
8 76 87 80 85
8 77 82 79 80
8 78 97 96 91
8 79 12 20 18
8 80 23 22 22
8 81 3 5 12
8 82 3 4 5
8 83 99 97 96
8 84 81 80 73
8 85 64 64 65
8 86 81 76 78
8 87 29 34 31
8 88 35 34 40
8 89 1 4 5
8 90 73 68 66
8 91 17 22 21
8 92 84 76 76
8 93 0 3 2
8 94 43 42 44
8 95 1 5 3
8 96 53 48 52
8 97 67 65 62
8 98 27 24 28
8 99 76 77 69
9 10 26 25 26
9 11 73 73 76
9 12 99 94 96
9 13 29 28 28
9 14 9 16 17
9 15 70 63 72
9 16 72 72 71
9 17 98 88 93
9 18 91 90 86
9 19 7 16 9
9 20 45 44 42
9 21 96 94 91
9 22 42 48 43
9 23 32 34 32
9 24 26 32 29
9 25 12 14 13
9 26 2 6 9
9 27 97 92 93
9 28 19 26 26
9 29 82 75 83
9 30 4 4 10
9 31 14 17 22
9 32 71 71 73
9 33 80 72 74
9 34 11 13 16
9 35 14 14 21
9 36 42 38 39
9 37 10 11 15
9 38 71 72 64
9 39 53 49 49
9 40 30 36 35
9 41 96 93 95
9 42 99 96 96
9 43 26 24 27
9 44 7 13 7
9 45 20 19 27
9 46 53 55 53
9 47 7 7 16
9 48 43 39 42
9 49 40 39 42
9 50 65 59 65
9 51 78 78 76
9 52 43 41 46
9 53 61 57 58
9 54 64 58 58
9 55 3 8 6
9 56 24 22 31
9 57 8 12 15
9 58 30 35 32
9 59 3 7 12
9 60 47 51 47
9 61 61 60 57
9 62 41 39 42
9 63 64 62 58
9 64 53 53 48
9 65 14 15 13
9 66 39 38 35
9 67 33 34 37
9 68 79 77 76
9 69 40 43 45
9 70 37 34 39
9 71 82 77 74
9 72 23 23 30
9 73 44 42 44
9 74 12 16 20
9 75 7 6 13
9 76 83 78 78
9 77 37 33 34
9 78 76 71 75
9 79 34 38 34
9 80 63 66 59
9 81 61 62 61
9 82 78 75 74
9 83 33 38 35
9 84 51 55 52
9 85 47 48 49
9 86 42 45 42
9 87 14 22 19
9 88 12 11 18
9 89 95 86 94
9 90 95 87 90
9 91 8 10 13
9 92 86 87 86
9 93 94 87 91
9 94 92 91 87
9 95 3 11 6
9 96 38 42 43
9 97 66 63 63
9 98 51 56 49
9 99 71 64 68
10 11 12 16 20
10 12 24 30 23
10 13 97 95 91
10 14 30 29 30
10 15 3 6 10
10 16 79 73 81
10 17 69 67 64
10 18 9 15 18
10 19 94 90 88
10 20 60 57 60
10 21 67 67 67
10 22 68 66 63
10 23 99 97 98
10 24 2 2 11
10 25 73 67 67
10 26 89 87 81
10 27 74 72 66
10 28 37 42 39
10 29 37 38 41
10 30 78 79 74
10 31 81 80 77
10 32 15 15 15
10 33 55 52 52
10 34 52 51 50
10 35 23 22 23
10 36 37 40 35
10 37 52 57 49
10 38 20 27 19
10 39 58 58 56
10 40 52 52 56
10 41 58 53 58
10 42 19 23 26
10 43 86 87 82
10 44 50 51 55
10 45 91 89 88
10 46 68 62 68
10 47 85 80 86
10 48 40 38 42
10 49 54 52 55
10 50 39 42 42
10 51 32 31 31
10 52 69 67 69
10 53 26 24 24
10 54 66 61 67
10 55 93 94 87
10 56 30 34 33
10 57 82 75 74
10 58 22 23 27
10 59 73 66 66
10 60 91 91 84
10 61 34 37 32
10 62 59 61 57
10 63 73 71 71
10 64 5 9 5
10 65 68 64 63
10 66 41 47 41
10 67 40 38 46
10 68 48 51 47
10 69 88 84 84
10 70 10 18 17
10 71 77 78 71
10 72 39 40 45
10 73 30 35 30
10 74 45 42 47
10 75 93 88 89
10 76 28 29 32
10 77 84 80 81
10 78 73 67 70
10 79 65 63 62
10 80 41 39 39
10 81 7 14 11
10 82 67 66 69
10 83 31 30 31
10 84 65 62 64
10 85 57 55 58
10 86 47 43 47
10 87 48 47 46
10 88 18 26 18
10 89 51 48 51
10 90 85 80 81
10 91 37 37 40
10 92 39 41 38
10 93 43 46 48
10 94 86 85 82
10 95 27 26 31
10 96 64 62 66
10 97 12 13 21
10 98 85 81 86
10 99 37 35 37
11 12 39 40 43
11 13 9 16 13
11 14 3 11 7
11 15 45 48 43
11 16 48 49 48
11 17 8 16 8
11 18 88 81 83
11 19 95 89 87
11 20 30 31 28
11 21 29 26 29
11 22 43 42 39
11 23 29 36 33
11 24 67 63 69
11 25 55 50 58
11 26 48 51 48
11 27 30 34 35
11 28 92 92 86
11 29 85 81 84
11 30 41 43 44
11 31 0 2 7
11 32 54 56 58
11 33 52 55 49
11 34 27 27 30
11 35 64 59 58
11 36 6 11 15
11 37 78 77 76
11 38 72 71 70
11 39 15 21 22
11 40 16 16 18
11 41 81 76 74
11 42 17 24 16
11 43 83 80 76
11 44 26 24 27
11 45 86 78 85
11 46 52 49 52
11 47 90 85 83
11 48 98 98 98
11 49 80 72 72
11 50 64 68 67
11 51 6 7 7
11 52 19 21 25
11 53 21 27 19
11 54 8 14 13
11 55 25 32 31
11 56 87 83 82
11 57 87 81 87
11 58 10 13 11
11 59 75 74 77
11 60 22 23 22
11 61 54 55 54
11 62 17 20 21
11 63 26 28 31
11 64 76 72 73
11 65 80 80 78
11 66 50 47 54
11 67 2 3 11
11 68 94 89 86
11 69 33 38 39
11 70 42 47 43
11 71 94 93 92
11 72 78 71 80
11 73 75 73 76
11 74 0 3 7
11 75 3 11 3
11 76 67 70 65
11 77 3 10 12
11 78 12 16 12
11 79 87 82 85
11 80 90 82 87
11 81 29 35 30
11 82 59 56 57
11 83 41 39 44
11 84 58 61 57
11 85 77 78 77
11 86 7 15 11
11 87 83 78 79
11 88 34 31 32
11 89 1 8 5
11 90 72 71 73
11 91 30 33 30
11 92 83 81 80
11 93 26 29 24
11 94 42 43 40
11 95 74 68 67
11 96 87 83 81
11 97 90 82 89
11 98 23 29 23
11 99 72 66 71
12 13 60 58 55
12 14 67 70 63
12 15 87 82 81
12 16 70 64 68
12 17 30 32 34
12 18 61 64 56
12 19 20 23 26
12 20 74 76 73
12 21 37 42 35
12 22 8 10 17
12 23 53 49 51
12 24 94 94 87
12 25 55 58 52
12 26 19 20 23
12 27 77 78 74
12 28 22 22 27
12 29 35 33 40
12 30 82 78 84
12 31 77 74 79
12 32 47 48 43
12 33 34 36 36
12 34 35 40 32
12 35 9 14 12
12 36 96 90 93
12 37 11 18 16
12 38 44 40 47
12 39 56 56 55
12 40 24 28 22
12 41 17 20 17
12 42 32 35 35
12 43 60 58 55
12 44 47 49 48
12 45 94 87 93
12 46 39 36 41
12 47 77 76 75
12 48 98 95 90
12 49 72 71 69
12 50 17 17 24
12 51 98 90 96
12 52 28 25 32
12 53 21 25 28
12 54 38 34 35
12 55 72 73 72
12 56 75 76 77
12 57 54 52 50
12 58 8 10 15
12 59 84 83 77
12 60 20 24 22
12 61 93 85 88
12 62 14 19 14
12 63 17 22 17
12 64 92 89 92
12 65 65 63 65
12 66 78 71 78
12 67 4 6 11
12 68 41 37 46
12 69 63 60 64
12 70 6 9 10
12 71 99 96 99
12 72 69 66 71
12 73 69 63 65
12 74 19 23 21
12 75 9 13 10
12 76 59 57 55
12 77 39 37 44
12 78 49 52 53
12 79 49 51 46
12 80 79 81 78
12 81 19 23 25
12 82 59 58 62
12 83 86 85 82
12 84 36 39 40
12 85 40 41 45
12 86 50 49 53
12 87 53 56 47
12 88 36 41 37
12 89 55 56 51
12 90 31 30 36
12 91 33 34 34
12 92 76 69 75
12 93 43 44 44
12 94 1 4 6
12 95 32 36 36
12 96 22 29 28
12 97 39 44 37
12 98 98 91 93
12 99 80 80 75
13 14 48 43 52
13 15 6 10 14
13 16 64 66 59
13 17 40 46 39
13 18 53 50 53
13 19 59 59 61
13 20 63 59 63
13 21 24 28 25
13 22 3 3 5
13 23 59 61 56
13 24 90 82 86
13 25 78 71 76
13 26 53 56 51
13 27 90 81 89
13 28 16 23 24
13 29 33 34 35
13 30 51 52 49
13 31 34 34 36
13 32 36 41 41
13 33 97 92 93
13 34 80 79 76
13 35 37 43 35
13 36 11 12 14
13 37 73 70 76
13 38 30 28 30
13 39 52 53 57
13 40 38 39 44
13 41 23 30 29
13 42 57 59 53
13 43 79 78 81
13 44 33 33 36
13 45 56 53 56
13 46 26 25 34
13 47 62 62 58
13 48 76 78 73
13 49 55 59 53
13 50 78 73 74
13 51 91 82 85
13 52 11 17 10
13 53 56 57 51
13 54 3 3 12
13 55 3 3 10
13 56 17 17 17
13 57 0 7 0
13 58 69 69 63
13 59 25 28 24
13 60 3 8 5
13 61 86 83 77
13 62 55 50 50
13 63 52 49 51
13 64 29 31 35
13 65 93 92 92
13 66 20 24 23
13 67 85 82 86
13 68 2 2 11
13 69 70 68 68
13 70 16 23 19
13 71 50 50 48
13 72 65 66 60
13 73 59 62 62
13 74 63 62 64
13 75 0 2 7
13 76 90 83 84
13 77 85 78 83
13 78 15 21 16
13 79 20 22 18
13 80 94 93 89
13 81 7 14 11
13 82 77 76 72
13 83 94 91 88
13 84 69 72 64
13 85 37 34 40
13 86 73 75 67
13 87 4 13 10
13 88 15 18 15
13 89 37 39 37
13 90 46 47 51
13 91 65 62 62
13 92 73 75 68
13 93 60 55 60
13 94 22 23 24
13 95 13 12 19
13 96 3 12 7
13 97 79 72 75
13 98 17 18 18
13 99 99 95 95
14 15 40 36 43
14 16 17 20 21
14 17 51 47 52
14 18 4 13 10
14 19 21 22 23
14 20 79 80 73
14 21 97 96 93
14 22 25 28 27
14 23 32 33 35
14 24 14 21 17
14 25 1 5 1
14 26 35 39 37
14 27 28 27 35
14 28 77 75 71
14 29 1 4 9
14 30 83 76 81
14 31 96 88 95
14 32 55 50 58
14 33 94 94 93
14 34 73 66 72
14 35 60 62 63
14 36 91 82 89
14 37 22 29 20
14 38 61 58 57
14 39 9 13 8
14 40 63 61 60
14 41 38 40 38
14 42 92 89 85
14 43 65 64 68
14 44 96 90 88
14 45 80 72 75
14 46 86 88 83
14 47 30 33 33
14 48 54 59 55
14 49 41 44 47
14 50 25 28 23
14 51 67 67 65
14 52 66 67 67
14 53 69 67 65
14 54 26 32 27
14 55 93 85 88
14 56 71 66 69
14 57 49 51 50
14 58 50 46 50
14 59 22 25 28
14 60 34 34 32
14 61 55 57 56
14 62 59 62 54
14 63 83 78 83
14 64 46 46 42
14 65 14 14 20
14 66 43 44 41
14 67 82 77 76
14 68 74 69 72
14 69 42 38 45
14 70 40 40 43
14 71 8 9 8
14 72 23 27 30
14 73 77 73 72
14 74 70 67 71
14 75 34 31 33
14 76 50 54 50
14 77 0 1 8
14 78 41 38 43
14 79 65 65 67
14 80 75 76 68
14 81 29 33 28
14 82 98 92 91
14 83 18 22 19
14 84 94 88 94
14 85 44 43 44
14 86 7 15 9
14 87 49 44 50
14 88 41 42 46
14 89 57 58 53
14 90 64 67 65
14 91 75 78 72
14 92 12 19 16
14 93 22 25 26
14 94 43 42 44
14 95 96 96 87
14 96 37 34 34
14 97 43 43 43
14 98 24 25 25
14 99 30 29 33
15 16 92 92 86
15 17 87 81 86
15 18 42 45 41
15 19 22 24 24
15 20 31 36 35
15 21 91 84 89
15 22 90 87 89
15 23 52 47 50
15 24 39 41 37
15 25 56 57 57
15 26 47 43 44
15 27 47 44 44
15 28 94 95 86
15 29 69 68 70
15 30 54 49 50
15 31 62 57 62
15 32 21 23 21
15 33 1 9 2
15 34 10 18 11
15 35 51 53 49
15 36 93 90 90
15 37 17 17 23
15 38 84 81 83
15 39 59 58 54
15 40 86 80 80
15 41 10 15 19
15 42 56 53 54
15 43 54 50 54
15 44 35 38 37
15 45 75 71 73
15 46 19 20 24
15 47 79 79 77
15 48 51 54 49
15 49 82 81 81
15 50 68 63 64
15 51 82 80 75
15 52 46 45 47
15 53 68 62 63
15 54 86 83 79
15 55 64 58 67
15 56 57 52 61
15 57 20 27 24
15 58 33 32 39
15 59 61 57 57
15 60 22 26 21
15 61 88 88 85
15 62 67 65 69
15 63 10 17 13
15 64 88 86 80
15 65 17 20 18
15 66 72 67 72
15 67 24 28 30
15 68 69 68 65
15 69 87 83 87
15 70 27 34 34
15 71 77 74 76
15 72 49 47 46
15 73 82 76 81
15 74 37 37 42
15 75 45 41 45
15 76 57 58 55
15 77 34 36 37
15 78 51 47 51
15 79 58 60 58
15 80 85 77 81
15 81 78 72 70
15 82 64 66 65
15 83 97 97 89
15 84 19 19 20
15 85 72 69 66
15 86 33 32 35
15 87 59 61 61
15 88 48 52 53
15 89 46 48 47
15 90 16 23 23
15 91 18 19 25
15 92 28 33 29
15 93 76 74 71
15 94 89 87 90
15 95 34 36 32
15 96 27 30 25
15 97 95 89 93
15 98 3 10 10
15 99 57 53 60
16 17 19 25 24
16 18 57 59 53
16 19 17 23 16
16 20 22 25 29
16 21 69 69 66
16 22 70 64 66
16 23 69 68 66
16 24 63 62 59
16 25 76 71 78
16 26 46 45 46
16 27 86 79 84
16 28 95 90 92
16 29 62 65 65
16 30 3 12 11
16 31 30 32 33
16 32 87 80 80
16 33 73 71 72
16 34 44 44 43
16 35 33 31 34
16 36 48 45 46
16 37 19 23 24
16 38 52 48 52
16 39 48 49 47
16 40 18 18 24
16 41 75 76 77
16 42 68 71 67
16 43 38 36 36
16 44 95 86 88
16 45 99 96 97
16 46 73 67 73
16 47 16 20 22
16 48 78 73 79
16 49 51 51 47
16 50 73 71 74
16 51 54 50 57
16 52 42 38 43
16 53 35 36 37
16 54 70 65 73
16 55 31 34 37
16 56 99 98 97
16 57 52 50 55
16 58 84 82 77
16 59 35 36 38
16 60 7 8 13
16 61 61 65 62
16 62 76 70 77
16 63 23 23 28
16 64 4 9 8
16 65 93 88 87
16 66 59 61 62
16 67 80 81 80
16 68 10 12 15
16 69 15 17 16
16 70 72 67 65
16 71 71 65 73
16 72 89 89 81
16 73 45 49 51
16 74 16 22 24
16 75 69 71 66
16 76 16 15 17
16 77 89 83 87
16 78 15 15 23
16 79 51 46 54
16 80 91 91 90
16 81 72 68 69
16 82 67 70 63
16 83 47 46 47
16 84 50 52 45
16 85 31 31 38
16 86 86 82 80
16 87 93 92 84
16 88 89 88 82
16 89 18 21 20
16 90 12 15 15
16 91 11 20 14
16 92 90 84 81
16 93 3 9 6
16 94 31 35 35
16 95 99 97 92
16 96 79 75 81
16 97 34 31 32
16 98 1 2 7
16 99 84 79 79
17 18 68 70 63
17 19 38 42 38
17 20 5 11 13
17 21 17 16 25
17 22 43 43 46
17 23 44 40 43
17 24 11 10 12
17 25 40 44 43
17 26 70 66 66
17 27 19 17 23
17 28 87 83 79
17 29 57 61 56
17 30 32 30 30
17 31 17 21 17
17 32 53 57 51
17 33 8 16 11
17 34 90 90 82
17 35 55 56 54
17 36 62 64 61
17 37 26 25 27
17 38 36 34 41
17 39 17 16 21
17 40 4 10 13
17 41 9 10 17
17 42 63 59 64
17 43 75 77 68
17 44 11 18 10
17 45 47 47 51
17 46 33 38 35
17 47 52 49 51
17 48 33 35 34
17 49 63 65 61
17 50 44 45 42
17 51 94 87 84
17 52 22 23 29
17 53 47 50 50
17 54 53 54 52
17 55 16 20 15
17 56 29 34 33
17 57 98 88 92
17 58 93 92 86
17 59 54 50 50
17 60 31 28 35
17 61 29 35 29
17 62 61 62 55
17 63 89 86 83
17 64 55 55 54
17 65 57 52 52
17 66 48 47 49
17 67 62 65 60
17 68 25 32 27
17 69 79 75 79
17 70 77 72 78
17 71 44 41 49
17 72 38 43 40
17 73 87 78 86
17 74 10 11 10
17 75 66 62 68
17 76 10 16 11
17 77 16 20 20
17 78 92 93 93
17 79 8 13 13
17 80 85 80 81
17 81 1 10 1
17 82 54 57 54
17 83 26 29 33
17 84 23 31 30
17 85 84 80 82
17 86 44 47 43
17 87 49 51 48
17 88 40 36 37
17 89 99 90 97
17 90 58 62 55
17 91 71 65 71
17 92 90 88 86
17 93 69 70 67
17 94 91 92 90
17 95 64 58 67
17 96 61 61 57
17 97 55 49 55
17 98 43 47 42
17 99 66 63 68
18 19 36 37 38
18 20 67 70 64
18 21 63 64 58
18 22 92 88 90
18 23 20 20 24
18 24 4 5 13
18 25 22 25 29
18 26 23 21 28
18 27 30 28 30
18 28 63 66 64
18 29 27 25 25
18 30 94 89 91
18 31 2 12 8
18 32 87 84 81
18 33 71 68 65
18 34 60 61 55
18 35 86 79 85
18 36 38 36 40
18 37 67 61 62
18 38 9 14 15
18 39 66 66 62
18 40 16 16 23
18 41 55 52 55
18 42 97 96 93
18 43 91 90 83
18 44 50 50 51
18 45 39 39 41
18 46 57 59 58
18 47 44 40 44
18 48 98 89 95
18 49 90 84 88
18 50 7 14 7
18 51 71 70 71
18 52 41 41 39
18 53 78 78 77
18 54 54 52 55
18 55 55 50 50
18 56 49 54 48
18 57 82 75 76
18 58 19 27 19
18 59 58 57 53
18 60 42 46 39
18 61 99 94 93
18 62 84 82 78
18 63 45 46 49
18 64 78 76 70
18 65 70 69 66
18 66 22 30 29
18 67 82 79 75
18 68 30 33 34
18 69 77 73 76
18 70 87 87 81
18 71 70 72 71
18 72 16 23 19
18 73 50 45 46
18 74 72 72 72
18 75 4 7 13
18 76 67 62 66
18 77 7 16 12
18 78 39 39 39
18 79 33 35 34
18 80 93 89 84
18 81 48 45 52
18 82 53 57 48
18 83 98 92 93
18 84 19 22 21
18 85 28 34 30
18 86 1 0 1
18 87 95 89 93
18 88 3 7 6
18 89 1 8 2
18 90 58 57 53
18 91 33 38 33
18 92 66 68 66
18 93 54 58 55
18 94 27 27 26
18 95 91 83 84
18 96 31 29 30
18 97 56 59 60
18 98 7 11 9
18 99 37 38 39
19 20 46 46 50
19 21 84 80 79
19 22 54 52 53
19 23 10 18 14
19 24 64 67 66
19 25 42 43 44
19 26 27 25 29
19 27 58 62 61
19 28 36 40 40
19 29 50 48 47
19 30 48 46 45
19 31 21 20 26
19 32 8 10 17
19 33 47 46 46
19 34 80 75 80
19 35 95 88 95
19 36 10 19 13
19 37 56 56 56
19 38 48 45 47
19 39 56 59 60
19 40 95 87 94
19 41 26 31 32
19 42 45 43 43
19 43 81 80 80
19 44 41 45 43
19 45 0 8 3
19 46 51 55 51
19 47 57 55 56
19 48 10 14 18
19 49 46 43 45
19 50 5 5 8
19 51 9 17 15
19 52 22 23 27
19 53 40 36 37
19 54 9 14 10
19 55 3 7 6
19 56 45 48 43
19 57 78 73 75
19 58 90 88 91
19 59 84 83 82
19 60 31 35 38
19 61 94 87 91
19 62 85 83 78
19 63 81 78 74
19 64 16 23 18
19 65 71 73 70
19 66 30 27 31
19 67 93 85 92
19 68 1 6 9
19 69 81 82 79
19 70 71 67 72
19 71 57 61 54
19 72 9 14 11
19 73 32 34 36
19 74 64 67 64
19 75 47 48 49
19 76 48 51 46
19 77 3 5 4
19 78 21 21 25
19 79 99 95 90
19 80 66 68 62
19 81 97 87 93
19 82 39 39 43
19 83 83 84 75
19 84 67 61 65
19 85 16 24 18
19 86 57 51 58
19 87 36 35 35
19 88 64 64 59
19 89 77 77 76
19 90 39 40 37
19 91 18 17 16
19 92 9 8 17
19 93 42 43 46
19 94 72 68 68
19 95 7 12 9
19 96 50 46 52
19 97 29 36 35
19 98 80 79 75
19 99 28 34 35
20 21 39 38 41
20 22 84 86 78
20 23 36 40 37
20 24 80 81 74
20 25 60 63 58
20 26 97 94 96
20 27 39 35 36
20 28 16 15 23
20 29 36 36 40
20 30 37 33 40
20 31 50 54 54
20 32 4 9 13
20 33 82 74 82
20 34 77 72 73
20 35 10 11 18
20 36 19 25 18
20 37 76 77 78
20 38 59 59 58
20 39 93 94 88
20 40 63 61 63
20 41 33 34 32
20 42 99 95 93
20 43 20 23 27
20 44 92 86 89
20 45 47 51 51
20 46 2 5 7
20 47 54 54 51
20 48 68 69 67
20 49 99 96 93
20 50 13 13 22
20 51 95 86 89
20 52 71 71 74
20 53 53 50 54
20 54 13 17 19
20 55 22 22 28
20 56 57 60 57
20 57 71 67 73
20 58 65 67 65
20 59 67 65 67
20 60 35 33 38
20 61 11 15 14
20 62 84 85 78
20 63 19 19 17
20 64 59 56 57
20 65 73 66 69
20 66 23 22 28
20 67 84 80 77
20 68 38 35 41
20 69 25 24 32
20 70 55 55 58
20 71 26 25 30
20 72 91 84 85
20 73 0 8 4
20 74 20 28 27
20 75 27 32 30
20 76 38 36 41
20 77 47 43 43
20 78 26 29 25
20 79 56 56 51
20 80 26 31 27
20 81 36 35 40
20 82 81 74 81
20 83 14 16 18
20 84 17 19 20
20 85 90 90 86
20 86 72 71 72
20 87 60 54 57
20 88 32 31 36
20 89 16 17 18
20 90 73 74 70
20 91 72 65 74
20 92 97 92 90
20 93 43 44 43
20 94 38 40 44
20 95 66 64 67
20 96 48 47 53
20 97 31 37 30
20 98 71 73 72
20 99 11 16 12
21 22 45 47 48
21 23 7 14 13
21 24 13 15 12
21 25 37 35 33
21 26 12 14 12
21 27 78 70 75
21 28 43 41 43
21 29 0 3 0
21 30 88 87 84
21 31 49 45 54
21 32 79 81 76
21 33 62 61 66
21 34 3 11 5
21 35 81 76 77
21 36 29 27 29
21 37 91 87 83
21 38 0 5 2
21 39 12 17 16
21 40 39 40 37
21 41 63 60 61
21 42 50 51 51
21 43 58 61 62
21 44 32 31 31
21 45 2 7 9
21 46 16 16 16
21 47 50 47 46
21 48 73 70 74
21 49 30 37 31
21 50 90 81 83
21 51 40 41 45
21 52 63 59 58
21 53 45 42 42
21 54 47 48 44
21 55 83 81 84
21 56 43 45 44
21 57 74 74 71
21 58 22 21 29
21 59 74 75 69
21 60 47 49 50
21 61 7 13 10
21 62 16 24 19
21 63 95 94 95
21 64 91 86 89
21 65 11 19 10
21 66 21 28 19
21 67 31 31 28
21 68 58 61 57
21 69 77 74 79
21 70 97 95 92
21 71 92 84 86
21 72 70 70 66
21 73 45 45 48
21 74 94 91 85
21 75 42 44 47
21 76 18 23 25
21 77 59 59 57
21 78 42 42 46
21 79 58 55 58
21 80 0 1 4
21 81 52 55 53
21 82 59 62 61
21 83 65 62 68
21 84 50 45 49
21 85 55 51 50
21 86 89 87 83
21 87 57 56 52
21 88 41 37 46
21 89 64 61 67
21 90 23 26 25
21 91 28 32 34
21 92 16 24 22
21 93 16 22 18
21 94 32 33 38
21 95 90 82 82
21 96 64 61 65
21 97 28 32 35
21 98 17 16 22
21 99 14 20 20
22 23 78 75 76
22 24 7 11 12
22 25 90 89 85
22 26 19 21 22
22 27 18 25 17
22 28 12 11 12
22 29 33 37 33
22 30 69 66 69
22 31 15 18 22
22 32 34 36 38
22 33 24 25 30
22 34 2 3 10
22 35 48 47 44
22 36 34 37 38
22 37 73 71 72
22 38 97 93 96
22 39 65 61 61
22 40 24 23 22
22 41 38 40 36
22 42 87 85 82
22 43 75 68 69
22 44 11 11 14
22 45 54 57 58
22 46 3 3 9
22 47 70 72 70
22 48 48 46 52
22 49 57 60 54
22 50 39 39 44
22 51 42 47 39
22 52 61 60 56
22 53 48 52 53
22 54 26 25 25
22 55 58 58 60
22 56 56 55 51
22 57 91 90 88
22 58 49 47 52
22 59 97 88 95
22 60 80 79 74
22 61 2 10 4
22 62 34 36 38
22 63 5 14 9
22 64 23 24 30
22 65 96 87 93
22 66 41 41 41
22 67 78 76 70
22 68 66 61 66
22 69 34 32 32
22 70 69 63 67
22 71 61 63 56
22 72 76 72 77
22 73 46 50 45
22 74 54 53 55
22 75 48 49 44
22 76 60 57 55
22 77 46 50 43
22 78 50 53 54
22 79 23 28 26
22 80 77 73 78
22 81 58 58 54
22 82 10 16 11
22 83 30 29 27
22 84 16 23 17
22 85 51 47 54
22 86 77 75 71
22 87 66 65 63
22 88 76 70 75
22 89 20 20 20
22 90 47 46 44
22 91 62 58 64
22 92 23 23 24
22 93 26 29 33
22 94 48 44 50
22 95 33 39 34
22 96 54 54 51
22 97 71 71 73
22 98 3 3 11
22 99 22 28 23
23 24 56 58 51
23 25 85 81 79
23 26 25 31 28
23 27 35 39 35
23 28 17 24 21
23 29 56 55 59
23 30 32 32 35
23 31 29 27 29
23 32 51 55 51
23 33 85 81 79
23 34 39 45 38
23 35 22 28 25
23 36 40 36 43
23 37 17 20 18
23 38 44 43 45
23 39 33 31 36
23 40 4 12 8
23 41 33 39 32
23 42 84 81 82
23 43 53 50 53
23 44 4 12 7
23 45 78 73 75
23 46 64 67 66
23 47 94 85 94
23 48 35 39 35
23 49 80 79 74
23 50 37 41 35
23 51 81 76 76
23 52 40 45 39
23 53 51 51 46
23 54 94 93 89
23 55 87 85 81
23 56 82 83 82
23 57 45 43 44
23 58 99 95 92
23 59 31 36 29
23 60 73 68 74
23 61 66 59 66
23 62 40 45 40
23 63 49 51 47
23 64 72 67 70
23 65 8 10 14
23 66 26 25 33
23 67 43 43 42
23 68 32 34 29
23 69 16 22 15
23 70 5 14 10
23 71 83 78 77
23 72 69 68 69
23 73 99 90 95
23 74 1 1 8
23 75 92 88 91
23 76 88 84 83
23 77 10 14 19
23 78 58 55 55
23 79 74 73 75
23 80 57 56 58
23 81 55 58 54
23 82 44 47 43
23 83 87 79 79
23 84 63 57 61
23 85 42 38 41
23 86 64 66 58
23 87 25 26 32
23 88 34 38 39
23 89 81 75 81
23 90 33 36 33
23 91 37 39 36
23 92 36 42 41
23 93 71 64 67
23 94 85 85 83
23 95 59 59 54
23 96 87 83 87
23 97 36 35 41
23 98 81 82 74
23 99 30 33 34
24 25 65 67 65
24 26 13 14 12
24 27 44 42 45
24 28 98 90 92
24 29 39 39 36
24 30 11 14 18
24 31 56 53 58
24 32 4 6 5
24 33 44 50 48
24 34 23 28 26
24 35 80 75 79
24 36 6 6 13
24 37 28 33 31
24 38 8 15 15
24 39 46 50 43
24 40 36 40 34
24 41 68 61 69
24 42 26 32 30
24 43 21 24 25
24 44 16 19 17
24 45 75 70 68
24 46 18 24 18
24 47 4 10 6
24 48 93 91 88
24 49 61 58 63
24 50 67 68 68
24 51 1 10 6
24 52 65 59 62
24 53 59 62 58
24 54 19 20 19
24 55 50 52 46
24 56 1 9 3
24 57 24 27 27
24 58 7 15 7
24 59 1 6 9
24 60 13 18 14
24 61 87 87 78
24 62 63 59 66
24 63 9 11 10
24 64 44 42 44
24 65 38 43 44
24 66 26 24 29
24 67 55 50 51
24 68 89 80 87
24 69 77 78 78
24 70 44 49 41
24 71 13 12 20
24 72 77 76 78
24 73 32 35 30
24 74 5 12 6
24 75 90 87 81
24 76 6 13 10
24 77 34 34 36
24 78 10 13 17
24 79 1 10 6
24 80 61 61 62
24 81 88 83 89
24 82 14 23 17
24 83 0 3 7
24 84 47 46 51
24 85 93 86 89
24 86 66 62 60
24 87 79 81 72
24 88 77 74 79
24 89 48 43 48
24 90 28 27 30
24 91 47 51 49
24 92 78 70 72
24 93 69 69 62
24 94 32 35 35
24 95 97 97 97
24 96 1 4 2
24 97 38 40 38
24 98 64 67 63
24 99 61 60 55
25 26 6 9 14
25 27 43 48 44
25 28 81 76 83
25 29 12 16 13
25 30 21 27 21
25 31 69 71 71
25 32 69 68 67
25 33 97 92 96
25 34 21 23 20
25 35 5 8 10
25 36 99 95 97
25 37 68 64 65
25 38 7 7 13
25 39 93 92 89
25 40 36 34 41
25 41 51 48 48
25 42 57 61 58
25 43 39 44 45
25 44 78 75 70
25 45 24 27 23
25 46 15 23 22
25 47 81 79 77
25 48 83 79 76
25 49 48 43 52
25 50 78 78 72
25 51 55 53 59
25 52 5 10 6
25 53 84 81 80
25 54 26 29 25
25 55 64 59 68
25 56 61 55 61
25 57 66 63 66
25 58 23 27 25
25 59 97 87 90
25 60 12 17 19
25 61 85 79 79
25 62 40 38 39
25 63 97 93 92
25 64 68 66 62
25 65 18 22 26
25 66 46 45 48
25 67 86 80 83
25 68 72 68 70
25 69 89 85 89
25 70 14 17 14
25 71 14 21 14
25 72 71 73 66
25 73 28 35 31
25 74 11 11 11
25 75 84 79 78
25 76 2 9 5
25 77 21 20 27
25 78 34 38 39
25 79 86 80 82
25 80 55 53 57
25 81 18 26 20
25 82 51 52 47
25 83 57 57 56
25 84 85 77 86
25 85 41 43 47
25 86 39 36 36
25 87 41 46 39
25 88 8 7 16
25 89 66 60 66
25 90 4 13 4
25 91 83 79 80
25 92 12 13 14
25 93 30 31 28
25 94 71 72 72
25 95 45 43 45
25 96 79 72 77
25 97 77 77 78
25 98 60 61 60
25 99 67 68 69
26 27 33 35 37
26 28 69 70 63
26 29 74 73 76
26 30 54 52 55
26 31 11 14 19
26 32 34 37 36
26 33 96 87 90
26 34 12 12 11
26 35 52 47 52
26 36 74 69 69
26 37 59 58 55
26 38 86 86 83
26 39 90 87 86
26 40 51 47 48
26 41 73 70 73
26 42 10 9 17
26 43 29 35 36
26 44 41 43 40
26 45 19 24 18
26 46 53 49 53
26 47 20 19 20
26 48 43 43 48
26 49 74 67 66
26 50 81 79 79
26 51 55 53 51
26 52 5 13 6
26 53 81 82 77
26 54 67 68 63
26 55 40 41 40
26 56 8 12 12
26 57 14 19 22
26 58 79 74 75
26 59 20 23 28
26 60 24 26 23
26 61 59 59 55
26 62 41 45 41
26 63 68 71 61
26 64 75 71 73
26 65 57 55 59
26 66 23 27 22
26 67 91 82 83
26 68 38 37 39
26 69 48 45 51
26 70 61 59 58
26 71 27 32 31
26 72 4 8 8
26 73 80 77 75
26 74 70 68 68
26 75 6 7 10
26 76 32 35 36
26 77 43 39 42
26 78 22 24 27
26 79 32 36 30
26 80 94 85 89
26 81 98 89 97
26 82 82 79 76
26 83 40 39 39
26 84 80 80 82
26 85 90 85 89
26 86 96 96 93
26 87 4 11 6
26 88 12 12 19
26 89 31 32 37
26 90 56 52 58
26 91 53 48 50
26 92 56 60 53
26 93 21 26 22
26 94 97 92 88
26 95 68 68 62
26 96 43 45 41
26 97 80 79 76
26 98 89 89 82
26 99 30 32 35
27 28 35 35 38
27 29 18 20 25
27 30 99 93 95
27 31 60 62 63
27 32 80 81 80
27 33 54 50 51
27 34 21 25 25
27 35 50 52 52
27 36 16 22 19
27 37 51 51 55
27 38 82 84 81
27 39 62 63 66
27 40 1 10 1
27 41 15 22 21
27 42 1 5 6
27 43 33 30 34
27 44 93 89 89
27 45 54 52 57
27 46 23 25 27
27 47 27 24 33
27 48 45 47 47
27 49 42 44 45
27 50 43 48 43
27 51 80 80 72
27 52 46 51 44
27 53 19 18 27
27 54 46 51 45
27 55 33 33 38
27 56 91 82 90
27 57 16 16 22
27 58 53 52 53
27 59 48 49 52
27 60 3 10 11
27 61 76 77 78
27 62 52 51 56
27 63 69 69 65
27 64 91 82 85
27 65 89 90 88
27 66 83 81 74
27 67 82 77 80
27 68 26 29 31
27 69 4 11 11
27 70 89 84 84
27 71 43 46 46
27 72 19 19 24
27 73 55 51 49
27 74 72 71 68
27 75 88 81 82
27 76 89 82 81
27 77 77 76 69
27 78 7 12 11
27 79 67 67 65
27 80 28 30 25
27 81 56 60 52
27 82 36 41 38
27 83 62 58 60
27 84 39 44 45
27 85 65 63 61
27 86 6 9 14
27 87 32 34 38
27 88 63 66 65
27 89 89 83 86
27 90 50 52 49
27 91 16 16 15
27 92 1 1 4
27 93 69 66 68
27 94 3 11 4
27 95 40 44 40
27 96 91 92 89
27 97 35 37 33
27 98 2 2 5
27 99 32 34 32
28 29 11 11 13
28 30 60 57 59
28 31 43 42 41
28 32 86 77 86
28 33 53 56 52
28 34 0 0 3
28 35 35 40 36
28 36 25 26 27
28 37 36 35 35
28 38 0 4 1
28 39 85 77 86
28 40 6 13 13
28 41 90 82 84
28 42 82 80 76
28 43 44 47 43
28 44 76 70 78
28 45 58 59 56
28 46 21 28 22
28 47 39 36 38
28 48 29 33 30
28 49 93 92 84
28 50 82 75 79
28 51 69 63 71
28 52 8 14 12
28 53 75 68 70
28 54 34 33 38
28 55 58 59 56
28 56 36 38 41
28 57 23 21 21
28 58 64 62 63
28 59 24 25 25
28 60 76 74 72
28 61 48 48 53
28 62 9 18 15
28 63 66 62 61
28 64 31 30 34
28 65 70 64 72
28 66 1 7 6
28 67 51 47 49
28 68 80 81 73
28 69 27 27 29
28 70 0 6 7
28 71 42 42 45
28 72 98 92 91
28 73 16 15 18
28 74 39 35 37
28 75 80 77 78
28 76 11 15 10
28 77 55 56 54
28 78 72 71 74
28 79 61 64 60
28 80 99 90 94
28 81 42 40 48
28 82 63 62 61
28 83 12 12 16
28 84 88 87 84
28 85 65 64 65
28 86 14 17 17
28 87 29 26 26
28 88 88 86 85
28 89 51 53 47
28 90 46 50 48
28 91 89 86 86
28 92 50 47 49
28 93 79 79 72
28 94 43 42 40
28 95 44 49 41
28 96 53 53 55
28 97 41 44 41
28 98 55 57 59
28 99 54 50 51
29 30 66 66 62
29 31 93 93 87
29 32 68 69 63
29 33 21 28 20
29 34 22 29 24
29 35 66 66 63
29 36 78 71 74
29 37 24 29 30
29 38 80 76 79
29 39 82 82 77
29 40 37 36 35
29 41 64 59 65
29 42 13 13 13
29 43 69 70 65
29 44 33 34 32
29 45 64 62 62
29 46 41 41 37
29 47 73 67 72
29 48 14 22 21
29 49 44 40 41
29 50 11 18 11
29 51 7 11 12
29 52 11 10 17
29 53 70 72 65
29 54 16 21 21
29 55 88 80 82
29 56 32 30 34
29 57 58 62 56
29 58 10 10 9
29 59 29 35 31
29 60 37 42 40
29 61 0 1 4
29 62 28 25 35
29 63 4 13 10
29 64 19 22 22
29 65 99 97 97
29 66 75 68 68
29 67 28 32 31
29 68 51 49 48
29 69 20 22 20
29 70 44 48 47
29 71 61 56 62
29 72 29 29 29
29 73 41 37 45
29 74 11 15 18
29 75 47 49 51
29 76 82 79 81
29 77 51 51 49
29 78 41 44 38
29 79 81 79 79
29 80 88 83 84
29 81 15 15 23
29 82 46 47 43
29 83 62 57 59
29 84 4 4 8
29 85 69 70 72
29 86 64 67 67
29 87 1 5 9
29 88 12 20 20
29 89 63 58 60
29 90 20 20 27
29 91 69 67 64
29 92 97 96 97
29 93 41 42 39
29 94 75 68 77
29 95 56 52 59
29 96 15 19 22
29 97 95 87 94
29 98 34 33 39
29 99 41 39 37
30 31 12 12 20
30 32 47 46 52
30 33 99 96 94
30 34 26 31 28
30 35 16 19 20
30 36 76 76 76
30 37 51 56 50
30 38 80 73 74
30 39 71 69 68
30 40 9 12 15
30 41 35 39 39
30 42 64 65 65
30 43 12 20 20
30 44 23 28 21
30 45 24 22 27
30 46 18 18 16
30 47 84 77 82
30 48 20 21 22
30 49 77 70 70
30 50 78 72 80
30 51 50 46 54
30 52 74 70 72
30 53 20 18 26
30 54 17 18 16
30 55 60 63 64
30 56 58 53 60
30 57 80 77 78
30 58 92 92 85
30 59 98 89 91
30 60 8 15 9
30 61 38 35 43
30 62 87 79 88
30 63 49 46 49
30 64 83 78 76
30 65 85 81 85
30 66 33 31 34
30 67 37 40 40
30 68 83 79 84
30 69 2 4 2
30 70 48 50 49
30 71 5 13 10
30 72 45 49 44
30 73 84 78 85
30 74 77 74 78
30 75 95 86 88
30 76 77 74 71
30 77 25 25 26
30 78 48 52 45
30 79 88 83 85
30 80 20 23 18
30 81 67 70 68
30 82 39 38 38
30 83 13 13 21
30 84 0 7 4
30 85 10 16 10
30 86 40 36 45
30 87 93 88 85
30 88 72 69 73
30 89 57 55 60
30 90 16 16 14
30 91 91 84 87
30 92 44 48 45
30 93 61 60 59
30 94 80 76 74
30 95 96 96 95
30 96 73 71 71
30 97 5 13 12
30 98 72 69 72
30 99 15 23 23
31 32 0 6 0
31 33 86 81 80
31 34 13 16 16
31 35 12 14 20
31 36 97 97 88
31 37 43 38 46
31 38 76 76 76
31 39 59 53 54
31 40 52 51 51
31 41 27 32 27
31 42 43 44 40
31 43 99 94 94
31 44 64 60 66
31 45 0 8 9
31 46 27 24 29
31 47 28 26 32
31 48 40 42 44
31 49 95 88 88
31 50 56 57 51
31 51 90 90 81
31 52 69 66 66
31 53 39 41 36
31 54 57 56 55
31 55 74 69 68
31 56 0 7 2
31 57 34 32 38
31 58 57 55 54
31 59 62 63 58
31 60 30 31 32
31 61 31 29 34
31 62 40 41 41
31 63 88 83 82
31 64 73 70 71
31 65 74 73 69
31 66 87 86 78
31 67 69 67 68
31 68 41 41 39
31 69 23 29 26
31 70 1 5 5
31 71 23 21 27
31 72 32 38 32
31 73 67 61 65
31 74 14 22 14
31 75 43 45 49
31 76 14 18 20
31 77 28 31 30
31 78 51 53 53
31 79 8 14 16
31 80 33 39 33
31 81 50 45 46
31 82 87 88 84
31 83 29 35 33
31 84 80 82 75
31 85 49 47 47
31 86 96 94 90
31 87 97 96 87
31 88 71 72 73
31 89 79 81 73
31 90 38 36 36
31 91 5 9 7
31 92 57 53 56
31 93 93 87 89
31 94 29 27 29
31 95 55 53 53
31 96 74 69 70
31 97 18 21 17
31 98 62 62 61
31 99 27 29 30
32 33 14 14 13
32 34 90 83 86
32 35 94 94 89
32 36 14 21 12
32 37 58 53 57
32 38 89 86 88
32 39 40 44 40
32 40 57 53 57
32 41 65 59 60
32 42 16 18 24
32 43 32 37 35
32 44 83 78 79
32 45 98 95 97
32 46 38 36 42
32 47 68 63 65
32 48 42 38 40
32 49 87 84 81
32 50 41 40 45
32 51 47 48 45
32 52 76 76 74
32 53 4 5 6
32 54 5 12 5
32 55 9 12 10
32 56 38 44 37
32 57 51 50 56
32 58 40 42 37
32 59 22 20 21
32 60 50 45 50
32 61 97 92 94
32 62 49 54 50
32 63 32 32 37
32 64 41 42 46
32 65 79 80 80
32 66 56 51 55
32 67 96 91 89
32 68 36 38 33
32 69 26 33 29
32 70 41 46 45
32 71 61 62 56
32 72 13 21 19
32 73 5 10 14
32 74 62 59 57
32 75 27 32 26
32 76 50 46 55
32 77 45 46 43
32 78 98 94 88
32 79 81 82 77
32 80 82 76 80
32 81 51 51 48
32 82 77 74 70
32 83 2 11 11
32 84 18 25 21
32 85 75 73 72
32 86 31 30 30
32 87 76 74 71
32 88 79 76 75
32 89 86 83 82
32 90 12 15 18
32 91 34 32 37
32 92 81 82 74
32 93 55 52 54
32 94 86 78 80
32 95 94 88 91
32 96 44 46 44
32 97 65 68 61
32 98 32 32 37
32 99 13 13 19
33 34 83 80 79
33 35 45 41 42
33 36 36 37 42
33 37 31 28 36
33 38 48 52 44
33 39 33 38 37
33 40 98 97 91
33 41 98 88 95
33 42 69 70 63
33 43 51 52 49
33 44 86 78 78
33 45 73 74 70
33 46 15 18 17
33 47 52 49 56
33 48 0 4 10
33 49 6 10 7
33 50 33 38 31
33 51 31 29 34
33 52 85 79 82
33 53 73 70 66
33 54 86 81 82
33 55 10 14 16
33 56 64 66 59
33 57 31 37 36
33 58 0 9 9
33 59 84 79 84
33 60 16 20 15
33 61 13 13 20
33 62 12 11 16
33 63 70 65 68
33 64 9 18 18
33 65 80 76 80
33 66 86 84 80
33 67 99 99 96
33 68 45 45 48
33 69 28 33 33
33 70 54 54 50
33 71 1 8 8
33 72 96 94 91
33 73 8 13 12
33 74 55 59 50
33 75 44 44 49
33 76 63 66 62
33 77 61 58 55
33 78 74 76 73
33 79 5 12 7
33 80 47 52 50
33 81 78 78 79
33 82 57 58 56
33 83 29 27 31
33 84 78 74 78
33 85 32 34 35
33 86 52 56 55
33 87 47 49 47
33 88 25 25 28
33 89 62 60 59
33 90 28 26 30
33 91 60 63 56
33 92 94 94 87
33 93 44 49 47
33 94 84 81 77
33 95 29 29 29
33 96 98 97 92
33 97 76 77 72
33 98 35 39 35
33 99 7 15 9
34 35 15 15 18
34 36 38 39 38
34 37 47 51 51
34 38 2 8 10
34 39 38 40 41
34 40 58 62 61
34 41 47 50 43
34 42 64 61 60
34 43 46 48 48
34 44 4 10 10
34 45 87 86 86
34 46 86 80 77
34 47 14 16 20
34 48 13 22 16
34 49 42 43 41
34 50 51 54 51
34 51 90 83 83
34 52 10 12 14
34 53 27 28 28
34 54 81 81 79
34 55 70 67 73
34 56 54 57 53
34 57 73 75 73
34 58 61 64 55
34 59 82 76 84
34 60 86 79 78
34 61 99 94 94
34 62 97 90 87
34 63 73 71 66
34 64 61 61 61
34 65 28 27 28
34 66 37 37 37
34 67 20 25 21
34 68 61 60 55
34 69 9 15 10
34 70 15 22 17
34 71 95 92 93
34 72 77 73 70
34 73 53 57 49
34 74 26 25 33
34 75 69 64 71
34 76 13 14 20
34 77 66 67 66
34 78 0 5 5
34 79 92 90 92
34 80 97 95 95
34 81 22 20 22
34 82 64 59 58
34 83 33 31 30
34 84 92 84 87
34 85 67 61 62
34 86 71 64 73
34 87 44 46 43
34 88 80 76 78
34 89 10 9 17
34 90 83 78 77
34 91 37 41 40
34 92 34 34 36
34 93 9 10 14
34 94 81 79 81
34 95 42 46 48
34 96 9 10 9
34 97 33 40 35
34 98 21 23 26
34 99 16 21 15
35 36 39 39 43
35 37 88 88 86
35 38 72 73 74
35 39 50 47 47
35 40 75 68 74
35 41 40 45 44
35 42 74 70 75
35 43 80 80 78
35 44 19 26 26
35 45 63 60 57
35 46 1 3 1
35 47 76 69 78
35 48 49 49 50
35 49 67 65 65
35 50 24 25 24
35 51 2 2 2
35 52 88 84 86
35 53 92 84 84
35 54 57 56 52
35 55 24 29 24
35 56 53 54 50
35 57 78 75 73
35 58 0 1 5
35 59 9 11 9
35 60 13 22 21
35 61 92 89 91
35 62 78 74 79
35 63 68 62 69
35 64 6 11 6
35 65 31 29 36
35 66 46 42 52
35 67 80 75 81
35 68 12 19 12
35 69 48 51 52
35 70 12 18 16
35 71 30 31 30
35 72 65 64 59
35 73 11 13 16
35 74 7 12 16
35 75 79 76 79
35 76 77 78 70
35 77 80 75 80
35 78 73 72 71
35 79 11 18 13
35 80 81 78 79
35 81 16 17 19
35 82 93 91 90
35 83 29 27 32
35 84 46 43 45
35 85 82 80 80
35 86 79 73 81
35 87 98 96 92
35 88 65 65 64
35 89 49 46 50
35 90 76 77 72
35 91 94 89 86
35 92 35 40 41
35 93 72 70 72
35 94 42 48 44
35 95 0 8 8
35 96 77 76 70
35 97 70 68 65
35 98 78 78 76
35 99 59 60 55
36 37 87 87 79
36 38 80 77 75
36 39 51 47 48
36 40 43 39 41
36 41 50 47 54
36 42 87 84 85
36 43 77 77 79
36 44 42 46 39
36 45 11 11 19
36 46 39 39 36
36 47 60 59 63
36 48 99 91 96
36 49 8 14 13
36 50 29 28 33
36 51 16 21 14
36 52 20 23 20
36 53 84 78 82
36 54 46 48 46
36 55 56 55 60
36 56 35 41 35
36 57 46 44 47
36 58 36 39 34
36 59 7 8 10
36 60 88 83 85
36 61 31 31 36
36 62 23 21 29
36 63 18 18 18
36 64 64 66 65
36 65 32 38 38
36 66 2 3 7
36 67 95 95 86
36 68 47 45 44
36 69 16 17 18
36 70 99 95 92
36 71 66 67 64
36 72 28 35 27
36 73 93 87 90
36 74 15 23 22
36 75 67 64 69
36 76 36 37 34
36 77 60 55 55
36 78 88 84 86
36 79 82 76 77
36 80 90 89 90
36 81 23 22 29
36 82 58 61 56
36 83 44 47 42
36 84 24 21 31
36 85 50 53 51
36 86 9 10 9
36 87 50 51 52
36 88 84 80 77
36 89 49 48 48
36 90 54 56 57
36 91 36 41 37
36 92 14 17 22
36 93 79 72 74
36 94 20 25 21
36 95 26 30 33
36 96 57 55 55
36 97 88 86 83
36 98 45 48 48
36 99 32 30 35
37 38 29 30 28
37 39 66 62 67
37 40 44 43 48
37 41 62 66 60
37 42 29 30 36
37 43 76 72 72
37 44 58 60 60
37 45 28 34 33
37 46 17 21 25
37 47 69 70 67
37 48 79 73 79
37 49 51 46 52
37 50 4 9 9
37 51 66 68 61
37 52 22 25 25
37 53 94 90 93
37 54 18 18 20
37 55 30 27 37
37 56 21 22 20
37 57 51 47 53
37 58 44 40 48
37 59 97 96 96
37 60 50 49 50
37 61 26 30 31
37 62 25 31 31
37 63 43 47 42
37 64 95 87 91
37 65 55 52 49
37 66 27 31 25
37 67 21 26 28
37 68 89 84 87
37 69 99 92 95
37 70 74 68 69
37 71 74 73 74
37 72 28 32 34
37 73 31 31 32
37 74 25 32 26
37 75 21 24 23
37 76 26 24 23
37 77 20 27 27
37 78 40 39 42
37 79 17 21 24
37 80 19 20 20
37 81 48 53 44
37 82 8 11 17
37 83 24 30 24
37 84 47 45 49
37 85 69 65 70
37 86 12 18 16
37 87 83 78 82
37 88 27 27 26
37 89 32 37 34
37 90 25 24 29
37 91 2 6 7
37 92 84 85 81
37 93 96 87 87
37 94 55 58 55
37 95 41 41 43
37 96 12 18 15
37 97 81 79 79
37 98 40 45 42
37 99 80 75 74
38 39 19 23 21
38 40 35 40 39
38 41 94 85 88
38 42 83 79 78
38 43 42 44 38
38 44 47 46 43
38 45 92 89 83
38 46 48 49 44
38 47 73 69 68
38 48 73 70 67
38 49 42 44 46
38 50 16 16 24
38 51 36 32 35
38 52 89 90 86
38 53 83 78 77
38 54 95 95 86
38 55 48 49 47
38 56 73 69 69
38 57 30 35 33
38 58 21 24 22
38 59 28 29 31
38 60 71 70 66
38 61 8 7 16
38 62 5 6 11
38 63 92 83 92
38 64 12 15 15
38 65 44 44 45
38 66 30 29 32
38 67 13 17 12
38 68 85 86 79
38 69 20 22 23
38 70 10 10 12
38 71 90 86 87
38 72 17 24 24
38 73 74 74 67
38 74 28 29 29
38 75 58 54 60
38 76 56 51 56
38 77 38 43 37
38 78 8 15 10
38 79 34 37 38
38 80 34 35 37
38 81 26 31 33
38 82 11 12 19
38 83 70 69 64
38 84 43 42 46
38 85 83 84 80
38 86 35 37 32
38 87 28 31 33
38 88 80 82 82
38 89 73 72 68
38 90 5 10 11
38 91 48 45 51
38 92 71 69 68
38 93 1 6 11
38 94 55 49 56
38 95 85 84 81
38 96 4 6 11
38 97 71 74 70
38 98 42 39 39
38 99 14 12 15
39 40 95 92 91
39 41 65 61 59
39 42 47 48 46
39 43 66 59 69
39 44 5 9 7
39 45 94 94 91
39 46 47 43 43
39 47 8 9 9
39 48 36 41 33
39 49 2 9 10
39 50 40 45 46
39 51 17 20 22
39 52 27 28 27
39 53 2 11 3
39 54 51 54 52
39 55 50 48 49
39 56 1 4 10
39 57 27 31 30
39 58 57 59 60
39 59 4 9 7
39 60 81 76 81
39 61 59 53 62
39 62 23 27 29
39 63 10 12 14
39 64 52 56 56
39 65 57 59 56
39 66 95 87 95
39 67 38 44 43
39 68 89 82 85
39 69 39 36 37
39 70 8 15 9
39 71 26 33 29
39 72 93 86 89
39 73 51 55 49
39 74 67 70 68
39 75 5 5 14
39 76 50 49 45
39 77 78 73 74
39 78 42 48 43
39 79 0 5 0
39 80 40 39 46
39 81 92 83 85
39 82 53 55 54
39 83 39 36 39
39 84 82 76 79
39 85 65 66 66
39 86 62 60 63
39 87 22 29 28
39 88 26 33 27
39 89 33 31 30
39 90 85 81 78
39 91 18 19 17
39 92 7 7 9
39 93 37 40 41
39 94 2 6 8
39 95 41 40 43
39 96 21 25 22
39 97 77 72 76
39 98 32 30 36
39 99 15 18 22
40 41 69 65 70
40 42 59 62 60
40 43 21 27 26
40 44 96 87 93
40 45 8 16 13
40 46 16 23 21
40 47 50 55 54
40 48 47 47 50
40 49 47 50 52
40 50 97 91 90
40 51 46 48 50
40 52 31 30 30
40 53 10 16 12
40 54 28 34 26
40 55 20 21 19
40 56 40 38 44
40 57 14 15 17
40 58 14 16 14
40 59 77 76 79
40 60 52 49 56
40 61 37 35 37
40 62 43 44 48
40 63 60 63 62
40 64 82 80 83
40 65 9 9 12
40 66 86 79 83
40 67 56 59 58
40 68 97 88 96
40 69 57 56 60
40 70 78 80 77
40 71 87 83 80
40 72 27 31 34
40 73 48 44 44
40 74 30 34 32
40 75 27 25 29
40 76 46 45 45
40 77 44 41 40
40 78 19 19 18
40 79 62 59 60
40 80 11 16 19
40 81 44 42 45
40 82 47 49 47
40 83 74 70 75
40 84 24 24 27
40 85 34 36 31
40 86 31 36 31
40 87 29 32 29
40 88 43 39 48
40 89 99 99 99
40 90 65 66 61
40 91 62 65 62
40 92 73 71 67
40 93 37 34 37
40 94 1 9 2
40 95 36 40 36
40 96 35 40 35
40 97 6 7 12
40 98 90 84 90
40 99 3 5 3
41 42 77 79 70
41 43 74 67 66
41 44 96 96 93
41 45 14 13 14
41 46 11 13 12
41 47 28 26 29
41 48 79 77 72
41 49 85 83 78
41 50 43 44 45
41 51 46 41 48
41 52 64 62 58
41 53 77 72 75
41 54 66 61 63
41 55 42 40 42
41 56 21 27 20
41 57 97 91 93
41 58 67 62 68
41 59 40 46 40
41 60 92 84 89
41 61 97 96 88
41 62 96 91 91
41 63 90 90 83
41 64 96 93 88
41 65 81 79 81
41 66 51 50 51
41 67 34 36 31
41 68 93 85 93
41 69 80 80 78
41 70 15 18 17
41 71 72 69 65
41 72 72 72 73
41 73 61 60 62
41 74 90 88 90
41 75 23 22 26
41 76 96 88 93
41 77 89 83 89
41 78 34 35 38
41 79 93 85 88
41 80 6 6 12
41 81 54 58 52
41 82 96 89 92
41 83 63 62 59
41 84 76 74 72
41 85 72 66 65
41 86 86 86 87
41 87 16 23 22
41 88 18 17 18
41 89 11 17 16
41 90 86 79 78
41 91 2 10 8
41 92 57 53 55
41 93 74 74 69
41 94 0 3 4
41 95 17 22 20
41 96 68 66 64
41 97 91 86 88
41 98 44 49 42
41 99 5 5 11
42 43 44 44 46
42 44 26 27 31
42 45 37 43 42
42 46 34 35 31
42 47 40 42 42
42 48 73 70 74
42 49 56 54 56
42 50 65 64 61
42 51 69 71 71
42 52 64 62 65
42 53 2 4 4
42 54 74 68 75
42 55 46 42 46
42 56 84 86 82
42 57 53 49 54
42 58 36 39 42
42 59 78 74 79
42 60 62 58 56
42 61 29 29 29
42 62 51 56 47
42 63 32 37 36
42 64 86 85 86
42 65 43 43 45
42 66 82 78 82
42 67 26 27 24
42 68 88 88 88
42 69 71 73 70
42 70 21 21 22
42 71 24 27 30
42 72 41 42 38
42 73 56 57 52
42 74 31 37 30
42 75 59 54 59
42 76 97 91 91
42 77 55 57 55
42 78 22 27 30
42 79 6 14 13
42 80 51 53 46
42 81 11 11 13
42 82 90 82 88
42 83 20 23 25
42 84 23 29 25
42 85 50 55 51
42 86 63 61 60
42 87 95 89 90
42 88 60 59 63
42 89 47 50 45
42 90 6 12 12
42 91 38 40 37
42 92 26 31 29
42 93 71 68 64
42 94 45 42 45
42 95 44 48 47
42 96 19 20 18
42 97 83 80 81
42 98 58 56 54
42 99 17 17 24
43 44 66 62 66
43 45 42 40 39
43 46 5 13 5
43 47 60 55 60
43 48 89 83 84
43 49 88 89 81
43 50 70 65 70
43 51 2 8 10
43 52 95 91 90
43 53 2 8 11
43 54 53 53 56
43 55 40 37 43
43 56 50 47 51
43 57 16 17 16
43 58 23 26 26
43 59 13 14 16
43 60 46 42 42
43 61 46 50 44
43 62 17 17 15
43 63 60 59 61
43 64 61 56 64
43 65 81 77 76
43 66 28 31 32
43 67 20 21 27
43 68 88 80 89
43 69 60 54 58
43 70 31 36 28
43 71 27 24 29
43 72 18 16 17
43 73 29 33 34
43 74 18 17 21
43 75 71 69 69
43 76 14 16 17
43 77 33 30 33
43 78 98 93 89
43 79 79 78 71
43 80 14 14 16
43 81 57 60 58
43 82 74 73 74
43 83 26 27 31
43 84 66 64 59
43 85 84 80 77
43 86 6 15 12
43 87 3 8 4
43 88 30 29 29
43 89 89 89 89
43 90 57 56 53
43 91 99 94 98
43 92 62 60 57
43 93 66 64 63
43 94 79 79 79
43 95 17 22 18
43 96 31 31 34
43 97 82 83 81
43 98 46 49 51
43 99 46 44 46
44 45 75 72 75
44 46 62 65 64
44 47 15 21 15
44 48 66 59 65
44 49 43 41 41
44 50 61 56 60
44 51 2 5 5
44 52 88 80 88
44 53 57 57 55
44 54 69 64 62
44 55 61 64 59
44 56 34 39 36
44 57 79 80 74
44 58 23 26 29
44 59 88 81 80
44 60 68 64 64
44 61 26 31 29
44 62 57 60 53
44 63 87 83 85
44 64 44 44 46
44 65 86 78 81
44 66 48 49 48
44 67 29 26 31
44 68 96 94 88
44 69 24 30 29
44 70 90 89 85
44 71 68 70 64
44 72 19 23 18
44 73 48 44 49
44 74 93 87 90
44 75 98 89 98
44 76 43 48 41
44 77 0 2 6
44 78 1 5 7
44 79 95 87 92
44 80 86 86 83
44 81 84 76 86
44 82 88 82 83
44 83 22 29 27
44 84 3 6 9
44 85 57 56 51
44 86 32 37 35
44 87 87 86 80
44 88 62 57 60
44 89 99 98 96
44 90 21 22 24
44 91 53 54 50
44 92 23 23 21
44 93 96 88 88
44 94 25 27 30
44 95 45 50 50
44 96 11 11 15
44 97 89 84 83
44 98 66 66 66
44 99 34 35 31
45 46 65 63 65
45 47 53 54 49
45 48 29 31 35
45 49 18 25 22
45 50 26 31 27
45 51 89 82 84
45 52 30 34 34
45 53 69 63 69
45 54 43 48 46
45 55 57 54 57
45 56 64 61 64
45 57 55 52 54
45 58 43 40 48
45 59 24 30 23
45 60 96 96 91
45 61 45 42 49
45 62 94 89 86
45 63 47 52 44
45 64 0 5 4
45 65 85 79 82
45 66 17 17 19
45 67 62 63 58
45 68 8 12 9
45 69 91 88 84
45 70 6 6 14
45 71 93 92 92
45 72 59 58 62
45 73 28 32 31
45 74 98 96 93
45 75 9 17 17
45 76 44 41 48
45 77 21 28 28
45 78 25 29 25
45 79 29 32 33
45 80 49 50 53
45 81 36 33 35
45 82 69 72 72
45 83 60 60 61
45 84 98 97 98
45 85 20 26 26
45 86 86 83 82
45 87 4 10 12
45 88 68 64 71
45 89 35 34 39
45 90 88 85 84
45 91 94 93 88
45 92 21 22 22
45 93 33 31 37
45 94 57 61 60
45 95 95 90 86
45 96 65 61 59
45 97 44 40 44
45 98 4 11 5
45 99 79 77 75
46 47 66 67 66
46 48 22 23 25
46 49 35 34 40
46 50 45 43 48
46 51 52 55 48
46 52 62 62 62
46 53 47 45 49
46 54 77 70 77
46 55 95 92 92
46 56 14 15 17
46 57 3 6 13
46 58 96 88 89
46 59 7 6 14
46 60 18 18 18
46 61 9 15 15
46 62 71 67 68
46 63 43 45 44
46 64 29 35 31
46 65 5 6 13
46 66 32 33 35
46 67 91 86 84
46 68 63 61 63
46 69 47 44 49
46 70 88 79 84
46 71 94 91 93
46 72 91 91 87
46 73 6 10 9
46 74 69 66 72
46 75 51 52 52
46 76 46 45 43
46 77 37 40 38
46 78 88 85 87
46 79 4 12 9
46 80 90 81 90
46 81 85 83 86
46 82 45 50 41
46 83 52 54 49
46 84 38 39 41
46 85 69 66 64
46 86 24 28 28
46 87 24 32 28
46 88 82 75 83
46 89 80 72 76
46 90 49 46 45
46 91 10 16 10
46 92 4 4 5
46 93 19 26 23
46 94 2 6 11
46 95 87 83 87
46 96 4 7 4
46 97 28 29 29
46 98 76 70 75
46 99 38 34 39
47 48 22 24 24
47 49 78 78 80
47 50 48 49 46
47 51 0 7 1
47 52 54 51 57
47 53 82 77 82
47 54 34 36 34
47 55 9 9 8
47 56 68 70 66
47 57 35 37 36
47 58 0 9 2
47 59 43 44 43
47 60 89 86 82
47 61 67 62 70
47 62 62 60 65
47 63 20 19 20
47 64 80 81 82
47 65 37 36 43
47 66 56 56 54
47 67 55 56 50
47 68 12 20 14
47 69 88 84 80
47 70 53 52 54
47 71 18 23 20
47 72 27 32 24
47 73 91 85 86
47 74 27 25 27
47 75 19 17 26
47 76 81 76 77
47 77 47 51 43
47 78 13 21 14
47 79 78 77 71
47 80 37 37 42
47 81 79 72 79
47 82 58 59 54
47 83 55 59 56
47 84 60 58 58
47 85 64 68 61
47 86 86 78 86
47 87 62 60 64
47 88 82 80 75
47 89 89 86 84
47 90 32 38 38
47 91 17 20 21
47 92 55 57 54
47 93 6 15 13
47 94 66 62 66
47 95 37 39 42
47 96 38 43 41
47 97 75 76 69
47 98 80 80 73
47 99 71 64 71
48 49 51 53 49
48 50 79 77 71
48 51 69 71 64
48 52 31 28 34
48 53 49 52 49
48 54 50 52 48
48 55 85 77 82
48 56 18 18 20
48 57 45 44 49
48 58 88 89 87
48 59 19 24 24
48 60 43 43 48
48 61 68 71 66
48 62 90 86 86
48 63 25 27 27
48 64 66 60 63
48 65 41 44 45
48 66 98 98 93
48 67 78 72 73
48 68 69 66 62
48 69 22 28 28
48 70 90 87 89
48 71 54 56 59
48 72 4 10 7
48 73 20 22 25
48 74 56 60 53
48 75 86 85 81
48 76 33 36 36
48 77 74 70 73
48 78 24 24 28
48 79 71 68 66
48 80 42 43 44
48 81 54 54 58
48 82 34 37 36
48 83 58 57 56
48 84 47 45 45
48 85 80 78 79
48 86 69 71 64
48 87 4 13 6
48 88 73 75 70
48 89 99 93 97
48 90 66 61 68
48 91 33 36 30
48 92 62 62 56
48 93 73 69 67
48 94 78 74 78
48 95 22 24 20
48 96 74 69 69
48 97 14 20 20
48 98 38 42 36
48 99 58 58 53
49 50 72 69 67
49 51 62 61 57
49 52 6 15 11
49 53 22 29 25
49 54 23 25 29
49 55 51 47 49
49 56 67 66 65
49 57 46 48 48
49 58 97 89 94
49 59 76 72 69
49 60 25 23 31
49 61 43 43 42
49 62 43 47 40
49 63 77 76 72
49 64 53 51 57
49 65 58 62 61
49 66 58 55 59
49 67 21 23 23
49 68 48 47 47
49 69 88 83 89
49 70 74 71 67
49 71 92 88 89
49 72 69 68 71
49 73 59 62 55
49 74 78 72 73
49 75 75 73 68
49 76 12 13 12
49 77 61 59 56
49 78 58 58 54
49 79 7 16 10
49 80 75 74 70
49 81 70 69 73
49 82 3 11 8
49 83 33 36 39
49 84 17 19 21
49 85 82 81 78
49 86 75 76 68
49 87 11 11 19
49 88 83 84 85
49 89 87 85 86
49 90 13 14 13
49 91 67 67 65
49 92 54 57 53
49 93 45 46 43
49 94 73 75 67
49 95 83 82 82
49 96 91 91 84
49 97 58 61 59
49 98 85 79 85
49 99 52 51 53
50 51 80 75 74
50 52 9 13 16
50 53 50 46 50
50 54 34 34 39
50 55 64 61 65
50 56 94 87 89
50 57 65 65 66
50 58 4 7 12
50 59 76 72 69
50 60 28 26 30
50 61 54 53 53
50 62 48 52 44
50 63 81 74 74
50 64 32 30 35
50 65 54 49 58
50 66 70 71 65
50 67 70 71 64
50 68 93 86 89
50 69 25 30 24
50 70 21 20 20
50 71 7 11 13
50 72 87 86 84
50 73 2 6 12
50 74 87 84 85
50 75 24 31 29
50 76 49 53 48
50 77 62 63 59
50 78 94 94 89
50 79 97 94 91
50 80 35 41 35
50 81 28 26 27
50 82 43 40 48
50 83 74 69 74
50 84 60 58 63
50 85 25 27 30
50 86 27 26 26
50 87 78 77 78
50 88 91 86 85
50 89 18 23 25
50 90 80 72 74
50 91 64 63 67
50 92 62 57 62
50 93 35 39 33
50 94 23 29 26
50 95 2 10 8
50 96 16 21 20
50 97 90 85 89
50 98 5 7 5
50 99 69 64 63
51 52 20 26 24
51 53 59 62 57
51 54 86 81 80
51 55 27 28 29
51 56 71 65 67
51 57 40 38 42
51 58 53 57 53
51 59 85 82 85
51 60 21 29 27
51 61 31 30 34
51 62 69 63 69
51 63 18 23 25
51 64 65 64 65
51 65 20 19 19
51 66 58 58 52
51 67 86 79 81
51 68 90 83 83
51 69 99 96 98
51 70 16 19 22
51 71 41 47 46
51 72 75 72 70
51 73 10 15 16
51 74 54 51 52
51 75 19 21 20
51 76 91 90 92
51 77 5 11 13
51 78 8 16 9
51 79 8 9 13
51 80 7 15 6
51 81 18 21 23
51 82 51 51 49
51 83 8 9 12
51 84 45 42 42
51 85 40 42 44
51 86 31 35 29
51 87 35 33 40
51 88 16 19 15
51 89 34 36 31
51 90 3 6 11
51 91 27 25 31
51 92 38 38 44
51 93 14 17 20
51 94 96 89 90
51 95 37 42 40
51 96 63 57 63
51 97 55 56 51
51 98 47 50 50
51 99 52 55 56
52 53 24 31 30
52 54 20 24 25
52 55 48 44 45
52 56 4 9 10
52 57 88 85 87
52 58 75 70 77
52 59 34 33 37
52 60 24 29 29
52 61 90 81 84
52 62 65 64 62
52 63 56 60 56
52 64 56 55 50
52 65 88 88 87
52 66 10 14 19
52 67 39 44 39
52 68 2 6 10
52 69 24 25 24
52 70 39 40 45
52 71 98 92 89
52 72 92 86 89
52 73 40 45 37
52 74 4 5 6
52 75 44 43 41
52 76 72 72 67
52 77 20 23 25
52 78 81 79 80
52 79 54 50 58
52 80 44 45 47
52 81 52 48 54
52 82 43 41 43
52 83 17 15 17
52 84 34 31 37
52 85 31 28 35
52 86 77 78 71
52 87 32 32 34
52 88 65 60 62
52 89 82 77 76
52 90 89 88 88
52 91 85 85 82
52 92 17 24 22
52 93 37 43 36
52 94 94 90 92
52 95 51 47 51
52 96 40 42 38
52 97 91 83 90
52 98 95 90 87
52 99 57 57 53
53 54 62 61 65
53 55 52 50 53
53 56 43 39 47
53 57 60 62 61
53 58 20 24 18
53 59 91 87 88
53 60 72 67 72
53 61 55 51 58
53 62 85 80 77
53 63 18 24 17
53 64 82 78 77
53 65 13 18 12
53 66 63 64 64
53 67 95 86 87
53 68 56 60 57
53 69 92 92 83
53 70 60 55 58
53 71 29 31 31
53 72 93 94 86
53 73 57 54 56
53 74 5 6 9
53 75 91 85 89
53 76 16 23 20
53 77 98 98 88
53 78 1 5 4
53 79 73 76 71
53 80 98 93 94
53 81 11 16 14
53 82 52 54 55
53 83 54 53 52
53 84 99 96 92
53 85 78 75 75
53 86 2 8 8
53 87 37 35 36
53 88 87 83 82
53 89 65 61 65
53 90 85 86 77
53 91 38 44 36
53 92 88 86 87
53 93 54 49 48
53 94 28 26 33
53 95 23 24 22
53 96 75 71 68
53 97 17 16 18
53 98 35 32 41
53 99 38 42 37
54 55 42 46 39
54 56 2 11 5
54 57 39 40 36
54 58 80 73 81
54 59 31 29 30
54 60 73 67 74
54 61 19 22 22
54 62 85 78 82
54 63 3 6 11
54 64 12 18 17
54 65 41 43 39
54 66 81 79 78
54 67 76 77 71
54 68 75 74 74
54 69 49 51 47
54 70 99 93 99
54 71 71 67 68
54 72 71 69 67
54 73 12 16 14
54 74 66 66 65
54 75 48 46 47
54 76 90 85 88
54 77 14 16 22
54 78 41 46 38
54 79 9 15 11
54 80 86 82 87
54 81 5 7 8
54 82 67 65 62
54 83 44 42 43
54 84 49 47 52
54 85 40 41 38
54 86 57 54 60
54 87 35 35 37
54 88 52 49 53
54 89 18 23 25
54 90 79 81 74
54 91 57 53 59
54 92 35 35 41
54 93 96 89 87
54 94 77 73 76
54 95 63 59 63
54 96 22 28 24
54 97 1 1 8
54 98 37 42 33
54 99 77 74 78
55 56 4 6 6
55 57 83 80 75
55 58 30 28 35
55 59 89 82 82
55 60 99 90 97
55 61 79 77 81
55 62 9 14 15
55 63 66 66 61
55 64 30 31 28
55 65 83 83 83
55 66 32 30 33
55 67 50 54 54
55 68 72 74 73
55 69 15 24 20
55 70 61 59 56
55 71 3 4 12
55 72 53 52 52
55 73 31 34 36
55 74 96 94 94
55 75 6 10 13
55 76 44 44 43
55 77 6 15 8
55 78 88 86 88
55 79 59 56 56
55 80 22 24 27
55 81 88 82 80
55 82 83 82 81
55 83 87 78 78
55 84 32 31 29
55 85 19 21 22
55 86 65 60 67
55 87 16 16 24
55 88 49 47 47
55 89 63 59 58
55 90 53 50 56
55 91 26 33 23
55 92 2 2 11
55 93 71 73 72
55 94 62 56 65
55 95 31 36 34
55 96 39 40 39
55 97 70 71 71
55 98 44 48 47
55 99 70 69 65
56 57 79 74 77
56 58 15 14 22
56 59 2 8 6
56 60 55 54 57
56 61 77 73 70
56 62 63 56 65
56 63 45 41 43
56 64 85 83 85
56 65 21 24 20
56 66 9 16 13
56 67 10 12 17
56 68 47 43 51
56 69 35 33 33
56 70 7 14 8
56 71 36 36 36
56 72 5 10 5
56 73 15 14 19
56 74 35 36 39
56 75 92 85 85
56 76 26 26 28
56 77 1 10 9
56 78 92 88 92
56 79 79 73 72
56 80 84 80 81
56 81 76 71 71
56 82 94 89 92
56 83 14 21 14
56 84 28 35 25
56 85 98 93 97
56 86 96 88 94
56 87 73 69 71
56 88 62 65 63
56 89 25 23 31
56 90 54 51 57
56 91 51 48 50
56 92 42 47 46
56 93 32 32 34
56 94 63 63 66
56 95 65 61 67
56 96 39 35 36
56 97 41 43 41
56 98 43 41 41
56 99 30 34 30
57 58 55 53 59
57 59 25 25 23
57 60 13 17 18
57 61 64 67 60
57 62 95 90 93
57 63 69 68 63
57 64 38 39 42
57 65 90 82 81
57 66 78 77 78
57 67 53 58 52
57 68 45 48 50
57 69 4 4 6
57 70 55 56 53
57 71 64 64 67
57 72 39 43 41
57 73 4 6 11
57 74 78 79 80
57 75 81 77 75
57 76 51 50 46
57 77 54 51 57
57 78 39 41 40
57 79 19 21 27
57 80 74 73 67
57 81 33 35 35
57 82 64 64 65
57 83 22 30 27
57 84 74 75 76
57 85 73 75 74
57 86 86 84 81
57 87 8 8 12
57 88 79 81 73
57 89 62 65 61
57 90 24 26 26
57 91 5 9 13
57 92 97 93 92
57 93 55 51 57
57 94 73 68 71
57 95 96 89 87
57 96 57 56 56
57 97 36 33 41
57 98 39 43 36
57 99 65 64 61
58 59 67 63 61
58 60 70 69 64
58 61 7 11 14
58 62 14 17 17
58 63 94 86 90
58 64 54 55 56
58 65 72 73 68
58 66 39 42 39
58 67 29 31 26
58 68 55 57 52
58 69 78 79 76
58 70 75 70 68
58 71 90 87 81
58 72 52 56 49
58 73 14 18 15
58 74 0 5 2
58 75 44 43 49
58 76 51 55 46
58 77 73 67 69
58 78 63 60 63
58 79 65 61 59
58 80 4 12 7
58 81 17 17 24
58 82 57 59 60
58 83 59 54 58
58 84 0 2 7
58 85 81 78 81
58 86 3 10 6
58 87 67 60 64
58 88 67 66 67
58 89 11 18 14
58 90 88 84 84
58 91 48 44 46
58 92 48 44 46
58 93 33 34 31
58 94 48 44 47
58 95 26 28 26
58 96 37 36 40
58 97 44 42 42
58 98 5 10 6
58 99 55 56 58
59 60 2 10 12
59 61 85 77 82
59 62 45 46 50
59 63 31 37 36
59 64 32 36 30
59 65 12 16 20
59 66 71 68 68
59 67 5 11 11
59 68 32 31 35
59 69 50 47 52
59 70 24 28 27
59 71 21 25 23
59 72 9 15 14
59 73 55 56 55
59 74 62 58 58
59 75 67 66 65
59 76 56 52 56
59 77 79 76 79
59 78 17 23 19
59 79 84 78 76
59 80 66 64 63
59 81 44 40 45
59 82 94 92 90
59 83 74 72 74
59 84 64 65 59
59 85 87 87 81
59 86 65 65 65
59 87 33 30 32
59 88 1 9 2
59 89 73 70 70
59 90 61 60 63
59 91 65 60 66
59 92 0 8 1
59 93 73 67 67
59 94 47 52 46
59 95 75 76 77
59 96 65 65 67
59 97 6 7 7
59 98 23 22 31
59 99 54 56 55
60 61 28 25 30
60 62 23 30 21
60 63 81 80 79
60 64 23 28 25
60 65 32 30 34
60 66 78 77 75
60 67 77 79 78
60 68 98 89 97
60 69 79 77 81
60 70 38 38 42
60 71 23 22 23
60 72 78 76 75
60 73 15 22 14
60 74 50 54 50
60 75 56 51 58
60 76 80 72 77
60 77 50 48 52
60 78 75 73 75
60 79 20 20 22
60 80 32 34 30
60 81 19 18 25
60 82 30 35 36
60 83 72 70 70
60 84 36 38 34
60 85 52 55 54
60 86 77 79 72
60 87 64 61 63
60 88 63 56 62
60 89 82 75 79
60 90 95 86 94
60 91 60 57 56
60 92 93 94 89
60 93 43 43 43
60 94 28 34 28
60 95 90 84 86
60 96 55 56 58
60 97 2 9 9
60 98 8 14 13
60 99 45 49 46
61 62 71 68 70
61 63 78 76 74
61 64 24 22 25
61 65 83 78 75
61 66 74 69 69
61 67 57 52 58
61 68 99 93 96
61 69 22 20 23
61 70 23 25 24
61 71 42 39 41
61 72 79 80 80
61 73 18 19 21
61 74 59 58 56
61 75 60 56 60
61 76 78 75 74
61 77 30 32 31
61 78 49 46 49
61 79 39 36 38
61 80 83 83 80
61 81 0 0 5
61 82 29 36 30
61 83 97 90 97
61 84 65 60 59
61 85 76 74 71
61 86 81 74 76
61 87 88 80 79
61 88 87 84 81
61 89 30 32 36
61 90 91 85 83
61 91 33 32 39
61 92 1 4 1
61 93 63 63 64
61 94 23 22 25
61 95 13 21 19
61 96 72 65 74
61 97 75 74 74
61 98 10 17 15
61 99 47 52 50
62 63 45 49 47
62 64 87 84 86
62 65 57 52 52
62 66 50 49 53
62 67 37 34 39
62 68 2 5 8
62 69 81 76 80
62 70 67 69 64
62 71 28 33 34
62 72 33 34 35
62 73 71 64 73
62 74 19 24 24
62 75 58 52 61
62 76 39 42 42
62 77 62 64 59
62 78 46 51 47
62 79 11 15 19
62 80 97 90 96
62 81 2 6 10
62 82 1 5 8
62 83 56 51 57
62 84 32 29 35
62 85 13 14 19
62 86 46 50 44
62 87 47 50 52
62 88 15 19 18
62 89 69 67 68
62 90 41 46 43
62 91 6 13 14
62 92 98 98 94
62 93 43 43 47
62 94 94 91 92
62 95 34 33 33
62 96 61 58 58
62 97 55 58 55
62 98 46 45 50
62 99 28 26 34
63 64 69 64 65
63 65 7 10 8
63 66 74 69 69
63 67 83 80 76
63 68 17 25 19
63 69 64 64 63
63 70 90 87 87
63 71 72 67 71
63 72 48 50 53
63 73 81 75 75
63 74 34 33 38
63 75 95 90 88
63 76 16 15 22
63 77 6 12 10
63 78 42 48 44
63 79 87 85 85
63 80 81 80 73
63 81 85 77 84
63 82 29 28 34
63 83 25 23 32
63 84 0 6 2
63 85 48 49 50
63 86 51 50 55
63 87 9 12 9
63 88 77 79 76
63 89 52 50 51
63 90 26 29 30
63 91 77 73 78
63 92 48 49 46
63 93 23 25 23
63 94 87 88 80
63 95 12 18 13
63 96 46 51 45
63 97 28 29 28
63 98 74 75 74
63 99 6 10 7
64 65 79 76 81
64 66 70 69 69
64 67 80 78 78
64 68 26 30 26
64 69 69 65 67
64 70 95 89 87
64 71 12 12 19
64 72 57 58 60
64 73 66 63 63
64 74 37 41 37
64 75 89 87 89
64 76 52 50 54
64 77 5 12 10
64 78 97 93 92
64 79 92 84 84
64 80 97 88 90
64 81 11 10 17
64 82 81 83 83
64 83 32 39 34
64 84 12 14 16
64 85 49 49 51
64 86 79 81 73
64 87 40 45 40
64 88 30 31 30
64 89 20 26 21
64 90 65 68 66
64 91 95 88 87
64 92 91 83 88
64 93 27 29 26
64 94 21 20 21
64 95 10 14 10
64 96 24 27 24
64 97 56 51 55
64 98 66 60 69
64 99 25 26 24
65 66 86 83 88
65 67 49 46 47
65 68 46 51 51
65 69 24 27 28
65 70 16 18 18
65 71 25 27 30
65 72 80 77 72
65 73 5 13 13
65 74 18 24 25
65 75 49 53 51
65 76 15 21 23
65 77 71 69 68
65 78 70 71 66
65 79 57 60 53
65 80 57 52 58
65 81 44 41 44
65 82 25 23 22
65 83 63 65 63
65 84 89 89 84
65 85 15 19 17
65 86 65 59 60
65 87 35 35 37
65 88 42 46 48
65 89 58 59 54
65 90 44 45 48
65 91 37 42 37
65 92 2 4 10
65 93 32 32 32
65 94 43 48 46
65 95 72 68 74
65 96 88 84 81
65 97 72 70 74
65 98 23 31 27
65 99 49 51 44
66 67 89 89 86
66 68 13 22 15
66 69 88 80 83
66 70 54 56 53
66 71 49 52 53
66 72 84 76 77
66 73 82 79 84
66 74 30 31 33
66 75 63 59 61
66 76 65 60 67
66 77 93 87 90
66 78 8 14 16
66 79 3 3 5
66 80 90 88 83
66 81 55 58 53
66 82 88 86 80
66 83 92 84 87
66 84 97 90 94
66 85 17 22 22
66 86 92 84 89
66 87 27 29 34
66 88 29 29 28
66 89 36 39 33
66 90 44 45 43
66 91 66 61 65
66 92 86 84 83
66 93 56 56 51
66 94 93 93 87
66 95 42 43 47
66 96 88 88 84
66 97 13 17 20
66 98 43 40 44
66 99 93 84 93
67 68 72 66 71
67 69 26 28 32
67 70 95 94 89
67 71 90 87 83
67 72 81 78 76
67 73 24 23 29
67 74 52 54 54
67 75 83 78 84
67 76 90 86 90
67 77 36 41 34
67 78 30 33 35
67 79 51 51 46
67 80 64 66 67
67 81 1 3 10
67 82 42 38 38
67 83 56 58 56
67 84 28 33 30
67 85 21 28 25
67 86 56 51 54
67 87 78 75 73
67 88 98 97 95
67 89 61 60 57
67 90 38 38 44
67 91 16 20 17
67 92 17 18 17
67 93 62 66 62
67 94 45 50 48
67 95 10 9 9
67 96 51 49 48
67 97 40 43 37
67 98 3 6 10
67 99 88 86 79
68 69 48 45 50
68 70 7 12 14
68 71 15 20 18
68 72 71 64 67
68 73 72 74 74
68 74 57 61 53
68 75 85 77 85
68 76 33 35 37
68 77 85 77 83
68 78 8 11 13
68 79 64 60 66
68 80 22 27 24
68 81 12 18 13
68 82 34 40 40
68 83 41 45 39
68 84 85 80 79
68 85 41 40 40
68 86 3 5 9
68 87 72 71 66
68 88 79 76 77
68 89 91 83 84
68 90 11 20 17
68 91 48 49 45
68 92 58 54 55
68 93 94 90 90
68 94 73 75 66
68 95 3 12 8
68 96 49 46 48
68 97 98 93 97
68 98 70 71 73
68 99 98 97 96
69 70 0 1 2
69 71 44 46 42
69 72 36 38 39
69 73 45 47 45
69 74 6 6 7
69 75 76 68 70
69 76 55 56 56
69 77 98 92 93
69 78 78 80 73
69 79 34 37 36
69 80 33 36 33
69 81 81 78 81
69 82 71 69 71
69 83 49 48 50
69 84 23 30 23
69 85 31 33 34
69 86 11 10 16
69 87 31 33 37
69 88 52 50 53
69 89 74 70 68
69 90 72 72 72
69 91 2 2 10
69 92 15 16 21
69 93 57 53 60
69 94 64 67 59
69 95 1 10 9
69 96 67 69 61
69 97 7 8 10
69 98 22 22 24
69 99 11 18 10
70 71 39 40 42
70 72 73 71 68
70 73 54 57 52
70 74 47 50 49
70 75 69 65 67
70 76 73 73 72
70 77 27 26 25
70 78 4 9 11
70 79 79 72 72
70 80 11 15 15
70 81 48 45 45
70 82 65 59 64
70 83 96 96 89
70 84 86 79 86
70 85 21 25 22
70 86 14 16 21
70 87 52 47 56
70 88 38 37 35
70 89 53 53 49
70 90 71 67 67
70 91 18 20 18
70 92 53 57 48
70 93 38 35 36
70 94 46 45 42
70 95 2 7 3
70 96 78 75 75
70 97 47 44 52
70 98 35 40 36
70 99 50 52 46
71 72 3 10 5
71 73 28 30 28
71 74 90 85 85
71 75 48 52 47
71 76 69 69 70
71 77 48 47 43
71 78 87 87 85
71 79 24 30 31
71 80 8 17 11
71 81 29 35 30
71 82 97 96 93
71 83 40 45 37
71 84 74 67 68
71 85 23 27 30
71 86 18 21 22
71 87 38 40 37
71 88 29 30 29
71 89 25 29 23
71 90 21 22 23
71 91 8 8 13
71 92 77 75 78
71 93 53 52 55
71 94 62 57 60
71 95 15 16 18
71 96 41 47 38
71 97 9 14 12
71 98 44 49 48
71 99 52 48 48
72 73 38 34 38
72 74 93 88 92
72 75 40 39 38
72 76 28 28 29
72 77 73 71 68
72 78 64 67 67
72 79 65 63 68
72 80 18 22 26
72 81 81 74 78
72 82 32 31 34
72 83 94 95 90
72 84 56 55 57
72 85 95 89 87
72 86 7 12 15
72 87 95 93 89
72 88 68 63 63
72 89 81 76 76
72 90 45 50 49
72 91 6 14 13
72 92 24 22 24
72 93 40 44 46
72 94 72 74 74
72 95 72 70 69
72 96 37 36 39
72 97 15 23 16
72 98 37 42 36
72 99 23 29 28
73 74 55 54 49
73 75 95 92 92
73 76 36 41 41
73 77 97 93 97
73 78 53 57 54
73 79 28 26 29
73 80 28 27 26
73 81 63 62 63
73 82 40 46 41
73 83 57 56 61
73 84 88 84 86
73 85 35 31 41
73 86 23 28 22
73 87 39 41 38
73 88 50 47 51
73 89 78 77 72
73 90 28 27 28
73 91 13 14 21
73 92 57 54 55
73 93 18 25 26
73 94 30 36 33
73 95 4 8 5
73 96 67 67 66
73 97 86 86 79
73 98 64 68 63
73 99 27 32 32
74 75 41 44 40
74 76 48 47 52
74 77 87 81 80
74 78 44 44 42
74 79 80 74 72
74 80 60 58 58
74 81 55 58 51
74 82 8 13 17
74 83 90 85 84
74 84 92 91 93
74 85 5 5 6
74 86 67 69 64
74 87 96 88 91
74 88 56 53 56
74 89 48 47 53
74 90 64 59 58
74 91 69 64 63
74 92 37 38 43
74 93 30 33 35
74 94 37 36 36
74 95 42 43 42
74 96 96 95 89
74 97 58 54 61
74 98 46 47 42
74 99 99 98 98
75 76 59 56 61
75 77 87 79 83
75 78 97 91 95
75 79 79 72 80
75 80 81 80 80
75 81 4 9 9
75 82 5 6 7
75 83 14 23 19
75 84 3 8 11
75 85 69 66 64
75 86 75 70 71
75 87 94 89 95
75 88 32 31 30
75 89 4 9 9
75 90 48 48 46
75 91 88 81 80
75 92 25 26 32
75 93 73 75 75
75 94 84 81 82
75 95 83 78 82
75 96 59 56 57
75 97 86 85 86
75 98 43 42 47
75 99 17 22 23
76 77 20 19 22
76 78 9 16 14
76 79 3 11 12
76 80 79 78 72
76 81 7 9 14
76 82 12 16 19
76 83 62 64 56
76 84 79 76 76
76 85 21 23 19
76 86 5 8 5
76 87 11 18 15
76 88 17 24 19
76 89 39 44 41
76 90 81 82 79
76 91 95 87 85
76 92 59 61 61
76 93 54 55 57
76 94 39 38 43
76 95 72 73 72
76 96 90 85 84
76 97 37 36 43
76 98 36 38 40
76 99 85 83 85
77 78 15 18 22
77 79 70 67 63
77 80 63 63 56
77 81 71 73 70
77 82 58 53 55
77 83 31 38 29
77 84 69 69 64
77 85 99 89 90
77 86 96 95 94
77 87 85 85 82
77 88 4 5 4
77 89 17 18 15
77 90 9 17 16
77 91 53 52 55
77 92 83 78 76
77 93 99 99 95
77 94 14 16 21
77 95 6 15 10
77 96 90 86 90
77 97 68 64 62
77 98 87 85 81
77 99 18 26 21
78 79 8 17 12
78 80 65 64 59
78 81 30 30 33
78 82 28 34 26
78 83 56 57 59
78 84 81 82 76
78 85 1 8 5
78 86 57 53 56
78 87 44 48 43
78 88 96 93 88
78 89 20 24 24
78 90 90 84 84
78 91 44 44 48
78 92 27 27 30
78 93 56 56 56
78 94 52 51 48
78 95 93 88 92
78 96 15 17 23
78 97 45 49 42
78 98 53 54 49
78 99 41 42 39
79 80 13 13 17
79 81 69 68 65
79 82 91 89 86
79 83 28 31 31
79 84 81 82 75
79 85 64 67 62
79 86 66 66 66
79 87 21 22 29
79 88 86 78 80
79 89 9 13 16
79 90 16 20 19
79 91 63 64 63
79 92 53 54 49
79 93 36 38 36
79 94 0 2 0
79 95 0 2 5
79 96 15 19 20
79 97 9 14 11
79 98 48 44 52
79 99 61 56 64
80 81 7 8 14
80 82 56 58 59
80 83 56 51 59
80 84 18 24 23
80 85 4 6 6
80 86 27 32 29
80 87 39 44 44
80 88 31 35 29
80 89 13 12 12
80 90 53 49 50
80 91 7 12 6
80 92 64 65 67
80 93 51 46 48
80 94 74 72 74
80 95 72 66 68
80 96 73 68 72
80 97 0 3 5
80 98 26 24 29
80 99 70 70 70
81 82 5 9 13
81 83 49 44 46
81 84 26 32 26
81 85 98 93 93
81 86 8 7 13
81 87 89 87 84
81 88 89 89 88
81 89 32 31 30
81 90 99 90 92
81 91 13 16 17
81 92 14 21 19
81 93 88 88 86
81 94 13 21 17
81 95 49 46 51
81 96 38 34 42
81 97 23 24 24
81 98 42 45 40
81 99 75 70 71
82 83 84 78 77
82 84 62 58 62
82 85 14 17 14
82 86 80 72 73
82 87 30 31 35
82 88 69 64 66
82 89 84 85 77
82 90 46 51 47
82 91 11 10 13
82 92 64 59 64
82 93 37 43 35
82 94 51 53 53
82 95 62 62 59
82 96 13 17 16
82 97 36 35 35
82 98 93 91 91
82 99 70 66 71
83 84 17 16 21
83 85 21 24 20
83 86 38 43 44
83 87 91 87 87
83 88 44 44 44
83 89 55 55 55
83 90 63 63 65
83 91 43 49 45
83 92 65 63 61
83 93 85 83 77
83 94 57 56 55
83 95 13 21 16
83 96 2 8 8
83 97 96 87 93
83 98 20 21 27
83 99 79 77 81
84 85 94 88 87
84 86 47 44 49
84 87 74 71 75
84 88 47 49 43
84 89 63 60 66
84 90 30 37 28
84 91 85 78 84
84 92 12 19 11
84 93 4 8 6
84 94 84 79 80
84 95 30 36 28
84 96 56 53 58
84 97 35 32 39
84 98 47 47 43
84 99 88 82 82
85 86 88 83 85
85 87 31 28 31
85 88 70 69 68
85 89 86 80 79
85 90 84 77 78
85 91 67 62 69
85 92 13 20 18
85 93 96 96 88
85 94 28 29 34
85 95 36 36 36
85 96 84 84 78
85 97 12 17 17
85 98 4 10 10
85 99 60 63 55
86 87 53 51 50
86 88 17 16 25
86 89 30 29 27
86 90 3 7 12
86 91 50 54 49
86 92 5 15 5
86 93 72 65 68
86 94 26 26 32
86 95 40 41 44
86 96 96 94 92
86 97 45 48 48
86 98 66 60 63
86 99 80 73 75
87 88 98 90 93
87 89 51 54 47
87 90 11 19 18
87 91 11 16 17
87 92 73 75 76
87 93 1 7 1
87 94 74 76 73
87 95 93 89 92
87 96 83 79 78
87 97 78 73 73
87 98 93 93 91
87 99 68 70 69
88 89 79 77 75
88 90 32 32 33
88 91 83 84 84
88 92 18 18 17
88 93 10 11 12
88 94 6 11 8
88 95 48 47 49
88 96 45 41 44
88 97 3 10 5
88 98 32 32 30
88 99 7 13 16
89 90 71 66 72
89 91 0 6 0
89 92 63 66 64
89 93 14 13 15
89 94 41 44 37
89 95 21 24 22
89 96 95 89 90
89 97 90 88 90
89 98 18 19 23
89 99 76 68 77
90 91 40 45 45
90 92 63 64 58
90 93 93 89 89
90 94 7 9 13
90 95 15 17 16
90 96 61 64 55
90 97 55 54 59
90 98 83 75 77
90 99 66 65 62
91 92 17 23 20
91 93 86 79 84
91 94 29 34 29
91 95 59 57 63
91 96 17 16 24
91 97 36 36 34
91 98 53 54 54
91 99 36 38 38
92 93 48 51 50
92 94 98 94 92
92 95 93 85 92
92 96 72 68 67
92 97 90 84 84
92 98 63 63 59
92 99 37 33 36
93 94 34 36 38
93 95 46 50 47
93 96 39 39 45
93 97 79 75 81
93 98 69 68 69
93 99 93 93 91
94 95 14 15 21
94 96 89 90 85
94 97 2 6 2
94 98 4 11 9
94 99 46 50 46
95 96 34 38 39
95 97 96 96 89
95 98 45 44 45
95 99 22 26 28
96 97 8 15 8
96 98 73 74 75
96 99 75 76 73
97 98 36 36 41
97 99 77 75 74
98 99 24 24 29
