100
0 1 77 81 67
0 2 84 80 70
0 3 59 57 68
0 4 2 6 9
0 5 17 21 23
0 6 9 11 18
0 7 5 24 10
0 8 42 55 49
0 9 89 69 63
0 10 34 53 39
0 11 44 31 31
0 12 22 37 29
0 13 65 46 48
0 14 52 42 56
0 15 89 89 79
0 16 68 64 49
0 17 10 23 35
0 18 1 4 12
0 19 84 77 75
0 20 5 10 10
0 21 85 85 74
0 22 78 82 56
0 23 63 46 58
0 24 76 74 70
0 25 59 52 59
0 26 33 47 30
0 27 17 26 22
0 28 6 9 11
0 29 51 43 48
0 30 60 70 46
0 31 7 22 15
0 32 35 42 32
0 33 69 59 63
0 34 60 47 47
0 35 20 31 26
0 36 36 46 35
0 37 12 36 33
0 38 22 35 39
0 39 82 62 60
0 40 68 73 77
0 41 33 49 42
0 42 91 88 76
0 43 95 74 92
0 44 19 32 21
0 45 84 82 67
0 46 43 47 54
0 47 6 17 5
0 48 41 32 29
0 49 94 87 68
0 50 8 7 18
0 51 38 34 53
0 52 91 64 86
0 53 50 64 63
0 54 88 68 78
0 55 56 52 53
0 56 96 71 89
0 57 91 88 82
0 58 37 51 36
0 59 14 32 18
0 60 35 32 29
0 61 61 53 65
0 62 37 33 32
0 63 97 95 76
0 64 6 7 24
0 65 15 23 11
0 66 62 44 45
0 67 59 50 49
0 68 88 79 70
0 69 74 73 67
0 70 89 77 82
0 71 34 42 46
0 72 16 32 30
0 73 34 39 30
0 74 48 61 49
0 75 20 22 44
0 76 47 38 51
0 77 98 84 89
0 78 52 58 44
0 79 73 68 65
0 80 70 53 50
0 81 75 63 73
0 82 27 47 31
0 83 12 23 25
0 84 37 47 31
0 85 89 63 82
0 86 3 9 13
0 87 45 61 57
0 88 36 46 54
0 89 57 67 46
0 90 90 82 90
0 91 94 75 85
0 92 76 68 78
0 93 28 37 26
0 94 88 85 63
0 95 48 53 55
0 96 89 84 85
0 97 28 46 34
0 98 6 19 31
0 99 70 55 54
1 2 13 20 23
1 3 20 15 22
1 4 37 51 32
1 5 21 41 42
1 6 75 63 70
1 7 9 13 26
1 8 18 26 35
1 9 18 38 31
1 10 17 36 22
1 11 18 33 29
1 12 19 26 35
1 13 31 50 41
1 14 26 34 25
1 15 61 54 68
1 16 40 45 38
1 17 42 38 46
1 18 48 37 56
1 19 17 26 15
1 20 33 25 49
1 21 37 36 46
1 22 0 27 30
1 23 17 24 21
1 24 28 29 45
1 25 87 66 72
1 26 45 37 57
1 27 35 51 35
1 28 11 18 35
1 29 26 27 44
1 30 77 80 57
1 31 47 62 33
1 32 26 29 46
1 33 97 91 97
1 34 85 84 63
1 35 42 58 57
1 36 63 68 70
1 37 35 51 39
1 38 76 59 60
1 39 47 36 37
1 40 65 52 61
1 41 35 33 32
1 42 24 30 27
1 43 85 71 82
1 44 20 30 35
1 45 60 51 62
1 46 13 21 28
1 47 24 17 37
1 48 46 51 36
1 49 57 68 54
1 50 43 51 56
1 51 85 75 82
1 52 30 44 34
1 53 76 65 62
1 54 51 55 62
1 55 5 16 17
1 56 20 28 15
1 57 83 74 84
1 58 62 61 48
1 59 31 30 46
1 60 84 62 62
1 61 52 53 54
1 62 21 20 37
1 63 55 54 68
1 64 82 74 66
1 65 76 73 55
1 66 93 93 83
1 67 60 51 43
1 68 62 46 55
1 69 33 33 45
1 70 29 47 39
1 71 19 37 33
1 72 39 48 45
1 73 59 62 48
1 74 33 45 25
1 75 70 73 76
1 76 11 21 11
1 77 28 21 44
1 78 23 30 38
1 79 24 36 28
1 80 87 89 74
1 81 76 59 66
1 82 47 54 41
1 83 18 20 17
1 84 7 6 34
1 85 41 46 44
1 86 38 42 56
1 87 17 26 34
1 88 13 9 36
1 89 40 33 30
1 90 29 38 37
1 91 8 14 15
1 92 48 34 35
1 93 95 67 89
1 94 40 31 53
1 95 55 46 63
1 96 31 46 26
1 97 71 69 76
1 98 71 70 62
1 99 30 48 26
2 3 34 27 39
2 4 47 35 60
2 5 51 55 61
2 6 0 19 15
2 7 5 28 30
2 8 82 66 72
2 9 4 27 16
2 10 68 74 59
2 11 60 50 55
2 12 22 30 26
2 13 4 13 18
2 14 7 31 23
2 15 78 65 74
2 16 37 50 32
2 17 84 84 64
2 18 83 82 72
2 19 86 84 85
2 20 64 62 71
2 21 39 46 33
2 22 58 66 58
2 23 36 26 34
2 24 63 45 48
2 25 3 26 21
2 26 26 42 44
2 27 28 20 41
2 28 57 62 50
2 29 69 58 74
2 30 73 58 58
2 31 29 44 41
2 32 91 68 69
2 33 43 38 41
2 34 95 87 85
2 35 70 50 76
2 36 66 63 69
2 37 60 53 50
2 38 61 48 49
2 39 29 40 37
2 40 62 60 61
2 41 36 45 28
2 42 13 15 20
2 43 7 8 19
2 44 21 32 26
2 45 77 54 83
2 46 13 14 36
2 47 84 66 88
2 48 28 21 42
2 49 14 20 21
2 50 37 43 26
2 51 40 45 36
2 52 10 25 34
2 53 95 76 69
2 54 28 36 25
2 55 64 68 56
2 56 78 75 83
2 57 37 38 52
2 58 67 66 68
2 59 7 20 16
2 60 84 74 60
2 61 61 61 66
2 62 53 66 65
2 63 84 70 61
2 64 0 22 24
2 65 91 72 91
2 66 70 72 75
2 67 47 42 55
2 68 96 76 85
2 69 30 28 48
2 70 34 30 26
2 71 18 24 38
2 72 6 27 19
2 73 28 40 47
2 74 83 75 81
2 75 34 43 40
2 76 10 12 22
2 77 51 39 43
2 78 49 37 56
2 79 83 81 87
2 80 38 50 46
2 81 9 9 32
2 82 95 67 83
2 83 94 81 68
2 84 49 39 45
2 85 13 16 19
2 86 49 44 40
2 87 65 53 52
2 88 19 28 29
2 89 17 30 15
2 90 5 19 33
2 91 25 34 41
2 92 42 35 50
2 93 23 23 45
2 94 9 27 21
2 95 48 47 56
2 96 86 78 82
2 97 13 30 38
2 98 93 83 87
2 99 61 44 65
3 4 87 82 70
3 5 42 54 38
3 6 14 22 28
3 7 63 65 69
3 8 34 33 46
3 9 82 68 67
3 10 79 79 57
3 11 97 93 81
3 12 11 15 21
3 13 76 60 54
3 14 20 17 30
3 15 30 31 38
3 16 65 71 69
3 17 63 62 72
3 18 35 29 49
3 19 73 57 78
3 20 49 54 49
3 21 37 47 44
3 22 53 43 43
3 23 18 40 31
3 24 70 55 55
3 25 31 40 42
3 26 0 27 4
3 27 84 68 79
3 28 56 44 53
3 29 25 46 44
3 30 13 16 22
3 31 13 28 39
3 32 58 62 66
3 33 13 19 32
3 34 66 65 65
3 35 33 46 48
3 36 34 46 36
3 37 61 54 63
3 38 22 19 43
3 39 39 43 38
3 40 58 51 45
3 41 53 56 59
3 42 98 97 78
3 43 3 12 31
3 44 69 58 65
3 45 21 16 37
3 46 13 10 35
3 47 64 74 61
3 48 44 54 51
3 49 87 82 66
3 50 37 39 46
3 51 22 33 27
3 52 69 65 53
3 53 91 88 82
3 54 73 63 56
3 55 54 53 58
3 56 63 55 60
3 57 58 56 54
3 58 32 32 38
3 59 99 88 80
3 60 51 42 41
3 61 24 44 29
3 62 14 33 34
3 63 69 72 53
3 64 68 64 54
3 65 17 13 18
3 66 21 44 39
3 67 63 72 64
3 68 9 19 36
3 69 82 58 74
3 70 65 64 62
3 71 79 71 63
3 72 71 58 53
3 73 13 36 36
3 74 11 28 11
3 75 30 33 44
3 76 32 28 27
3 77 77 79 70
3 78 12 24 19
3 79 78 79 58
3 80 41 56 43
3 81 68 60 58
3 82 72 68 54
3 83 91 80 78
3 84 19 19 33
3 85 91 78 88
3 86 77 64 58
3 87 35 27 36
3 88 8 15 11
3 89 14 37 37
3 90 83 65 83
3 91 80 81 57
3 92 29 49 31
3 93 62 49 66
3 94 79 81 58
3 95 34 24 48
3 96 78 69 63
3 97 71 53 78
3 98 72 74 61
3 99 79 66 60
4 5 76 70 74
4 6 93 91 65
4 7 28 20 19
4 8 38 43 48
4 9 0 13 7
4 10 45 34 35
4 11 46 61 32
4 12 27 22 27
4 13 80 73 62
4 14 18 18 23
4 15 6 22 31
4 16 78 67 75
4 17 89 91 87
4 18 86 72 74
4 19 69 68 67
4 20 89 71 72
4 21 71 55 53
4 22 45 40 51
4 23 81 66 76
4 24 1 22 12
4 25 47 36 35
4 26 98 70 87
4 27 25 21 33
4 28 55 42 68
4 29 9 14 14
4 30 80 70 60
4 31 30 26 43
4 32 45 49 53
4 33 36 32 47
4 34 54 40 42
4 35 81 79 85
4 36 94 86 85
4 37 3 2 12
4 38 47 42 55
4 39 77 71 67
4 40 62 71 56
4 41 49 57 40
4 42 41 33 30
4 43 99 81 77
4 44 53 61 50
4 45 8 19 35
4 46 22 42 26
4 47 89 87 70
4 48 20 35 20
4 49 29 41 22
4 50 85 80 61
4 51 45 55 57
4 52 53 61 65
4 53 87 70 86
4 54 86 83 66
4 55 11 15 22
4 56 35 39 51
4 57 96 87 71
4 58 6 12 25
4 59 32 46 22
4 60 23 21 43
4 61 26 39 39
4 62 41 54 31
4 63 52 66 37
4 64 67 61 70
4 65 45 47 49
4 66 5 7 18
4 67 57 68 44
4 68 22 43 43
4 69 62 55 64
4 70 22 34 24
4 71 81 58 60
4 72 12 22 13
4 73 7 9 26
4 74 41 55 45
4 75 61 67 51
4 76 93 91 86
4 77 16 24 39
4 78 90 65 79
4 79 47 40 33
4 80 97 81 95
4 81 25 43 36
4 82 14 30 39
4 83 72 51 64
4 84 88 71 66
4 85 45 35 41
4 86 71 51 53
4 87 68 61 48
4 88 36 52 46
4 89 73 60 70
4 90 54 52 48
4 91 76 75 73
4 92 82 77 71
4 93 8 23 32
4 94 12 28 28
4 95 64 49 65
4 96 2 31 24
4 97 28 22 29
4 98 21 38 34
4 99 62 69 71
5 6 46 53 35
5 7 70 58 71
5 8 75 68 59
5 9 54 58 64
5 10 72 59 68
5 11 70 52 74
5 12 65 51 51
5 13 42 59 41
5 14 41 54 48
5 15 23 36 25
5 16 11 23 13
5 17 17 19 36
5 18 24 39 42
5 19 10 14 23
5 20 73 55 52
5 21 1 2 12
5 22 34 30 24
5 23 26 36 25
5 24 81 69 58
5 25 90 80 70
5 26 30 36 44
5 27 95 78 87
5 28 51 63 60
5 29 80 68 67
5 30 68 67 64
5 31 17 35 30
5 32 5 23 8
5 33 88 87 63
5 34 8 23 32
5 35 79 73 59
5 36 42 52 52
5 37 65 65 64
5 38 43 59 50
5 39 60 52 68
5 40 23 37 36
5 41 17 28 29
5 42 75 79 75
5 43 28 40 32
5 44 61 52 69
5 45 71 70 72
5 46 12 10 34
5 47 17 13 26
5 48 3 4 21
5 49 37 44 31
5 50 33 48 51
5 51 37 40 33
5 52 49 61 55
5 53 44 47 34
5 54 16 15 29
5 55 95 86 79
5 56 96 90 86
5 57 43 55 34
5 58 16 17 31
5 59 97 70 72
5 60 60 58 53
5 61 26 23 27
5 62 84 61 71
5 63 9 19 25
5 64 86 71 62
5 65 60 53 49
5 66 94 70 87
5 67 97 93 96
5 68 5 12 32
5 69 57 44 67
5 70 99 95 85
5 71 58 63 50
5 72 96 75 94
5 73 81 73 67
5 74 95 69 88
5 75 71 57 55
5 76 27 30 23
5 77 27 42 40
5 78 91 82 84
5 79 99 84 75
5 80 35 42 33
5 81 60 62 61
5 82 1 5 21
5 83 42 30 40
5 84 34 53 43
5 85 34 32 29
5 86 2 26 30
5 87 5 6 6
5 88 13 21 34
5 89 55 50 49
5 90 47 51 42
5 91 45 32 44
5 92 53 38 53
5 93 81 60 82
5 94 66 60 52
5 95 76 54 54
5 96 22 42 17
5 97 14 15 13
5 98 81 81 60
5 99 67 61 64
6 7 67 76 62
6 8 58 48 63
6 9 38 55 44
6 10 80 70 76
6 11 80 56 56
6 12 72 57 56
6 13 70 75 66
6 14 78 59 81
6 15 17 20 39
6 16 67 62 67
6 17 42 54 58
6 18 66 60 48
6 19 64 56 52
6 20 41 32 50
6 21 51 51 56
6 22 85 79 69
6 23 69 77 74
6 24 88 89 74
6 25 63 57 44
6 26 64 57 66
6 27 61 47 71
6 28 8 11 13
6 29 0 2 8
6 30 53 45 64
6 31 69 68 76
6 32 34 37 26
6 33 53 64 64
6 34 69 69 53
6 35 85 86 77
6 36 24 32 40
6 37 81 80 68
6 38 37 31 41
6 39 51 48 55
6 40 99 76 80
6 41 26 41 47
6 42 78 71 70
6 43 67 68 74
6 44 65 55 59
6 45 37 39 39
6 46 39 43 56
6 47 37 43 37
6 48 4 9 26
6 49 59 59 57
6 50 1 7 16
6 51 69 50 59
6 52 97 71 85
6 53 75 73 73
6 54 66 59 63
6 55 66 47 74
6 56 98 92 87
6 57 58 70 54
6 58 25 28 40
6 59 47 33 36
6 60 35 50 28
6 61 79 61 85
6 62 46 34 42
6 63 11 31 22
6 64 71 57 58
6 65 96 78 87
6 66 0 28 3
6 67 62 72 62
6 68 88 62 88
6 69 28 29 20
6 70 37 37 32
6 71 71 66 75
6 72 46 47 37
6 73 75 70 65
6 74 39 55 37
6 75 58 59 64
6 76 14 23 27
6 77 76 82 66
6 78 66 63 71
6 79 78 79 71
6 80 82 82 62
6 81 92 75 83
6 82 85 67 85
6 83 64 72 50
6 84 98 98 70
6 85 65 66 73
6 86 44 43 33
6 87 86 73 73
6 88 33 32 37
6 89 6 31 18
6 90 42 49 45
6 91 24 19 37
6 92 72 58 63
6 93 30 34 21
6 94 21 30 39
6 95 4 19 9
6 96 14 18 15
6 97 46 58 52
6 98 8 15 6
6 99 48 38 53
7 8 68 63 69
7 9 64 60 68
7 10 61 70 52
7 11 54 53 66
7 12 38 56 55
7 13 96 70 94
7 14 8 30 19
7 15 4 5 11
7 16 41 49 55
7 17 69 69 65
7 18 25 39 19
7 19 39 40 28
7 20 98 79 89
7 21 36 43 28
7 22 65 68 74
7 23 27 23 27
7 24 80 62 73
7 25 51 55 63
7 26 21 31 34
7 27 51 65 51
7 28 74 57 61
7 29 54 51 50
7 30 53 52 47
7 31 12 8 18
7 32 83 59 75
7 33 23 30 29
7 34 7 27 23
7 35 82 82 64
7 36 82 63 80
7 37 89 74 71
7 38 51 50 41
7 39 20 31 42
7 40 26 46 34
7 41 1 11 22
7 42 83 60 68
7 43 40 38 40
7 44 69 50 72
7 45 57 59 57
7 46 18 35 17
7 47 50 46 39
7 48 69 59 64
7 49 62 64 50
7 50 57 45 49
7 51 28 40 46
7 52 49 60 37
7 53 41 56 48
7 54 58 70 42
7 55 4 30 11
7 56 42 44 37
7 57 42 53 30
7 58 30 47 32
7 59 55 64 55
7 60 98 90 71
7 61 36 35 33
7 62 74 73 78
7 63 92 76 94
7 64 17 23 39
7 65 42 48 58
7 66 30 49 35
7 67 71 65 70
7 68 45 61 55
7 69 75 55 72
7 70 78 70 71
7 71 83 81 64
7 72 44 55 44
7 73 68 65 61
7 74 54 66 53
7 75 46 34 44
7 76 13 29 25
7 77 40 35 44
7 78 6 13 8
7 79 48 37 47
7 80 83 77 84
7 81 32 37 44
7 82 28 27 42
7 83 59 64 56
7 84 55 47 40
7 85 11 18 24
7 86 38 36 47
7 87 11 31 25
7 88 1 23 17
7 89 99 82 88
7 90 15 19 25
7 91 31 43 44
7 92 54 49 43
7 93 61 67 60
7 94 80 81 82
7 95 74 80 55
7 96 12 36 14
7 97 85 71 68
7 98 78 76 59
7 99 7 31 32
8 9 91 79 66
8 10 73 64 69
8 11 92 83 83
8 12 85 72 61
8 13 61 69 44
8 14 47 40 35
8 15 32 32 27
8 16 18 27 17
8 17 21 35 29
8 18 69 54 70
8 19 55 58 45
8 20 25 42 47
8 21 48 47 42
8 22 79 63 75
8 23 15 17 18
8 24 55 65 55
8 25 25 41 33
8 26 9 33 31
8 27 77 80 68
8 28 17 25 34
8 29 40 51 37
8 30 98 74 73
8 31 75 74 58
8 32 45 39 49
8 33 18 34 14
8 34 46 56 36
8 35 9 12 35
8 36 95 75 87
8 37 12 17 13
8 38 7 18 24
8 39 31 41 47
8 40 23 18 42
8 41 62 47 66
8 42 61 59 46
8 43 44 44 35
8 44 78 59 61
8 45 99 89 70
8 46 7 18 25
8 47 86 79 64
8 48 81 58 75
8 49 64 54 56
8 50 11 24 16
8 51 68 52 64
8 52 61 47 57
8 53 3 9 15
8 54 29 40 36
8 55 56 48 63
8 56 61 59 71
8 57 54 64 46
8 58 87 84 84
8 59 55 56 40
8 60 33 39 47
8 61 11 16 26
8 62 2 12 29
8 63 17 22 14
8 64 77 58 64
8 65 29 49 20
8 66 81 78 64
8 67 0 26 7
8 68 93 70 71
8 69 52 55 47
8 70 17 25 12
8 71 41 56 34
8 72 80 64 71
8 73 93 80 70
8 74 51 49 39
8 75 71 62 57
8 76 47 46 49
8 77 8 24 25
8 78 90 71 92
8 79 46 49 61
8 80 78 78 67
8 81 33 26 47
8 82 34 27 47
8 83 84 66 81
8 84 84 77 79
8 85 11 32 19
8 86 60 60 71
8 87 36 49 40
8 88 18 43 27
8 89 54 44 39
8 90 7 6 17
8 91 27 19 43
8 92 22 20 20
8 93 61 55 58
8 94 17 35 32
8 95 55 56 42
8 96 8 10 13
8 97 93 93 77
8 98 53 63 43
8 99 41 49 43
9 10 40 49 29
9 11 74 76 77
9 12 41 57 44
9 13 39 46 57
9 14 48 50 48
9 15 72 78 62
9 16 88 91 69
9 17 88 91 62
9 18 63 73 60
9 19 96 81 79
9 20 9 22 36
9 21 7 11 19
9 22 79 61 72
9 23 8 23 18
9 24 10 20 25
9 25 14 27 20
9 26 35 39 48
9 27 97 91 76
9 28 60 53 59
9 29 37 30 46
9 30 92 80 69
9 31 29 24 41
9 32 1 4 13
9 33 36 50 49
9 34 5 5 29
9 35 2 16 13
9 36 38 55 31
9 37 55 40 56
9 38 30 50 41
9 39 13 18 29
9 40 91 66 81
9 41 57 42 64
9 42 5 13 25
9 43 5 16 30
9 44 35 38 44
9 45 41 55 47
9 46 10 23 30
9 47 18 22 26
9 48 0 13 30
9 49 53 59 57
9 50 23 22 37
9 51 89 90 70
9 52 5 21 8
9 53 69 67 68
9 54 37 46 34
9 55 36 28 29
9 56 16 38 32
9 57 19 29 24
9 58 57 54 58
9 59 77 62 77
9 60 78 78 56
9 61 3 30 22
9 62 60 50 45
9 63 78 76 79
9 64 70 53 67
9 65 91 69 70
9 66 18 13 33
9 67 83 60 83
9 68 22 41 41
9 69 49 44 44
9 70 95 93 87
9 71 96 68 97
9 72 48 51 58
9 73 50 44 50
9 74 12 18 19
9 75 4 28 14
9 76 99 97 84
9 77 22 39 35
9 78 59 54 55
9 79 75 62 77
9 80 36 44 42
9 81 49 42 51
9 82 73 59 79
9 83 41 34 29
9 84 97 75 77
9 85 64 70 59
9 86 32 43 38
9 87 54 64 48
9 88 87 82 81
9 89 36 38 29
9 90 8 16 19
9 91 73 51 71
9 92 6 29 14
9 93 74 73 67
9 94 65 49 50
9 95 12 17 30
9 96 13 17 24
9 97 54 48 43
9 98 63 53 58
9 99 68 61 53
10 11 6 19 32
10 12 72 61 61
10 13 74 58 78
10 14 61 43 61
10 15 58 68 42
10 16 92 94 69
10 17 54 46 66
10 18 27 21 27
10 19 10 32 29
10 20 41 47 47
10 21 48 60 35
10 22 66 53 58
10 23 23 26 42
10 24 19 28 35
10 25 43 57 58
10 26 28 37 48
10 27 40 55 48
10 28 75 58 60
10 29 87 85 73
10 30 37 39 47
10 31 63 50 45
10 32 43 52 41
10 33 35 36 36
10 34 53 53 56
10 35 53 63 49
10 36 95 73 68
10 37 98 95 86
10 38 68 75 53
10 39 10 13 32
10 40 77 79 84
10 41 90 78 86
10 42 21 31 40
10 43 2 23 12
10 44 61 53 49
10 45 90 79 64
10 46 76 57 67
10 47 74 74 67
10 48 1 6 27
10 49 38 33 55
10 50 83 67 87
10 51 98 92 75
10 52 47 60 52
10 53 91 87 67
10 54 60 46 64
10 55 47 38 55
10 56 58 69 41
10 57 87 75 76
10 58 56 67 57
10 59 11 20 33
10 60 87 77 67
10 61 61 61 57
10 62 65 47 73
10 63 84 86 61
10 64 83 85 60
10 65 94 82 88
10 66 81 83 80
10 67 36 31 28
10 68 66 51 73
10 69 52 48 55
10 70 10 11 9
10 71 54 62 66
10 72 14 12 31
10 73 40 57 30
10 74 72 64 68
10 75 84 83 70
10 76 88 83 76
10 77 25 46 44
10 78 82 77 72
10 79 67 66 63
10 80 18 40 38
10 81 2 25 14
10 82 86 70 73
10 83 42 40 50
10 84 8 27 33
10 85 47 33 38
10 86 6 33 16
10 87 64 54 51
10 88 51 50 57
10 89 19 14 19
10 90 35 51 53
10 91 65 75 59
10 92 60 58 49
10 93 32 43 30
10 94 95 90 81
10 95 97 88 73
10 96 96 78 84
10 97 18 33 27
10 98 48 38 44
10 99 23 24 23
11 12 92 68 89
11 13 78 57 76
11 14 54 63 66
11 15 74 71 64
11 16 30 49 33
11 17 21 28 43
11 18 64 67 58
11 19 13 33 29
11 20 97 77 88
11 21 25 38 40
11 22 47 50 60
11 23 33 39 42
11 24 95 95 88
11 25 2 26 25
11 26 91 76 82
11 27 45 38 45
11 28 9 35 31
11 29 78 73 54
11 30 54 52 49
11 31 48 62 50
11 32 44 35 41
11 33 90 91 66
11 34 99 83 72
11 35 72 59 56
11 36 36 35 26
11 37 63 66 59
11 38 55 53 46
11 39 33 30 48
11 40 33 34 40
11 41 5 32 17
11 42 46 56 50
11 43 58 57 70
11 44 12 37 10
11 45 38 41 31
11 46 66 75 70
11 47 10 10 16
11 48 86 78 71
11 49 41 32 45
11 50 70 54 52
11 51 55 58 67
11 52 99 82 82
11 53 75 66 67
11 54 47 40 60
11 55 79 56 61
11 56 2 12 29
11 57 8 33 7
11 58 70 65 68
11 59 20 34 28
11 60 37 33 34
11 61 34 46 35
11 62 12 16 23
11 63 33 33 25
11 64 16 29 16
11 65 50 53 61
11 66 32 30 36
11 67 91 67 72
11 68 98 94 97
11 69 73 72 80
11 70 26 45 40
11 71 47 61 60
11 72 63 59 46
11 73 12 8 30
11 74 41 58 48
11 75 92 81 65
11 76 6 17 18
11 77 56 55 55
11 78 88 78 73
11 79 94 77 94
11 80 71 76 72
11 81 9 16 36
11 82 24 40 30
11 83 64 52 54
11 84 54 60 60
11 85 71 57 73
11 86 45 33 53
11 87 36 40 32
11 88 97 70 78
11 89 97 86 69
11 90 62 66 49
11 91 97 79 71
11 92 77 61 65
11 93 91 87 90
11 94 9 11 28
11 95 99 94 79
11 96 50 44 65
11 97 2 4 9
11 98 65 67 71
11 99 67 51 62
12 13 44 32 49
12 14 36 42 35
12 15 49 46 57
12 16 21 36 32
12 17 92 82 66
12 18 89 63 73
12 19 97 92 80
12 20 87 80 80
12 21 66 49 67
12 22 22 35 33
12 23 43 33 60
12 24 69 63 65
12 25 34 36 47
12 26 36 28 53
12 27 5 24 22
12 28 76 73 57
12 29 45 42 45
12 30 28 44 44
12 31 78 65 60
12 32 80 78 71
12 33 34 34 46
12 34 56 62 46
12 35 22 45 21
12 36 10 13 24
12 37 23 19 23
12 38 45 34 33
12 39 85 83 75
12 40 4 10 27
12 41 1 31 21
12 42 59 58 69
12 43 26 27 19
12 44 91 82 86
12 45 13 13 12
12 46 76 59 63
12 47 23 33 36
12 48 41 50 58
12 49 30 42 49
12 50 34 45 33
12 51 87 75 69
12 52 83 76 83
12 53 48 35 62
12 54 21 19 38
12 55 68 58 53
12 56 20 25 30
12 57 67 51 60
12 58 16 19 12
12 59 13 33 18
12 60 51 45 37
12 61 93 67 80
12 62 51 44 49
12 63 48 40 46
12 64 68 52 51
12 65 66 52 66
12 66 95 91 82
12 67 54 67 44
12 68 91 78 90
12 69 13 27 23
12 70 37 33 32
12 71 20 16 29
12 72 24 19 33
12 73 85 80 62
12 74 94 92 82
12 75 48 34 36
12 76 0 19 17
12 77 80 58 77
12 78 89 80 65
12 79 25 36 38
12 80 10 21 30
12 81 13 13 24
12 82 53 53 44
12 83 21 33 33
12 84 69 60 74
12 85 1 20 27
12 86 66 56 65
12 87 92 70 65
12 88 59 71 70
12 89 52 59 66
12 90 75 53 72
12 91 64 66 63
12 92 22 39 35
12 93 83 76 71
12 94 10 26 33
12 95 20 20 34
12 96 54 65 47
12 97 17 32 28
12 98 59 66 50
12 99 0 29 22
13 14 5 25 12
13 15 16 26 22
13 16 38 52 53
13 17 9 34 20
13 18 95 68 78
13 19 35 35 27
13 20 76 70 58
13 21 52 49 54
13 22 42 51 47
13 23 19 20 38
13 24 60 46 67
13 25 98 88 86
13 26 13 16 28
13 27 19 18 33
13 28 81 68 58
13 29 40 45 35
13 30 80 62 70
13 31 27 48 22
13 32 15 38 40
13 33 13 36 20
13 34 13 23 11
13 35 0 20 27
13 36 86 80 82
13 37 43 45 40
13 38 80 71 67
13 39 2 18 7
13 40 36 44 35
13 41 13 22 33
13 42 90 86 66
13 43 4 10 19
13 44 82 82 80
13 45 91 74 89
13 46 92 89 67
13 47 0 19 26
13 48 87 77 80
13 49 85 60 67
13 50 7 14 20
13 51 89 63 88
13 52 62 57 63
13 53 91 87 72
13 54 36 47 47
13 55 77 83 79
13 56 48 36 57
13 57 89 74 63
13 58 93 79 91
13 59 40 43 41
13 60 44 43 34
13 61 64 58 53
13 62 80 75 57
13 63 87 65 81
13 64 69 76 62
13 65 55 69 57
13 66 11 13 37
13 67 41 34 36
13 68 12 33 24
13 69 57 46 49
13 70 97 76 71
13 71 52 37 66
13 72 20 15 15
13 73 91 66 90
13 74 37 39 39
13 75 15 32 38
13 76 83 60 81
13 77 67 48 56
13 78 81 87 62
13 79 91 65 74
13 80 66 46 63
13 81 12 34 34
13 82 58 50 66
13 83 91 71 91
13 84 85 85 81
13 85 34 40 47
13 86 36 30 50
13 87 78 79 69
13 88 31 43 45
13 89 10 12 15
13 90 48 48 43
13 91 42 43 33
13 92 61 48 61
13 93 33 48 30
13 94 74 57 81
13 95 16 17 39
13 96 4 13 25
13 97 66 76 61
13 98 73 52 56
13 99 13 14 34
14 15 23 16 20
14 16 94 81 94
14 17 88 79 87
14 18 68 65 72
14 19 24 32 44
14 20 64 52 58
14 21 17 38 20
14 22 46 54 38
14 23 31 40 46
14 24 95 74 68
14 25 13 28 33
14 26 5 5 20
14 27 0 5 28
14 28 10 8 32
14 29 56 54 48
14 30 63 68 45
14 31 44 51 39
14 32 95 84 76
14 33 33 38 29
14 34 90 89 67
14 35 43 37 48
14 36 93 65 77
14 37 94 73 91
14 38 91 72 77
14 39 76 82 75
14 40 47 57 40
14 41 29 49 37
14 42 15 29 30
14 43 50 46 56
14 44 94 70 80
14 45 78 62 84
14 46 99 94 78
14 47 21 29 41
14 48 21 38 36
14 49 84 82 89
14 50 97 97 89
14 51 98 75 81
14 52 56 59 52
14 53 73 81 57
14 54 73 80 74
14 55 38 34 38
14 56 47 52 57
14 57 73 66 79
14 58 17 21 25
14 59 48 40 49
14 60 19 29 36
14 61 55 63 60
14 62 83 68 87
14 63 91 74 82
14 64 21 31 21
14 65 21 17 38
14 66 88 88 75
14 67 27 43 42
14 68 5 19 31
14 69 99 74 80
14 70 88 71 74
14 71 98 80 98
14 72 80 56 61
14 73 8 18 32
14 74 72 72 67
14 75 27 27 32
14 76 72 75 77
14 77 76 53 82
14 78 97 73 77
14 79 28 31 23
14 80 96 89 97
14 81 64 49 70
14 82 84 81 88
14 83 30 35 32
14 84 91 78 82
14 85 41 39 39
14 86 0 8 15
14 87 41 34 48
14 88 32 39 30
14 89 4 28 24
14 90 95 92 74
14 91 89 73 78
14 92 57 45 65
14 93 66 73 52
14 94 7 29 27
14 95 11 32 27
14 96 0 11 26
14 97 72 68 76
14 98 21 16 20
14 99 54 52 40
15 16 68 54 72
15 17 3 29 21
15 18 10 21 27
15 19 84 60 75
15 20 62 48 57
15 21 33 47 32
15 22 48 61 42
15 23 46 59 57
15 24 11 17 11
15 25 64 72 59
15 26 92 83 89
15 27 33 49 44
15 28 17 34 34
15 29 88 84 64
15 30 22 27 30
15 31 93 79 91
15 32 4 32 22
15 33 60 61 48
15 34 64 60 51
15 35 47 47 58
15 36 81 80 83
15 37 55 68 43
15 38 72 60 51
15 39 66 53 52
15 40 14 22 35
15 41 68 73 72
15 42 41 56 52
15 43 61 51 56
15 44 16 37 12
15 45 65 63 62
15 46 81 82 64
15 47 41 42 49
15 48 74 53 59
15 49 46 47 59
15 50 12 21 33
15 51 9 9 32
15 52 96 81 83
15 53 57 44 58
15 54 6 8 19
15 55 22 34 36
15 56 4 10 15
15 57 14 35 16
15 58 43 55 36
15 59 75 78 56
15 60 91 82 71
15 61 27 20 32
15 62 34 31 27
15 63 71 64 79
15 64 59 43 62
15 65 52 58 59
15 66 25 32 20
15 67 54 63 48
15 68 80 58 61
15 69 61 47 51
15 70 65 65 52
15 71 69 72 68
15 72 8 27 7
15 73 27 24 36
15 74 95 82 83
15 75 70 63 65
15 76 52 46 60
15 77 84 63 63
15 78 1 17 25
15 79 1 19 5
15 80 44 39 39
15 81 53 65 60
15 82 98 75 69
15 83 18 20 19
15 84 21 29 35
15 85 68 64 62
15 86 84 64 87
15 87 11 23 15
15 88 56 63 50
15 89 57 48 51
15 90 0 13 6
15 91 48 34 59
15 92 98 81 72
15 93 0 24 4
15 94 8 32 32
15 95 6 20 24
15 96 31 46 28
15 97 28 40 27
15 98 7 35 33
15 99 75 76 63
16 17 37 28 39
16 18 59 62 67
16 19 75 71 74
16 20 81 66 86
16 21 85 71 67
16 22 5 29 4
16 23 94 87 83
16 24 57 49 56
16 25 10 23 24
16 26 50 63 54
16 27 80 79 63
16 28 0 13 26
16 29 5 30 25
16 30 97 70 83
16 31 89 65 65
16 32 94 67 86
16 33 22 45 39
16 34 50 60 43
16 35 37 42 43
16 36 51 54 58
16 37 24 18 29
16 38 73 56 78
16 39 98 77 73
16 40 99 91 83
16 41 89 88 80
16 42 88 81 64
16 43 77 70 74
16 44 26 27 31
16 45 15 25 12
16 46 68 68 65
16 47 46 44 47
16 48 37 48 38
16 49 35 31 42
16 50 89 68 68
16 51 76 60 53
16 52 42 36 35
16 53 70 73 57
16 54 61 66 43
16 55 75 73 54
16 56 54 61 59
16 57 19 41 17
16 58 83 70 58
16 59 79 73 55
16 60 69 60 65
16 61 18 37 32
16 62 52 44 47
16 63 91 82 78
16 64 93 83 94
16 65 13 24 29
16 66 96 77 77
16 67 48 43 34
16 68 63 60 48
16 69 33 37 50
16 70 6 25 10
16 71 35 31 51
16 72 87 88 84
16 73 10 9 34
16 74 85 68 71
16 75 16 23 38
16 76 2 21 9
16 77 90 91 75
16 78 65 67 68
16 79 99 81 84
16 80 3 16 7
16 81 29 49 22
16 82 71 63 50
16 83 62 47 53
16 84 92 89 70
16 85 21 26 25
16 86 18 28 41
16 87 74 75 65
16 88 41 53 49
16 89 60 61 67
16 90 60 70 46
16 91 49 48 63
16 92 39 48 44
16 93 35 50 27
16 94 77 72 82
16 95 60 57 51
16 96 71 54 53
16 97 38 45 30
16 98 16 35 30
16 99 74 59 80
17 18 38 45 32
17 19 10 31 23
17 20 1 7 9
17 21 32 30 46
17 22 25 39 37
17 23 72 62 64
17 24 8 16 16
17 25 90 70 86
17 26 61 52 54
17 27 80 66 70
17 28 88 88 70
17 29 7 21 16
17 30 13 38 14
17 31 17 26 14
17 32 64 53 67
17 33 66 61 59
17 34 8 10 18
17 35 14 27 28
17 36 46 38 59
17 37 30 34 32
17 38 95 73 81
17 39 3 30 17
17 40 2 30 17
17 41 7 6 19
17 42 18 21 25
17 43 18 17 20
17 44 92 71 88
17 45 60 47 65
17 46 65 71 64
17 47 68 61 49
17 48 19 38 19
17 49 76 58 67
17 50 20 33 41
17 51 91 73 91
17 52 90 83 66
17 53 61 52 71
17 54 29 46 27
17 55 32 32 35
17 56 41 52 58
17 57 37 45 38
17 58 15 20 22
17 59 13 32 37
17 60 38 29 30
17 61 35 32 33
17 62 63 69 46
17 63 65 68 57
17 64 66 74 51
17 65 9 33 10
17 66 66 53 62
17 67 31 44 28
17 68 94 90 89
17 69 49 48 45
17 70 36 34 50
17 71 5 32 32
17 72 58 42 71
17 73 95 69 78
17 74 35 30 39
17 75 22 35 23
17 76 56 56 40
17 77 82 68 59
17 78 19 23 35
17 79 37 54 48
17 80 9 34 13
17 81 87 77 81
17 82 54 68 63
17 83 93 91 83
17 84 57 63 48
17 85 91 87 71
17 86 1 15 25
17 87 62 50 44
17 88 87 66 62
17 89 37 47 40
17 90 62 52 68
17 91 92 65 91
17 92 49 39 55
17 93 29 37 49
17 94 7 18 29
17 95 3 24 14
17 96 46 60 50
17 97 51 54 54
17 98 3 29 25
17 99 12 12 9
18 19 63 49 58
18 20 29 32 39
18 21 40 38 45
18 22 52 65 47
18 23 20 25 36
18 24 78 78 75
18 25 43 55 31
18 26 72 55 63
18 27 95 76 72
18 28 44 52 54
18 29 69 68 72
18 30 83 64 77
18 31 95 88 95
18 32 34 43 43
18 33 42 35 48
18 34 22 31 21
18 35 63 56 55
18 36 70 64 61
18 37 29 50 22
18 38 87 79 78
18 39 51 49 45
18 40 41 35 29
18 41 15 21 27
18 42 62 44 63
18 43 9 11 11
18 44 55 42 51
18 45 85 85 81
18 46 5 30 32
18 47 75 67 66
18 48 15 23 20
18 49 48 53 52
18 50 97 85 76
18 51 28 47 26
18 52 23 45 40
18 53 87 82 63
18 54 53 43 54
18 55 93 75 76
18 56 54 38 39
18 57 45 54 32
18 58 6 18 26
18 59 67 66 49
18 60 11 36 27
18 61 4 11 5
18 62 73 67 75
18 63 0 24 21
18 64 61 44 66
18 65 40 50 49
18 66 31 37 30
18 67 35 40 48
18 68 92 87 76
18 69 10 16 30
18 70 82 71 57
18 71 68 58 75
18 72 71 73 75
18 73 2 2 30
18 74 54 46 52
18 75 68 63 75
18 76 56 57 63
18 77 21 41 37
18 78 57 55 70
18 79 71 63 60
18 80 3 13 13
18 81 33 43 41
18 82 26 31 42
18 83 78 83 73
18 84 45 53 51
18 85 44 52 58
18 86 72 66 64
18 87 29 39 46
18 88 49 39 56
18 89 25 35 47
18 90 37 39 42
18 91 39 47 30
18 92 14 31 15
18 93 51 65 48
18 94 70 62 77
18 95 57 59 42
18 96 30 29 49
18 97 57 57 64
18 98 0 11 18
18 99 86 86 86
19 20 86 89 88
19 21 86 67 70
19 22 35 33 26
19 23 30 25 32
19 24 38 45 27
19 25 45 33 41
19 26 60 70 42
19 27 80 79 62
19 28 83 72 66
19 29 98 97 83
19 30 14 32 35
19 31 46 43 47
19 32 59 56 48
19 33 1 29 25
19 34 54 48 43
19 35 86 72 80
19 36 18 22 23
19 37 12 26 16
19 38 16 33 33
19 39 98 94 95
19 40 38 44 40
19 41 78 59 64
19 42 3 21 30
19 43 55 53 39
19 44 53 65 53
19 45 34 42 52
19 46 0 20 18
19 47 48 37 62
19 48 16 26 36
19 49 87 79 65
19 50 19 36 34
19 51 61 51 50
19 52 31 51 36
19 53 19 14 22
19 54 86 84 66
19 55 33 47 29
19 56 23 32 44
19 57 48 44 45
19 58 81 74 58
19 59 14 23 24
19 60 47 45 61
19 61 75 77 67
19 62 26 20 28
19 63 73 77 76
19 64 99 98 74
19 65 79 80 65
19 66 66 66 54
19 67 19 14 42
19 68 99 91 78
19 69 78 66 79
19 70 93 87 70
19 71 15 39 33
19 72 27 47 38
19 73 34 52 29
19 74 79 81 72
19 75 11 12 14
19 76 34 38 37
19 77 72 77 77
19 78 25 29 41
19 79 57 50 44
19 80 96 81 90
19 81 16 34 24
19 82 11 28 21
19 83 50 49 58
19 84 84 80 83
19 85 98 82 86
19 86 85 68 88
19 87 96 93 68
19 88 85 72 62
19 89 21 41 45
19 90 29 43 32
19 91 13 10 23
19 92 7 14 34
19 93 31 37 52
19 94 94 90 78
19 95 44 59 37
19 96 90 67 81
19 97 91 64 67
19 98 6 6 26
19 99 83 59 61
20 21 89 66 91
20 22 86 79 73
20 23 81 81 70
20 24 86 84 79
20 25 39 40 37
20 26 58 57 70
20 27 91 67 92
20 28 64 73 56
20 29 0 0 12
20 30 2 26 22
20 31 88 72 81
20 32 62 64 60
20 33 35 31 35
20 34 41 55 34
20 35 3 22 30
20 36 49 55 40
20 37 73 55 65
20 38 0 5 20
20 39 81 71 84
20 40 28 43 34
20 41 22 35 31
20 42 20 28 31
20 43 72 68 60
20 44 20 43 42
20 45 31 28 37
20 46 45 58 56
20 47 81 82 59
20 48 79 57 84
20 49 0 18 15
20 50 57 62 51
20 51 27 19 37
20 52 0 3 20
20 53 43 35 56
20 54 47 49 36
20 55 95 88 89
20 56 43 32 40
20 57 11 20 23
20 58 34 34 52
20 59 71 57 76
20 60 19 18 26
20 61 52 43 45
20 62 0 18 19
20 63 50 56 49
20 64 41 41 41
20 65 4 29 31
20 66 45 57 61
20 67 89 79 86
20 68 56 39 50
20 69 23 35 45
20 70 34 24 51
20 71 11 26 24
20 72 10 34 28
20 73 78 68 71
20 74 73 74 70
20 75 81 63 63
20 76 46 38 61
20 77 40 51 37
20 78 60 47 65
20 79 10 18 25
20 80 38 52 31
20 81 95 91 69
20 82 22 27 36
20 83 18 41 41
20 84 27 23 44
20 85 25 47 29
20 86 10 18 34
20 87 92 88 76
20 88 37 38 50
20 89 54 66 60
20 90 82 84 62
20 91 50 61 46
20 92 97 86 88
20 93 6 18 30
20 94 31 45 46
20 95 18 34 20
20 96 91 75 72
20 97 87 73 85
20 98 48 46 37
20 99 53 38 58
21 22 64 54 67
21 23 4 11 11
21 24 97 77 84
21 25 78 74 60
21 26 93 83 83
21 27 97 68 78
21 28 38 38 31
21 29 66 60 66
21 30 55 43 58
21 31 77 63 79
21 32 1 14 18
21 33 32 50 36
21 34 9 12 14
21 35 36 46 38
21 36 68 58 76
21 37 57 64 58
21 38 33 41 41
21 39 35 45 38
21 40 46 35 39
21 41 29 43 49
21 42 70 78 53
21 43 89 64 84
21 44 10 15 27
21 45 64 62 72
21 46 28 33 25
21 47 66 63 61
21 48 1 21 30
21 49 6 12 13
21 50 94 77 75
21 51 63 58 58
21 52 88 85 79
21 53 17 35 40
21 54 54 65 56
21 55 75 69 54
21 56 51 36 42
21 57 33 29 41
21 58 68 58 67
21 59 46 61 37
21 60 79 85 77
21 61 21 35 39
21 62 28 24 25
21 63 30 36 22
21 64 26 37 46
21 65 50 45 50
21 66 0 6 2
21 67 98 87 91
21 68 83 68 59
21 69 97 90 70
21 70 45 40 59
21 71 29 22 26
21 72 91 66 70
21 73 68 51 51
21 74 26 40 28
21 75 37 44 32
21 76 5 31 18
21 77 73 69 60
21 78 86 60 75
21 79 55 60 58
21 80 26 32 30
21 81 42 56 59
21 82 38 46 39
21 83 30 50 27
21 84 33 36 40
21 85 15 33 28
21 86 83 62 82
21 87 94 92 81
21 88 69 52 57
21 89 91 84 66
21 90 1 19 23
21 91 35 34 53
21 92 56 42 63
21 93 42 30 30
21 94 97 84 95
21 95 50 51 42
21 96 94 91 80
21 97 20 23 23
21 98 32 36 45
21 99 73 77 77
22 23 74 58 72
22 24 40 57 39
22 25 44 48 36
22 26 21 27 44
22 27 59 55 58
22 28 57 65 53
22 29 36 28 26
22 30 17 31 14
22 31 54 57 63
22 32 98 83 76
22 33 0 8 8
22 34 51 65 51
22 35 6 18 26
22 36 1 3 18
22 37 67 73 70
22 38 50 43 47
22 39 95 67 91
22 40 43 39 46
22 41 38 32 37
22 42 5 24 30
22 43 54 43 44
22 44 15 17 32
22 45 70 49 78
22 46 66 74 68
22 47 92 93 93
22 48 19 34 35
22 49 14 39 18
22 50 52 48 59
22 51 65 59 54
22 52 0 23 20
22 53 98 72 79
22 54 65 74 70
22 55 33 27 52
22 56 13 37 10
22 57 36 50 30
22 58 11 8 18
22 59 33 39 46
22 60 37 50 53
22 61 21 15 43
22 62 87 65 83
22 63 65 68 68
22 64 16 40 28
22 65 23 20 40
22 66 25 38 47
22 67 14 33 10
22 68 45 45 56
22 69 49 38 52
22 70 30 26 40
22 71 76 80 56
22 72 37 34 50
22 73 43 35 30
22 74 65 75 70
22 75 62 51 61
22 76 67 67 47
22 77 65 68 70
22 78 25 38 24
22 79 97 89 85
22 80 39 34 42
22 81 20 32 23
22 82 41 42 33
22 83 6 7 6
22 84 38 52 34
22 85 26 43 39
22 86 84 84 80
22 87 69 57 68
22 88 76 58 70
22 89 36 32 47
22 90 40 40 48
22 91 75 67 66
22 92 39 40 31
22 93 60 52 67
22 94 65 61 51
22 95 12 15 11
22 96 0 9 17
22 97 66 69 68
22 98 63 70 56
22 99 48 62 54
23 24 61 60 70
23 25 79 63 76
23 26 32 44 28
23 27 65 51 61
23 28 4 16 27
23 29 27 35 35
23 30 46 56 40
23 31 40 39 31
23 32 61 56 72
23 33 72 62 51
23 34 30 48 38
23 35 45 53 60
23 36 54 42 43
23 37 17 26 20
23 38 83 83 75
23 39 55 66 54
23 40 80 76 79
23 41 53 56 43
23 42 16 34 35
23 43 15 28 32
23 44 60 64 57
23 45 52 63 61
23 46 75 56 56
23 47 32 50 47
23 48 39 44 33
23 49 78 59 74
23 50 11 28 35
23 51 38 51 48
23 52 26 24 33
23 53 40 33 29
23 54 30 47 28
23 55 32 47 34
23 56 97 95 73
23 57 61 69 70
23 58 21 40 21
23 59 71 78 72
23 60 86 73 77
23 61 68 68 49
23 62 61 57 47
23 63 70 58 68
23 64 24 43 24
23 65 33 26 37
23 66 25 21 22
23 67 91 70 73
23 68 45 58 42
23 69 41 39 34
23 70 60 52 57
23 71 86 65 60
23 72 75 69 71
23 73 76 73 80
23 74 73 55 62
23 75 1 23 26
23 76 12 35 17
23 77 79 71 56
23 78 7 7 31
23 79 11 19 26
23 80 96 83 72
23 81 31 29 37
23 82 24 32 26
23 83 36 51 36
23 84 64 68 49
23 85 31 27 37
23 86 89 80 75
23 87 84 61 74
23 88 83 59 83
23 89 30 29 46
23 90 76 71 66
23 91 90 89 80
23 92 78 60 64
23 93 75 77 70
23 94 67 74 65
23 95 47 54 62
23 96 10 14 22
23 97 70 54 53
23 98 76 66 65
23 99 54 52 63
24 25 26 32 40
24 26 31 42 29
24 27 32 40 40
24 28 20 35 30
24 29 13 20 39
24 30 50 48 51
24 31 81 85 86
24 32 34 31 53
24 33 99 72 99
24 34 0 24 12
24 35 60 69 69
24 36 83 63 59
24 37 72 77 76
24 38 72 79 55
24 39 86 64 81
24 40 71 77 66
24 41 5 9 30
24 42 49 47 38
24 43 10 29 30
24 44 17 20 39
24 45 14 24 35
24 46 46 52 34
24 47 45 35 43
24 48 50 35 38
24 49 68 52 73
24 50 23 35 37
24 51 12 29 12
24 52 99 78 70
24 53 24 28 18
24 54 50 58 52
24 55 29 49 41
24 56 56 65 40
24 57 12 11 21
24 58 53 64 64
24 59 72 75 68
24 60 51 60 66
24 61 78 72 65
24 62 53 61 50
24 63 52 52 38
24 64 23 27 43
24 65 11 36 34
24 66 3 21 13
24 67 26 24 35
24 68 91 85 82
24 69 53 60 47
24 70 41 46 57
24 71 93 70 71
24 72 42 56 53
24 73 6 19 13
24 74 17 21 27
24 75 58 54 44
24 76 39 34 47
24 77 49 47 44
24 78 69 66 67
24 79 75 64 70
24 80 63 48 51
24 81 81 81 83
24 82 40 38 30
24 83 63 53 49
24 84 71 68 50
24 85 53 59 58
24 86 70 58 70
24 87 92 79 77
24 88 77 75 69
24 89 29 28 28
24 90 17 12 22
24 91 92 94 90
24 92 42 42 35
24 93 55 41 48
24 94 0 10 22
24 95 34 36 45
24 96 71 53 58
24 97 9 15 20
24 98 12 26 18
24 99 76 69 74
25 26 38 53 43
25 27 18 40 41
25 28 21 44 18
25 29 39 36 44
25 30 44 56 43
25 31 97 97 83
25 32 36 49 42
25 33 69 67 53
25 34 13 13 13
25 35 56 42 58
25 36 0 12 14
25 37 34 45 48
25 38 43 46 33
25 39 22 30 26
25 40 73 51 56
25 41 73 64 65
25 42 41 51 47
25 43 49 63 53
25 44 55 67 47
25 45 71 67 60
25 46 44 59 46
25 47 56 55 43
25 48 11 27 12
25 49 55 64 68
25 50 91 84 69
25 51 76 75 63
25 52 80 59 59
25 53 84 89 59
25 54 74 65 57
25 55 85 85 75
25 56 67 61 57
25 57 68 50 73
25 58 18 29 17
25 59 91 93 91
25 60 95 94 92
25 61 44 51 39
25 62 39 29 55
25 63 19 37 33
25 64 31 41 32
25 65 0 17 18
25 66 93 94 80
25 67 62 44 64
25 68 43 42 32
25 69 97 97 74
25 70 27 21 29
25 71 7 11 28
25 72 86 82 61
25 73 50 47 55
25 74 51 62 47
25 75 56 42 51
25 76 34 37 44
25 77 40 57 50
25 78 51 41 60
25 79 55 52 39
25 80 44 33 60
25 81 9 30 17
25 82 79 71 65
25 83 44 36 40
25 84 8 17 7
25 85 90 72 92
25 86 36 43 49
25 87 14 30 22
25 88 64 66 66
25 89 76 79 60
25 90 7 13 17
25 91 38 35 44
25 92 41 53 38
25 93 22 41 38
25 94 87 76 90
25 95 43 43 51
25 96 68 76 71
25 97 5 7 14
25 98 94 73 89
25 99 85 69 80
26 27 82 82 62
26 28 58 44 49
26 29 14 35 33
26 30 22 28 39
26 31 44 53 38
26 32 4 21 22
26 33 62 70 58
26 34 44 50 54
26 35 75 81 72
26 36 50 43 60
26 37 4 9 32
26 38 2 28 31
26 39 9 23 19
26 40 20 14 36
26 41 52 63 62
26 42 13 29 15
26 43 97 93 80
26 44 64 71 72
26 45 71 76 59
26 46 90 68 87
26 47 9 8 34
26 48 56 42 63
26 49 45 49 52
26 50 40 28 40
26 51 81 62 83
26 52 1 3 21
26 53 43 34 36
26 54 64 51 72
26 55 20 18 30
26 56 10 10 37
26 57 98 70 76
26 58 62 44 53
26 59 30 37 39
26 60 66 60 65
26 61 87 79 62
26 62 24 43 43
26 63 73 76 56
26 64 13 18 34
26 65 68 71 55
26 66 79 67 80
26 67 40 40 38
26 68 7 35 33
26 69 73 80 68
26 70 62 64 49
26 71 9 6 27
26 72 44 33 51
26 73 50 51 59
26 74 40 50 52
26 75 32 39 45
26 76 30 35 23
26 77 65 52 53
26 78 95 95 71
26 79 28 46 20
26 80 34 28 36
26 81 27 29 28
26 82 82 76 66
26 83 12 20 26
26 84 68 66 56
26 85 97 93 78
26 86 62 57 71
26 87 27 48 33
26 88 31 26 33
26 89 14 37 31
26 90 96 97 72
26 91 39 51 28
26 92 89 63 77
26 93 79 80 83
26 94 65 57 70
26 95 50 45 64
26 96 70 49 71
26 97 62 47 56
26 98 61 45 59
26 99 87 71 78
27 28 17 24 36
27 29 81 73 75
27 30 0 22 7
27 31 0 24 27
27 32 79 83 56
27 33 97 87 83
27 34 41 40 30
27 35 77 82 61
27 36 6 25 7
27 37 96 88 78
27 38 19 38 28
27 39 52 60 45
27 40 60 44 69
27 41 80 75 64
27 42 82 78 68
27 43 21 43 18
27 44 13 21 38
27 45 24 46 33
27 46 36 45 44
27 47 15 38 15
27 48 32 43 44
27 49 69 53 71
27 50 48 43 42
27 51 30 47 47
27 52 80 68 84
27 53 39 56 52
27 54 67 75 66
27 55 38 39 36
27 56 72 80 62
27 57 42 47 34
27 58 90 83 77
27 59 27 39 23
27 60 3 20 17
27 61 48 37 54
27 62 10 36 29
27 63 16 12 36
27 64 61 67 53
27 65 67 51 55
27 66 41 50 44
27 67 41 39 56
27 68 71 62 58
27 69 67 75 59
27 70 59 62 54
27 71 65 66 74
27 72 91 93 72
27 73 97 91 97
27 74 37 45 51
27 75 64 53 72
27 76 58 55 61
27 77 17 23 12
27 78 18 15 15
27 79 24 23 25
27 80 50 57 62
27 81 7 34 5
27 82 78 67 69
27 83 52 41 59
27 84 62 57 60
27 85 88 73 69
27 86 65 50 71
27 87 43 44 55
27 88 7 8 35
27 89 82 87 80
27 90 50 58 58
27 91 61 56 71
27 92 63 72 50
27 93 57 66 52
27 94 42 39 30
27 95 38 30 49
27 96 25 24 26
27 97 8 7 24
27 98 76 79 70
27 99 35 25 53
28 29 10 12 11
28 30 62 47 55
28 31 26 34 27
28 32 46 58 45
28 33 98 83 94
28 34 20 43 26
28 35 78 58 80
28 36 48 39 54
28 37 80 71 77
28 38 38 37 31
28 39 44 35 58
28 40 45 60 58
28 41 15 26 17
28 42 79 61 79
28 43 1 18 15
28 44 49 55 57
28 45 5 28 8
28 46 50 55 41
28 47 19 39 20
28 48 31 23 43
28 49 49 40 35
28 50 71 71 78
28 51 93 78 65
28 52 81 75 64
28 53 82 70 82
28 54 63 49 46
28 55 11 34 13
28 56 73 77 57
28 57 66 72 51
28 58 74 56 78
28 59 25 30 27
28 60 80 74 63
28 61 6 27 24
28 62 15 12 35
28 63 46 58 41
28 64 37 27 55
28 65 74 78 78
28 66 8 32 18
28 67 26 45 37
28 68 16 15 14
28 69 45 40 36
28 70 77 79 79
28 71 63 59 53
28 72 74 68 79
28 73 30 33 44
28 74 40 51 48
28 75 34 50 51
28 76 50 56 54
28 77 7 9 23
28 78 13 14 29
28 79 45 45 37
28 80 66 47 64
28 81 22 44 34
28 82 72 77 54
28 83 6 11 24
28 84 76 70 71
28 85 48 60 41
28 86 37 50 47
28 87 83 59 81
28 88 16 27 17
28 89 77 57 57
28 90 8 9 29
28 91 93 86 85
28 92 95 73 77
28 93 98 97 85
28 94 41 36 44
28 95 10 22 13
28 96 86 86 79
28 97 23 17 28
28 98 25 37 30
28 99 60 65 46
29 30 65 72 66
29 31 78 79 67
29 32 23 28 36
29 33 36 54 53
29 34 12 30 29
29 35 63 62 52
29 36 93 75 79
29 37 73 71 71
29 38 51 50 43
29 39 36 51 35
29 40 55 67 42
29 41 30 24 49
29 42 23 21 34
29 43 72 75 76
29 44 99 89 80
29 45 84 69 83
29 46 64 59 57
29 47 81 60 66
29 48 63 46 53
29 49 1 4 17
29 50 45 36 57
29 51 95 83 84
29 52 73 70 59
29 53 42 49 47
29 54 68 62 65
29 55 42 41 41
29 56 35 26 33
29 57 59 56 60
29 58 17 25 24
29 59 59 45 55
29 60 95 96 83
29 61 14 35 16
29 62 87 79 64
29 63 62 46 59
29 64 4 10 22
29 65 65 58 50
29 66 28 39 40
29 67 38 53 53
29 68 33 30 28
29 69 29 35 23
29 70 10 12 26
29 71 88 75 67
29 72 80 70 80
29 73 42 44 52
29 74 78 76 68
29 75 8 24 31
29 76 6 32 7
29 77 13 24 34
29 78 69 48 61
29 79 57 46 60
29 80 8 34 31
29 81 97 78 93
29 82 96 96 67
29 83 73 57 68
29 84 19 25 25
29 85 34 33 44
29 86 75 78 60
29 87 36 39 53
29 88 78 67 75
29 89 14 29 28
29 90 45 57 45
29 91 87 88 90
29 92 17 41 37
29 93 47 44 35
29 94 12 16 24
29 95 87 83 77
29 96 71 65 60
29 97 10 17 30
29 98 26 25 48
29 99 20 32 25
30 31 12 14 37
30 32 66 66 71
30 33 41 39 39
30 34 58 64 63
30 35 6 10 13
30 36 61 56 53
30 37 40 29 52
30 38 76 66 81
30 39 75 56 81
30 40 3 10 9
30 41 94 70 77
30 42 11 22 22
30 43 31 37 27
30 44 62 63 58
30 45 20 36 36
30 46 39 45 34
30 47 68 65 68
30 48 41 35 33
30 49 58 61 41
30 50 3 3 3
30 51 95 75 89
30 52 94 73 91
30 53 7 12 17
30 54 87 86 74
30 55 39 29 33
30 56 86 88 73
30 57 77 80 72
30 58 27 33 38
30 59 75 67 66
30 60 17 15 18
30 61 91 87 93
30 62 16 38 18
30 63 97 79 97
30 64 46 46 59
30 65 33 48 46
30 66 77 59 64
30 67 23 40 27
30 68 57 69 41
30 69 46 36 46
30 70 65 62 50
30 71 87 90 69
30 72 53 66 39
30 73 29 30 39
30 74 66 64 73
30 75 16 28 38
30 76 25 47 28
30 77 70 69 53
30 78 77 68 76
30 79 92 66 66
30 80 15 30 16
30 81 17 37 21
30 82 49 63 63
30 83 18 30 15
30 84 85 73 74
30 85 54 51 51
30 86 96 83 68
30 87 64 53 73
30 88 88 83 72
30 89 37 49 33
30 90 38 29 45
30 91 90 76 85
30 92 20 28 33
30 93 1 5 20
30 94 59 55 53
30 95 38 39 56
30 96 70 68 75
30 97 56 66 60
30 98 25 27 31
30 99 62 59 45
31 32 30 32 21
31 33 42 38 34
31 34 34 52 25
31 35 70 69 51
31 36 74 56 68
31 37 84 68 72
31 38 26 32 24
31 39 5 13 11
31 40 1 3 22
31 41 67 52 64
31 42 48 63 62
31 43 0 6 29
31 44 69 61 66
31 45 73 65 71
31 46 60 55 56
31 47 55 43 52
31 48 89 65 64
31 49 66 75 65
31 50 88 62 87
31 51 9 30 9
31 52 83 59 76
31 53 2 21 6
31 54 36 46 33
31 55 27 38 32
31 56 52 53 53
31 57 79 83 81
31 58 75 75 69
31 59 74 57 59
31 60 32 35 28
31 61 61 51 60
31 62 54 49 66
31 63 38 35 30
31 64 18 41 16
31 65 3 24 24
31 66 98 97 94
31 67 50 40 59
31 68 84 72 72
31 69 98 91 72
31 70 24 19 36
31 71 53 40 39
31 72 29 23 37
31 73 50 37 40
31 74 54 55 51
31 75 22 21 29
31 76 39 33 44
31 77 96 87 71
31 78 14 36 29
31 79 87 90 66
31 80 63 69 73
31 81 78 78 59
31 82 60 47 42
31 83 78 80 55
31 84 45 46 49
31 85 30 46 48
31 86 30 38 25
31 87 7 30 17
31 88 38 56 34
31 89 96 71 68
31 90 70 67 59
31 91 36 46 35
31 92 22 26 34
31 93 96 83 83
31 94 20 24 28
31 95 83 87 60
31 96 87 61 76
31 97 30 37 43
31 98 41 56 40
31 99 9 32 16
32 33 77 74 76
32 34 44 56 38
32 35 50 61 54
32 36 77 80 61
32 37 19 34 14
32 38 66 71 65
32 39 93 71 83
32 40 9 19 20
32 41 65 66 49
32 42 70 71 63
32 43 0 10 5
32 44 23 21 38
32 45 91 70 80
32 46 81 83 66
32 47 91 88 78
32 48 38 45 48
32 49 24 31 36
32 50 68 57 72
32 51 80 65 83
32 52 48 42 46
32 53 73 54 59
32 54 84 81 84
32 55 93 88 67
32 56 87 67 77
32 57 24 37 25
32 58 17 17 33
32 59 80 62 81
32 60 9 28 13
32 61 7 7 12
32 62 69 67 75
32 63 28 22 31
32 64 26 38 39
32 65 76 78 72
32 66 33 49 37
32 67 29 44 42
32 68 9 6 19
32 69 76 57 64
32 70 93 78 91
32 71 49 42 43
32 72 75 80 64
32 73 93 81 65
32 74 53 64 38
32 75 95 73 94
32 76 77 79 82
32 77 46 61 39
32 78 33 37 41
32 79 27 48 43
32 80 93 76 86
32 81 16 16 21
32 82 53 66 57
32 83 83 83 82
32 84 21 34 25
32 85 45 53 59
32 86 9 10 23
32 87 10 34 19
32 88 14 15 33
32 89 94 85 91
32 90 90 89 76
32 91 9 12 22
32 92 46 54 62
32 93 58 48 57
32 94 67 56 52
32 95 93 72 67
32 96 25 43 28
32 97 80 85 60
32 98 2 21 15
32 99 30 41 29
33 34 42 30 33
33 35 62 73 73
33 36 85 74 82
33 37 36 31 52
33 38 32 47 25
33 39 73 52 77
33 40 38 44 46
33 41 95 82 84
33 42 3 26 22
33 43 15 36 37
33 44 53 54 63
33 45 94 70 81
33 46 42 52 54
33 47 88 86 84
33 48 84 69 75
33 49 70 55 70
33 50 34 47 36
33 51 30 34 40
33 52 15 18 26
33 53 15 35 17
33 54 13 32 21
33 55 63 71 50
33 56 23 22 31
33 57 79 76 72
33 58 68 70 74
33 59 54 58 50
33 60 93 92 69
33 61 96 68 87
33 62 52 64 64
33 63 86 62 88
33 64 98 69 86
33 65 71 56 62
33 66 69 70 56
33 67 22 21 27
33 68 92 83 91
33 69 4 6 31
33 70 58 69 62
33 71 4 25 13
33 72 63 64 71
33 73 84 70 81
33 74 50 48 52
33 75 95 93 71
33 76 72 75 53
33 77 4 18 21
33 78 34 46 42
33 79 29 44 21
33 80 6 14 31
33 81 51 60 63
33 82 34 41 29
33 83 94 76 72
33 84 51 60 36
33 85 89 85 91
33 86 51 36 39
33 87 78 56 80
33 88 79 81 81
33 89 35 28 27
33 90 32 35 40
33 91 15 18 20
33 92 39 29 43
33 93 65 67 69
33 94 15 21 20
33 95 5 15 5
33 96 5 19 16
33 97 22 30 29
33 98 38 45 34
33 99 32 28 45
34 35 16 39 14
34 36 22 30 36
34 37 93 72 69
34 38 67 61 48
34 39 12 24 18
34 40 51 46 44
34 41 82 79 84
34 42 24 36 25
34 43 64 46 63
34 44 59 50 64
34 45 31 27 34
34 46 1 29 16
34 47 36 44 26
34 48 7 7 15
34 49 24 40 34
34 50 74 67 61
34 51 59 59 68
34 52 33 49 29
34 53 71 75 70
34 54 62 64 51
34 55 70 71 76
34 56 64 51 58
34 57 95 72 73
34 58 40 31 33
34 59 36 43 53
34 60 59 42 53
34 61 40 30 57
34 62 74 53 63
34 63 5 12 24
34 64 98 71 81
34 65 51 65 54
34 66 82 58 67
34 67 13 9 23
34 68 92 70 78
34 69 77 64 60
34 70 72 74 50
34 71 77 67 56
34 72 34 36 33
34 73 49 41 42
34 74 57 52 59
34 75 30 38 33
34 76 71 71 79
34 77 39 42 29
34 78 84 80 72
34 79 76 59 68
34 80 1 9 15
34 81 67 47 59
34 82 10 30 9
34 83 48 34 42
34 84 81 76 66
34 85 41 57 39
34 86 88 74 80
34 87 15 37 37
34 88 95 87 71
34 89 22 40 23
34 90 1 3 12
34 91 19 25 18
34 92 52 41 55
34 93 90 82 65
34 94 4 16 15
34 95 79 72 83
34 96 61 70 47
34 97 9 15 32
34 98 8 10 13
34 99 96 87 87
35 36 23 46 21
35 37 13 28 16
35 38 8 7 26
35 39 64 45 65
35 40 70 61 51
35 41 74 75 58
35 42 92 67 89
35 43 45 58 51
35 44 30 33 47
35 45 53 41 66
35 46 11 21 32
35 47 97 83 81
35 48 56 62 60
35 49 12 17 32
35 50 75 73 61
35 51 9 16 21
35 52 29 39 30
35 53 88 82 90
35 54 54 58 65
35 55 75 57 67
35 56 22 34 44
35 57 69 57 55
35 58 42 52 33
35 59 81 71 78
35 60 96 69 93
35 61 72 79 61
35 62 93 83 76
35 63 12 10 37
35 64 45 43 55
35 65 93 78 66
35 66 60 68 61
35 67 46 53 56
35 68 66 57 68
35 69 45 42 55
35 70 22 23 42
35 71 10 30 16
35 72 53 58 47
35 73 65 51 61
35 74 20 34 20
35 75 79 61 74
35 76 13 25 36
35 77 88 79 61
35 78 59 43 53
35 79 25 46 42
35 80 99 79 77
35 81 94 87 84
35 82 68 54 58
35 83 39 43 41
35 84 1 14 18
35 85 31 25 22
35 86 41 43 35
35 87 53 63 56
35 88 97 97 89
35 89 23 32 22
35 90 19 40 26
35 91 91 83 91
35 92 29 33 22
35 93 69 55 76
35 94 84 67 88
35 95 87 90 72
35 96 49 41 56
35 97 69 64 76
35 98 91 92 69
35 99 80 79 73
36 37 31 28 36
36 38 49 49 40
36 39 29 23 32
36 40 21 25 38
36 41 19 40 31
36 42 43 32 50
36 43 5 10 18
36 44 58 65 48
36 45 26 40 22
36 46 59 60 64
36 47 78 80 65
36 48 90 75 63
36 49 54 49 59
36 50 22 22 25
36 51 2 20 14
36 52 95 75 96
36 53 96 84 73
36 54 37 50 47
36 55 60 61 53
36 56 71 50 51
36 57 26 32 22
36 58 24 43 42
36 59 74 76 62
36 60 23 45 19
36 61 28 49 39
36 62 19 24 36
36 63 24 43 45
36 64 50 55 54
36 65 98 97 70
36 66 22 32 41
36 67 92 83 94
36 68 50 53 54
36 69 73 75 60
36 70 53 66 57
36 71 18 32 20
36 72 19 23 22
36 73 9 9 20
36 74 79 67 60
36 75 42 55 48
36 76 12 28 16
36 77 60 52 52
36 78 80 81 77
36 79 9 31 13
36 80 76 62 79
36 81 5 11 12
36 82 78 70 54
36 83 50 46 59
36 84 59 67 68
36 85 16 25 22
36 86 63 59 67
36 87 78 56 83
36 88 35 27 42
36 89 80 84 82
36 90 47 42 34
36 91 15 21 28
36 92 54 64 66
36 93 30 22 46
36 94 86 64 89
36 95 89 90 69
36 96 57 52 62
36 97 9 33 16
36 98 1 13 22
36 99 1 3 21
37 38 48 62 40
37 39 85 74 61
37 40 55 52 56
37 41 52 46 54
37 42 60 56 55
37 43 53 48 63
37 44 54 43 52
37 45 13 26 39
37 46 3 21 23
37 47 51 54 36
37 48 44 41 43
37 49 46 61 53
37 50 68 66 53
37 51 30 50 45
37 52 94 85 90
37 53 70 68 56
37 54 24 17 46
37 55 15 40 15
37 56 38 27 41
37 57 61 65 64
37 58 6 33 8
37 59 56 47 54
37 60 5 25 28
37 61 37 51 45
37 62 41 43 38
37 63 11 28 31
37 64 74 67 66
37 65 79 69 71
37 66 5 21 24
37 67 80 62 67
37 68 84 88 69
37 69 35 36 30
37 70 79 74 71
37 71 29 30 21
37 72 40 39 29
37 73 61 69 45
37 74 0 3 29
37 75 3 31 17
37 76 56 60 68
37 77 52 43 59
37 78 46 34 59
37 79 77 66 61
37 80 1 24 8
37 81 45 59 47
37 82 88 79 88
37 83 7 35 31
37 84 45 60 34
37 85 76 70 59
37 86 62 61 47
37 87 71 73 50
37 88 64 74 48
37 89 75 58 59
37 90 32 46 44
37 91 39 51 57
37 92 24 18 28
37 93 67 75 51
37 94 88 79 86
37 95 96 91 78
37 96 8 27 17
37 97 95 78 72
37 98 21 40 33
37 99 1 21 16
38 39 11 36 32
38 40 58 53 69
38 41 46 36 34
38 42 96 97 75
38 43 57 59 46
38 44 48 42 45
38 45 44 30 41
38 46 59 48 58
38 47 43 50 42
38 48 24 32 37
38 49 47 36 46
38 50 33 45 37
38 51 63 60 67
38 52 34 46 24
38 53 56 50 45
38 54 39 31 37
38 55 9 18 30
38 56 29 22 49
38 57 89 76 63
38 58 62 56 55
38 59 17 35 35
38 60 13 34 20
38 61 4 20 5
38 62 77 69 72
38 63 96 91 75
38 64 53 64 64
38 65 97 89 78
38 66 99 86 92
38 67 33 45 24
38 68 32 44 51
38 69 68 57 68
38 70 82 73 80
38 71 88 70 78
38 72 72 54 65
38 73 31 47 46
38 74 66 47 69
38 75 76 81 69
38 76 22 44 23
38 77 38 43 33
38 78 16 39 20
38 79 89 69 76
38 80 15 28 31
38 81 72 62 80
38 82 27 20 35
38 83 44 41 40
38 84 88 63 67
38 85 23 18 27
38 86 91 70 93
38 87 94 69 87
38 88 72 69 74
38 89 31 38 45
38 90 44 50 50
38 91 87 90 71
38 92 22 27 42
38 93 14 34 12
38 94 3 22 21
38 95 88 71 74
38 96 97 93 94
38 97 99 89 71
38 98 61 65 43
38 99 26 43 20
39 40 54 60 50
39 41 81 82 61
39 42 89 74 71
39 43 92 71 71
39 44 39 32 32
39 45 64 50 59
39 46 47 62 58
39 47 11 16 23
39 48 16 23 21
39 49 59 42 49
39 50 44 50 52
39 51 96 91 81
39 52 60 71 58
39 53 63 72 51
39 54 87 79 84
39 55 54 65 64
39 56 26 38 34
39 57 72 78 64
39 58 90 75 71
39 59 22 33 22
39 60 67 73 62
39 61 30 26 50
39 62 41 56 58
39 63 83 66 84
39 64 62 68 52
39 65 13 11 26
39 66 40 44 30
39 67 7 15 11
39 68 25 18 19
39 69 87 71 68
39 70 6 20 31
39 71 51 38 53
39 72 92 82 65
39 73 2 23 4
39 74 0 1 5
39 75 78 61 73
39 76 11 20 9
39 77 97 94 81
39 78 89 63 66
39 79 88 64 83
39 80 59 57 60
39 81 72 67 59
39 82 27 42 43
39 83 45 41 43
39 84 49 35 50
39 85 67 64 71
39 86 58 70 64
39 87 21 43 39
39 88 31 38 36
39 89 69 56 71
39 90 69 73 78
39 91 72 69 53
39 92 86 62 74
39 93 45 40 51
39 94 12 36 32
39 95 91 65 93
39 96 44 38 57
39 97 46 46 37
39 98 85 72 68
39 99 23 25 23
40 41 73 69 66
40 42 78 56 83
40 43 84 74 77
40 44 74 82 59
40 45 66 59 55
40 46 54 61 64
40 47 10 30 17
40 48 57 68 67
40 49 80 85 61
40 50 15 33 20
40 51 4 18 27
40 52 40 33 53
40 53 38 36 47
40 54 71 72 50
40 55 28 30 32
40 56 98 72 76
40 57 13 19 34
40 58 95 75 74
40 59 11 32 9
40 60 99 91 96
40 61 46 50 47
40 62 42 38 48
40 63 93 91 73
40 64 48 48 36
40 65 58 43 47
40 66 78 58 59
40 67 59 50 63
40 68 43 49 39
40 69 51 62 51
40 70 21 34 40
40 71 13 13 24
40 72 26 30 33
40 73 87 65 82
40 74 21 20 38
40 75 8 15 25
40 76 38 41 46
40 77 75 69 56
40 78 17 35 15
40 79 53 58 61
40 80 85 79 60
40 81 89 91 71
40 82 24 24 36
40 83 75 66 75
40 84 88 72 83
40 85 5 7 15
40 86 30 47 49
40 87 64 67 71
40 88 87 70 74
40 89 68 65 47
40 90 73 65 67
40 91 54 53 44
40 92 24 45 29
40 93 70 75 61
40 94 49 49 55
40 95 18 34 22
40 96 45 47 44
40 97 9 24 16
40 98 73 52 61
40 99 14 11 32
41 42 9 29 17
41 43 86 63 86
41 44 17 39 31
41 45 95 87 75
41 46 72 77 58
41 47 9 9 11
41 48 25 31 36
41 49 33 30 53
41 50 23 20 39
41 51 6 7 16
41 52 21 28 17
41 53 55 63 52
41 54 33 41 43
41 55 41 28 30
41 56 95 85 85
41 57 77 65 72
41 58 42 50 32
41 59 20 42 23
41 60 97 83 92
41 61 38 36 49
41 62 25 43 33
41 63 95 93 68
41 64 99 94 86
41 65 43 43 39
41 66 57 46 48
41 67 18 27 33
41 68 55 43 58
41 69 71 73 58
41 70 40 42 56
41 71 18 21 40
41 72 86 74 83
41 73 56 46 51
41 74 84 59 80
41 75 21 20 41
41 76 6 15 16
41 77 14 14 14
41 78 52 42 37
41 79 11 31 34
41 80 73 52 51
41 81 34 42 48
41 82 98 95 86
41 83 2 9 2
41 84 16 19 13
41 85 34 38 32
41 86 84 60 69
41 87 91 82 77
41 88 83 71 79
41 89 32 26 43
41 90 73 76 55
41 91 54 62 46
41 92 10 21 19
41 93 38 47 43
41 94 44 49 45
41 95 59 68 45
41 96 15 36 21
41 97 45 35 32
41 98 19 35 25
41 99 66 64 58
42 43 30 26 35
42 44 74 52 59
42 45 72 57 72
42 46 82 60 58
42 47 79 73 71
42 48 40 53 29
42 49 95 87 74
42 50 44 55 59
42 51 7 12 29
42 52 95 89 80
42 53 47 61 60
42 54 90 89 68
42 55 62 67 56
42 56 2 25 30
42 57 41 44 39
42 58 65 72 50
42 59 88 79 80
42 60 2 21 20
42 61 99 71 78
42 62 1 28 19
42 63 73 52 79
42 64 22 42 22
42 65 42 41 54
42 66 49 45 55
42 67 55 64 59
42 68 12 9 38
42 69 17 41 20
42 70 87 62 71
42 71 49 53 60
42 72 91 84 79
42 73 76 55 66
42 74 24 40 23
42 75 51 55 43
42 76 77 57 69
42 77 9 20 34
42 78 80 69 64
42 79 15 22 32
42 80 37 42 48
42 81 70 77 51
42 82 34 35 46
42 83 27 43 42
42 84 53 64 47
42 85 27 38 22
42 86 74 68 55
42 87 57 58 63
42 88 12 18 37
42 89 79 72 70
42 90 63 62 68
42 91 53 58 48
42 92 22 28 36
42 93 92 65 84
42 94 53 54 42
42 95 3 22 19
42 96 34 38 42
42 97 68 76 75
42 98 16 19 35
42 99 85 67 80
43 44 81 62 75
43 45 30 22 37
43 46 0 28 22
43 47 10 30 34
43 48 45 48 39
43 49 76 58 77
43 50 5 33 19
43 51 16 26 35
43 52 13 15 26
43 53 9 8 24
43 54 74 61 66
43 55 83 85 59
43 56 33 23 42
43 57 1 20 8
43 58 90 86 81
43 59 69 68 67
43 60 47 42 51
43 61 39 55 45
43 62 79 82 59
43 63 8 18 32
43 64 66 76 50
43 65 16 31 18
43 66 63 46 47
43 67 6 13 11
43 68 65 60 52
43 69 80 66 57
43 70 12 21 36
43 71 94 69 92
43 72 29 46 50
43 73 46 53 45
43 74 92 93 80
43 75 42 53 33
43 76 44 52 31
43 77 27 37 21
43 78 95 94 74
43 79 78 59 70
43 80 86 84 75
43 81 62 71 72
43 82 58 68 52
43 83 76 56 73
43 84 67 52 53
43 85 18 17 21
43 86 70 72 72
43 87 56 43 53
43 88 68 51 48
43 89 96 85 85
43 90 57 57 40
43 91 72 69 70
43 92 66 63 67
43 93 64 54 58
43 94 46 45 38
43 95 11 34 36
43 96 2 21 19
43 97 28 44 39
43 98 97 89 88
43 99 83 71 71
44 45 26 36 21
44 46 74 81 54
44 47 89 89 88
44 48 97 92 83
44 49 95 78 72
44 50 57 61 49
44 51 49 50 43
44 52 87 63 61
44 53 74 59 82
44 54 29 27 33
44 55 55 63 57
44 56 34 31 39
44 57 87 76 89
44 58 37 36 50
44 59 28 28 43
44 60 39 41 41
44 61 16 41 30
44 62 24 23 45
44 63 61 60 65
44 64 2 12 20
44 65 96 86 75
44 66 79 79 80
44 67 63 61 72
44 68 35 41 31
44 69 0 12 13
44 70 69 66 56
44 71 41 42 38
44 72 59 58 61
44 73 78 65 76
44 74 22 34 33
44 75 82 61 79
44 76 91 88 68
44 77 15 15 28
44 78 4 8 17
44 79 96 95 95
44 80 27 31 21
44 81 33 36 43
44 82 62 59 57
44 83 75 59 57
44 84 73 57 56
44 85 67 53 52
44 86 47 50 43
44 87 1 6 16
44 88 2 16 17
44 89 9 14 17
44 90 18 16 39
44 91 40 44 43
44 92 74 55 65
44 93 14 24 27
44 94 7 34 34
44 95 98 94 97
44 96 98 79 90
44 97 3 3 15
44 98 90 68 90
44 99 72 76 55
45 46 87 68 61
45 47 44 48 49
45 48 3 30 30
45 49 31 36 44
45 50 17 22 14
45 51 15 36 30
45 52 38 44 50
45 53 10 16 30
45 54 60 47 66
45 55 56 68 54
45 56 38 39 33
45 57 96 84 70
45 58 40 34 28
45 59 16 21 40
45 60 85 78 65
45 61 80 77 60
45 62 44 39 33
45 63 1 5 13
45 64 53 55 53
45 65 21 40 17
45 66 64 74 46
45 67 56 55 60
45 68 72 72 66
45 69 32 29 32
45 70 77 56 58
45 71 91 93 67
45 72 79 67 68
45 73 12 11 28
45 74 19 39 29
45 75 76 72 67
45 76 56 64 56
45 77 34 44 24
45 78 15 29 13
45 79 38 39 32
45 80 47 40 47
45 81 57 56 50
45 82 13 17 36
45 83 57 57 48
45 84 6 28 26
45 85 43 59 31
45 86 55 49 49
45 87 35 44 32
45 88 63 72 54
45 89 65 54 70
45 90 90 67 76
45 91 18 40 20
45 92 74 76 78
45 93 89 83 90
45 94 85 69 88
45 95 72 73 63
45 96 17 12 35
45 97 13 17 27
45 98 96 95 94
45 99 61 55 67
46 47 96 75 73
46 48 39 28 39
46 49 9 16 21
46 50 89 79 74
46 51 29 49 22
46 52 69 58 74
46 53 99 75 82
46 54 21 33 17
46 55 45 32 41
46 56 99 76 83
46 57 73 72 58
46 58 24 36 34
46 59 11 8 22
46 60 13 10 22
46 61 78 64 79
46 62 71 61 77
46 63 31 33 26
46 64 79 71 63
46 65 22 31 30
46 66 14 10 35
46 67 10 30 31
46 68 10 28 15
46 69 21 37 35
46 70 14 29 19
46 71 77 59 60
46 72 64 74 59
46 73 67 76 65
46 74 58 62 45
46 75 90 73 88
46 76 74 80 56
46 77 28 33 24
46 78 71 55 68
46 79 73 52 74
46 80 14 12 28
46 81 53 59 39
46 82 7 13 30
46 83 11 15 20
46 84 16 37 35
46 85 93 65 84
46 86 55 46 45
46 87 76 67 55
46 88 95 89 85
46 89 23 38 41
46 90 64 69 71
46 91 26 37 30
46 92 51 53 47
46 93 76 71 68
46 94 5 14 21
46 95 50 40 58
46 96 32 44 38
46 97 18 32 20
46 98 52 47 36
46 99 52 63 56
47 48 80 69 76
47 49 25 35 24
47 50 74 70 70
47 51 19 23 16
47 52 87 88 64
47 53 80 67 77
47 54 54 55 60
47 55 51 51 63
47 56 59 56 46
47 57 18 28 35
47 58 90 87 88
47 59 35 34 37
47 60 73 58 54
47 61 0 25 17
47 62 49 40 55
47 63 22 24 34
47 64 92 69 66
47 65 35 33 33
47 66 56 45 49
47 67 37 30 38
47 68 83 85 72
47 69 23 42 45
47 70 1 17 14
47 71 2 30 28
47 72 39 39 44
47 73 51 47 57
47 74 37 56 34
47 75 4 19 17
47 76 2 26 24
47 77 72 75 74
47 78 42 35 45
47 79 75 62 62
47 80 80 77 79
47 81 93 65 70
47 82 3 23 14
47 83 98 78 82
47 84 96 84 92
47 85 13 37 29
47 86 21 19 28
47 87 24 18 41
47 88 57 65 41
47 89 89 72 68
47 90 36 50 28
47 91 35 42 38
47 92 52 45 50
47 93 55 43 43
47 94 33 52 39
47 95 85 73 77
47 96 67 68 62
47 97 19 19 15
47 98 74 71 69
47 99 38 32 38
48 49 29 31 28
48 50 37 47 44
48 51 57 66 48
48 52 77 71 77
48 53 5 12 13
48 54 56 53 42
48 55 32 41 27
48 56 69 51 56
48 57 2 24 7
48 58 0 27 0
48 59 30 38 28
48 60 45 42 53
48 61 11 37 15
48 62 63 52 57
48 63 92 67 76
48 64 41 31 53
48 65 79 57 74
48 66 42 36 57
48 67 2 5 14
48 68 22 34 30
48 69 35 47 41
48 70 70 73 75
48 71 23 35 34
48 72 50 59 46
48 73 47 46 48
48 74 26 23 35
48 75 68 74 47
48 76 90 86 72
48 77 33 27 50
48 78 92 74 82
48 79 57 51 58
48 80 29 25 29
48 81 78 73 58
48 82 25 22 47
48 83 2 27 5
48 84 52 64 53
48 85 1 17 14
48 86 31 37 29
48 87 41 45 48
48 88 91 67 67
48 89 76 81 64
48 90 63 45 72
48 91 9 25 9
48 92 36 45 33
48 93 80 68 78
48 94 53 47 46
48 95 9 6 29
48 96 27 25 35
48 97 38 33 50
48 98 37 42 35
48 99 54 55 59
49 50 63 63 69
49 51 67 51 61
49 52 30 46 33
49 53 80 64 84
49 54 97 97 90
49 55 35 54 34
49 56 40 33 40
49 57 29 39 35
49 58 34 24 36
49 59 8 14 24
49 60 32 36 29
49 61 52 50 49
49 62 46 52 56
49 63 53 37 58
49 64 95 70 79
49 65 93 80 88
49 66 25 32 19
49 67 56 46 49
49 68 71 61 68
49 69 83 83 67
49 70 8 29 11
49 71 71 56 67
49 72 13 36 28
49 73 74 65 60
49 74 46 39 46
49 75 81 62 67
49 76 6 18 25
49 77 70 61 63
49 78 33 38 47
49 79 33 33 41
49 80 75 64 58
49 81 27 31 43
49 82 52 54 60
49 83 57 41 45
49 84 99 83 88
49 85 70 66 76
49 86 31 48 35
49 87 40 39 32
49 88 84 62 84
49 89 36 40 45
49 90 65 67 55
49 91 70 75 71
49 92 56 58 44
49 93 41 50 39
49 94 20 22 36
49 95 15 24 16
49 96 44 59 54
49 97 27 33 40
49 98 53 43 66
49 99 28 43 48
50 51 93 74 94
50 52 90 74 88
50 53 84 82 78
50 54 13 10 23
50 55 38 32 50
50 56 48 36 48
50 57 70 49 70
50 58 88 63 77
50 59 64 53 71
50 60 76 57 61
50 61 79 67 72
50 62 74 72 82
50 63 37 41 35
50 64 42 50 39
50 65 38 46 44
50 66 3 9 12
50 67 1 21 31
50 68 45 60 54
50 69 85 63 66
50 70 14 36 34
50 71 14 35 14
50 72 85 79 79
50 73 59 43 65
50 74 87 84 72
50 75 9 28 14
50 76 97 94 91
50 77 40 50 38
50 78 15 38 30
50 79 13 14 24
50 80 32 44 47
50 81 70 68 51
50 82 70 50 77
50 83 41 32 58
50 84 14 12 18
50 85 18 35 25
50 86 54 52 55
50 87 68 65 50
50 88 1 30 17
50 89 85 89 72
50 90 90 81 66
50 91 64 74 73
50 92 9 20 10
50 93 19 21 39
50 94 31 42 33
50 95 46 56 59
50 96 73 74 64
50 97 35 38 50
50 98 90 71 86
50 99 18 33 35
51 52 10 10 26
51 53 7 25 14
51 54 16 15 30
51 55 83 86 68
51 56 57 66 43
51 57 27 20 21
51 58 44 33 42
51 59 3 14 2
51 60 58 50 60
51 61 63 64 59
51 62 75 80 69
51 63 64 55 53
51 64 15 23 30
51 65 38 52 48
51 66 63 74 66
51 67 28 25 36
51 68 67 59 75
51 69 24 21 43
51 70 11 11 13
51 71 10 12 18
51 72 2 22 22
51 73 87 76 90
51 74 9 27 32
51 75 28 21 34
51 76 64 71 54
51 77 37 40 36
51 78 26 23 34
51 79 8 25 21
51 80 24 29 39
51 81 92 93 66
51 82 97 97 69
51 83 34 45 40
51 84 73 64 62
51 85 13 37 15
51 86 89 66 82
51 87 22 28 43
51 88 7 15 7
51 89 19 14 17
51 90 2 10 28
51 91 69 68 74
51 92 92 85 88
51 93 69 54 65
51 94 45 43 47
51 95 10 28 31
51 96 14 10 27
51 97 75 61 56
51 98 16 29 37
51 99 77 79 67
52 53 79 72 79
52 54 10 30 25
52 55 14 29 27
52 56 45 40 32
52 57 15 11 16
52 58 67 48 70
52 59 3 22 20
52 60 97 78 94
52 61 54 58 41
52 62 51 60 48
52 63 57 58 48
52 64 88 67 68
52 65 11 33 37
52 66 89 80 77
52 67 89 88 86
52 68 48 61 58
52 69 3 28 20
52 70 18 33 13
52 71 95 70 87
52 72 67 49 49
52 73 85 83 59
52 74 21 18 32
52 75 45 59 40
52 76 5 10 16
52 77 46 47 48
52 78 39 52 53
52 79 42 52 35
52 80 46 57 52
52 81 82 79 59
52 82 82 68 75
52 83 39 51 42
52 84 68 76 62
52 85 62 60 70
52 86 78 69 58
52 87 35 46 54
52 88 33 28 24
52 89 85 63 69
52 90 84 70 80
52 91 26 36 26
52 92 98 84 93
52 93 78 84 67
52 94 87 88 79
52 95 76 65 55
52 96 56 53 56
52 97 50 42 43
52 98 99 74 95
52 99 29 34 35
53 54 25 41 42
53 55 79 71 76
53 56 94 69 76
53 57 93 85 83
53 58 78 56 76
53 59 62 62 44
53 60 27 33 19
53 61 72 53 75
53 62 16 24 15
53 63 46 44 52
53 64 39 55 43
53 65 27 45 43
53 66 69 54 74
53 67 59 51 60
53 68 2 31 9
53 69 70 58 57
53 70 74 67 57
53 71 5 10 23
53 72 17 29 30
53 73 85 85 86
53 74 99 89 78
53 75 82 74 81
53 76 54 66 60
53 77 52 57 58
53 78 71 78 64
53 79 15 31 11
53 80 14 21 38
53 81 65 69 53
53 82 20 22 42
53 83 97 90 72
53 84 91 93 93
53 85 97 73 96
53 86 60 68 71
53 87 66 65 57
53 88 75 75 58
53 89 38 38 49
53 90 96 91 92
53 91 49 59 46
53 92 50 39 58
53 93 70 63 67
53 94 25 42 46
53 95 24 30 32
53 96 64 72 65
53 97 48 44 35
53 98 53 61 65
53 99 17 14 41
54 55 1 25 19
54 56 56 60 60
54 57 44 33 38
54 58 25 29 46
54 59 11 30 17
54 60 37 46 42
54 61 26 42 20
54 62 80 59 73
54 63 20 21 43
54 64 1 27 3
54 65 61 43 59
54 66 28 19 24
54 67 8 8 32
54 68 74 63 57
54 69 41 48 55
54 70 27 36 37
54 71 99 93 95
54 72 65 64 48
54 73 86 86 81
54 74 48 61 48
54 75 52 63 51
54 76 58 70 58
54 77 12 12 14
54 78 48 36 63
54 79 68 52 58
54 80 11 11 13
54 81 81 84 77
54 82 81 65 58
54 83 63 50 68
54 84 25 18 41
54 85 90 80 81
54 86 42 43 34
54 87 68 59 53
54 88 56 42 55
54 89 69 49 64
54 90 52 66 41
54 91 55 60 39
54 92 64 71 64
54 93 43 50 32
54 94 97 81 79
54 95 19 43 40
54 96 3 12 19
54 97 98 90 87
54 98 43 50 33
54 99 67 65 59
55 56 5 25 30
55 57 70 68 55
55 58 3 20 27
55 59 31 33 25
55 60 51 64 56
55 61 67 47 53
55 62 19 37 26
55 63 39 50 27
55 64 6 9 18
55 65 37 35 46
55 66 17 35 26
55 67 93 71 89
55 68 18 20 38
55 69 63 60 71
55 70 5 10 11
55 71 59 55 67
55 72 45 60 50
55 73 94 95 68
55 74 52 37 59
55 75 67 51 49
55 76 55 53 45
55 77 53 62 62
55 78 38 54 43
55 79 6 20 7
55 80 93 88 88
55 81 4 14 13
55 82 2 18 10
55 83 63 60 62
55 84 78 64 84
55 85 43 48 35
55 86 99 87 79
55 87 74 80 72
55 88 19 37 27
55 89 1 6 19
55 90 86 88 83
55 91 81 69 74
55 92 89 68 85
55 93 94 79 92
55 94 39 54 47
55 95 81 75 74
55 96 44 46 38
55 97 55 55 55
55 98 29 38 47
55 99 69 54 53
56 57 40 53 45
56 58 1 13 9
56 59 32 49 22
56 60 30 38 26
56 61 26 28 43
56 62 7 12 33
56 63 16 25 30
56 64 24 36 30
56 65 71 77 63
56 66 82 72 76
56 67 67 62 52
56 68 66 50 50
56 69 65 48 58
56 70 7 20 13
56 71 18 30 19
56 72 28 40 46
56 73 62 44 44
56 74 62 58 65
56 75 77 57 81
56 76 96 93 82
56 77 16 25 30
56 78 60 56 43
56 79 85 88 78
56 80 85 83 61
56 81 1 29 20
56 82 66 75 73
56 83 93 65 94
56 84 22 22 38
56 85 46 45 32
56 86 38 49 40
56 87 31 25 48
56 88 3 25 21
56 89 29 49 49
56 90 79 63 82
56 91 3 3 14
56 92 93 86 88
56 93 45 40 60
56 94 21 41 33
56 95 7 18 15
56 96 3 4 15
56 97 63 73 70
56 98 4 22 32
56 99 80 61 69
57 58 54 48 56
57 59 58 59 61
57 60 54 54 49
57 61 18 39 36
57 62 53 50 60
57 63 5 24 5
57 64 50 44 41
57 65 57 40 52
57 66 33 52 27
57 67 18 16 37
57 68 34 27 34
57 69 34 24 36
57 70 88 83 75
57 71 1 7 6
57 72 71 79 76
57 73 69 69 75
57 74 5 13 22
57 75 68 74 48
57 76 0 12 27
57 77 34 29 32
57 78 25 44 36
57 79 52 53 46
57 80 86 77 63
57 81 40 44 51
57 82 0 16 5
57 83 89 75 70
57 84 58 57 70
57 85 33 51 26
57 86 25 44 39
57 87 55 58 53
57 88 87 79 88
57 89 89 83 83
57 90 85 77 60
57 91 14 37 14
57 92 64 46 70
57 93 37 33 33
57 94 51 49 43
57 95 90 72 88
57 96 77 73 67
57 97 22 25 29
57 98 1 10 14
57 99 10 23 22
58 59 54 62 66
58 60 13 31 36
58 61 16 11 29
58 62 7 24 31
58 63 39 35 36
58 64 56 43 46
58 65 72 56 54
58 66 52 56 66
58 67 17 31 18
58 68 49 53 59
58 69 99 82 99
58 70 52 65 42
58 71 40 54 39
58 72 52 63 61
58 73 71 52 68
58 74 41 37 47
58 75 14 18 23
58 76 40 45 43
58 77 74 67 56
58 78 29 30 22
58 79 93 94 69
58 80 14 21 37
58 81 47 55 47
58 82 63 72 50
58 83 88 81 77
58 84 1 16 19
58 85 93 94 79
58 86 68 60 54
58 87 1 10 20
58 88 39 51 56
58 89 17 34 27
58 90 47 51 36
58 91 42 46 40
58 92 10 27 37
58 93 91 84 66
58 94 64 74 46
58 95 89 77 64
58 96 5 23 13
58 97 12 12 22
58 98 10 24 12
58 99 14 11 33
59 60 72 61 71
59 61 16 14 40
59 62 63 70 51
59 63 10 18 17
59 64 30 45 30
59 65 23 42 33
59 66 32 33 29
59 67 63 61 73
59 68 9 18 21
59 69 70 65 51
59 70 39 29 52
59 71 25 37 27
59 72 43 41 32
59 73 81 81 83
59 74 56 66 68
59 75 80 58 77
59 76 72 56 61
59 77 30 28 24
59 78 93 78 69
59 79 2 15 1
59 80 84 73 59
59 81 94 87 76
59 82 80 61 72
59 83 94 95 86
59 84 76 62 78
59 85 15 16 34
59 86 60 69 68
59 87 77 66 63
59 88 52 37 45
59 89 7 22 29
59 90 45 45 56
59 91 66 70 57
59 92 18 32 36
59 93 7 17 5
59 94 56 68 68
59 95 36 41 50
59 96 64 54 48
59 97 10 33 32
59 98 4 26 30
59 99 13 14 13
60 61 59 49 61
60 62 42 58 38
60 63 58 60 67
60 64 12 26 35
60 65 82 83 67
60 66 57 67 42
60 67 50 40 55
60 68 1 20 3
60 69 68 47 71
60 70 80 81 70
60 71 46 47 50
60 72 34 28 53
60 73 52 63 42
60 74 9 22 18
60 75 94 92 80
60 76 30 39 25
60 77 28 27 44
60 78 69 58 75
60 79 29 28 33
60 80 9 16 28
60 81 50 58 49
60 82 63 71 66
60 83 51 36 57
60 84 56 53 56
60 85 88 77 73
60 86 20 23 20
60 87 86 65 71
60 88 71 77 78
60 89 36 39 39
60 90 50 38 62
60 91 91 79 67
60 92 24 35 20
60 93 78 81 83
60 94 4 3 28
60 95 86 86 67
60 96 77 76 69
60 97 25 39 25
60 98 28 45 36
60 99 39 51 31
61 62 48 34 47
61 63 61 63 61
61 64 89 68 87
61 65 66 63 74
61 66 59 61 70
61 67 44 49 58
61 68 98 84 69
61 69 9 17 8
61 70 47 33 58
61 71 64 64 46
61 72 13 30 33
61 73 32 42 23
61 74 7 13 27
61 75 40 43 52
61 76 87 62 72
61 77 61 57 62
61 78 98 74 91
61 79 27 28 38
61 80 37 28 30
61 81 29 21 21
61 82 50 51 50
61 83 29 28 21
61 84 81 86 61
61 85 48 54 53
61 86 65 47 62
61 87 64 55 61
61 88 26 37 41
61 89 25 41 18
61 90 51 46 51
61 91 97 70 69
61 92 11 20 30
61 93 27 30 30
61 94 34 34 42
61 95 80 59 62
61 96 76 71 62
61 97 26 38 28
61 98 22 24 34
61 99 90 92 73
62 63 16 23 28
62 64 42 30 54
62 65 54 60 52
62 66 89 76 78
62 67 42 40 57
62 68 51 43 37
62 69 83 80 72
62 70 55 58 43
62 71 98 94 72
62 72 73 54 76
62 73 88 75 77
62 74 96 70 84
62 75 68 51 57
62 76 81 84 74
62 77 55 56 63
62 78 96 83 94
62 79 67 76 50
62 80 0 22 18
62 81 63 67 50
62 82 93 76 85
62 83 42 37 53
62 84 12 32 28
62 85 36 25 30
62 86 80 76 73
62 87 58 64 51
62 88 12 31 11
62 89 83 70 79
62 90 79 70 61
62 91 35 46 38
62 92 4 11 25
62 93 51 57 53
62 94 73 69 75
62 95 6 13 25
62 96 81 84 78
62 97 40 40 35
62 98 24 42 27
62 99 16 30 23
63 64 38 35 50
63 65 1 6 2
63 66 1 30 15
63 67 40 40 44
63 68 77 55 76
63 69 22 20 26
63 70 88 68 84
63 71 11 21 34
63 72 4 3 27
63 73 0 27 15
63 74 89 90 70
63 75 31 34 28
63 76 38 35 39
63 77 87 83 63
63 78 23 23 30
63 79 16 33 33
63 80 51 44 62
63 81 98 72 93
63 82 33 31 45
63 83 65 68 69
63 84 31 27 28
63 85 72 53 66
63 86 25 18 34
63 87 64 71 47
63 88 40 48 51
63 89 82 75 62
63 90 75 69 60
63 91 68 71 68
63 92 61 56 64
63 93 21 27 20
63 94 5 24 22
63 95 91 67 88
63 96 50 46 46
63 97 77 74 57
63 98 74 74 74
63 99 97 73 82
64 65 28 41 44
64 66 71 51 54
64 67 48 56 39
64 68 72 52 78
64 69 67 50 52
64 70 31 48 41
64 71 81 63 57
64 72 18 36 35
64 73 22 38 26
64 74 14 12 17
64 75 66 55 47
64 76 6 18 31
64 77 39 43 55
64 78 1 29 13
64 79 34 50 31
64 80 9 35 22
64 81 47 36 47
64 82 70 51 53
64 83 64 53 61
64 84 28 31 39
64 85 43 44 40
64 86 60 62 54
64 87 41 55 31
64 88 82 84 83
64 89 55 66 53
64 90 97 94 88
64 91 3 4 30
64 92 23 28 35
64 93 38 46 38
64 94 19 26 18
64 95 84 59 81
64 96 0 26 2
64 97 12 15 9
64 98 37 51 53
64 99 94 68 79
65 66 6 18 12
65 67 72 80 54
65 68 48 56 42
65 69 33 34 44
65 70 17 36 15
65 71 42 33 44
65 72 80 64 79
65 73 92 88 74
65 74 35 39 49
65 75 49 64 49
65 76 34 35 50
65 77 3 9 7
65 78 56 40 60
65 79 47 47 61
65 80 34 43 35
65 81 91 73 69
65 82 36 32 43
65 83 28 27 40
65 84 15 11 32
65 85 37 35 31
65 86 27 33 36
65 87 26 48 27
65 88 59 47 65
65 89 77 65 72
65 90 62 49 50
65 91 4 16 13
65 92 78 68 74
65 93 23 19 41
65 94 10 33 8
65 95 30 41 48
65 96 59 60 67
65 97 84 84 63
65 98 6 12 10
65 99 70 53 73
66 67 42 51 40
66 68 37 29 55
66 69 55 56 61
66 70 90 66 68
66 71 50 43 37
66 72 4 22 19
66 73 86 85 71
66 74 91 90 72
66 75 72 76 64
66 76 26 22 39
66 77 38 40 34
66 78 91 80 69
66 79 23 19 26
66 80 9 7 28
66 81 39 32 35
66 82 73 69 72
66 83 61 58 68
66 84 50 58 39
66 85 14 13 13
66 86 9 13 8
66 87 1 22 7
66 88 87 91 89
66 89 40 32 49
66 90 36 25 32
66 91 75 61 82
66 92 20 29 39
66 93 88 79 69
66 94 78 83 65
66 95 77 68 77
66 96 43 52 34
66 97 3 6 28
66 98 74 72 73
66 99 5 21 4
67 68 68 65 74
67 69 48 62 36
67 70 50 40 56
67 71 44 37 53
67 72 28 31 45
67 73 63 54 45
67 74 32 52 39
67 75 71 72 57
67 76 32 44 35
67 77 82 75 82
67 78 69 54 59
67 79 35 25 34
67 80 86 62 83
67 81 2 24 14
67 82 2 11 29
67 83 51 46 61
67 84 97 78 79
67 85 64 47 70
67 86 20 18 33
67 87 27 22 44
67 88 98 76 88
67 89 30 27 28
67 90 28 49 37
67 91 26 36 46
67 92 86 70 69
67 93 62 50 68
67 94 18 35 16
67 95 82 63 64
67 96 16 24 21
67 97 35 30 47
67 98 50 38 35
67 99 18 14 14
68 69 53 48 44
68 70 4 10 22
68 71 6 19 33
68 72 35 34 38
68 73 85 82 69
68 74 49 62 57
68 75 71 71 79
68 76 98 96 73
68 77 13 32 35
68 78 50 45 57
68 79 46 33 53
68 80 31 39 24
68 81 72 54 78
68 82 67 76 52
68 83 66 64 49
68 84 96 78 91
68 85 77 73 57
68 86 66 58 58
68 87 6 18 8
68 88 93 93 65
68 89 52 61 40
68 90 39 49 42
68 91 4 30 14
68 92 55 49 41
68 93 48 55 58
68 94 15 24 20
68 95 8 7 16
68 96 65 75 72
68 97 98 87 76
68 98 46 39 45
68 99 38 27 30
69 70 62 54 59
69 71 63 50 67
69 72 88 67 81
69 73 38 34 51
69 74 0 29 27
69 75 10 23 33
69 76 86 64 68
69 77 71 61 70
69 78 78 77 70
69 79 83 86 79
69 80 52 59 64
69 81 35 28 29
69 82 48 43 55
69 83 85 72 78
69 84 50 56 55
69 85 45 45 44
69 86 49 42 55
69 87 33 53 50
69 88 66 62 50
69 89 50 60 51
69 90 89 63 81
69 91 27 35 32
69 92 25 17 45
69 93 36 43 38
69 94 98 72 82
69 95 52 51 55
69 96 6 12 25
69 97 69 66 53
69 98 25 40 21
69 99 35 52 25
70 71 1 1 6
70 72 4 15 25
70 73 41 35 41
70 74 97 76 88
70 75 13 30 33
70 76 15 22 17
70 77 19 27 40
70 78 70 65 68
70 79 53 58 50
70 80 54 64 49
70 81 10 30 10
70 82 22 42 20
70 83 36 50 28
70 84 42 45 45
70 85 29 40 37
70 86 46 51 44
70 87 43 39 33
70 88 17 33 37
70 89 8 15 9
70 90 18 13 37
70 91 0 25 12
70 92 80 64 56
70 93 65 65 53
70 94 11 33 20
70 95 43 52 50
70 96 31 45 34
70 97 21 40 20
70 98 90 72 89
70 99 40 45 43
71 72 63 55 64
71 73 40 43 34
71 74 41 35 52
71 75 76 80 69
71 76 44 57 35
71 77 46 37 32
71 78 70 51 73
71 79 18 22 24
71 80 96 89 73
71 81 2 4 27
71 82 87 78 78
71 83 83 67 62
71 84 39 57 45
71 85 55 61 44
71 86 73 70 72
71 87 85 64 73
71 88 46 53 45
71 89 55 57 68
71 90 95 79 90
71 91 32 23 31
71 92 58 51 44
71 93 74 67 71
71 94 11 35 15
71 95 0 1 14
71 96 89 71 79
71 97 99 93 81
71 98 1 4 21
71 99 52 50 43
72 73 39 48 45
72 74 94 84 73
72 75 29 46 48
72 76 83 77 83
72 77 45 43 35
72 78 61 70 62
72 79 39 28 37
72 80 12 15 33
72 81 5 12 13
72 82 28 36 34
72 83 75 75 71
72 84 27 48 29
72 85 23 26 36
72 86 64 58 49
72 87 79 65 70
72 88 72 75 66
72 89 66 60 52
72 90 26 31 41
72 91 42 46 54
72 92 44 32 55
72 93 61 45 49
72 94 89 79 85
72 95 17 28 22
72 96 61 47 47
72 97 30 34 51
72 98 79 76 76
72 99 99 96 79
73 74 38 41 46
73 75 50 57 36
73 76 80 77 86
73 77 13 27 28
73 78 12 22 36
73 79 51 48 45
73 80 47 50 51
73 81 41 31 52
73 82 78 58 73
73 83 72 63 75
73 84 39 53 50
73 85 55 53 49
73 86 39 57 32
73 87 16 36 39
73 88 24 23 31
73 89 80 76 61
73 90 1 6 28
73 91 16 38 26
73 92 13 27 25
73 93 89 78 82
73 94 87 74 88
73 95 16 34 28
73 96 15 18 21
73 97 31 45 34
73 98 62 47 52
73 99 83 62 77
74 75 99 83 82
74 76 92 86 67
74 77 55 59 47
74 78 66 55 68
74 79 52 40 40
74 80 16 33 12
74 81 76 79 83
74 82 88 72 72
74 83 10 35 35
74 84 33 34 44
74 85 72 61 58
74 86 99 93 77
74 87 53 47 51
74 88 32 23 31
74 89 20 33 26
74 90 12 19 26
74 91 70 58 55
74 92 89 74 84
74 93 72 55 69
74 94 77 63 84
74 95 81 82 72
74 96 87 69 84
74 97 64 50 73
74 98 20 16 22
74 99 29 29 32
75 76 68 71 56
75 77 58 50 70
75 78 38 44 47
75 79 72 62 57
75 80 11 15 37
75 81 92 77 82
75 82 33 23 36
75 83 40 43 55
75 84 99 99 84
75 85 31 29 33
75 86 8 33 11
75 87 80 57 84
75 88 13 37 27
75 89 1 5 19
75 90 51 56 47
75 91 38 40 36
75 92 35 40 31
75 93 66 59 75
75 94 97 86 95
75 95 36 35 26
75 96 54 67 53
75 97 16 39 23
75 98 20 32 41
75 99 80 59 63
76 77 68 65 74
76 78 97 73 78
76 79 59 69 45
76 80 92 79 95
76 81 24 41 35
76 82 42 42 47
76 83 58 57 67
76 84 82 58 57
76 85 24 44 22
76 86 52 57 39
76 87 37 29 45
76 88 4 10 27
76 89 69 55 56
76 90 27 38 33
76 91 25 30 23
76 92 80 81 73
76 93 48 34 40
76 94 21 15 22
76 95 63 54 62
76 96 80 59 81
76 97 85 72 69
76 98 77 83 69
76 99 7 29 23
77 78 13 33 39
77 79 12 29 9
77 80 62 64 63
77 81 4 9 22
77 82 96 80 75
77 83 11 27 22
77 84 56 51 40
77 85 23 42 21
77 86 65 74 71
77 87 19 43 24
77 88 25 29 23
77 89 68 53 65
77 90 63 74 48
77 91 93 79 68
77 92 72 64 71
77 93 78 75 60
77 94 68 57 68
77 95 2 4 26
77 96 0 11 18
77 97 1 11 7
77 98 8 34 14
77 99 23 35 41
78 79 88 87 73
78 80 8 7 6
78 81 58 52 41
78 82 42 31 30
78 83 41 54 58
78 84 12 10 21
78 85 58 48 47
78 86 78 82 74
78 87 78 73 67
78 88 17 12 29
78 89 90 64 89
78 90 91 83 81
78 91 47 54 37
78 92 95 82 75
78 93 35 51 49
78 94 87 76 88
78 95 21 26 23
78 96 97 85 69
78 97 26 29 22
78 98 96 75 75
78 99 94 81 95
79 80 60 68 63
79 81 55 57 53
79 82 59 54 56
79 83 0 4 25
79 84 48 53 44
79 85 71 74 74
79 86 62 61 73
79 87 60 69 46
79 88 86 68 73
79 89 50 48 54
79 90 76 60 79
79 91 79 61 78
79 92 22 43 37
79 93 79 76 82
79 94 11 26 16
79 95 32 31 43
79 96 72 67 61
79 97 84 73 67
79 98 53 44 51
79 99 98 82 72
80 81 88 81 75
80 82 72 62 52
80 83 58 56 58
80 84 32 34 36
80 85 65 50 65
80 86 82 66 81
80 87 18 27 41
80 88 14 20 20
80 89 16 29 36
80 90 36 43 26
80 91 26 21 27
80 92 7 29 9
80 93 14 16 26
80 94 43 49 35
80 95 61 67 60
80 96 29 45 24
80 97 59 42 68
80 98 33 29 53
80 99 34 28 42
81 82 77 78 70
81 83 28 49 27
81 84 11 12 34
81 85 45 54 58
81 86 28 30 44
81 87 27 44 35
81 88 94 87 69
81 89 49 56 38
81 90 96 68 88
81 91 69 52 55
81 92 58 51 50
81 93 89 87 76
81 94 71 53 66
81 95 55 67 51
81 96 66 51 51
81 97 6 8 11
81 98 31 37 32
81 99 41 50 44
82 83 52 60 65
82 84 69 71 50
82 85 62 70 71
82 86 46 51 51
82 87 75 77 65
82 88 95 90 85
82 89 65 75 57
82 90 83 75 82
82 91 95 69 86
82 92 71 74 57
82 93 88 77 83
82 94 19 38 42
82 95 87 88 65
82 96 7 10 20
82 97 22 30 44
82 98 28 32 24
82 99 67 56 56
83 84 82 60 62
83 85 75 70 64
83 86 89 90 90
83 87 87 61 63
83 88 91 88 80
83 89 28 20 27
83 90 31 43 51
83 91 16 31 19
83 92 51 53 62
83 93 3 26 19
83 94 44 50 45
83 95 42 56 59
83 96 29 28 22
83 97 42 33 48
83 98 29 28 44
83 99 30 22 28
84 85 0 8 21
84 86 50 39 48
84 87 69 75 58
84 88 64 63 55
84 89 46 56 50
84 90 22 41 33
84 91 23 39 25
84 92 89 75 70
84 93 25 31 39
84 94 40 44 45
84 95 36 28 41
84 96 4 22 13
84 97 47 42 59
84 98 81 85 79
84 99 41 32 40
85 86 25 47 41
85 87 7 29 10
85 88 69 51 74
85 89 9 11 28
85 90 39 37 46
85 91 85 68 71
85 92 72 67 62
85 93 70 77 74
85 94 48 39 49
85 95 33 30 51
85 96 3 20 28
85 97 42 37 58
85 98 71 77 60
85 99 2 16 31
86 87 68 48 73
86 88 4 19 8
86 89 92 77 80
86 90 87 80 82
86 91 21 30 44
86 92 30 28 21
86 93 45 41 42
86 94 1 1 17
86 95 66 72 60
86 96 77 60 69
86 97 1 15 11
86 98 0 9 5
86 99 37 51 47
87 88 1 30 28
87 89 1 27 9
87 90 86 74 66
87 91 9 8 29
87 92 24 45 21
87 93 55 43 65
87 94 11 30 19
87 95 28 21 47
87 96 34 44 33
87 97 95 95 92
87 98 44 32 57
87 99 57 43 53
88 89 55 48 60
88 90 64 67 66
88 91 28 40 40
88 92 76 81 75
88 93 59 48 63
88 94 30 40 40
88 95 43 56 35
88 96 11 22 22
88 97 43 59 38
88 98 28 35 31
88 99 51 55 54
89 90 77 64 62
89 91 62 57 53
89 92 80 59 71
89 93 83 87 74
89 94 41 35 40
89 95 83 73 72
89 96 25 38 32
89 97 85 66 67
89 98 88 91 85
89 99 98 96 88
90 91 93 74 92
90 92 58 68 48
90 93 87 69 70
90 94 49 58 48
90 95 8 33 29
90 96 47 50 34
90 97 46 50 35
90 98 2 19 16
90 99 72 52 65
91 92 23 34 20
91 93 27 43 20
91 94 26 19 18
91 95 82 69 83
91 96 6 21 5
91 97 12 33 26
91 98 66 48 61
91 99 58 42 52
92 93 82 85 58
92 94 83 85 64
92 95 51 61 44
92 96 60 51 68
92 97 53 39 63
92 98 92 66 82
92 99 8 31 27
93 94 64 74 46
93 95 58 55 47
93 96 42 39 42
93 97 5 18 29
93 98 78 59 59
93 99 94 86 90
94 95 76 61 79
94 96 34 49 30
94 97 29 42 44
94 98 61 44 68
94 99 66 53 62
95 96 26 21 48
95 97 47 43 46
95 98 3 10 27
95 99 5 25 28
96 97 5 13 6
96 98 2 20 16
96 99 36 35 33
97 98 33 25 29
97 99 99 97 78
98 99 52 45 51
