100
0 1 70 32 86
0 2 68 49 95
0 3 7 85 61
0 4 66 9 76
0 5 97 90 28
0 6 17 52 61
0 7 23 56 58
0 8 98 69 31
0 9 29 60 28
0 10 62 11 16
0 11 44 64 20
0 12 92 54 67
0 13 33 88 5
0 14 14 32 21
0 15 83 83 95
0 16 9 81 58
0 17 55 14 79
0 18 44 51 88
0 19 35 41 33
0 20 12 7 85
0 21 42 77 31
0 22 57 44 43
0 23 41 74 85
0 24 21 18 41
0 25 50 9 89
0 26 24 58 36
0 27 11 70 73
0 28 92 90 84
0 29 95 27 23
0 30 40 32 48
0 31 48 21 39
0 32 49 48 84
0 33 27 34 19
0 34 91 96 19
0 35 62 61 59
0 36 92 95 24
0 37 92 45 62
0 38 42 11 13
0 39 59 80 27
0 40 28 36 70
0 41 1 52 48
0 42 35 80 70
0 43 35 36 15
0 44 44 84 68
0 45 58 57 16
0 46 66 26 86
0 47 7 17 53
0 48 71 35 91
0 49 84 55 38
0 50 79 66 16
0 51 72 21 33
0 52 44 5 29
0 53 73 36 66
0 54 54 8 72
0 55 78 64 91
0 56 58 68 61
0 57 21 65 25
0 58 82 52 68
0 59 45 30 90
0 60 74 97 64
0 61 48 48 36
0 62 87 96 63
0 63 18 84 64
0 64 32 81 38
0 65 7 79 74
0 66 65 6 92
0 67 27 30 8
0 68 68 61 32
0 69 43 91 67
0 70 31 11 91
0 71 2 79 17
0 72 39 9 52
0 73 78 62 9
0 74 8 51 68
0 75 57 36 50
0 76 72 79 13
0 77 56 94 66
0 78 59 86 45
0 79 85 18 72
0 80 74 40 32
0 81 77 44 95
0 82 18 81 63
0 83 62 8 81
0 84 29 66 18
0 85 52 9 5
0 86 31 54 90
0 87 60 33 30
0 88 33 61 14
0 89 65 46 66
0 90 79 76 96
0 91 16 87 45
0 92 89 50 97
0 93 1 30 25
0 94 79 71 90
0 95 16 72 31
0 96 89 43 66
0 97 19 1 17
0 98 2 46 47
0 99 98 23 31
1 2 12 57 37
1 3 8 4 1
1 4 26 50 91
1 5 34 23 12
1 6 19 11 25
1 7 82 26 77
1 8 11 75 53
1 9 83 14 48
1 10 84 83 30
1 11 63 41 24
1 12 99 11 28
1 13 43 13 44
1 14 33 82 70
1 15 92 11 28
1 16 6 72 70
1 17 12 82 22
1 18 39 90 43
1 19 51 17 86
1 20 82 96 81
1 21 45 69 63
1 22 2 87 54
1 23 49 24 45
1 24 10 65 43
1 25 54 12 12
1 26 65 74 21
1 27 13 38 24
1 28 47 93 60
1 29 17 91 56
1 30 8 86 84
1 31 95 72 40
1 32 24 29 49
1 33 5 40 25
1 34 60 53 45
1 35 28 46 69
1 36 24 33 86
1 37 18 87 87
1 38 21 32 20
1 39 38 69 8
1 40 91 81 23
1 41 73 33 28
1 42 88 14 61
1 43 73 65 96
1 44 17 83 68
1 45 40 55 31
1 46 5 68 79
1 47 18 47 38
1 48 53 41 19
1 49 38 52 12
1 50 5 76 61
1 51 15 57 53
1 52 64 9 50
1 53 69 71 93
1 54 61 33 80
1 55 7 9 84
1 56 62 82 47
1 57 5 61 10
1 58 49 56 54
1 59 16 66 83
1 60 35 51 47
1 61 72 42 96
1 62 8 53 66
1 63 25 6 41
1 64 69 55 28
1 65 18 17 20
1 66 47 85 83
1 67 82 78 89
1 68 54 6 8
1 69 44 14 23
1 70 91 23 14
1 71 20 7 83
1 72 46 85 10
1 73 54 57 56
1 74 96 42 72
1 75 20 30 80
1 76 94 90 94
1 77 69 47 20
1 78 90 55 67
1 79 90 36 37
1 80 51 49 94
1 81 40 65 5
1 82 11 84 30
1 83 75 60 60
1 84 85 44 33
1 85 50 81 88
1 86 6 85 36
1 87 85 62 41
1 88 16 90 35
1 89 32 8 20
1 90 5 61 34
1 91 81 51 23
1 92 87 51 83
1 93 24 54 84
1 94 42 42 21
1 95 41 66 38
1 96 0 71 17
1 97 81 69 84
1 98 2 32 24
1 99 93 57 20
2 3 89 70 96
2 4 97 24 21
2 5 90 50 20
2 6 69 10 57
2 7 60 12 43
2 8 31 26 89
2 9 23 67 31
2 10 37 84 6
2 11 55 36 69
2 12 5 77 63
2 13 85 31 73
2 14 66 40 33
2 15 16 14 2
2 16 5 20 44
2 17 49 5 52
2 18 40 31 86
2 19 78 34 22
2 20 84 22 57
2 21 10 66 6
2 22 44 11 17
2 23 87 59 68
2 24 16 55 64
2 25 2 61 17
2 26 3 69 29
2 27 62 23 22
2 28 49 72 25
2 29 20 48 43
2 30 35 63 46
2 31 72 68 7
2 32 96 43 92
2 33 61 20 61
2 34 30 83 51
2 35 32 35 62
2 36 36 11 36
2 37 85 90 31
2 38 81 81 84
2 39 46 11 8
2 40 8 16 56
2 41 71 63 76
2 42 57 62 53
2 43 52 28 29
2 44 98 25 43
2 45 34 6 39
2 46 83 82 47
2 47 88 68 62
2 48 86 28 57
2 49 63 36 51
2 50 79 61 84
2 51 43 15 93
2 52 95 66 23
2 53 39 9 21
2 54 8 32 77
2 55 38 33 66
2 56 36 26 91
2 57 18 80 30
2 58 72 77 29
2 59 25 3 43
2 60 59 81 90
2 61 37 56 93
2 62 57 73 21
2 63 46 20 58
2 64 0 49 3
2 65 61 37 93
2 66 40 41 45
2 67 5 61 38
2 68 35 37 87
2 69 89 48 78
2 70 31 70 52
2 71 40 90 77
2 72 86 90 62
2 73 89 82 68
2 74 79 57 31
2 75 96 91 32
2 76 36 49 85
2 77 12 8 2
2 78 47 45 6
2 79 27 50 66
2 80 36 47 14
2 81 51 81 72
2 82 18 86 71
2 83 70 15 34
2 84 77 39 39
2 85 25 69 50
2 86 90 19 60
2 87 51 75 15
2 88 6 24 72
2 89 1 2 54
2 90 32 58 27
2 91 52 77 41
2 92 66 13 89
2 93 99 41 61
2 94 7 21 19
2 95 14 57 63
2 96 44 5 51
2 97 43 7 58
2 98 11 40 40
2 99 96 51 31
3 4 21 53 87
3 5 72 73 96
3 6 84 35 57
3 7 45 36 63
3 8 49 48 28
3 9 16 27 84
3 10 95 46 45
3 11 8 41 82
3 12 8 56 35
3 13 31 25 33
3 14 80 89 84
3 15 28 35 37
3 16 12 76 10
3 17 86 81 96
3 18 42 64 73
3 19 57 72 76
3 20 79 22 84
3 21 37 16 75
3 22 93 41 50
3 23 6 66 64
3 24 41 70 83
3 25 0 77 63
3 26 30 35 87
3 27 98 89 99
3 28 36 14 58
3 29 84 84 70
3 30 11 23 68
3 31 25 84 50
3 32 23 32 36
3 33 21 73 55
3 34 57 87 95
3 35 2 13 22
3 36 8 35 27
3 37 73 7 15
3 38 5 49 59
3 39 34 84 21
3 40 97 97 16
3 41 93 52 77
3 42 53 34 63
3 43 75 47 55
3 44 93 93 45
3 45 16 83 33
3 46 41 85 81
3 47 65 75 92
3 48 5 73 45
3 49 91 30 13
3 50 58 18 95
3 51 92 37 28
3 52 65 28 74
3 53 22 11 84
3 54 70 49 61
3 55 6 62 58
3 56 27 35 20
3 57 26 58 17
3 58 80 90 87
3 59 33 8 34
3 60 69 46 59
3 61 32 67 31
3 62 72 27 8
3 63 15 86 86
3 64 55 42 27
3 65 93 57 92
3 66 37 17 37
3 67 86 51 31
3 68 43 70 49
3 69 43 37 73
3 70 15 13 58
3 71 25 91 43
3 72 83 26 45
3 73 83 97 22
3 74 47 18 35
3 75 71 31 20
3 76 98 28 76
3 77 85 87 39
3 78 83 8 45
3 79 17 72 39
3 80 24 69 21
3 81 80 96 24
3 82 66 87 95
3 83 26 4 90
3 84 25 75 60
3 85 79 27 26
3 86 71 61 26
3 87 79 42 65
3 88 87 77 83
3 89 49 14 92
3 90 72 15 94
3 91 10 29 23
3 92 95 49 81
3 93 68 79 83
3 94 88 59 33
3 95 79 69 68
3 96 32 46 19
3 97 98 20 96
3 98 26 61 25
3 99 88 33 9
4 5 16 12 11
4 6 20 16 17
4 7 2 87 42
4 8 57 64 69
4 9 22 80 91
4 10 22 50 6
4 11 4 58 51
4 12 6 35 72
4 13 87 31 15
4 14 54 90 83
4 15 31 32 75
4 16 34 48 5
4 17 91 90 42
4 18 94 42 53
4 19 85 17 92
4 20 63 62 85
4 21 99 92 15
4 22 42 56 53
4 23 11 21 71
4 24 80 90 53
4 25 84 51 41
4 26 90 46 90
4 27 91 24 30
4 28 54 40 23
4 29 32 5 15
4 30 51 23 16
4 31 61 81 88
4 32 94 59 87
4 33 92 94 19
4 34 42 6 11
4 35 54 21 12
4 36 39 25 32
4 37 26 23 59
4 38 36 11 4
4 39 57 50 94
4 40 78 48 77
4 41 92 31 89
4 42 32 83 5
4 43 14 21 44
4 44 80 94 29
4 45 91 13 85
4 46 88 80 73
4 47 12 14 67
4 48 48 29 13
4 49 40 8 43
4 50 95 47 36
4 51 68 78 84
4 52 28 68 68
4 53 88 37 82
4 54 84 79 36
4 55 38 84 77
4 56 90 36 60
4 57 78 95 68
4 58 67 14 26
4 59 29 73 75
4 60 19 15 82
4 61 6 67 66
4 62 12 78 83
4 63 84 27 84
4 64 93 37 80
4 65 93 80 86
4 66 19 37 25
4 67 0 16 8
4 68 9 20 52
4 69 40 29 29
4 70 13 86 78
4 71 46 84 91
4 72 48 77 55
4 73 9 49 37
4 74 88 89 25
4 75 93 41 93
4 76 73 88 53
4 77 50 29 43
4 78 39 31 69
4 79 50 43 88
4 80 33 17 6
4 81 31 12 28
4 82 65 9 95
4 83 96 51 65
4 84 20 47 85
4 85 45 92 79
4 86 80 47 56
4 87 5 51 27
4 88 56 16 94
4 89 72 94 11
4 90 18 79 72
4 91 56 21 40
4 92 32 55 84
4 93 23 74 63
4 94 1 84 25
4 95 84 94 65
4 96 81 41 46
4 97 83 18 24
4 98 1 88 33
4 99 77 87 88
5 6 13 13 53
5 7 16 17 74
5 8 91 27 35
5 9 73 75 74
5 10 15 60 14
5 11 56 44 38
5 12 92 24 32
5 13 82 67 13
5 14 95 19 79
5 15 18 72 81
5 16 5 32 1
5 17 0 6 57
5 18 12 79 78
5 19 22 70 42
5 20 40 27 46
5 21 4 31 48
5 22 9 87 47
5 23 90 96 78
5 24 22 20 77
5 25 30 34 14
5 26 39 37 67
5 27 30 82 72
5 28 83 44 58
5 29 22 69 66
5 30 3 31 28
5 31 98 80 20
5 32 31 92 22
5 33 39 71 71
5 34 3 36 10
5 35 31 67 18
5 36 86 56 32
5 37 42 67 28
5 38 17 53 7
5 39 71 86 19
5 40 24 79 69
5 41 48 6 23
5 42 62 32 94
5 43 90 48 49
5 44 56 68 79
5 45 27 38 19
5 46 92 14 87
5 47 37 71 51
5 48 8 7 16
5 49 80 18 85
5 50 85 43 44
5 51 86 26 28
5 52 23 9 76
5 53 57 15 88
5 54 85 90 23
5 55 47 45 30
5 56 81 93 68
5 57 9 7 89
5 58 41 92 51
5 59 61 76 10
5 60 41 51 5
5 61 72 31 9
5 62 88 55 83
5 63 37 23 21
5 64 52 74 10
5 65 59 19 74
5 66 59 16 87
5 67 73 75 61
5 68 46 12 89
5 69 49 84 54
5 70 37 82 52
5 71 63 42 80
5 72 70 41 78
5 73 2 89 64
5 74 17 69 23
5 75 39 66 23
5 76 49 56 29
5 77 22 4 57
5 78 60 58 78
5 79 76 15 34
5 80 25 66 88
5 81 94 35 69
5 82 97 94 58
5 83 34 92 82
5 84 19 6 80
5 85 50 23 88
5 86 0 79 61
5 87 68 76 84
5 88 88 28 62
5 89 65 27 69
5 90 29 34 56
5 91 4 31 47
5 92 16 75 42
5 93 2 24 78
5 94 19 83 57
5 95 99 70 56
5 96 74 91 51
5 97 3 12 11
5 98 76 34 32
5 99 47 46 49
6 7 80 32 12
6 8 67 66 57
6 9 36 5 85
6 10 97 96 28
6 11 66 47 91
6 12 53 64 28
6 13 32 19 48
6 14 53 78 71
6 15 74 62 72
6 16 5 76 62
6 17 28 10 16
6 18 72 63 75
6 19 73 10 46
6 20 94 80 88
6 21 4 89 45
6 22 42 18 62
6 23 6 88 10
6 24 65 82 21
6 25 21 48 46
6 26 16 5 75
6 27 68 94 48
6 28 96 72 44
6 29 69 80 24
6 30 41 38 39
6 31 91 92 32
6 32 86 28 14
6 33 20 17 53
6 34 71 40 86
6 35 47 71 70
6 36 9 11 74
6 37 96 97 45
6 38 43 35 28
6 39 17 88 62
6 40 8 25 16
6 41 22 26 88
6 42 91 73 59
6 43 6 62 66
6 44 57 57 30
6 45 60 22 11
6 46 97 35 98
6 47 8 80 61
6 48 69 58 45
6 49 27 83 37
6 50 25 17 52
6 51 11 37 21
6 52 6 37 37
6 53 14 9 40
6 54 18 73 80
6 55 73 9 63
6 56 17 68 39
6 57 60 58 18
6 58 71 31 36
6 59 63 93 94
6 60 6 71 1
6 61 32 22 88
6 62 83 23 39
6 63 83 66 85
6 64 2 19 17
6 65 91 82 80
6 66 58 40 76
6 67 20 90 81
6 68 86 43 11
6 69 53 89 33
6 70 57 55 35
6 71 70 72 11
6 72 2 82 41
6 73 39 74 37
6 74 32 9 82
6 75 81 59 94
6 76 51 16 33
6 77 8 65 15
6 78 34 75 85
6 79 67 39 93
6 80 53 57 55
6 81 91 44 14
6 82 11 52 54
6 83 51 73 28
6 84 18 49 67
6 85 87 51 22
6 86 97 67 50
6 87 40 35 53
6 88 18 77 20
6 89 87 78 89
6 90 3 49 29
6 91 55 14 45
6 92 51 14 18
6 93 88 19 17
6 94 85 30 22
6 95 11 69 9
6 96 32 31 83
6 97 73 18 77
6 98 86 59 15
6 99 84 55 20
7 8 85 57 9
7 9 78 70 46
7 10 20 9 45
7 11 63 50 90
7 12 57 92 9
7 13 78 73 45
7 14 17 19 49
7 15 59 25 34
7 16 70 51 16
7 17 5 40 70
7 18 97 90 70
7 19 71 93 76
7 20 7 35 18
7 21 29 17 35
7 22 4 24 40
7 23 25 35 55
7 24 83 89 64
7 25 16 4 70
7 26 46 10 11
7 27 48 55 88
7 28 39 30 37
7 29 50 65 28
7 30 51 87 38
7 31 6 18 19
7 32 12 79 39
7 33 59 44 79
7 34 99 91 11
7 35 6 41 14
7 36 56 64 38
7 37 55 16 70
7 38 34 89 35
7 39 5 11 27
7 40 38 26 75
7 41 46 26 18
7 42 19 74 69
7 43 87 10 43
7 44 39 72 45
7 45 79 86 77
7 46 15 80 53
7 47 34 67 18
7 48 9 81 21
7 49 28 75 38
7 50 83 61 94
7 51 25 35 79
7 52 82 82 16
7 53 78 94 87
7 54 59 87 50
7 55 37 75 7
7 56 80 28 45
7 57 46 64 37
7 58 2 26 39
7 59 23 45 76
7 60 81 10 46
7 61 96 91 99
7 62 72 15 68
7 63 98 26 33
7 64 89 52 9
7 65 17 66 79
7 66 10 68 76
7 67 63 81 78
7 68 66 95 31
7 69 33 56 83
7 70 66 46 43
7 71 10 79 50
7 72 45 55 17
7 73 80 86 51
7 74 33 58 76
7 75 66 56 78
7 76 87 74 63
7 77 63 55 22
7 78 19 33 81
7 79 1 61 72
7 80 39 83 67
7 81 40 50 43
7 82 64 80 68
7 83 86 74 58
7 84 9 3 24
7 85 71 24 59
7 86 22 58 43
7 87 65 35 92
7 88 47 36 69
7 89 67 59 93
7 90 28 51 75
7 91 55 50 50
7 92 15 67 29
7 93 55 15 16
7 94 70 55 74
7 95 52 71 14
7 96 40 47 58
7 97 63 57 59
7 98 15 72 55
7 99 95 43 50
8 9 0 24 64
8 10 95 59 69
8 11 91 68 68
8 12 51 34 40
8 13 53 5 70
8 14 18 18 10
8 15 71 62 28
8 16 68 45 76
8 17 46 32 20
8 18 69 41 95
8 19 43 14 79
8 20 21 80 44
8 21 52 72 82
8 22 2 83 56
8 23 41 5 30
8 24 62 83 75
8 25 66 46 19
8 26 78 37 30
8 27 39 51 85
8 28 77 41 48
8 29 50 17 12
8 30 14 31 89
8 31 87 42 10
8 32 97 26 42
8 33 12 60 19
8 34 13 23 20
8 35 60 22 34
8 36 46 71 64
8 37 43 11 79
8 38 81 73 9
8 39 72 82 19
8 40 27 17 73
8 41 25 68 80
8 42 84 62 46
8 43 52 12 69
8 44 51 46 77
8 45 5 37 78
8 46 90 94 89
8 47 47 41 81
8 48 90 51 58
8 49 21 8 91
8 50 28 40 71
8 51 79 43 45
8 52 92 61 74
8 53 95 67 43
8 54 99 55 61
8 55 12 80 31
8 56 75 12 23
8 57 42 52 79
8 58 24 71 64
8 59 98 84 77
8 60 90 28 39
8 61 70 25 50
8 62 92 67 60
8 63 94 15 93
8 64 54 69 19
8 65 78 55 37
8 66 57 23 63
8 67 92 38 67
8 68 37 72 61
8 69 66 75 81
8 70 40 6 41
8 71 62 40 54
8 72 59 70 67
8 73 72 61 22
8 74 50 45 55
8 75 38 82 58
8 76 41 36 56
8 77 45 84 78
8 78 83 12 75
8 79 27 20 45
8 80 26 25 48
8 81 62 19 20
8 82 91 53 60
8 83 16 41 30
8 84 77 23 51
8 85 12 47 26
8 86 7 25 62
8 87 45 44 75
8 88 79 69 40
8 89 51 7 10
8 90 29 18 52
8 91 69 54 87
8 92 49 14 33
8 93 14 21 71
8 94 12 17 84
8 95 91 90 25
8 96 69 49 55
8 97 14 52 80
8 98 91 29 82
8 99 91 55 48
9 10 57 58 47
9 11 2 49 1
9 12 72 57 12
9 13 19 89 41
9 14 69 15 94
9 15 43 13 20
9 16 91 43 42
9 17 30 64 5
9 18 35 26 7
9 19 36 11 92
9 20 95 44 66
9 21 15 65 16
9 22 5 13 2
9 23 95 57 10
9 24 2 50 38
9 25 0 8 37
9 26 78 44 77
9 27 44 83 54
9 28 41 4 58
9 29 95 90 36
9 30 78 49 27
9 31 22 28 13
9 32 60 74 14
9 33 8 1 41
9 34 9 44 29
9 35 23 27 44
9 36 83 47 20
9 37 67 23 44
9 38 36 4 71
9 39 80 86 16
9 40 83 50 96
9 41 42 49 55
9 42 7 2 72
9 43 67 18 95
9 44 89 23 28
9 45 17 71 25
9 46 36 33 76
9 47 30 15 15
9 48 85 72 27
9 49 1 64 9
9 50 40 70 25
9 51 3 54 37
9 52 67 10 34
9 53 54 40 79
9 54 94 55 96
9 55 60 69 45
9 56 20 81 70
9 57 28 82 34
9 58 94 65 63
9 59 62 27 21
9 60 17 11 53
9 61 70 75 14
9 62 63 64 51
9 63 80 20 60
9 64 1 60 27
9 65 54 14 16
9 66 47 74 30
9 67 70 62 55
9 68 7 27 33
9 69 40 91 82
9 70 11 34 27
9 71 66 65 55
9 72 5 31 54
9 73 74 45 28
9 74 23 65 65
9 75 65 26 59
9 76 30 33 56
9 77 72 43 83
9 78 27 18 16
9 79 83 8 67
9 80 53 33 89
9 81 77 10 61
9 82 10 86 55
9 83 9 26 53
9 84 12 58 39
9 85 95 32 27
9 86 79 15 71
9 87 71 7 40
9 88 17 87 39
9 89 10 60 25
9 90 49 48 30
9 91 18 44 16
9 92 64 57 79
9 93 54 74 12
9 94 80 26 88
9 95 75 96 36
9 96 43 49 34
9 97 44 47 35
9 98 71 17 79
9 99 38 12 6
10 11 63 21 31
10 12 44 60 47
10 13 58 78 36
10 14 94 98 30
10 15 29 77 22
10 16 27 90 31
10 17 89 49 12
10 18 53 90 69
10 19 93 41 10
10 20 60 51 28
10 21 54 41 7
10 22 76 34 27
10 23 76 41 60
10 24 18 39 54
10 25 58 75 76
10 26 50 53 47
10 27 56 93 62
10 28 89 87 65
10 29 29 8 6
10 30 4 60 82
10 31 50 87 79
10 32 40 44 52
10 33 16 52 83
10 34 40 65 36
10 35 61 35 50
10 36 26 81 14
10 37 56 27 43
10 38 16 14 59
10 39 79 67 28
10 40 14 22 68
10 41 82 96 26
10 42 95 48 56
10 43 86 47 23
10 44 30 26 84
10 45 75 64 18
10 46 80 48 20
10 47 60 88 35
10 48 43 14 59
10 49 80 75 89
10 50 16 30 34
10 51 17 42 25
10 52 86 22 79
10 53 41 82 55
10 54 7 75 34
10 55 88 84 81
10 56 48 10 41
10 57 14 72 26
10 58 5 15 42
10 59 23 17 66
10 60 79 48 92
10 61 34 23 80
10 62 15 58 62
10 63 45 65 31
10 64 79 30 14
10 65 58 51 20
10 66 43 81 71
10 67 60 13 91
10 68 54 32 36
10 69 75 31 67
10 70 87 72 70
10 71 27 44 57
10 72 75 63 64
10 73 72 45 42
10 74 4 68 86
10 75 83 62 68
10 76 51 61 24
10 77 62 75 74
10 78 74 41 10
10 79 50 49 62
10 80 22 64 40
10 81 29 63 87
10 82 67 55 94
10 83 64 58 63
10 84 66 84 10
10 85 65 23 53
10 86 89 20 25
10 87 87 44 51
10 88 10 48 8
10 89 0 27 89
10 90 63 92 18
10 91 82 47 84
10 92 19 72 74
10 93 21 55 45
10 94 24 89 16
10 95 77 75 73
10 96 50 37 42
10 97 0 53 14
10 98 86 52 65
10 99 65 54 47
11 12 11 73 63
11 13 30 78 92
11 14 14 11 13
11 15 93 10 80
11 16 65 92 70
11 17 16 42 55
11 18 16 34 65
11 19 65 40 91
11 20 24 56 6
11 21 93 39 57
11 22 89 56 64
11 23 47 23 59
11 24 77 78 75
11 25 99 81 53
11 26 48 73 72
11 27 41 69 73
11 28 52 46 30
11 29 32 29 76
11 30 62 34 18
11 31 87 34 73
11 32 46 91 79
11 33 43 62 42
11 34 82 88 53
11 35 21 49 40
11 36 68 89 32
11 37 55 78 68
11 38 6 61 26
11 39 1 7 30
11 40 97 87 53
11 41 74 64 25
11 42 40 11 24
11 43 28 68 82
11 44 86 43 9
11 45 64 69 27
11 46 71 22 42
11 47 67 43 96
11 48 76 74 27
11 49 2 29 81
11 50 12 11 72
11 51 75 89 73
11 52 35 7 34
11 53 11 69 18
11 54 50 7 80
11 55 51 75 26
11 56 35 8 63
11 57 47 63 51
11 58 76 93 82
11 59 21 62 42
11 60 94 47 64
11 61 82 64 65
11 62 77 40 92
11 63 59 16 70
11 64 79 56 68
11 65 74 45 23
11 66 25 87 6
11 67 11 60 74
11 68 60 67 14
11 69 23 4 30
11 70 38 46 71
11 71 40 30 35
11 72 6 59 35
11 73 22 67 27
11 74 7 20 44
11 75 37 25 18
11 76 88 75 61
11 77 97 72 94
11 78 68 83 34
11 79 91 74 89
11 80 88 11 94
11 81 97 80 61
11 82 25 86 33
11 83 4 16 49
11 84 52 26 55
11 85 93 39 77
11 86 11 2 79
11 87 86 79 76
11 88 74 91 33
11 89 18 52 42
11 90 21 37 73
11 91 31 80 45
11 92 23 62 84
11 93 8 84 22
11 94 36 39 49
11 95 64 81 40
11 96 75 79 19
11 97 16 28 88
11 98 47 17 64
11 99 53 68 24
12 13 91 9 9
12 14 0 63 69
12 15 65 75 68
12 16 25 17 60
12 17 59 32 93
12 18 75 91 62
12 19 43 5 58
12 20 95 98 50
12 21 51 73 62
12 22 89 84 11
12 23 98 51 74
12 24 3 58 31
12 25 50 67 16
12 26 58 42 86
12 27 27 10 52
12 28 10 27 35
12 29 35 65 40
12 30 82 68 69
12 31 63 83 47
12 32 46 72 56
12 33 31 37 16
12 34 33 30 50
12 35 62 88 75
12 36 99 55 97
12 37 37 23 4
12 38 64 77 43
12 39 73 56 23
12 40 79 13 54
12 41 93 60 91
12 42 66 81 55
12 43 60 53 55
12 44 3 74 1
12 45 82 73 67
12 46 7 73 5
12 47 66 83 81
12 48 52 31 44
12 49 49 42 92
12 50 26 14 38
12 51 71 26 22
12 52 88 70 44
12 53 27 43 3
12 54 76 33 22
12 55 55 30 40
12 56 38 85 89
12 57 1 73 0
12 58 29 58 3
12 59 44 42 91
12 60 13 65 24
12 61 9 39 83
12 62 36 85 51
12 63 71 92 17
12 64 89 64 39
12 65 20 34 41
12 66 19 66 49
12 67 90 62 65
12 68 2 54 19
12 69 25 81 88
12 70 51 75 41
12 71 88 88 68
12 72 89 90 97
12 73 87 84 66
12 74 95 23 12
12 75 27 25 73
12 76 40 20 62
12 77 83 42 53
12 78 56 34 87
12 79 33 50 63
12 80 32 29 41
12 81 35 23 34
12 82 12 7 36
12 83 15 43 37
12 84 8 14 29
12 85 51 77 13
12 86 94 17 13
12 87 95 46 28
12 88 50 12 68
12 89 5 90 3
12 90 19 5 16
12 91 26 26 91
12 92 28 9 56
12 93 75 93 77
12 94 49 58 86
12 95 59 66 74
12 96 28 14 17
12 97 40 52 64
12 98 3 53 33
12 99 37 62 74
13 14 86 52 48
13 15 84 75 64
13 16 1 46 75
13 17 69 45 51
13 18 49 42 80
13 19 42 34 64
13 20 90 47 24
13 21 25 61 4
13 22 55 70 73
13 23 10 16 44
13 24 68 13 70
13 25 53 29 50
13 26 82 26 22
13 27 26 68 3
13 28 40 15 16
13 29 25 92 38
13 30 3 88 24
13 31 37 15 36
13 32 73 53 24
13 33 71 90 60
13 34 81 67 72
13 35 3 62 78
13 36 57 66 93
13 37 80 36 87
13 38 62 70 79
13 39 5 35 21
13 40 40 54 61
13 41 54 46 14
13 42 84 14 51
13 43 81 10 29
13 44 70 88 31
13 45 42 11 45
13 46 37 12 83
13 47 9 70 2
13 48 33 69 58
13 49 50 40 57
13 50 73 8 65
13 51 43 70 76
13 52 56 21 43
13 53 43 58 78
13 54 17 77 69
13 55 90 31 26
13 56 67 18 34
13 57 3 29 61
13 58 95 99 74
13 59 14 87 47
13 60 55 64 58
13 61 81 38 64
13 62 91 58 24
13 63 48 83 40
13 64 9 57 28
13 65 70 71 78
13 66 44 53 31
13 67 26 72 88
13 68 79 11 45
13 69 56 89 41
13 70 7 1 23
13 71 38 16 19
13 72 29 84 49
13 73 20 74 57
13 74 52 83 69
13 75 90 17 40
13 76 1 13 36
13 77 19 56 37
13 78 86 32 26
13 79 50 38 78
13 80 49 42 46
13 81 60 47 9
13 82 39 83 68
13 83 95 17 44
13 84 3 64 77
13 85 2 71 51
13 86 22 82 46
13 87 87 60 72
13 88 7 83 24
13 89 28 82 91
13 90 97 53 84
13 91 73 83 20
13 92 82 31 10
13 93 49 7 29
13 94 35 85 73
13 95 27 63 21
13 96 32 14 29
13 97 39 11 67
13 98 54 93 26
13 99 90 53 46
14 15 47 10 68
14 16 42 8 75
14 17 49 22 70
14 18 1 21 13
14 19 93 82 73
14 20 14 88 76
14 21 10 85 88
14 22 29 70 39
14 23 8 58 4
14 24 72 77 77
14 25 27 4 51
14 26 38 8 39
14 27 56 11 69
14 28 79 16 10
14 29 99 83 57
14 30 55 16 62
14 31 32 68 35
14 32 53 65 50
14 33 54 70 70
14 34 85 61 75
14 35 10 84 88
14 36 90 96 71
14 37 19 11 59
14 38 6 2 17
14 39 96 26 39
14 40 5 21 3
14 41 0 18 42
14 42 53 34 31
14 43 74 71 37
14 44 71 29 7
14 45 13 87 49
14 46 24 62 45
14 47 26 64 19
14 48 43 66 88
14 49 80 27 50
14 50 88 24 82
14 51 63 63 38
14 52 33 53 23
14 53 14 61 10
14 54 94 46 87
14 55 6 57 29
14 56 31 33 7
14 57 94 74 60
14 58 73 10 62
14 59 48 57 72
14 60 94 34 58
14 61 17 56 84
14 62 57 35 18
14 63 25 32 50
14 64 46 78 62
14 65 87 65 85
14 66 76 31 57
14 67 55 36 87
14 68 15 20 57
14 69 31 43 68
14 70 16 87 69
14 71 17 64 78
14 72 10 15 27
14 73 80 17 94
14 74 62 63 86
14 75 52 26 43
14 76 98 43 28
14 77 76 64 29
14 78 95 86 15
14 79 12 46 72
14 80 91 15 20
14 81 62 39 36
14 82 41 53 48
14 83 68 48 79
14 84 58 91 26
14 85 75 7 37
14 86 57 11 12
14 87 62 76 60
14 88 89 69 98
14 89 36 29 20
14 90 4 21 60
14 91 7 79 65
14 92 7 51 42
14 93 97 49 75
14 94 33 83 68
14 95 75 46 75
14 96 77 76 60
14 97 86 14 32
14 98 31 53 77
14 99 18 56 3
15 16 68 70 36
15 17 86 36 71
15 18 89 25 57
15 19 80 74 12
15 20 93 80 35
15 21 23 9 71
15 22 80 61 80
15 23 53 13 54
15 24 22 86 35
15 25 95 79 70
15 26 45 64 30
15 27 77 82 19
15 28 20 7 75
15 29 47 81 88
15 30 79 83 36
15 31 92 56 52
15 32 38 30 5
15 33 83 64 48
15 34 96 78 58
15 35 16 45 18
15 36 86 59 38
15 37 51 93 7
15 38 0 6 74
15 39 83 46 19
15 40 26 67 87
15 41 52 41 87
15 42 81 30 10
15 43 83 34 54
15 44 35 5 58
15 45 62 72 56
15 46 22 54 84
15 47 2 79 77
15 48 59 56 6
15 49 7 66 13
15 50 49 27 52
15 51 72 56 14
15 52 21 86 43
15 53 70 64 24
15 54 99 25 61
15 55 65 48 82
15 56 77 29 49
15 57 56 44 41
15 58 98 26 66
15 59 71 23 49
15 60 26 42 42
15 61 27 33 79
15 62 98 40 72
15 63 39 31 15
15 64 57 22 68
15 65 86 10 13
15 66 1 84 76
15 67 99 41 88
15 68 0 83 80
15 69 24 85 58
15 70 57 16 32
15 71 15 32 72
15 72 20 63 59
15 73 6 15 28
15 74 41 78 18
15 75 43 67 43
15 76 66 66 49
15 77 74 57 20
15 78 70 13 36
15 79 12 26 24
15 80 81 14 31
15 81 54 95 41
15 82 12 43 43
15 83 11 17 34
15 84 36 72 48
15 85 87 47 47
15 86 62 66 78
15 87 82 30 9
15 88 69 25 33
15 89 65 23 46
15 90 89 55 14
15 91 4 35 18
15 92 35 81 61
15 93 32 62 64
15 94 30 34 60
15 95 72 59 13
15 96 25 70 17
15 97 39 5 25
15 98 57 35 80
15 99 63 60 72
16 17 55 50 58
16 18 28 80 89
16 19 57 42 95
16 20 84 38 49
16 21 86 50 22
16 22 73 67 88
16 23 81 49 37
16 24 23 6 23
16 25 84 42 25
16 26 22 42 78
16 27 20 43 18
16 28 78 31 10
16 29 28 67 14
16 30 76 14 27
16 31 38 52 24
16 32 71 70 70
16 33 10 83 32
16 34 47 35 45
16 35 26 46 20
16 36 76 61 58
16 37 74 81 80
16 38 19 68 30
16 39 88 35 94
16 40 71 91 59
16 41 95 72 9
16 42 99 74 39
16 43 57 34 16
16 44 97 40 53
16 45 69 85 49
16 46 63 63 89
16 47 41 56 29
16 48 14 53 91
16 49 50 91 33
16 50 69 87 39
16 51 81 25 89
16 52 67 79 20
16 53 46 56 56
16 54 57 7 66
16 55 96 31 59
16 56 88 11 26
16 57 21 60 45
16 58 9 36 26
16 59 91 19 17
16 60 93 28 37
16 61 91 26 20
16 62 72 37 96
16 63 92 33 22
16 64 48 58 51
16 65 62 61 81
16 66 2 31 56
16 67 68 56 9
16 68 85 42 84
16 69 21 72 31
16 70 25 77 86
16 71 71 73 29
16 72 15 8 21
16 73 7 49 66
16 74 1 66 55
16 75 16 61 40
16 76 68 38 31
16 77 15 70 46
16 78 2 88 56
16 79 52 31 44
16 80 86 60 92
16 81 38 64 59
16 82 48 59 16
16 83 65 15 77
16 84 81 37 49
16 85 61 50 10
16 86 14 69 35
16 87 38 15 66
16 88 98 90 10
16 89 54 91 48
16 90 47 38 92
16 91 32 37 27
16 92 15 30 10
16 93 59 29 85
16 94 87 9 30
16 95 96 37 28
16 96 40 82 40
16 97 68 80 36
16 98 10 8 80
16 99 61 14 32
17 18 58 17 79
17 19 26 86 29
17 20 43 15 80
17 21 94 23 18
17 22 1 85 38
17 23 64 42 26
17 24 61 27 78
17 25 16 53 58
17 26 55 37 78
17 27 99 32 92
17 28 28 24 72
17 29 65 96 38
17 30 55 35 87
17 31 94 34 42
17 32 70 19 8
17 33 34 58 18
17 34 5 29 32
17 35 89 48 57
17 36 40 74 73
17 37 39 13 14
17 38 4 26 69
17 39 39 72 91
17 40 19 50 58
17 41 37 70 64
17 42 56 86 21
17 43 33 62 32
17 44 9 5 88
17 45 44 51 25
17 46 0 35 77
17 47 44 42 92
17 48 51 11 77
17 49 49 43 15
17 50 50 92 30
17 51 86 69 90
17 52 87 97 53
17 53 69 72 31
17 54 40 6 17
17 55 55 66 76
17 56 11 67 19
17 57 90 74 91
17 58 26 82 39
17 59 77 20 16
17 60 15 38 5
17 61 87 24 38
17 62 22 71 64
17 63 13 32 84
17 64 14 3 41
17 65 13 48 5
17 66 86 28 49
17 67 45 15 56
17 68 9 23 47
17 69 87 25 37
17 70 46 59 38
17 71 31 6 30
17 72 85 35 66
17 73 50 59 5
17 74 36 34 4
17 75 35 82 89
17 76 10 35 84
17 77 49 31 50
17 78 82 42 22
17 79 53 25 5
17 80 52 34 94
17 81 32 16 40
17 82 61 23 28
17 83 48 43 84
17 84 13 44 3
17 85 72 83 21
17 86 68 16 22
17 87 76 90 72
17 88 1 73 2
17 89 11 59 46
17 90 7 12 11
17 91 69 83 57
17 92 37 6 44
17 93 58 30 32
17 94 89 76 50
17 95 44 58 89
17 96 21 35 89
17 97 3 9 44
17 98 93 50 42
17 99 18 56 7
18 19 61 36 53
18 20 40 17 35
18 21 57 56 85
18 22 7 64 72
18 23 43 17 18
18 24 98 61 38
18 25 2 4 3
18 26 96 76 70
18 27 78 60 50
18 28 92 12 93
18 29 53 82 63
18 30 40 48 30
18 31 36 38 90
18 32 15 15 86
18 33 3 40 60
18 34 16 31 26
18 35 22 57 7
18 36 51 54 90
18 37 52 28 57
18 38 41 66 23
18 39 26 92 62
18 40 34 28 77
18 41 90 41 92
18 42 15 38 53
18 43 8 47 70
18 44 19 25 43
18 45 3 54 55
18 46 54 85 52
18 47 41 5 49
18 48 81 24 48
18 49 79 93 81
18 50 44 21 21
18 51 68 30 96
18 52 69 36 71
18 53 40 63 23
18 54 33 29 39
18 55 51 37 77
18 56 91 83 19
18 57 25 14 42
18 58 71 77 92
18 59 98 89 93
18 60 33 46 75
18 61 22 64 77
18 62 99 31 97
18 63 28 40 19
18 64 28 49 83
18 65 93 66 48
18 66 12 81 10
18 67 39 46 88
18 68 70 65 33
18 69 24 34 71
18 70 91 42 77
18 71 5 61 17
18 72 49 20 22
18 73 44 4 69
18 74 88 44 35
18 75 61 92 13
18 76 44 73 13
18 77 5 14 48
18 78 30 71 56
18 79 12 84 86
18 80 30 43 56
18 81 50 77 47
18 82 44 10 75
18 83 66 36 71
18 84 39 32 20
18 85 54 52 43
18 86 94 47 44
18 87 32 64 92
18 88 41 87 64
18 89 42 32 35
18 90 81 8 56
18 91 61 46 45
18 92 25 10 18
18 93 5 36 74
18 94 17 47 52
18 95 37 45 58
18 96 38 32 15
18 97 43 70 78
18 98 58 38 59
18 99 91 12 13
19 20 56 17 64
19 21 85 88 85
19 22 97 41 85
19 23 3 75 31
19 24 32 52 25
19 25 29 3 19
19 26 88 12 70
19 27 23 62 29
19 28 6 77 31
19 29 39 52 8
19 30 39 4 93
19 31 49 27 49
19 32 12 81 90
19 33 16 25 33
19 34 85 41 11
19 35 58 36 49
19 36 21 65 22
19 37 39 33 56
19 38 34 72 51
19 39 52 66 13
19 40 64 34 33
19 41 31 31 55
19 42 38 38 51
19 43 78 86 57
19 44 91 48 26
19 45 20 6 3
19 46 70 15 57
19 47 21 75 44
19 48 79 93 18
19 49 96 10 12
19 50 6 27 49
19 51 1 47 1
19 52 2 52 77
19 53 30 53 19
19 54 17 74 12
19 55 38 74 14
19 56 49 66 22
19 57 45 50 86
19 58 96 74 71
19 59 16 66 63
19 60 7 41 70
19 61 85 80 72
19 62 36 86 86
19 63 46 83 81
19 64 57 61 77
19 65 60 52 29
19 66 39 91 85
19 67 49 89 14
19 68 29 80 38
19 69 54 68 54
19 70 10 22 85
19 71 11 49 90
19 72 53 46 52
19 73 89 35 50
19 74 19 71 56
19 75 75 15 85
19 76 91 81 27
19 77 47 25 17
19 78 52 61 25
19 79 29 24 60
19 80 59 35 86
19 81 57 39 53
19 82 98 40 89
19 83 90 39 26
19 84 4 76 71
19 85 22 42 60
19 86 38 39 27
19 87 99 71 23
19 88 42 48 12
19 89 79 13 56
19 90 48 52 71
19 91 64 54 57
19 92 37 27 87
19 93 95 46 17
19 94 88 56 31
19 95 86 59 91
19 96 21 47 29
19 97 47 85 19
19 98 93 18 76
19 99 66 54 20
20 21 88 74 25
20 22 94 39 29
20 23 17 81 21
20 24 17 25 37
20 25 14 40 32
20 26 61 82 30
20 27 38 40 26
20 28 81 39 14
20 29 85 60 76
20 30 71 59 87
20 31 35 17 61
20 32 0 85 80
20 33 34 32 6
20 34 85 21 30
20 35 57 88 20
20 36 34 70 76
20 37 27 4 32
20 38 24 27 76
20 39 22 80 46
20 40 65 68 24
20 41 87 26 23
20 42 27 43 22
20 43 72 33 7
20 44 76 95 56
20 45 60 76 50
20 46 59 70 34
20 47 3 59 70
20 48 98 83 85
20 49 19 78 69
20 50 69 71 24
20 51 51 48 76
20 52 5 71 74
20 53 95 32 62
20 54 5 40 30
20 55 79 46 30
20 56 63 91 13
20 57 49 54 19
20 58 69 68 55
20 59 1 17 67
20 60 81 19 64
20 61 8 51 35
20 62 63 70 9
20 63 27 71 73
20 64 21 54 62
20 65 24 73 51
20 66 7 75 72
20 67 90 39 47
20 68 54 50 59
20 69 94 64 26
20 70 78 83 41
20 71 1 7 47
20 72 94 21 76
20 73 33 66 72
20 74 53 40 58
20 75 41 30 6
20 76 3 16 61
20 77 89 29 67
20 78 60 7 38
20 79 44 84 35
20 80 33 24 89
20 81 69 69 24
20 82 35 46 86
20 83 40 74 20
20 84 87 39 13
20 85 59 75 45
20 86 86 30 65
20 87 42 38 58
20 88 84 37 60
20 89 20 49 36
20 90 67 16 29
20 91 67 86 8
20 92 89 23 32
20 93 94 28 83
20 94 77 90 93
20 95 99 46 60
20 96 42 14 81
20 97 25 60 41
20 98 24 57 61
20 99 71 58 50
21 22 79 56 61
21 23 97 78 24
21 24 65 68 14
21 25 9 78 77
21 26 85 26 28
21 27 91 72 57
21 28 45 55 70
21 29 33 44 18
21 30 75 40 10
21 31 8 73 73
21 32 30 36 14
21 33 79 76 13
21 34 61 83 59
21 35 19 16 89
21 36 35 69 56
21 37 41 29 71
21 38 5 52 56
21 39 90 57 67
21 40 95 97 18
21 41 15 6 53
21 42 83 61 17
21 43 37 26 82
21 44 0 49 52
21 45 35 37 71
21 46 55 75 53
21 47 34 6 71
21 48 7 77 28
21 49 49 44 29
21 50 86 67 46
21 51 46 39 83
21 52 72 58 88
21 53 19 68 85
21 54 98 13 76
21 55 30 42 40
21 56 56 42 62
21 57 34 22 50
21 58 32 33 22
21 59 12 37 81
21 60 5 1 57
21 61 45 69 81
21 62 60 95 51
21 63 24 62 16
21 64 38 93 75
21 65 57 62 69
21 66 3 45 9
21 67 26 44 45
21 68 77 61 48
21 69 19 56 83
21 70 90 11 26
21 71 55 70 61
21 72 87 50 15
21 73 86 38 15
21 74 38 42 70
21 75 22 25 60
21 76 30 38 37
21 77 81 85 25
21 78 95 74 55
21 79 30 55 85
21 80 0 69 72
21 81 3 28 9
21 82 66 45 47
21 83 37 8 91
21 84 51 45 47
21 85 11 88 87
21 86 77 95 71
21 87 54 14 90
21 88 59 19 71
21 89 79 59 62
21 90 11 56 54
21 91 30 68 20
21 92 37 8 33
21 93 30 16 83
21 94 58 67 69
21 95 84 77 17
21 96 73 52 38
21 97 19 18 23
21 98 23 22 62
21 99 90 63 77
22 23 99 64 33
22 24 64 77 60
22 25 36 62 8
22 26 62 43 41
22 27 71 40 24
22 28 58 53 85
22 29 57 7 57
22 30 43 32 76
22 31 56 26 84
22 32 42 34 15
22 33 55 39 24
22 34 87 87 62
22 35 51 6 63
22 36 12 13 87
22 37 33 34 90
22 38 6 65 5
22 39 19 37 81
22 40 79 60 42
22 41 34 15 24
22 42 1 24 87
22 43 37 93 6
22 44 93 44 61
22 45 12 41 45
22 46 87 39 23
22 47 55 17 81
22 48 26 53 45
22 49 6 40 80
22 50 5 21 61
22 51 67 92 18
22 52 91 15 84
22 53 52 47 46
22 54 74 35 42
22 55 42 63 4
22 56 8 2 85
22 57 32 35 51
22 58 2 12 63
22 59 40 40 78
22 60 27 40 44
22 61 39 49 77
22 62 99 65 36
22 63 12 77 69
22 64 76 22 37
22 65 7 12 29
22 66 39 73 40
22 67 62 63 81
22 68 91 33 28
22 69 86 14 22
22 70 38 42 85
22 71 46 17 30
22 72 6 2 52
22 73 14 51 7
22 74 78 74 74
22 75 7 80 15
22 76 45 5 31
22 77 80 77 41
22 78 95 16 45
22 79 99 34 33
22 80 32 11 54
22 81 31 58 85
22 82 90 47 48
22 83 54 58 40
22 84 42 85 91
22 85 2 45 62
22 86 48 62 21
22 87 41 72 17
22 88 35 59 68
22 89 37 41 42
22 90 37 56 60
22 91 12 69 77
22 92 89 31 95
22 93 13 71 35
22 94 26 11 24
22 95 25 73 67
22 96 71 32 95
22 97 68 43 57
22 98 88 87 65
22 99 66 13 59
23 24 9 54 45
23 25 71 11 27
23 26 34 63 88
23 27 29 87 18
23 28 2 11 78
23 29 1 57 74
23 30 44 55 88
23 31 14 46 74
23 32 55 78 43
23 33 51 77 20
23 34 27 46 39
23 35 77 80 93
23 36 27 8 53
23 37 73 31 79
23 38 10 90 37
23 39 13 29 75
23 40 3 42 47
23 41 24 51 86
23 42 99 38 30
23 43 48 54 65
23 44 71 22 16
23 45 85 52 79
23 46 66 24 37
23 47 64 58 13
23 48 3 1 18
23 49 52 59 12
23 50 56 10 52
23 51 66 91 37
23 52 46 23 45
23 53 90 56 33
23 54 89 45 31
23 55 77 35 53
23 56 20 63 82
23 57 41 88 29
23 58 19 11 84
23 59 87 29 20
23 60 99 92 86
23 61 33 44 90
23 62 11 24 1
23 63 28 13 56
23 64 19 90 41
23 65 78 88 16
23 66 52 21 72
23 67 32 67 66
23 68 36 34 49
23 69 31 6 61
23 70 11 16 57
23 71 77 57 61
23 72 91 31 33
23 73 99 47 68
23 74 55 87 21
23 75 82 17 42
23 76 8 23 3
23 77 74 16 55
23 78 98 47 40
23 79 62 41 10
23 80 49 81 41
23 81 34 31 88
23 82 62 17 93
23 83 68 71 19
23 84 50 72 7
23 85 82 33 50
23 86 34 66 86
23 87 59 6 73
23 88 88 21 21
23 89 65 25 15
23 90 30 36 60
23 91 22 21 17
23 92 63 59 52
23 93 2 63 18
23 94 91 45 78
23 95 89 15 71
23 96 65 96 25
23 97 27 56 83
23 98 84 89 76
23 99 83 47 56
24 25 73 8 16
24 26 51 46 36
24 27 48 53 92
24 28 65 47 24
24 29 89 58 21
24 30 60 86 86
24 31 86 10 35
24 32 75 63 85
24 33 53 84 13
24 34 69 77 46
24 35 17 83 63
24 36 55 9 78
24 37 68 56 50
24 38 51 32 39
24 39 11 20 86
24 40 37 41 64
24 41 27 46 30
24 42 39 60 4
24 43 88 45 82
24 44 21 46 36
24 45 26 71 74
24 46 42 42 55
24 47 49 62 6
24 48 65 79 60
24 49 60 59 15
24 50 82 65 25
24 51 52 65 92
24 52 91 48 50
24 53 28 90 51
24 54 90 98 59
24 55 19 88 87
24 56 71 92 54
24 57 51 43 23
24 58 8 42 8
24 59 14 29 49
24 60 44 37 72
24 61 40 20 49
24 62 53 40 48
24 63 26 22 83
24 64 14 71 13
24 65 37 37 28
24 66 30 28 76
24 67 94 42 68
24 68 26 31 73
24 69 40 72 56
24 70 31 78 33
24 71 41 18 49
24 72 12 55 21
24 73 83 29 49
24 74 84 43 15
24 75 78 26 26
24 76 75 83 30
24 77 1 78 67
24 78 74 31 69
24 79 0 5 5
24 80 97 65 81
24 81 8 36 33
24 82 77 93 13
24 83 39 16 56
24 84 22 2 85
24 85 36 19 38
24 86 52 23 32
24 87 18 30 23
24 88 64 8 79
24 89 83 58 49
24 90 27 3 26
24 91 82 61 14
24 92 40 45 15
24 93 47 22 76
24 94 14 80 44
24 95 38 4 26
24 96 6 58 46
24 97 76 81 38
24 98 50 63 66
24 99 5 20 86
25 26 15 28 87
25 27 44 87 85
25 28 34 23 24
25 29 58 33 65
25 30 71 82 66
25 31 5 62 78
25 32 27 23 78
25 33 45 94 25
25 34 77 51 40
25 35 56 20 44
25 36 99 15 24
25 37 18 13 62
25 38 48 55 26
25 39 81 24 17
25 40 17 66 5
25 41 72 14 84
25 42 98 37 57
25 43 6 10 18
25 44 13 65 31
25 45 93 91 93
25 46 61 31 7
25 47 35 15 40
25 48 45 74 50
25 49 59 47 82
25 50 66 51 17
25 51 33 85 75
25 52 69 36 89
25 53 30 19 79
25 54 80 13 67
25 55 89 43 39
25 56 94 92 87
25 57 61 17 70
25 58 34 38 61
25 59 5 9 46
25 60 48 26 12
25 61 84 88 43
25 62 11 7 2
25 63 58 39 49
25 64 68 59 35
25 65 46 33 20
25 66 37 43 53
25 67 96 39 91
25 68 56 13 14
25 69 79 70 37
25 70 40 48 21
25 71 38 23 35
25 72 21 49 91
25 73 13 13 48
25 74 53 90 28
25 75 70 30 42
25 76 82 94 50
25 77 54 54 93
25 78 39 51 18
25 79 5 1 48
25 80 1 39 14
25 81 59 13 81
25 82 3 37 78
25 83 22 3 19
25 84 92 11 61
25 85 62 84 87
25 86 81 58 30
25 87 80 58 80
25 88 79 75 24
25 89 24 40 24
25 90 77 63 47
25 91 40 42 6
25 92 96 29 14
25 93 6 27 21
25 94 1 35 87
25 95 85 47 97
25 96 65 55 28
25 97 21 86 26
25 98 82 34 71
25 99 30 61 20
26 27 84 79 42
26 28 53 94 91
26 29 95 85 44
26 30 21 23 18
26 31 97 98 67
26 32 37 80 30
26 33 32 42 74
26 34 35 26 53
26 35 40 29 32
26 36 66 23 33
26 37 25 34 22
26 38 57 39 63
26 39 64 14 27
26 40 39 93 70
26 41 10 10 64
26 42 14 78 28
26 43 11 72 35
26 44 13 84 59
26 45 12 5 9
26 46 44 91 39
26 47 42 72 52
26 48 91 40 49
26 49 70 45 59
26 50 38 55 12
26 51 42 11 62
26 52 65 22 42
26 53 86 20 43
26 54 80 27 11
26 55 68 21 55
26 56 83 75 33
26 57 30 11 14
26 58 11 23 64
26 59 70 70 52
26 60 63 37 66
26 61 23 53 79
26 62 22 5 80
26 63 37 41 40
26 64 89 98 51
26 65 39 79 24
26 66 68 87 81
26 67 12 70 52
26 68 25 88 37
26 69 64 39 84
26 70 44 51 54
26 71 10 36 75
26 72 76 56 73
26 73 74 83 9
26 74 83 32 85
26 75 67 64 59
26 76 2 6 82
26 77 96 24 10
26 78 31 27 25
26 79 91 62 73
26 80 14 90 39
26 81 69 76 61
26 82 71 78 49
26 83 42 60 82
26 84 22 78 83
26 85 19 3 38
26 86 40 21 54
26 87 77 34 50
26 88 61 49 78
26 89 9 39 13
26 90 88 48 43
26 91 94 17 47
26 92 99 24 85
26 93 79 19 22
26 94 79 84 52
26 95 30 19 35
26 96 36 86 7
26 97 7 14 29
26 98 83 83 75
26 99 34 9 70
27 28 54 37 18
27 29 29 76 48
27 30 90 70 17
27 31 28 59 79
27 32 59 78 64
27 33 9 72 77
27 34 8 72 79
27 35 30 61 20
27 36 32 6 74
27 37 73 70 95
27 38 11 80 84
27 39 6 25 80
27 40 15 58 40
27 41 1 81 89
27 42 41 87 64
27 43 43 63 52
27 44 25 76 78
27 45 48 71 16
27 46 25 69 85
27 47 61 11 90
27 48 88 76 45
27 49 84 65 98
27 50 32 5 29
27 51 63 73 33
27 52 24 25 6
27 53 31 27 13
27 54 31 75 11
27 55 78 8 16
27 56 97 44 39
27 57 64 15 83
27 58 18 42 41
27 59 0 23 53
27 60 23 59 73
27 61 9 57 16
27 62 7 47 1
27 63 36 74 52
27 64 27 25 2
27 65 60 94 87
27 66 15 20 52
27 67 17 12 73
27 68 41 78 85
27 69 63 85 7
27 70 84 67 91
27 71 31 38 48
27 72 2 59 84
27 73 45 67 39
27 74 98 22 58
27 75 53 90 71
27 76 87 11 74
27 77 78 34 89
27 78 41 60 20
27 79 12 27 64
27 80 63 49 45
27 81 12 28 37
27 82 86 68 48
27 83 79 25 79
27 84 42 22 33
27 85 22 71 33
27 86 95 17 83
27 87 95 79 47
27 88 73 49 53
27 89 16 74 44
27 90 19 17 86
27 91 1 75 75
27 92 98 12 31
27 93 59 79 56
27 94 79 38 95
27 95 34 12 84
27 96 84 52 11
27 97 88 97 49
27 98 63 78 67
27 99 12 40 61
28 29 23 37 66
28 30 16 26 7
28 31 24 48 62
28 32 95 92 86
28 33 94 65 60
28 34 61 65 70
28 35 64 6 27
28 36 40 29 93
28 37 30 84 32
28 38 12 68 37
28 39 20 13 67
28 40 88 59 90
28 41 56 15 82
28 42 31 81 11
28 43 72 11 34
28 44 26 77 75
28 45 86 29 33
28 46 0 68 76
28 47 34 72 60
28 48 24 58 37
28 49 5 33 55
28 50 66 91 51
28 51 50 94 85
28 52 44 62 58
28 53 98 95 34
28 54 16 6 80
28 55 11 66 65
28 56 66 81 34
28 57 67 77 55
28 58 36 42 44
28 59 33 66 40
28 60 84 95 17
28 61 67 63 62
28 62 69 38 67
28 63 66 34 84
28 64 46 12 38
28 65 91 93 61
28 66 5 19 4
28 67 37 13 13
28 68 2 19 77
28 69 91 19 44
28 70 48 85 66
28 71 3 31 70
28 72 48 17 92
28 73 64 23 47
28 74 40 68 83
28 75 13 12 55
28 76 95 98 22
28 77 35 6 16
28 78 50 80 40
28 79 62 22 37
28 80 72 17 80
28 81 53 74 41
28 82 75 78 7
28 83 27 12 81
28 84 47 90 6
28 85 10 8 46
28 86 14 75 74
28 87 29 88 80
28 88 9 89 31
28 89 96 72 62
28 90 13 6 62
28 91 85 59 13
28 92 14 30 12
28 93 97 46 96
28 94 92 77 25
28 95 82 26 26
28 96 76 89 69
28 97 18 69 55
28 98 39 47 37
28 99 79 68 25
29 30 27 74 11
29 31 23 17 84
29 32 25 55 58
29 33 54 84 24
29 34 96 52 45
29 35 30 90 83
29 36 55 81 18
29 37 48 64 40
29 38 16 10 67
29 39 5 78 2
29 40 31 66 13
29 41 60 25 36
29 42 34 37 37
29 43 96 26 84
29 44 84 56 17
29 45 52 81 73
29 46 63 64 92
29 47 6 72 37
29 48 90 66 54
29 49 52 74 69
29 50 20 86 17
29 51 68 67 53
29 52 86 26 55
29 53 53 19 89
29 54 86 15 62
29 55 86 39 91
29 56 73 89 91
29 57 47 20 80
29 58 70 21 90
29 59 72 56 96
29 60 95 53 72
29 61 20 43 43
29 62 91 23 93
29 63 54 41 47
29 64 86 87 43
29 65 61 47 81
29 66 5 87 65
29 67 34 53 83
29 68 18 48 50
29 69 92 40 81
29 70 36 25 72
29 71 73 88 32
29 72 48 46 91
29 73 53 58 41
29 74 97 31 23
29 75 60 55 48
29 76 71 50 34
29 77 57 55 16
29 78 54 22 36
29 79 54 53 13
29 80 25 76 80
29 81 35 18 61
29 82 72 77 69
29 83 95 70 87
29 84 11 73 56
29 85 91 36 54
29 86 21 14 48
29 87 44 67 18
29 88 70 14 25
29 89 23 5 60
29 90 65 10 71
29 91 13 79 53
29 92 74 34 80
29 93 42 87 48
29 94 52 87 86
29 95 42 50 40
29 96 32 7 59
29 97 35 29 7
29 98 58 20 63
29 99 29 56 59
30 31 19 10 45
30 32 61 22 87
30 33 84 17 44
30 34 5 71 37
30 35 48 49 52
30 36 28 26 21
30 37 73 63 21
30 38 29 41 11
30 39 93 18 78
30 40 99 25 42
30 41 82 68 62
30 42 40 78 22
30 43 23 36 40
30 44 92 40 21
30 45 10 69 13
30 46 5 68 66
30 47 78 75 36
30 48 72 74 33
30 49 7 47 41
30 50 18 86 60
30 51 61 64 72
30 52 1 61 85
30 53 82 33 33
30 54 79 96 33
30 55 38 46 18
30 56 14 87 42
30 57 20 16 11
30 58 16 2 45
30 59 88 68 21
30 60 76 18 70
30 61 20 13 22
30 62 42 55 30
30 63 24 50 46
30 64 86 29 81
30 65 55 95 48
30 66 70 45 69
30 67 55 73 91
30 68 5 59 48
30 69 73 79 69
30 70 62 30 28
30 71 9 56 73
30 72 27 59 59
30 73 65 93 64
30 74 84 54 33
30 75 7 85 77
30 76 25 31 27
30 77 87 61 94
30 78 78 83 89
30 79 94 18 93
30 80 7 41 5
30 81 53 15 12
30 82 46 55 31
30 83 59 60 13
30 84 12 36 19
30 85 2 58 16
30 86 17 63 2
30 87 25 41 58
30 88 97 13 69
30 89 31 46 26
30 90 85 54 74
30 91 61 40 91
30 92 86 18 69
30 93 76 45 75
30 94 39 49 4
30 95 33 17 41
30 96 15 9 33
30 97 28 65 79
30 98 29 83 20
30 99 13 50 79
31 32 59 23 51
31 33 58 79 64
31 34 80 77 25
31 35 83 35 71
31 36 9 10 73
31 37 39 28 62
31 38 18 46 77
31 39 1 17 15
31 40 91 50 57
31 41 67 7 28
31 42 39 51 50
31 43 65 53 49
31 44 34 53 45
31 45 79 72 53
31 46 9 67 81
31 47 55 47 9
31 48 60 47 46
31 49 12 15 28
31 50 72 82 13
31 51 74 62 50
31 52 25 64 67
31 53 15 60 9
31 54 22 13 25
31 55 85 89 26
31 56 19 41 51
31 57 98 21 19
31 58 79 56 61
31 59 52 28 75
31 60 30 66 64
31 61 89 89 73
31 62 39 18 15
31 63 78 68 21
31 64 14 54 23
31 65 37 86 22
31 66 41 20 39
31 67 99 49 36
31 68 55 64 19
31 69 4 54 19
31 70 90 94 88
31 71 41 72 34
31 72 10 67 23
31 73 70 62 75
31 74 65 83 23
31 75 40 78 67
31 76 22 4 21
31 77 72 53 16
31 78 34 70 44
31 79 99 91 38
31 80 32 81 85
31 81 35 10 47
31 82 23 70 31
31 83 10 5 38
31 84 69 75 37
31 85 61 12 69
31 86 20 59 12
31 87 12 55 32
31 88 21 71 29
31 89 88 39 97
31 90 48 70 78
31 91 77 89 54
31 92 21 82 81
31 93 56 47 24
31 94 36 83 81
31 95 17 21 71
31 96 53 49 6
31 97 67 25 33
31 98 63 61 42
31 99 99 91 88
32 33 40 81 63
32 34 44 44 11
32 35 66 88 27
32 36 79 66 14
32 37 70 27 72
32 38 74 71 96
32 39 17 28 40
32 40 72 75 67
32 41 36 88 39
32 42 41 74 32
32 43 41 66 33
32 44 83 65 41
32 45 24 37 32
32 46 37 79 57
32 47 2 14 26
32 48 88 71 51
32 49 76 73 89
32 50 82 30 65
32 51 77 84 96
32 52 4 60 56
32 53 52 27 20
32 54 91 9 78
32 55 3 63 56
32 56 21 57 66
32 57 50 84 73
32 58 72 92 96
32 59 14 79 9
32 60 39 90 9
32 61 45 92 8
32 62 20 35 83
32 63 66 65 44
32 64 83 35 63
32 65 39 12 25
32 66 62 47 91
32 67 94 40 92
32 68 22 5 22
32 69 73 74 27
32 70 64 83 79
32 71 92 32 79
32 72 99 58 15
32 73 98 15 12
32 74 73 50 8
32 75 58 45 29
32 76 66 35 16
32 77 96 44 53
32 78 78 70 29
32 79 27 72 41
32 80 47 79 24
32 81 63 7 59
32 82 43 90 85
32 83 68 56 42
32 84 12 16 71
32 85 19 65 4
32 86 54 12 17
32 87 40 87 22
32 88 3 45 72
32 89 80 36 77
32 90 58 61 74
32 91 78 38 61
32 92 27 66 5
32 93 15 11 5
32 94 36 16 3
32 95 33 76 51
32 96 17 42 71
32 97 62 96 34
32 98 18 51 62
32 99 4 84 10
33 34 76 15 27
33 35 81 85 76
33 36 78 16 54
33 37 36 57 28
33 38 57 20 43
33 39 1 86 69
33 40 69 19 45
33 41 27 4 82
33 42 48 31 19
33 43 42 56 50
33 44 62 25 11
33 45 72 24 61
33 46 15 8 85
33 47 98 46 48
33 48 96 96 22
33 49 60 33 32
33 50 40 21 17
33 51 50 48 33
33 52 23 15 40
33 53 56 64 50
33 54 44 30 46
33 55 14 84 81
33 56 26 55 5
33 57 88 82 76
33 58 99 19 64
33 59 92 41 53
33 60 28 80 45
33 61 78 50 35
33 62 82 68 17
33 63 26 55 83
33 64 68 93 25
33 65 15 84 74
33 66 85 66 73
33 67 35 61 48
33 68 68 10 41
33 69 69 47 59
33 70 89 56 52
33 71 65 70 32
33 72 3 51 87
33 73 56 36 54
33 74 30 62 23
33 75 54 87 14
33 76 0 60 62
33 77 37 32 58
33 78 77 78 59
33 79 52 13 35
33 80 89 14 69
33 81 42 61 67
33 82 5 88 60
33 83 33 46 74
33 84 26 30 30
33 85 53 11 41
33 86 18 61 27
33 87 68 43 18
33 88 58 95 31
33 89 31 57 73
33 90 77 53 32
33 91 40 86 47
33 92 2 57 67
33 93 70 96 96
33 94 71 52 51
33 95 42 88 65
33 96 44 93 24
33 97 44 61 43
33 98 29 22 18
33 99 6 76 53
34 35 67 80 73
34 36 66 73 84
34 37 86 48 32
34 38 68 66 77
34 39 45 88 12
34 40 51 54 56
34 41 26 88 72
34 42 37 77 43
34 43 36 43 21
34 44 58 10 45
34 45 46 33 31
34 46 16 68 44
34 47 62 93 71
34 48 47 50 84
34 49 14 69 89
34 50 10 40 80
34 51 23 53 83
34 52 53 80 51
34 53 72 76 59
34 54 98 51 43
34 55 84 20 72
34 56 68 39 30
34 57 5 3 16
34 58 74 70 18
34 59 42 31 13
34 60 57 92 7
34 61 17 52 84
34 62 56 36 69
34 63 77 31 56
34 64 10 8 6
34 65 58 50 91
34 66 81 14 62
34 67 82 22 15
34 68 53 69 33
34 69 83 41 67
34 70 35 13 89
34 71 66 14 85
34 72 73 38 41
34 73 50 43 33
34 74 98 95 80
34 75 26 55 72
34 76 50 7 46
34 77 84 16 25
34 78 57 45 50
34 79 34 67 74
34 80 79 39 12
34 81 87 60 76
34 82 68 34 89
34 83 46 14 56
34 84 41 23 15
34 85 56 44 67
34 86 73 13 30
34 87 77 32 96
34 88 95 77 65
34 89 36 16 43
34 90 86 9 49
34 91 74 9 96
34 92 34 14 78
34 93 22 73 6
34 94 54 74 94
34 95 76 16 78
34 96 90 47 88
34 97 22 80 71
34 98 71 59 85
34 99 81 85 70
35 36 64 51 51
35 37 99 74 73
35 38 0 11 71
35 39 50 39 25
35 40 76 55 32
35 41 81 47 58
35 42 51 53 65
35 43 6 58 32
35 44 67 96 80
35 45 59 50 43
35 46 54 56 27
35 47 57 61 7
35 48 37 55 15
35 49 50 38 50
35 50 55 73 89
35 51 14 10 2
35 52 96 28 68
35 53 8 79 28
35 54 71 79 59
35 55 35 78 54
35 56 66 78 83
35 57 47 88 70
35 58 83 46 38
35 59 47 50 12
35 60 40 73 13
35 61 70 58 96
35 62 29 54 57
35 63 86 77 25
35 64 98 93 11
35 65 19 68 9
35 66 30 81 19
35 67 54 51 9
35 68 0 2 5
35 69 15 57 13
35 70 87 67 17
35 71 27 28 41
35 72 24 80 88
35 73 38 27 59
35 74 38 59 23
35 75 11 19 38
35 76 32 85 92
35 77 63 10 21
35 78 2 77 31
35 79 63 89 26
35 80 7 2 8
35 81 52 64 14
35 82 48 48 52
35 83 0 1 45
35 84 64 64 19
35 85 59 12 55
35 86 41 76 86
35 87 42 38 93
35 88 3 26 20
35 89 48 72 5
35 90 50 91 71
35 91 63 29 88
35 92 59 35 38
35 93 16 54 30
35 94 15 19 22
35 95 16 19 22
35 96 60 21 95
35 97 13 64 75
35 98 22 22 65
35 99 82 54 46
36 37 39 21 16
36 38 14 10 84
36 39 34 47 88
36 40 2 46 79
36 41 68 8 61
36 42 37 5 46
36 43 12 37 82
36 44 93 10 25
36 45 82 53 50
36 46 88 62 40
36 47 95 12 16
36 48 15 5 15
36 49 97 77 99
36 50 30 87 86
36 51 53 8 7
36 52 99 18 39
36 53 10 89 49
36 54 81 36 38
36 55 7 71 86
36 56 57 51 43
36 57 86 42 77
36 58 19 4 91
36 59 30 41 40
36 60 21 63 83
36 61 69 75 41
36 62 41 53 63
36 63 25 61 51
36 64 83 13 20
36 65 86 15 69
36 66 1 26 9
36 67 22 26 30
36 68 68 42 78
36 69 52 9 25
36 70 99 66 74
36 71 98 31 87
36 72 86 96 64
36 73 73 37 64
36 74 69 71 81
36 75 4 77 34
36 76 26 6 83
36 77 34 24 63
36 78 27 39 46
36 79 43 73 56
36 80 81 54 69
36 81 68 16 63
36 82 4 37 37
36 83 99 85 47
36 84 1 85 44
36 85 92 10 72
36 86 13 7 71
36 87 21 8 36
36 88 9 85 1
36 89 6 32 9
36 90 46 77 6
36 91 64 78 16
36 92 99 52 14
36 93 60 17 54
36 94 97 59 92
36 95 11 40 76
36 96 93 73 44
36 97 39 25 12
36 98 29 73 85
36 99 47 90 30
37 38 97 10 57
37 39 82 8 80
37 40 66 30 32
37 41 70 23 73
37 42 44 28 88
37 43 30 85 80
37 44 24 88 59
37 45 99 33 10
37 46 8 84 12
37 47 30 38 26
37 48 68 96 69
37 49 86 13 23
37 50 60 89 57
37 51 13 37 23
37 52 17 53 35
37 53 88 30 66
37 54 99 85 13
37 55 6 28 69
37 56 4 24 40
37 57 61 79 80
37 58 12 61 44
37 59 60 33 39
37 60 67 50 55
37 61 95 12 37
37 62 47 91 62
37 63 3 31 29
37 64 96 39 57
37 65 37 59 47
37 66 48 55 15
37 67 22 38 83
37 68 55 58 24
37 69 45 43 57
37 70 50 93 52
37 71 3 1 1
37 72 99 36 42
37 73 18 13 23
37 74 54 43 31
37 75 73 94 94
37 76 12 76 35
37 77 72 72 69
37 78 43 42 12
37 79 42 57 67
37 80 68 36 71
37 81 75 80 73
37 82 56 88 10
37 83 7 46 16
37 84 41 33 11
37 85 17 7 54
37 86 28 87 87
37 87 33 27 45
37 88 91 15 20
37 89 76 20 69
37 90 37 32 83
37 91 18 81 58
37 92 93 41 97
37 93 16 60 41
37 94 37 20 62
37 95 37 54 84
37 96 51 50 42
37 97 79 56 57
37 98 32 28 33
37 99 39 27 31
38 39 59 8 65
38 40 23 32 77
38 41 13 40 80
38 42 30 11 71
38 43 92 55 39
38 44 35 52 70
38 45 49 24 20
38 46 90 43 54
38 47 90 13 30
38 48 66 72 19
38 49 98 36 19
38 50 73 77 43
38 51 3 73 78
38 52 27 30 81
38 53 41 43 29
38 54 64 85 72
38 55 46 10 54
38 56 65 71 71
38 57 64 85 13
38 58 48 65 51
38 59 9 25 18
38 60 88 26 10
38 61 6 42 0
38 62 16 19 82
38 63 4 43 21
38 64 87 50 61
38 65 10 66 69
38 66 7 28 49
38 67 35 39 18
38 68 20 34 37
38 69 6 66 16
38 70 99 96 64
38 71 8 69 78
38 72 5 53 32
38 73 26 46 38
38 74 69 87 29
38 75 0 60 38
38 76 98 48 31
38 77 33 17 72
38 78 40 55 33
38 79 43 43 35
38 80 33 3 54
38 81 48 42 76
38 82 31 50 80
38 83 57 82 79
38 84 23 22 36
38 85 89 50 66
38 86 39 68 26
38 87 57 22 82
38 88 21 24 69
38 89 21 59 51
38 90 91 88 78
38 91 98 38 72
38 92 64 85 89
38 93 24 79 65
38 94 41 28 33
38 95 95 45 52
38 96 29 57 75
38 97 74 8 47
38 98 37 73 10
38 99 39 25 59
39 40 91 39 74
39 41 67 24 76
39 42 65 20 61
39 43 31 59 15
39 44 35 26 84
39 45 33 56 29
39 46 43 6 55
39 47 41 69 35
39 48 0 23 21
39 49 70 57 65
39 50 85 9 64
39 51 78 28 76
39 52 97 41 46
39 53 42 21 65
39 54 92 55 80
39 55 53 77 53
39 56 89 35 15
39 57 63 27 80
39 58 4 42 41
39 59 22 66 18
39 60 78 29 45
39 61 10 33 45
39 62 36 72 27
39 63 38 42 75
39 64 78 19 40
39 65 82 54 93
39 66 66 21 14
39 67 83 45 9
39 68 18 21 35
39 69 4 15 0
39 70 26 90 11
39 71 23 86 51
39 72 76 58 58
39 73 96 36 72
39 74 39 8 50
39 75 15 41 38
39 76 11 39 41
39 77 94 12 28
39 78 3 67 44
39 79 62 64 39
39 80 68 78 69
39 81 62 33 26
39 82 58 21 9
39 83 73 62 30
39 84 78 50 13
39 85 7 0 88
39 86 26 30 19
39 87 77 37 63
39 88 90 57 31
39 89 1 52 1
39 90 65 81 37
39 91 53 60 43
39 92 17 55 17
39 93 80 46 29
39 94 37 61 76
39 95 77 12 21
39 96 85 85 68
39 97 2 50 71
39 98 26 64 2
39 99 3 30 26
40 41 85 31 53
40 42 9 24 7
40 43 17 67 30
40 44 78 34 60
40 45 98 27 82
40 46 59 90 76
40 47 29 42 89
40 48 12 8 7
40 49 70 83 21
40 50 6 19 84
40 51 76 53 15
40 52 62 61 10
40 53 79 84 27
40 54 62 71 22
40 55 31 30 33
40 56 6 58 20
40 57 13 44 11
40 58 86 87 41
40 59 65 48 15
40 60 64 14 70
40 61 45 23 30
40 62 91 31 80
40 63 7 90 67
40 64 78 64 56
40 65 53 6 74
40 66 76 30 37
40 67 92 88 95
40 68 17 84 18
40 69 41 6 9
40 70 43 10 16
40 71 92 94 17
40 72 42 52 38
40 73 41 35 65
40 74 20 11 48
40 75 40 13 87
40 76 66 49 30
40 77 77 21 68
40 78 51 5 49
40 79 24 86 55
40 80 21 23 82
40 81 55 61 16
40 82 10 70 22
40 83 2 88 72
40 84 31 79 84
40 85 72 15 48
40 86 99 92 90
40 87 62 59 69
40 88 95 36 49
40 89 93 56 65
40 90 65 72 74
40 91 29 50 18
40 92 15 25 74
40 93 25 16 68
40 94 9 26 5
40 95 55 69 35
40 96 66 76 24
40 97 7 76 70
40 98 34 19 35
40 99 26 87 70
41 42 34 7 23
41 43 79 97 10
41 44 33 57 48
41 45 80 72 57
41 46 97 36 82
41 47 67 21 90
41 48 18 6 15
41 49 45 50 53
41 50 96 10 24
41 51 98 26 34
41 52 74 40 51
41 53 89 95 70
41 54 77 65 14
41 55 96 22 80
41 56 81 69 48
41 57 3 42 53
41 58 50 76 24
41 59 60 34 40
41 60 75 52 96
41 61 84 49 97
41 62 67 9 44
41 63 4 87 78
41 64 11 39 64
41 65 70 48 14
41 66 31 53 87
41 67 8 7 78
41 68 85 57 93
41 69 24 4 4
41 70 67 77 95
41 71 97 67 27
41 72 10 65 15
41 73 30 10 70
41 74 55 66 14
41 75 23 76 50
41 76 60 35 81
41 77 31 56 38
41 78 80 78 11
41 79 25 37 15
41 80 71 19 66
41 81 52 41 71
41 82 26 62 4
41 83 0 40 21
41 84 31 57 58
41 85 12 81 57
41 86 48 91 55
41 87 22 28 88
41 88 90 23 67
41 89 63 40 31
41 90 75 72 9
41 91 68 46 70
41 92 37 70 55
41 93 60 11 93
41 94 78 23 61
41 95 95 73 16
41 96 86 95 94
41 97 88 97 74
41 98 39 66 19
41 99 54 58 26
42 43 12 25 75
42 44 64 85 92
42 45 61 89 39
42 46 74 63 71
42 47 70 16 7
42 48 44 70 46
42 49 99 66 77
42 50 91 64 45
42 51 14 52 9
42 52 38 59 28
42 53 65 25 31
42 54 56 54 28
42 55 14 56 69
42 56 73 24 7
42 57 80 65 57
42 58 10 8 3
42 59 29 61 28
42 60 73 66 31
42 61 80 75 69
42 62 0 75 12
42 63 67 14 67
42 64 92 23 73
42 65 62 70 10
42 66 85 68 31
42 67 80 32 8
42 68 83 87 11
42 69 48 66 56
42 70 71 42 51
42 71 64 48 9
42 72 97 82 58
42 73 9 43 65
42 74 5 11 86
42 75 68 56 79
42 76 25 8 40
42 77 87 46 45
42 78 10 41 55
42 79 19 61 63
42 80 75 18 47
42 81 67 33 41
42 82 3 89 21
42 83 13 75 78
42 84 83 80 58
42 85 81 95 70
42 86 30 78 29
42 87 79 25 29
42 88 83 78 59
42 89 8 4 33
42 90 61 20 27
42 91 80 82 61
42 92 4 49 50
42 93 50 11 17
42 94 38 92 13
42 95 10 12 79
42 96 2 59 7
42 97 84 92 64
42 98 4 58 33
42 99 40 84 82
43 44 51 81 23
43 45 47 77 23
43 46 36 58 6
43 47 4 25 44
43 48 69 77 47
43 49 83 86 82
43 50 48 36 21
43 51 88 43 14
43 52 81 47 28
43 53 6 42 89
43 54 9 87 37
43 55 2 71 51
43 56 23 60 28
43 57 91 50 94
43 58 94 88 98
43 59 30 46 76
43 60 1 83 51
43 61 4 74 12
43 62 76 8 35
43 63 39 12 53
43 64 70 49 73
43 65 3 18 39
43 66 22 20 45
43 67 73 51 86
43 68 74 80 43
43 69 0 52 71
43 70 27 2 91
43 71 47 83 29
43 72 87 77 37
43 73 56 72 24
43 74 24 15 49
43 75 90 47 84
43 76 74 60 82
43 77 16 44 59
43 78 47 75 38
43 79 94 75 60
43 80 4 25 69
43 81 49 68 16
43 82 7 41 52
43 83 76 68 67
43 84 63 56 38
43 85 35 86 22
43 86 97 42 26
43 87 80 67 78
43 88 5 2 70
43 89 10 89 77
43 90 29 92 34
43 91 25 68 74
43 92 3 24 68
43 93 9 65 60
43 94 1 18 17
43 95 14 69 21
43 96 21 18 83
43 97 95 28 79
43 98 15 17 80
43 99 15 84 41
44 45 16 20 20
44 46 18 77 47
44 47 21 28 52
44 48 23 73 57
44 49 14 76 72
44 50 41 35 73
44 51 41 42 40
44 52 72 47 12
44 53 11 82 24
44 54 92 41 28
44 55 51 74 30
44 56 12 29 84
44 57 90 67 91
44 58 48 49 42
44 59 88 19 65
44 60 24 46 53
44 61 60 86 61
44 62 21 83 78
44 63 66 75 76
44 64 34 62 46
44 65 47 83 92
44 66 99 80 53
44 67 69 48 17
44 68 29 46 34
44 69 72 88 19
44 70 34 56 91
44 71 21 56 29
44 72 13 7 2
44 73 89 27 14
44 74 34 22 31
44 75 86 60 69
44 76 88 96 84
44 77 89 91 64
44 78 20 55 5
44 79 15 61 3
44 80 19 37 26
44 81 58 75 64
44 82 89 39 23
44 83 99 11 92
44 84 20 44 41
44 85 99 59 68
44 86 4 62 58
44 87 83 94 27
44 88 22 55 52
44 89 85 14 69
44 90 70 69 32
44 91 50 5 54
44 92 29 20 88
44 93 89 20 13
44 94 29 55 21
44 95 29 42 55
44 96 49 41 20
44 97 62 69 96
44 98 50 21 76
44 99 54 45 13
45 46 98 93 52
45 47 45 32 77
45 48 54 28 94
45 49 13 62 90
45 50 36 7 41
45 51 49 57 12
45 52 98 72 88
45 53 45 40 9
45 54 81 97 58
45 55 94 32 54
45 56 47 47 19
45 57 22 36 68
45 58 5 47 56
45 59 79 77 19
45 60 44 55 43
45 61 26 21 77
45 62 57 35 23
45 63 1 66 56
45 64 94 26 88
45 65 85 83 88
45 66 42 22 37
45 67 70 24 78
45 68 29 11 25
45 69 41 33 8
45 70 59 41 13
45 71 96 82 76
45 72 40 63 21
45 73 57 30 94
45 74 2 7 51
45 75 32 83 54
45 76 69 95 73
45 77 80 27 75
45 78 4 70 82
45 79 16 70 52
45 80 50 21 70
45 81 76 21 67
45 82 82 26 59
45 83 8 1 47
45 84 48 89 47
45 85 72 96 15
45 86 11 26 50
45 87 89 19 50
45 88 8 31 55
45 89 45 12 31
45 90 87 57 97
45 91 13 38 79
45 92 97 77 10
45 93 60 73 10
45 94 58 65 44
45 95 54 10 14
45 96 30 14 47
45 97 71 73 22
45 98 22 87 34
45 99 87 26 84
46 47 50 56 10
46 48 26 37 81
46 49 2 0 6
46 50 98 72 38
46 51 4 56 64
46 52 52 83 59
46 53 42 41 69
46 54 4 82 45
46 55 57 71 53
46 56 33 23 47
46 57 91 21 21
46 58 14 70 10
46 59 74 71 92
46 60 86 21 63
46 61 71 28 89
46 62 58 68 39
46 63 42 50 58
46 64 75 12 60
46 65 67 29 8
46 66 36 7 77
46 67 14 4 90
46 68 76 29 69
46 69 76 33 84
46 70 63 51 89
46 71 17 86 34
46 72 82 42 58
46 73 88 13 29
46 74 88 89 21
46 75 16 60 89
46 76 1 22 79
46 77 34 6 87
46 78 21 86 12
46 79 98 25 60
46 80 20 78 54
46 81 42 34 83
46 82 27 92 13
46 83 75 9 37
46 84 81 36 69
46 85 15 77 20
46 86 81 69 52
46 87 52 57 20
46 88 92 72 13
46 89 15 45 29
46 90 35 61 20
46 91 63 37 19
46 92 88 21 82
46 93 71 78 24
46 94 23 13 13
46 95 65 70 11
46 96 79 16 18
46 97 43 19 50
46 98 34 55 87
46 99 79 81 82
47 48 24 25 58
47 49 22 45 31
47 50 92 71 77
47 51 15 57 87
47 52 25 71 57
47 53 38 93 75
47 54 66 42 39
47 55 45 91 50
47 56 27 26 54
47 57 99 40 82
47 58 22 12 87
47 59 98 49 48
47 60 70 33 16
47 61 66 44 90
47 62 17 58 69
47 63 42 34 87
47 64 93 39 86
47 65 23 85 77
47 66 0 31 1
47 67 7 30 16
47 68 19 23 45
47 69 3 15 73
47 70 51 77 50
47 71 32 79 28
47 72 35 70 21
47 73 46 19 92
47 74 31 32 68
47 75 38 33 38
47 76 98 31 73
47 77 53 27 45
47 78 95 67 64
47 79 87 10 21
47 80 91 22 85
47 81 17 21 78
47 82 78 65 57
47 83 69 51 55
47 84 11 16 73
47 85 88 77 90
47 86 24 17 46
47 87 36 79 19
47 88 38 55 47
47 89 24 86 22
47 90 94 21 88
47 91 33 50 33
47 92 85 49 56
47 93 12 37 9
47 94 82 30 91
47 95 53 41 71
47 96 76 90 9
47 97 59 31 19
47 98 77 16 53
47 99 87 94 89
48 49 71 96 90
48 50 84 49 45
48 51 54 74 64
48 52 47 55 76
48 53 83 49 28
48 54 10 70 71
48 55 34 68 91
48 56 31 81 58
48 57 91 52 68
48 58 34 35 85
48 59 89 31 11
48 60 6 66 40
48 61 3 83 58
48 62 80 73 62
48 63 68 58 92
48 64 47 13 73
48 65 62 89 81
48 66 79 86 16
48 67 86 87 18
48 68 4 72 42
48 69 80 76 12
48 70 41 92 58
48 71 50 89 94
48 72 54 58 31
48 73 99 86 15
48 74 49 66 63
48 75 43 71 10
48 76 38 35 22
48 77 50 30 59
48 78 40 65 59
48 79 77 70 67
48 80 25 53 43
48 81 42 4 48
48 82 84 35 82
48 83 97 31 53
48 84 73 95 34
48 85 18 2 63
48 86 32 31 69
48 87 45 24 84
48 88 57 53 31
48 89 72 49 37
48 90 9 51 41
48 91 53 6 13
48 92 35 78 61
48 93 13 53 73
48 94 94 95 64
48 95 32 55 3
48 96 48 6 74
48 97 6 80 75
48 98 60 28 45
48 99 80 65 49
49 50 89 69 96
49 51 56 81 27
49 52 67 52 15
49 53 55 7 16
49 54 63 57 60
49 55 25 19 89
49 56 71 90 62
49 57 78 69 37
49 58 88 77 18
49 59 34 26 83
49 60 24 80 51
49 61 94 53 45
49 62 95 26 39
49 63 86 96 51
49 64 29 56 48
49 65 97 34 32
49 66 24 27 52
49 67 51 16 27
49 68 94 19 67
49 69 11 85 16
49 70 91 19 44
49 71 78 34 28
49 72 89 65 32
49 73 37 67 31
49 74 91 14 24
49 75 17 42 6
49 76 75 64 49
49 77 48 43 75
49 78 69 54 47
49 79 54 92 71
49 80 32 72 73
49 81 19 63 66
49 82 25 29 21
49 83 48 9 89
49 84 47 79 63
49 85 75 24 54
49 86 10 5 35
49 87 45 77 55
49 88 6 37 18
49 89 75 79 79
49 90 47 91 79
49 91 21 13 20
49 92 78 79 79
49 93 83 33 96
49 94 58 49 6
49 95 63 93 43
49 96 52 36 88
49 97 97 21 77
49 98 31 68 57
49 99 6 30 54
50 51 29 15 9
50 52 70 69 60
50 53 55 10 22
50 54 74 39 26
50 55 79 57 84
50 56 29 27 85
50 57 64 93 39
50 58 77 42 20
50 59 40 88 75
50 60 50 30 26
50 61 1 31 82
50 62 0 51 46
50 63 98 11 75
50 64 21 71 84
50 65 24 72 40
50 66 14 55 65
50 67 71 52 84
50 68 83 58 74
50 69 15 21 85
50 70 2 20 79
50 71 39 75 6
50 72 73 26 21
50 73 99 68 25
50 74 1 75 7
50 75 14 10 28
50 76 67 83 38
50 77 46 45 23
50 78 2 14 78
50 79 38 31 75
50 80 3 25 82
50 81 26 52 72
50 82 50 63 6
50 83 57 23 83
50 84 18 70 33
50 85 26 6 90
50 86 50 21 67
50 87 46 38 37
50 88 80 53 39
50 89 97 99 70
50 90 72 54 81
50 91 34 89 55
50 92 85 90 84
50 93 21 6 22
50 94 17 74 29
50 95 93 52 86
50 96 39 27 8
50 97 12 27 44
50 98 57 86 34
50 99 49 64 53
51 52 87 69 87
51 53 73 93 36
51 54 63 6 23
51 55 88 34 65
51 56 46 42 61
51 57 51 10 42
51 58 97 21 44
51 59 49 79 11
51 60 99 53 47
51 61 65 69 59
51 62 66 53 15
51 63 30 22 39
51 64 72 92 29
51 65 11 20 29
51 66 41 67 15
51 67 56 78 58
51 68 78 21 33
51 69 50 15 64
51 70 94 32 66
51 71 97 64 87
51 72 59 73 68
51 73 25 25 71
51 74 65 44 29
51 75 59 23 92
51 76 92 21 47
51 77 97 60 12
51 78 85 93 17
51 79 28 31 69
51 80 89 60 18
51 81 62 80 51
51 82 57 64 76
51 83 47 5 28
51 84 90 42 89
51 85 6 63 7
51 86 87 41 37
51 87 6 45 85
51 88 1 42 19
51 89 64 13 69
51 90 31 85 33
51 91 62 68 54
51 92 24 64 88
51 93 75 26 65
51 94 46 75 54
51 95 13 87 81
51 96 30 62 86
51 97 62 73 86
51 98 56 19 85
51 99 61 35 29
52 53 63 39 43
52 54 37 63 63
52 55 12 18 13
52 56 46 71 53
52 57 28 32 25
52 58 11 37 11
52 59 68 33 37
52 60 57 80 78
52 61 97 45 75
52 62 94 30 53
52 63 61 26 19
52 64 4 32 21
52 65 4 74 5
52 66 96 64 96
52 67 82 96 61
52 68 43 38 30
52 69 25 54 23
52 70 85 80 49
52 71 14 44 74
52 72 91 83 36
52 73 59 95 95
52 74 17 90 3
52 75 40 73 70
52 76 7 60 21
52 77 42 81 21
52 78 35 65 26
52 79 76 72 60
52 80 43 57 33
52 81 15 47 29
52 82 48 14 30
52 83 33 59 79
52 84 85 50 73
52 85 55 48 17
52 86 23 16 9
52 87 2 74 57
52 88 3 43 60
52 89 47 24 39
52 90 25 76 11
52 91 7 81 6
52 92 53 37 14
52 93 13 29 58
52 94 63 15 22
52 95 14 82 85
52 96 1 24 32
52 97 26 54 8
52 98 2 55 81
52 99 1 46 34
53 54 31 50 79
53 55 70 13 95
53 56 72 94 44
53 57 23 87 69
53 58 76 49 86
53 59 87 62 36
53 60 44 68 65
53 61 11 74 77
53 62 60 40 89
53 63 39 35 40
53 64 77 80 55
53 65 37 51 77
53 66 45 9 73
53 67 24 80 89
53 68 43 21 49
53 69 46 85 33
53 70 99 73 72
53 71 46 54 23
53 72 76 26 14
53 73 11 82 80
53 74 74 62 10
53 75 23 2 73
53 76 34 43 77
53 77 49 20 16
53 78 21 14 45
53 79 55 92 15
53 80 68 49 73
53 81 97 68 63
53 82 89 43 50
53 83 88 40 59
53 84 4 68 20
53 85 54 72 19
53 86 25 11 50
53 87 29 37 58
53 88 42 74 72
53 89 62 52 54
53 90 15 9 13
53 91 38 50 79
53 92 73 14 33
53 93 92 85 34
53 94 93 11 64
53 95 46 84 47
53 96 85 53 39
53 97 73 29 10
53 98 20 49 49
53 99 47 9 55
54 55 32 79 74
54 56 92 22 64
54 57 75 13 63
54 58 18 33 59
54 59 23 11 90
54 60 84 95 95
54 61 4 46 30
54 62 61 47 68
54 63 30 6 9
54 64 16 30 49
54 65 64 94 51
54 66 90 19 53
54 67 69 48 23
54 68 40 35 19
54 69 67 18 9
54 70 58 37 39
54 71 35 91 47
54 72 95 40 57
54 73 33 90 42
54 74 57 29 38
54 75 12 48 53
54 76 99 97 37
54 77 18 91 90
54 78 2 53 7
54 79 24 36 44
54 80 39 88 20
54 81 14 54 8
54 82 35 35 26
54 83 68 44 80
54 84 12 13 48
54 85 56 83 84
54 86 79 76 49
54 87 15 44 45
54 88 88 44 98
54 89 71 73 75
54 90 10 56 59
54 91 28 8 57
54 92 62 32 72
54 93 49 36 78
54 94 32 33 75
54 95 32 27 53
54 96 98 59 87
54 97 41 54 71
54 98 33 62 51
54 99 79 69 17
55 56 99 45 98
55 57 81 43 33
55 58 33 63 27
55 59 5 2 39
55 60 46 47 36
55 61 12 70 76
55 62 33 43 84
55 63 7 25 17
55 64 88 14 57
55 65 34 6 27
55 66 7 1 71
55 67 26 41 14
55 68 82 43 84
55 69 0 47 58
55 70 69 93 76
55 71 99 17 44
55 72 29 48 54
55 73 57 32 66
55 74 13 68 25
55 75 19 25 11
55 76 75 58 75
55 77 69 32 78
55 78 67 78 56
55 79 74 81 96
55 80 1 21 72
55 81 99 97 11
55 82 75 12 12
55 83 41 74 44
55 84 15 88 37
55 85 2 66 16
55 86 45 90 40
55 87 51 9 69
55 88 85 82 58
55 89 53 19 48
55 90 78 78 52
55 91 77 75 34
55 92 15 50 77
55 93 28 18 50
55 94 6 57 82
55 95 38 4 33
55 96 2 18 19
55 97 60 37 78
55 98 70 37 67
55 99 99 96 42
56 57 96 69 73
56 58 13 75 15
56 59 98 30 21
56 60 10 50 59
56 61 71 26 12
56 62 91 97 84
56 63 24 30 48
56 64 78 81 90
56 65 30 4 92
56 66 71 59 36
56 67 47 29 24
56 68 32 21 13
56 69 26 72 42
56 70 57 13 12
56 71 64 63 35
56 72 26 34 54
56 73 63 20 94
56 74 24 6 15
56 75 68 63 85
56 76 36 56 50
56 77 3 21 66
56 78 89 17 53
56 79 95 13 14
56 80 86 40 21
56 81 0 7 12
56 82 58 26 87
56 83 56 80 55
56 84 12 76 37
56 85 68 51 74
56 86 89 71 43
56 87 11 14 25
56 88 40 45 61
56 89 88 50 81
56 90 17 18 73
56 91 80 73 58
56 92 97 28 95
56 93 81 57 34
56 94 54 92 11
56 95 22 63 45
56 96 99 23 69
56 97 28 86 37
56 98 98 12 58
56 99 84 78 13
57 58 96 91 59
57 59 66 78 32
57 60 64 91 22
57 61 21 44 64
57 62 29 43 20
57 63 18 47 45
57 64 90 31 27
57 65 61 83 32
57 66 13 66 37
57 67 9 8 32
57 68 22 31 16
57 69 97 89 65
57 70 79 10 79
57 71 53 6 44
57 72 39 4 67
57 73 19 17 41
57 74 96 80 81
57 75 26 42 59
57 76 35 55 54
57 77 74 54 56
57 78 16 68 3
57 79 90 12 36
57 80 2 15 83
57 81 24 41 7
57 82 40 81 49
57 83 84 15 52
57 84 92 48 63
57 85 10 20 85
57 86 95 72 83
57 87 22 70 37
57 88 40 7 34
57 89 91 82 92
57 90 65 10 55
57 91 12 64 88
57 92 27 92 35
57 93 63 45 39
57 94 33 49 17
57 95 35 19 90
57 96 50 22 70
57 97 70 68 62
57 98 29 8 45
57 99 13 88 43
58 59 19 18 8
58 60 30 49 22
58 61 95 44 15
58 62 67 33 69
58 63 63 16 78
58 64 82 29 12
58 65 59 73 58
58 66 34 82 26
58 67 32 90 8
58 68 80 60 41
58 69 54 23 66
58 70 20 91 87
58 71 89 15 78
58 72 3 49 40
58 73 56 69 21
58 74 30 8 24
58 75 14 29 60
58 76 72 31 21
58 77 35 48 3
58 78 56 83 51
58 79 82 47 20
58 80 78 51 52
58 81 55 50 74
58 82 31 26 31
58 83 16 3 32
58 84 96 29 37
58 85 58 78 84
58 86 32 61 55
58 87 30 91 9
58 88 50 27 32
58 89 85 31 67
58 90 81 50 74
58 91 44 5 19
58 92 74 60 19
58 93 32 18 77
58 94 50 38 14
58 95 64 9 82
58 96 24 68 62
58 97 94 40 18
58 98 97 46 86
58 99 91 51 19
59 60 71 26 55
59 61 34 7 13
59 62 59 83 88
59 63 6 19 87
59 64 37 76 26
59 65 32 4 50
59 66 74 47 55
59 67 17 78 5
59 68 46 29 84
59 69 26 12 76
59 70 70 7 86
59 71 47 60 51
59 72 28 41 24
59 73 21 39 16
59 74 8 62 72
59 75 13 84 17
59 76 48 11 92
59 77 62 77 69
59 78 62 24 26
59 79 11 51 6
59 80 80 40 92
59 81 85 83 43
59 82 30 85 18
59 83 76 25 23
59 84 1 80 11
59 85 34 80 3
59 86 60 66 71
59 87 23 81 27
59 88 98 26 71
59 89 29 41 5
59 90 78 11 76
59 91 66 63 70
59 92 25 78 8
59 93 14 19 12
59 94 4 89 13
59 95 33 35 8
59 96 23 11 9
59 97 33 83 57
59 98 19 37 26
59 99 7 59 3
60 61 6 8 27
60 62 53 32 88
60 63 27 42 57
60 64 95 52 53
60 65 26 8 10
60 66 32 86 38
60 67 78 95 20
60 68 35 44 92
60 69 92 56 49
60 70 27 71 81
60 71 54 80 53
60 72 49 76 66
60 73 82 56 86
60 74 79 92 13
60 75 86 13 15
60 76 99 92 78
60 77 57 56 29
60 78 18 37 50
60 79 58 41 67
60 80 93 76 39
60 81 37 42 21
60 82 97 18 19
60 83 32 86 76
60 84 31 64 29
60 85 45 48 84
60 86 39 39 30
60 87 54 55 74
60 88 70 87 31
60 89 57 88 38
60 90 46 8 61
60 91 32 31 5
60 92 14 21 74
60 93 96 14 80
60 94 42 38 61
60 95 68 56 42
60 96 38 6 85
60 97 22 52 90
60 98 6 77 40
60 99 33 49 18
61 62 60 70 90
61 63 72 22 50
61 64 87 54 30
61 65 84 47 24
61 66 9 64 74
61 67 52 60 34
61 68 88 53 53
61 69 88 77 93
61 70 56 46 61
61 71 62 37 33
61 72 95 35 25
61 73 5 10 65
61 74 13 73 68
61 75 60 26 77
61 76 42 49 36
61 77 26 14 88
61 78 12 12 85
61 79 40 82 88
61 80 18 45 25
61 81 53 73 27
61 82 10 36 47
61 83 50 41 7
61 84 9 66 5
61 85 31 26 28
61 86 35 82 46
61 87 23 66 47
61 88 95 77 10
61 89 55 34 91
61 90 29 59 17
61 91 15 4 52
61 92 35 66 65
61 93 43 63 45
61 94 31 5 3
61 95 92 83 59
61 96 56 8 36
61 97 61 33 23
61 98 51 77 50
61 99 99 71 63
62 63 45 49 69
62 64 99 91 27
62 65 93 45 52
62 66 50 48 48
62 67 65 9 65
62 68 95 25 29
62 69 83 60 44
62 70 61 74 29
62 71 13 78 56
62 72 75 85 19
62 73 76 58 84
62 74 43 6 4
62 75 51 15 83
62 76 95 80 87
62 77 6 41 87
62 78 32 14 61
62 79 48 83 25
62 80 44 40 44
62 81 19 46 74
62 82 75 93 35
62 83 63 95 59
62 84 91 22 49
62 85 0 3 79
62 86 46 12 23
62 87 93 77 17
62 88 12 13 44
62 89 10 26 28
62 90 60 31 19
62 91 54 88 52
62 92 63 61 24
62 93 82 73 38
62 94 27 49 70
62 95 6 38 54
62 96 55 60 69
62 97 91 86 55
62 98 76 9 14
62 99 56 39 58
63 64 56 22 37
63 65 13 28 39
63 66 61 39 88
63 67 67 68 28
63 68 40 90 56
63 69 78 97 95
63 70 16 35 38
63 71 54 88 40
63 72 0 47 62
63 73 90 47 38
63 74 67 29 49
63 75 66 95 33
63 76 92 98 81
63 77 17 22 76
63 78 75 42 66
63 79 62 62 51
63 80 59 82 53
63 81 74 32 34
63 82 83 63 16
63 83 82 29 54
63 84 20 49 89
63 85 37 78 11
63 86 66 64 66
63 87 33 44 10
63 88 48 71 69
63 89 30 67 88
63 90 46 49 71
63 91 93 78 30
63 92 38 15 77
63 93 6 12 80
63 94 57 33 65
63 95 80 14 62
63 96 75 64 42
63 97 75 46 65
63 98 64 26 67
63 99 18 31 19
64 65 11 56 71
64 66 56 92 74
64 67 15 35 4
64 68 46 20 28
64 69 93 60 83
64 70 49 54 22
64 71 71 47 72
64 72 67 85 9
64 73 27 42 39
64 74 6 62 71
64 75 83 16 47
64 76 47 13 35
64 77 40 60 38
64 78 70 85 88
64 79 69 25 62
64 80 77 62 25
64 81 80 42 96
64 82 36 67 79
64 83 73 8 47
64 84 21 34 40
64 85 10 7 23
64 86 9 63 18
64 87 98 28 20
64 88 55 89 84
64 89 56 66 18
64 90 44 31 16
64 91 53 32 26
64 92 89 9 90
64 93 59 8 72
64 94 70 55 19
64 95 83 72 83
64 96 13 26 62
64 97 16 54 67
64 98 70 94 18
64 99 75 53 74
65 66 50 40 6
65 67 94 49 27
65 68 78 62 54
65 69 57 46 93
65 70 55 31 57
65 71 17 66 89
65 72 91 38 41
65 73 32 79 68
65 74 29 91 28
65 75 99 91 92
65 76 76 66 59
65 77 45 68 74
65 78 36 59 91
65 79 51 51 71
65 80 48 80 49
65 81 10 50 70
65 82 93 45 94
65 83 34 59 74
65 84 78 71 90
65 85 35 88 82
65 86 34 37 33
65 87 25 82 50
65 88 31 81 71
65 89 63 61 78
65 90 81 85 21
65 91 56 39 7
65 92 98 93 18
65 93 18 89 84
65 94 0 39 10
65 95 65 24 39
65 96 20 88 88
65 97 62 29 92
65 98 46 17 46
65 99 52 75 29
66 67 40 16 38
66 68 49 77 53
66 69 87 88 43
66 70 69 83 38
66 71 62 57 94
66 72 22 67 32
66 73 91 90 87
66 74 2 86 35
66 75 0 21 59
66 76 74 17 22
66 77 6 59 26
66 78 27 35 38
66 79 61 69 38
66 80 14 65 50
66 81 64 78 90
66 82 93 39 38
66 83 0 64 1
66 84 85 71 38
66 85 60 6 58
66 86 26 74 37
66 87 68 37 29
66 88 16 64 5
66 89 76 82 90
66 90 63 70 42
66 91 76 95 22
66 92 10 83 14
66 93 5 44 76
66 94 50 90 48
66 95 80 28 92
66 96 38 91 55
66 97 14 11 61
66 98 44 65 90
66 99 4 31 14
67 68 98 65 32
67 69 26 40 40
67 70 5 33 44
67 71 41 76 38
67 72 94 34 13
67 73 36 37 30
67 74 93 10 77
67 75 46 58 60
67 76 35 28 79
67 77 46 87 39
67 78 9 6 59
67 79 78 24 78
67 80 3 55 39
67 81 74 77 46
67 82 79 89 94
67 83 51 92 15
67 84 18 11 91
67 85 8 5 85
67 86 46 87 14
67 87 96 66 71
67 88 37 78 23
67 89 58 62 47
67 90 3 68 10
67 91 51 22 77
67 92 48 33 75
67 93 14 1 10
67 94 37 43 92
67 95 66 21 58
67 96 74 13 87
67 97 64 81 59
67 98 28 50 50
67 99 63 36 42
68 69 13 2 44
68 70 95 24 92
68 71 82 89 82
68 72 57 69 77
68 73 60 35 42
68 74 40 93 6
68 75 19 88 52
68 76 97 56 20
68 77 86 60 61
68 78 79 29 74
68 79 12 46 68
68 80 20 82 74
68 81 73 30 27
68 82 60 19 38
68 83 46 15 56
68 84 92 36 26
68 85 87 73 56
68 86 94 12 66
68 87 53 20 43
68 88 22 82 58
68 89 6 11 90
68 90 91 72 63
68 91 3 80 42
68 92 83 60 45
68 93 42 20 34
68 94 78 10 42
68 95 20 74 67
68 96 61 41 59
68 97 42 65 25
68 98 43 6 13
68 99 12 50 41
69 70 41 68 43
69 71 65 17 28
69 72 22 29 7
69 73 57 8 53
69 74 48 44 5
69 75 90 9 69
69 76 10 6 10
69 77 1 29 24
69 78 85 68 73
69 79 22 33 81
69 80 37 42 52
69 81 11 16 28
69 82 99 17 21
69 83 60 93 21
69 84 38 18 50
69 85 11 7 41
69 86 61 85 64
69 87 84 22 97
69 88 8 54 29
69 89 95 66 74
69 90 92 42 9
69 91 29 6 41
69 92 2 87 68
69 93 22 29 52
69 94 38 21 89
69 95 98 73 35
69 96 87 84 19
69 97 67 72 26
69 98 60 66 33
69 99 86 54 22
70 71 12 15 35
70 72 59 85 94
70 73 18 52 46
70 74 89 73 60
70 75 99 20 78
70 76 16 59 25
70 77 97 60 56
70 78 35 14 36
70 79 71 58 43
70 80 14 12 50
70 81 89 51 13
70 82 57 45 5
70 83 59 37 28
70 84 32 81 39
70 85 0 67 74
70 86 69 69 13
70 87 47 30 50
70 88 34 10 3
70 89 83 16 18
70 90 31 86 72
70 91 4 61 54
70 92 99 77 85
70 93 36 47 30
70 94 4 68 18
70 95 50 79 11
70 96 43 63 81
70 97 86 88 92
70 98 98 49 28
70 99 80 33 81
71 72 82 17 19
71 73 39 27 40
71 74 32 86 13
71 75 56 55 82
71 76 97 96 91
71 77 49 20 82
71 78 29 21 52
71 79 34 5 24
71 80 14 44 81
71 81 81 65 93
71 82 99 64 98
71 83 2 84 60
71 84 58 46 48
71 85 18 71 62
71 86 8 23 34
71 87 26 11 9
71 88 69 84 30
71 89 70 91 79
71 90 22 73 31
71 91 63 90 22
71 92 21 6 30
71 93 17 32 22
71 94 15 50 20
71 95 54 27 58
71 96 11 60 2
71 97 67 72 28
71 98 9 11 24
71 99 13 66 39
72 73 97 16 32
72 74 42 52 47
72 75 24 78 14
72 76 64 48 87
72 77 57 25 41
72 78 2 62 3
72 79 55 73 27
72 80 0 49 78
72 81 13 81 5
72 82 52 43 24
72 83 94 88 31
72 84 96 98 54
72 85 90 33 67
72 86 95 49 77
72 87 85 91 53
72 88 73 31 86
72 89 2 86 30
72 90 42 87 44
72 91 85 52 86
72 92 32 55 62
72 93 66 28 93
72 94 52 54 55
72 95 85 96 89
72 96 28 72 20
72 97 67 92 38
72 98 63 76 30
72 99 88 20 97
73 74 68 42 11
73 75 33 89 67
73 76 71 80 84
73 77 22 79 76
73 78 1 74 19
73 79 11 44 85
73 80 99 90 69
73 81 69 8 14
73 82 38 66 21
73 83 11 21 29
73 84 19 53 27
73 85 70 11 89
73 86 76 35 94
73 87 70 72 13
73 88 27 39 45
73 89 79 66 80
73 90 65 72 33
73 91 88 70 63
73 92 21 4 43
73 93 86 68 97
73 94 19 45 58
73 95 8 47 21
73 96 66 55 14
73 97 49 63 84
73 98 52 64 81
73 99 40 93 19
74 75 96 65 69
74 76 49 72 29
74 77 4 67 59
74 78 30 62 25
74 79 9 73 73
74 80 29 90 22
74 81 60 28 39
74 82 82 38 92
74 83 78 56 29
74 84 40 42 40
74 85 65 36 40
74 86 95 57 92
74 87 61 46 66
74 88 34 17 60
74 89 55 79 84
74 90 16 31 81
74 91 52 23 40
74 92 84 18 21
74 93 62 61 22
74 94 56 75 17
74 95 82 62 32
74 96 95 77 97
74 97 27 89 78
74 98 14 68 74
74 99 20 53 58
75 76 77 67 64
75 77 6 48 74
75 78 51 38 73
75 79 21 31 55
75 80 1 4 54
75 81 52 83 43
75 82 0 51 80
75 83 40 91 18
75 84 58 9 50
75 85 45 62 58
75 86 47 28 35
75 87 68 52 25
75 88 16 45 12
75 89 81 45 44
75 90 84 45 44
75 91 17 58 47
75 92 46 12 63
75 93 13 36 49
75 94 80 30 24
75 95 25 31 29
75 96 53 16 48
75 97 94 66 70
75 98 28 60 76
75 99 60 62 68
76 77 32 15 27
76 78 35 43 26
76 79 50 84 7
76 80 81 90 71
76 81 17 42 25
76 82 72 84 12
76 83 10 69 51
76 84 97 63 15
76 85 69 46 89
76 86 7 43 29
76 87 46 82 73
76 88 19 74 35
76 89 49 24 87
76 90 68 51 49
76 91 87 25 51
76 92 48 64 5
76 93 68 49 27
76 94 59 13 28
76 95 9 68 77
76 96 33 17 37
76 97 73 88 42
76 98 85 66 36
76 99 27 64 59
77 78 92 93 49
77 79 37 12 71
77 80 49 88 74
77 81 8 80 59
77 82 98 61 12
77 83 53 14 10
77 84 6 9 18
77 85 90 74 62
77 86 96 72 37
77 87 96 40 91
77 88 59 76 95
77 89 50 74 41
77 90 42 47 35
77 91 64 78 14
77 92 79 51 12
77 93 42 12 9
77 94 63 78 48
77 95 60 66 50
77 96 54 33 15
77 97 67 92 36
77 98 73 71 40
77 99 31 67 6
78 79 31 36 92
78 80 32 79 78
78 81 71 62 15
78 82 1 47 46
78 83 38 53 28
78 84 36 19 36
78 85 58 49 51
78 86 3 69 6
78 87 20 43 70
78 88 88 40 71
78 89 32 50 53
78 90 49 60 75
78 91 49 19 76
78 92 69 85 38
78 93 60 17 90
78 94 27 32 69
78 95 71 88 65
78 96 92 50 36
78 97 67 57 42
78 98 71 86 39
78 99 7 13 11
79 80 60 36 80
79 81 81 28 34
79 82 85 23 21
79 83 6 61 89
79 84 55 49 68
79 85 30 69 57
79 86 23 61 72
79 87 96 64 9
79 88 61 75 65
79 89 24 89 23
79 90 89 74 75
79 91 85 92 64
79 92 8 85 51
79 93 45 71 10
79 94 49 39 74
79 95 55 10 11
79 96 43 47 62
79 97 51 27 46
79 98 75 81 91
79 99 77 42 18
80 81 10 44 82
80 82 59 54 67
80 83 94 88 91
80 84 3 71 85
80 85 66 35 94
80 86 22 45 30
80 87 80 58 11
80 88 92 17 12
80 89 19 85 4
80 90 67 32 75
80 91 30 11 58
80 92 75 37 68
80 93 69 10 31
80 94 82 13 87
80 95 82 21 18
80 96 64 85 24
80 97 27 71 49
80 98 76 10 23
80 99 28 58 20
81 82 69 36 21
81 83 10 23 41
81 84 29 68 71
81 85 5 86 26
81 86 94 42 73
81 87 90 44 38
81 88 81 70 72
81 89 5 7 48
81 90 94 30 13
81 91 5 55 47
81 92 64 34 16
81 93 81 94 9
81 94 28 84 2
81 95 24 59 59
81 96 33 54 29
81 97 2 5 84
81 98 91 88 18
81 99 53 22 56
82 83 56 94 69
82 84 96 49 86
82 85 39 82 68
82 86 17 30 10
82 87 21 15 35
82 88 49 66 6
82 89 49 81 47
82 90 11 16 17
82 91 37 39 41
82 92 64 19 36
82 93 51 36 41
82 94 55 82 86
82 95 67 29 12
82 96 53 63 84
82 97 93 71 23
82 98 55 7 14
82 99 30 47 92
83 84 20 77 43
83 85 49 71 6
83 86 34 27 80
83 87 22 59 79
83 88 95 31 73
83 89 31 39 85
83 90 18 90 66
83 91 4 45 60
83 92 97 93 32
83 93 56 53 63
83 94 79 32 85
83 95 87 11 11
83 96 76 73 46
83 97 89 31 40
83 98 83 60 68
83 99 66 52 56
84 85 29 88 86
84 86 61 72 83
84 87 42 93 52
84 88 10 7 15
84 89 14 20 51
84 90 90 37 21
84 91 46 37 92
84 92 11 72 70
84 93 30 86 89
84 94 91 86 97
84 95 39 31 59
84 96 50 59 84
84 97 94 98 86
84 98 94 85 12
84 99 21 4 42
85 86 87 75 19
85 87 44 19 6
85 88 89 17 63
85 89 59 26 39
85 90 25 74 50
85 91 51 9 40
85 92 0 35 87
85 93 96 12 20
85 94 88 49 82
85 95 32 16 87
85 96 96 36 57
85 97 46 39 25
85 98 43 89 87
85 99 83 87 64
86 87 53 85 65
86 88 43 77 86
86 89 51 93 79
86 90 3 12 78
86 91 26 51 63
86 92 93 97 20
86 93 22 64 86
86 94 72 89 25
86 95 67 82 15
86 96 34 40 7
86 97 90 81 76
86 98 93 31 82
86 99 24 86 53
87 88 74 78 19
87 89 17 74 6
87 90 40 24 61
87 91 46 21 71
87 92 13 64 87
87 93 4 47 22
87 94 17 86 36
87 95 61 72 14
87 96 37 47 57
87 97 30 78 27
87 98 17 67 78
87 99 37 74 73
88 89 9 54 62
88 90 42 35 85
88 91 10 26 36
88 92 64 78 67
88 93 5 64 41
88 94 12 78 31
88 95 25 6 12
88 96 26 64 12
88 97 18 49 82
88 98 25 37 75
88 99 56 56 70
89 90 21 62 83
89 91 65 78 22
89 92 38 25 66
89 93 28 44 22
89 94 85 15 33
89 95 46 33 78
89 96 78 19 20
89 97 55 91 34
89 98 55 42 37
89 99 58 61 19
90 91 81 65 79
90 92 72 62 84
90 93 85 76 9
90 94 22 13 33
90 95 9 83 79
90 96 13 41 23
90 97 78 54 14
90 98 61 94 90
90 99 67 19 38
91 92 69 32 27
91 93 74 62 89
91 94 97 24 59
91 95 19 59 88
91 96 13 13 77
91 97 59 68 7
91 98 67 67 31
91 99 89 98 74
92 93 80 44 45
92 94 28 48 6
92 95 95 20 90
92 96 44 75 76
92 97 53 23 22
92 98 5 67 4
92 99 95 99 69
93 94 15 47 46
93 95 93 22 91
93 96 51 45 93
93 97 69 30 28
93 98 10 31 63
93 99 21 57 15
94 95 56 56 25
94 96 14 77 56
94 97 51 66 29
94 98 32 51 21
94 99 60 93 74
95 96 32 44 64
95 97 78 19 20
95 98 28 58 88
95 99 46 37 44
96 97 71 33 95
96 98 2 83 60
96 99 37 27 10
97 98 83 9 60
97 99 70 42 89
98 99 12 60 56
