100
0 1 55 77 76
0 2 40 35 48
0 3 8 10 25
0 4 11 62 46
0 5 3 1 64
0 6 64 82 49
0 7 84 75 78
0 8 12 5 54
0 9 98 51 49
0 10 69 36 38
0 11 76 70 89
0 12 17 23 27
0 13 60 84 67
0 14 40 33 69
0 15 83 66 63
0 16 59 18 62
0 17 48 74 26
0 18 60 54 52
0 19 41 17 72
0 20 26 12 45
0 21 50 63 74
0 22 48 28 34
0 23 87 72 89
0 24 98 34 73
0 25 87 28 87
0 26 65 70 77
0 27 52 45 75
0 28 84 94 30
0 29 40 75 16
0 30 62 51 27
0 31 31 37 47
0 32 94 60 78
0 33 73 40 27
0 34 18 31 46
0 35 11 21 48
0 36 36 45 47
0 37 75 71 57
0 38 46 81 38
0 39 36 54 39
0 40 8 69 30
0 41 8 10 24
0 42 6 69 24
0 43 98 67 91
0 44 8 61 24
0 45 97 40 56
0 46 84 68 38
0 47 43 50 34
0 48 44 37 60
0 49 65 48 80
0 50 95 84 92
0 51 97 56 92
0 52 42 44 39
0 53 71 53 67
0 54 46 28 27
0 55 92 96 68
0 56 71 91 80
0 57 82 49 27
0 58 8 23 41
0 59 64 62 31
0 60 53 20 17
0 61 48 36 45
0 62 54 57 34
0 63 86 34 74
0 64 68 85 69
0 65 95 74 79
0 66 96 41 35
0 67 59 23 24
0 68 97 29 62
0 69 47 64 55
0 70 81 45 58
0 71 82 86 31
0 72 22 59 9
0 73 32 35 29
0 74 7 71 26
0 75 3 24 63
0 76 51 25 82
0 77 72 75 26
0 78 33 11 24
0 79 88 62 73
0 80 48 31 59
0 81 81 31 26
0 82 58 44 31
0 83 14 27 21
0 84 21 48 71
0 85 78 57 65
0 86 38 31 73
0 87 70 64 26
0 88 18 22 54
0 89 12 24 30
0 90 89 71 32
0 91 13 70 64
0 92 10 38 54
0 93 77 52 84
0 94 2 65 56
0 95 23 47 47
0 96 40 17 69
0 97 69 37 21
0 98 23 61 49
0 99 1 51 34
1 2 20 49 67
1 3 85 45 92
1 4 58 68 49
1 5 9 69 62
1 6 89 76 65
1 7 62 58 76
1 8 17 10 52
1 9 59 74 42
1 10 55 76 52
1 11 80 53 33
1 12 85 80 62
1 13 68 74 21
1 14 19 32 54
1 15 58 28 29
1 16 96 72 90
1 17 29 74 37
1 18 59 25 71
1 19 85 75 83
1 20 38 23 68
1 21 6 45 51
1 22 91 55 75
1 23 96 34 95
1 24 1 42 56
1 25 72 72 54
1 26 10 15 43
1 27 28 56 63
1 28 79 67 36
1 29 63 50 26
1 30 98 57 75
1 31 80 93 61
1 32 3 56 40
1 33 74 90 75
1 34 49 16 19
1 35 59 81 82
1 36 61 40 82
1 37 65 80 85
1 38 78 50 71
1 39 35 33 37
1 40 85 56 41
1 41 0 68 31
1 42 80 32 49
1 43 59 21 68
1 44 78 62 41
1 45 46 27 72
1 46 82 42 76
1 47 3 4 8
1 48 99 73 98
1 49 50 77 74
1 50 21 13 33
1 51 29 22 63
1 52 29 35 20
1 53 71 34 28
1 54 40 67 60
1 55 52 25 69
1 56 41 73 18
1 57 95 84 49
1 58 17 44 18
1 59 77 43 84
1 60 20 53 56
1 61 72 76 35
1 62 11 34 41
1 63 93 41 50
1 64 1 28 30
1 65 82 68 70
1 66 98 68 56
1 67 53 69 69
1 68 14 53 37
1 69 49 80 24
1 70 22 57 32
1 71 58 58 34
1 72 46 82 54
1 73 19 33 33
1 74 74 71 52
1 75 48 61 75
1 76 6 6 36
1 77 11 28 71
1 78 78 31 69
1 79 91 76 86
1 80 60 33 52
1 81 68 32 25
1 82 39 61 68
1 83 43 73 70
1 84 66 68 47
1 85 69 49 38
1 86 84 47 86
1 87 39 55 50
1 88 9 30 61
1 89 81 57 82
1 90 69 60 78
1 91 36 11 14
1 92 48 70 77
1 93 32 14 34
1 94 98 90 70
1 95 42 52 29
1 96 77 32 48
1 97 37 48 18
1 98 94 69 38
1 99 98 30 79
2 3 26 46 42
2 4 26 42 10
2 5 55 47 49
2 6 37 34 44
2 7 15 71 7
2 8 61 26 60
2 9 20 39 70
2 10 6 46 3
2 11 20 44 8
2 12 17 61 44
2 13 64 71 55
2 14 39 34 20
2 15 54 72 28
2 16 45 41 73
2 17 14 26 48
2 18 28 10 10
2 19 5 14 33
2 20 65 63 50
2 21 0 18 39
2 22 12 12 10
2 23 47 75 74
2 24 0 29 34
2 25 10 18 18
2 26 64 71 68
2 27 60 20 34
2 28 6 57 55
2 29 37 81 41
2 30 72 65 59
2 31 28 46 68
2 32 63 50 67
2 33 50 39 22
2 34 81 24 47
2 35 50 72 81
2 36 77 57 62
2 37 10 34 32
2 38 83 82 26
2 39 4 60 4
2 40 49 64 30
2 41 75 69 75
2 42 23 67 49
2 43 84 78 79
2 44 69 42 30
2 45 34 52 19
2 46 9 69 38
2 47 46 49 26
2 48 52 22 39
2 49 2 59 34
2 50 24 71 63
2 51 56 86 51
2 52 72 76 44
2 53 58 30 20
2 54 27 10 29
2 55 25 60 66
2 56 54 18 79
2 57 53 78 26
2 58 80 78 90
2 59 91 27 42
2 60 89 37 29
2 61 9 36 36
2 62 72 49 38
2 63 2 19 60
2 64 16 74 5
2 65 86 28 54
2 66 48 15 69
2 67 89 85 31
2 68 71 56 45
2 69 52 32 77
2 70 24 29 12
2 71 34 62 12
2 72 66 31 88
2 73 24 34 25
2 74 10 32 58
2 75 47 30 71
2 76 29 16 60
2 77 65 35 64
2 78 47 50 65
2 79 98 64 75
2 80 49 15 34
2 81 54 54 47
2 82 72 69 58
2 83 81 61 47
2 84 32 39 10
2 85 61 66 73
2 86 70 87 29
2 87 32 75 55
2 88 0 11 11
2 89 70 85 75
2 90 17 26 24
2 91 36 18 66
2 92 36 70 50
2 93 46 37 83
2 94 63 59 29
2 95 80 28 86
2 96 43 77 53
2 97 29 47 76
2 98 68 41 30
2 99 50 39 43
3 4 29 63 15
3 5 26 14 74
3 6 58 27 38
3 7 87 81 32
3 8 51 60 52
3 9 0 66 44
3 10 8 63 36
3 11 54 60 53
3 12 14 61 26
3 13 3 40 61
3 14 95 77 64
3 15 43 32 67
3 16 70 60 54
3 17 15 6 27
3 18 0 25 20
3 19 66 60 44
3 20 89 77 27
3 21 47 57 47
3 22 77 41 55
3 23 52 53 67
3 24 41 48 52
3 25 44 76 42
3 26 11 7 66
3 27 87 79 94
3 28 57 72 79
3 29 65 25 52
3 30 29 63 14
3 31 68 63 68
3 32 38 15 40
3 33 68 48 46
3 34 13 34 68
3 35 90 48 65
3 36 45 39 61
3 37 10 33 31
3 38 50 22 84
3 39 95 59 53
3 40 37 44 11
3 41 88 49 56
3 42 45 42 74
3 43 52 36 55
3 44 59 23 71
3 45 81 37 42
3 46 89 88 33
3 47 74 49 53
3 48 35 75 54
3 49 59 55 28
3 50 19 70 75
3 51 40 35 19
3 52 81 62 89
3 53 89 86 76
3 54 81 25 24
3 55 22 40 31
3 56 73 25 75
3 57 89 74 61
3 58 12 6 17
3 59 78 25 66
3 60 34 69 79
3 61 66 63 26
3 62 52 39 49
3 63 82 58 40
3 64 6 15 54
3 65 22 19 32
3 66 84 79 88
3 67 51 38 81
3 68 17 51 64
3 69 37 45 63
3 70 56 79 35
3 71 29 35 62
3 72 50 48 60
3 73 85 43 71
3 74 37 66 76
3 75 26 48 60
3 76 65 88 54
3 77 44 34 25
3 78 93 48 54
3 79 68 84 57
3 80 11 53 30
3 81 28 54 51
3 82 81 61 40
3 83 7 28 69
3 84 89 57 48
3 85 36 53 51
3 86 25 18 77
3 87 93 29 77
3 88 18 58 10
3 89 4 33 64
3 90 0 28 17
3 91 56 34 28
3 92 64 21 29
3 93 93 39 44
3 94 7 57 26
3 95 44 26 81
3 96 42 53 71
3 97 65 49 21
3 98 80 93 54
3 99 68 41 75
4 5 90 84 61
4 6 95 86 80
4 7 59 52 75
4 8 69 84 36
4 9 75 45 43
4 10 45 44 75
4 11 68 61 46
4 12 19 47 9
4 13 67 86 48
4 14 54 71 43
4 15 12 7 9
4 16 29 35 17
4 17 1 53 20
4 18 77 83 66
4 19 59 76 40
4 20 85 35 74
4 21 95 46 62
4 22 34 12 26
4 23 71 34 84
4 24 5 43 71
4 25 42 25 17
4 26 96 32 49
4 27 29 77 61
4 28 99 86 39
4 29 16 52 71
4 30 14 7 61
4 31 90 27 92
4 32 83 31 66
4 33 22 70 12
4 34 31 78 39
4 35 71 28 88
4 36 70 82 75
4 37 37 35 48
4 38 18 59 72
4 39 71 23 71
4 40 79 37 30
4 41 74 25 37
4 42 80 32 89
4 43 31 31 55
4 44 43 65 18
4 45 41 45 39
4 46 48 46 82
4 47 88 76 48
4 48 99 43 58
4 49 47 44 73
4 50 42 29 56
4 51 35 78 21
4 52 17 9 74
4 53 81 88 92
4 54 19 59 5
4 55 71 54 52
4 56 78 44 64
4 57 66 72 51
4 58 20 6 39
4 59 97 71 69
4 60 17 53 67
4 61 37 44 36
4 62 17 59 21
4 63 70 63 86
4 64 29 66 26
4 65 70 69 57
4 66 53 51 79
4 67 80 67 84
4 68 52 17 72
4 69 50 80 84
4 70 72 71 47
4 71 91 80 27
4 72 55 48 25
4 73 89 63 70
4 74 79 49 33
4 75 89 79 95
4 76 49 83 19
4 77 23 9 37
4 78 93 29 94
4 79 72 66 58
4 80 50 24 61
4 81 46 28 64
4 82 53 83 38
4 83 80 65 76
4 84 28 71 19
4 85 68 77 81
4 86 67 44 63
4 87 64 22 24
4 88 34 34 54
4 89 66 89 25
4 90 46 67 35
4 91 22 29 10
4 92 10 50 70
4 93 58 24 42
4 94 64 55 58
4 95 28 36 27
4 96 5 56 71
4 97 94 30 40
4 98 84 54 31
4 99 9 68 28
5 6 16 43 22
5 7 23 45 15
5 8 54 68 54
5 9 49 81 37
5 10 55 25 67
5 11 57 43 27
5 12 52 59 79
5 13 72 67 45
5 14 6 7 19
5 15 94 43 46
5 16 92 36 58
5 17 23 9 66
5 18 62 65 76
5 19 15 57 54
5 20 85 88 57
5 21 29 39 26
5 22 62 22 37
5 23 98 89 61
5 24 43 51 62
5 25 74 92 43
5 26 41 15 76
5 27 99 81 77
5 28 95 58 59
5 29 59 26 78
5 30 83 69 41
5 31 66 70 88
5 32 82 56 69
5 33 91 89 32
5 34 12 17 32
5 35 73 91 50
5 36 72 89 47
5 37 45 15 37
5 38 90 75 46
5 39 64 48 64
5 40 3 57 7
5 41 79 82 88
5 42 85 54 77
5 43 44 43 43
5 44 45 78 58
5 45 30 49 12
5 46 44 32 42
5 47 25 61 65
5 48 39 52 26
5 49 64 82 40
5 50 93 87 65
5 51 96 45 44
5 52 43 50 70
5 53 24 24 39
5 54 14 9 65
5 55 44 75 22
5 56 18 74 6
5 57 3 38 1
5 58 62 33 85
5 59 21 40 16
5 60 11 69 44
5 61 65 58 78
5 62 82 89 42
5 63 83 72 74
5 64 32 59 53
5 65 31 37 73
5 66 91 87 46
5 67 86 91 29
5 68 54 69 30
5 69 1 20 30
5 70 81 83 79
5 71 91 86 94
5 72 51 63 21
5 73 81 70 57
5 74 22 12 19
5 75 41 16 51
5 76 2 8 4
5 77 36 60 70
5 78 33 71 72
5 79 58 21 59
5 80 92 47 93
5 81 7 59 37
5 82 74 34 80
5 83 52 60 83
5 84 0 52 35
5 85 29 62 35
5 86 74 44 27
5 87 24 41 35
5 88 2 42 30
5 89 85 62 66
5 90 99 48 96
5 91 47 40 82
5 92 47 50 16
5 93 89 55 27
5 94 39 25 25
5 95 76 29 78
5 96 98 38 53
5 97 63 50 86
5 98 5 12 30
5 99 61 43 85
6 7 25 72 69
6 8 47 42 33
6 9 77 67 83
6 10 55 28 52
6 11 58 64 24
6 12 54 79 27
6 13 70 86 88
6 14 62 73 65
6 15 0 13 30
6 16 34 36 61
6 17 27 37 13
6 18 96 39 98
6 19 38 43 47
6 20 1 37 59
6 21 38 35 75
6 22 43 25 36
6 23 8 5 16
6 24 74 84 23
6 25 77 73 61
6 26 46 15 63
6 27 65 54 86
6 28 83 68 63
6 29 56 49 23
6 30 67 55 31
6 31 98 46 62
6 32 60 85 67
6 33 35 56 52
6 34 20 20 17
6 35 69 63 39
6 36 1 11 4
6 37 37 49 61
6 38 16 29 37
6 39 71 45 84
6 40 49 50 27
6 41 65 77 74
6 42 11 72 70
6 43 86 28 57
6 44 34 24 37
6 45 68 32 68
6 46 47 28 69
6 47 23 29 42
6 48 92 93 90
6 49 79 24 33
6 50 8 7 12
6 51 8 34 24
6 52 45 78 24
6 53 42 18 53
6 54 84 66 38
6 55 97 78 72
6 56 13 28 65
6 57 0 39 64
6 58 47 51 70
6 59 78 89 77
6 60 6 27 29
6 61 90 87 68
6 62 97 56 48
6 63 97 83 51
6 64 38 78 77
6 65 49 27 80
6 66 18 52 16
6 67 54 20 74
6 68 5 32 54
6 69 57 24 40
6 70 13 7 72
6 71 79 51 90
6 72 7 24 39
6 73 3 51 27
6 74 10 20 29
6 75 1 17 3
6 76 84 75 94
6 77 39 64 80
6 78 40 67 43
6 79 65 52 79
6 80 30 67 58
6 81 93 70 84
6 82 14 58 40
6 83 51 29 70
6 84 56 60 45
6 85 33 10 13
6 86 68 59 38
6 87 53 40 76
6 88 91 61 46
6 89 8 22 71
6 90 98 50 50
6 91 58 60 85
6 92 12 61 59
6 93 12 70 57
6 94 64 39 82
6 95 88 88 46
6 96 75 81 75
6 97 7 35 26
6 98 0 16 58
6 99 14 24 32
7 8 94 82 50
7 9 33 49 64
7 10 55 81 50
7 11 35 72 24
7 12 8 38 35
7 13 68 26 26
7 14 1 52 20
7 15 86 37 26
7 16 22 72 69
7 17 89 58 32
7 18 69 64 69
7 19 30 38 26
7 20 96 44 40
7 21 97 44 75
7 22 56 20 19
7 23 66 67 54
7 24 19 13 46
7 25 15 19 70
7 26 7 36 10
7 27 69 59 47
7 28 42 43 57
7 29 4 57 10
7 30 60 59 51
7 31 35 73 16
7 32 68 51 77
7 33 87 69 84
7 34 48 32 74
7 35 74 81 55
7 36 43 25 59
7 37 70 26 87
7 38 68 24 86
7 39 53 60 28
7 40 92 64 92
7 41 74 74 39
7 42 53 35 68
7 43 76 41 43
7 44 37 66 50
7 45 47 76 69
7 46 42 76 44
7 47 66 63 32
7 48 76 39 88
7 49 1 8 14
7 50 16 71 44
7 51 0 2 69
7 52 51 73 26
7 53 74 25 62
7 54 54 80 85
7 55 70 89 36
7 56 56 37 65
7 57 56 30 61
7 58 57 69 39
7 59 18 27 74
7 60 52 25 75
7 61 71 83 38
7 62 34 50 70
7 63 52 57 80
7 64 46 79 81
7 65 24 73 34
7 66 84 30 77
7 67 56 71 85
7 68 7 30 53
7 69 91 35 32
7 70 62 73 72
7 71 49 73 37
7 72 90 44 90
7 73 99 61 88
7 74 5 48 6
7 75 80 80 49
7 76 47 79 73
7 77 37 31 13
7 78 78 63 84
7 79 95 61 34
7 80 73 73 44
7 81 33 63 61
7 82 81 35 43
7 83 37 46 49
7 84 93 64 93
7 85 77 63 55
7 86 99 71 41
7 87 54 70 25
7 88 3 30 55
7 89 62 33 85
7 90 68 72 32
7 91 35 70 58
7 92 78 26 24
7 93 60 25 73
7 94 51 33 82
7 95 2 0 3
7 96 89 79 60
7 97 15 59 30
7 98 90 35 40
7 99 74 62 36
8 9 73 29 82
8 10 70 55 86
8 11 94 57 28
8 12 20 66 24
8 13 97 60 81
8 14 73 89 56
8 15 54 52 80
8 16 75 55 84
8 17 92 75 68
8 18 34 18 46
8 19 23 66 69
8 20 19 50 74
8 21 27 23 44
8 22 39 44 17
8 23 83 79 43
8 24 71 83 77
8 25 80 82 57
8 26 45 53 78
8 27 9 19 26
8 28 54 37 69
8 29 22 72 19
8 30 36 39 11
8 31 80 35 43
8 32 74 52 34
8 33 98 87 42
8 34 99 89 88
8 35 19 36 54
8 36 76 88 37
8 37 85 42 52
8 38 94 68 68
8 39 81 64 39
8 40 77 36 88
8 41 28 26 17
8 42 88 54 65
8 43 78 28 53
8 44 9 52 48
8 45 58 65 33
8 46 94 63 29
8 47 88 83 70
8 48 38 31 45
8 49 53 28 74
8 50 79 90 84
8 51 22 69 23
8 52 32 43 40
8 53 98 30 43
8 54 21 71 62
8 55 89 96 81
8 56 65 56 35
8 57 80 46 45
8 58 89 94 52
8 59 4 53 18
8 60 10 56 68
8 61 12 39 24
8 62 60 26 42
8 63 30 40 46
8 64 48 49 66
8 65 27 29 59
8 66 90 86 32
8 67 56 26 28
8 68 13 24 9
8 69 72 68 86
8 70 41 32 21
8 71 89 68 46
8 72 67 66 33
8 73 18 34 59
8 74 82 84 92
8 75 58 48 79
8 76 96 66 38
8 77 79 73 78
8 78 87 86 62
8 79 35 10 55
8 80 52 39 70
8 81 26 24 16
8 82 29 46 69
8 83 81 59 53
8 84 56 80 62
8 85 87 37 55
8 86 97 82 41
8 87 8 21 70
8 88 21 51 32
8 89 1 20 24
8 90 58 67 21
8 91 73 37 51
8 92 72 37 81
8 93 19 50 73
8 94 22 12 47
8 95 10 47 18
8 96 58 57 33
8 97 3 7 30
8 98 98 45 45
8 99 26 73 28
9 10 81 69 68
9 11 45 76 58
9 12 34 31 56
9 13 93 60 58
9 14 22 57 31
9 15 98 63 85
9 16 45 36 36
9 17 61 56 21
9 18 37 38 37
9 19 53 78 34
9 20 89 54 40
9 21 50 73 56
9 22 24 72 16
9 23 20 8 20
9 24 85 48 45
9 25 59 47 45
9 26 61 54 33
9 27 66 23 23
9 28 7 6 32
9 29 62 65 38
9 30 93 59 45
9 31 54 55 42
9 32 32 62 40
9 33 8 21 49
9 34 34 13 10
9 35 6 32 51
9 36 57 81 30
9 37 33 63 12
9 38 75 65 62
9 39 35 39 34
9 40 52 37 37
9 41 36 37 14
9 42 66 46 81
9 43 87 96 71
9 44 91 60 48
9 45 20 15 52
9 46 6 19 49
9 47 87 31 50
9 48 76 44 68
9 49 14 33 49
9 50 45 34 41
9 51 82 84 63
9 52 3 36 33
9 53 37 15 27
9 54 17 51 40
9 55 62 85 83
9 56 16 8 13
9 57 11 20 73
9 58 62 31 40
9 59 70 83 47
9 60 30 35 33
9 61 25 43 43
9 62 86 70 29
9 63 4 47 61
9 64 30 23 15
9 65 97 93 71
9 66 10 72 62
9 67 28 76 16
9 68 97 67 30
9 69 99 94 35
9 70 57 53 71
9 71 85 53 29
9 72 41 81 53
9 73 65 27 89
9 74 54 45 80
9 75 12 34 71
9 76 96 44 89
9 77 11 68 19
9 78 75 45 61
9 79 52 23 84
9 80 77 76 41
9 81 35 41 44
9 82 5 16 21
9 83 30 53 42
9 84 82 86 81
9 85 88 61 96
9 86 97 93 77
9 87 33 60 33
9 88 48 76 53
9 89 19 70 21
9 90 90 45 78
9 91 10 43 30
9 92 16 63 19
9 93 5 20 8
9 94 77 69 55
9 95 42 63 40
9 96 99 47 94
9 97 97 50 88
9 98 62 26 42
9 99 36 69 15
10 11 47 19 44
10 12 91 93 45
10 13 9 61 8
10 14 52 64 25
10 15 9 36 8
10 16 34 38 47
10 17 6 14 46
10 18 79 42 66
10 19 95 43 50
10 20 41 80 44
10 21 67 33 27
10 22 48 50 51
10 23 9 18 14
10 24 82 41 52
10 25 72 22 26
10 26 35 46 64
10 27 8 53 61
10 28 24 16 73
10 29 81 82 64
10 30 33 21 27
10 31 90 88 31
10 32 62 32 34
10 33 13 20 54
10 34 22 64 37
10 35 53 33 45
10 36 63 66 41
10 37 84 93 64
10 38 83 47 90
10 39 90 83 56
10 40 6 2 15
10 41 11 52 23
10 42 54 18 71
10 43 31 72 32
10 44 90 82 80
10 45 44 45 26
10 46 24 51 71
10 47 89 64 28
10 48 50 57 75
10 49 79 42 59
10 50 81 63 86
10 51 64 21 23
10 52 55 51 44
10 53 83 79 59
10 54 51 80 80
10 55 59 30 48
10 56 66 76 45
10 57 38 49 40
10 58 98 59 39
10 59 34 30 19
10 60 46 54 53
10 61 1 12 69
10 62 76 88 61
10 63 13 57 36
10 64 67 88 48
10 65 65 53 56
10 66 76 41 27
10 67 59 24 32
10 68 78 27 72
10 69 97 69 63
10 70 23 49 76
10 71 41 52 80
10 72 20 23 45
10 73 37 44 28
10 74 62 71 32
10 75 91 48 96
10 76 40 52 64
10 77 13 50 22
10 78 27 67 48
10 79 80 45 70
10 80 90 72 27
10 81 89 78 75
10 82 45 24 59
10 83 18 27 39
10 84 84 77 79
10 85 64 30 61
10 86 1 11 48
10 87 68 80 38
10 88 12 45 30
10 89 50 83 68
10 90 97 74 72
10 91 85 80 54
10 92 76 53 28
10 93 52 52 61
10 94 52 18 57
10 95 14 46 41
10 96 71 29 75
10 97 0 11 50
10 98 83 25 88
10 99 85 93 86
11 12 24 38 37
11 13 30 32 58
11 14 41 64 38
11 15 4 31 63
11 16 56 56 33
11 17 92 61 51
11 18 76 31 48
11 19 87 81 37
11 20 99 32 93
11 21 17 40 48
11 22 79 86 43
11 23 31 74 68
11 24 17 12 74
11 25 5 42 37
11 26 85 83 56
11 27 47 26 40
11 28 88 57 54
11 29 54 53 62
11 30 74 42 40
11 31 38 36 38
11 32 30 73 49
11 33 96 60 96
11 34 34 53 51
11 35 44 42 33
11 36 49 15 76
11 37 46 36 77
11 38 58 45 52
11 39 37 30 47
11 40 36 64 36
11 41 72 66 75
11 42 69 82 45
11 43 52 71 19
11 44 41 14 79
11 45 93 74 46
11 46 35 56 57
11 47 57 65 34
11 48 90 30 54
11 49 20 28 38
11 50 25 62 13
11 51 48 20 31
11 52 30 52 41
11 53 58 28 53
11 54 19 20 21
11 55 81 84 62
11 56 81 49 37
11 57 11 65 15
11 58 26 13 13
11 59 90 62 59
11 60 4 3 66
11 61 48 43 71
11 62 24 40 56
11 63 69 46 76
11 64 92 33 71
11 65 69 43 47
11 66 42 46 33
11 67 90 32 64
11 68 47 52 78
11 69 50 32 73
11 70 10 24 53
11 71 63 49 41
11 72 37 50 73
11 73 53 73 38
11 74 70 31 42
11 75 53 29 48
11 76 28 17 40
11 77 21 67 52
11 78 11 13 42
11 79 49 64 55
11 80 79 58 80
11 81 40 14 44
11 82 99 57 30
11 83 30 33 33
11 84 62 53 68
11 85 13 32 5
11 86 35 72 16
11 87 39 17 19
11 88 90 64 60
11 89 7 37 53
11 90 32 66 57
11 91 3 42 36
11 92 13 26 6
11 93 18 65 18
11 94 48 16 51
11 95 0 51 35
11 96 92 61 87
11 97 38 52 74
11 98 18 53 18
11 99 30 11 70
12 13 57 27 53
12 14 74 33 76
12 15 70 88 32
12 16 60 44 77
12 17 5 50 18
12 18 2 44 9
12 19 0 43 36
12 20 28 63 21
12 21 13 66 53
12 22 44 66 33
12 23 20 27 47
12 24 90 94 82
12 25 66 50 84
12 26 18 50 46
12 27 92 91 96
12 28 22 20 71
12 29 4 15 56
12 30 77 51 75
12 31 78 36 49
12 32 47 64 79
12 33 58 25 39
12 34 72 39 43
12 35 33 57 74
12 36 90 68 48
12 37 66 29 26
12 38 98 32 46
12 39 77 65 72
12 40 56 49 73
12 41 44 47 59
12 42 84 59 32
12 43 41 70 13
12 44 46 74 29
12 45 26 61 18
12 46 95 29 60
12 47 59 36 44
12 48 80 91 42
12 49 71 51 70
12 50 12 56 45
12 51 5 48 57
12 52 3 57 16
12 53 67 54 47
12 54 26 66 70
12 55 12 38 49
12 56 40 42 37
12 57 34 59 25
12 58 97 60 38
12 59 68 43 41
12 60 56 39 57
12 61 12 41 16
12 62 38 47 62
12 63 30 59 63
12 64 0 25 26
12 65 2 18 17
12 66 90 79 56
12 67 66 72 36
12 68 14 37 61
12 69 52 32 44
12 70 7 6 34
12 71 11 70 65
12 72 42 23 20
12 73 86 66 49
12 74 67 71 79
12 75 10 44 45
12 76 35 51 43
12 77 25 27 9
12 78 21 24 59
12 79 26 39 37
12 80 41 71 76
12 81 36 43 67
12 82 28 33 40
12 83 35 30 76
12 84 38 30 79
12 85 96 38 44
12 86 88 84 49
12 87 46 37 64
12 88 92 51 53
12 89 43 13 61
12 90 85 46 65
12 91 35 36 34
12 92 81 87 40
12 93 14 23 55
12 94 90 52 40
12 95 57 44 71
12 96 60 25 78
12 97 92 63 78
12 98 34 30 61
12 99 96 77 90
13 14 84 65 40
13 15 77 67 49
13 16 80 35 37
13 17 41 47 72
13 18 46 74 16
13 19 18 47 49
13 20 94 84 44
13 21 16 48 9
13 22 50 33 79
13 23 9 50 36
13 24 7 9 53
13 25 71 45 75
13 26 57 18 85
13 27 50 79 24
13 28 70 22 40
13 29 78 60 46
13 30 8 69 36
13 31 36 46 27
13 32 56 38 65
13 33 34 19 72
13 34 46 48 51
13 35 46 60 36
13 36 68 75 72
13 37 60 50 75
13 38 60 83 77
13 39 26 17 60
13 40 50 64 18
13 41 46 52 66
13 42 46 46 46
13 43 56 50 61
13 44 65 38 45
13 45 16 19 66
13 46 9 30 70
13 47 11 6 12
13 48 39 54 21
13 49 28 57 19
13 50 67 22 71
13 51 19 32 33
13 52 1 56 22
13 53 53 62 70
13 54 8 28 48
13 55 98 51 95
13 56 5 6 29
13 57 32 27 11
13 58 71 85 84
13 59 20 35 30
13 60 72 51 24
13 61 45 31 60
13 62 39 60 16
13 63 58 50 58
13 64 3 62 40
13 65 56 17 72
13 66 27 50 57
13 67 12 51 14
13 68 70 36 65
13 69 43 78 20
13 70 2 56 49
13 71 70 39 58
13 72 5 54 49
13 73 93 71 61
13 74 93 60 66
13 75 34 17 60
13 76 55 85 51
13 77 35 33 27
13 78 41 64 42
13 79 84 79 54
13 80 58 46 70
13 81 25 27 36
13 82 86 45 86
13 83 43 28 13
13 84 7 67 42
13 85 1 35 52
13 86 17 22 67
13 87 1 8 57
13 88 96 55 68
13 89 95 53 85
13 90 28 72 38
13 91 95 82 89
13 92 3 5 19
13 93 66 52 20
13 94 69 66 83
13 95 42 25 61
13 96 23 42 36
13 97 15 51 73
13 98 6 33 27
13 99 55 23 53
14 15 80 74 50
14 16 25 46 33
14 17 52 60 56
14 18 43 54 34
14 19 13 35 66
14 20 37 59 31
14 21 44 23 51
14 22 95 42 62
14 23 86 55 65
14 24 32 73 57
14 25 20 34 71
14 26 97 87 34
14 27 6 66 61
14 28 92 32 34
14 29 90 47 43
14 30 57 56 21
14 31 46 67 16
14 32 38 67 46
14 33 47 20 18
14 34 54 29 23
14 35 43 41 34
14 36 73 83 86
14 37 63 38 88
14 38 36 67 65
14 39 63 77 80
14 40 53 51 65
14 41 79 32 43
14 42 12 7 58
14 43 72 25 79
14 44 86 54 78
14 45 75 24 37
14 46 70 35 52
14 47 1 59 17
14 48 12 46 65
14 49 79 49 90
14 50 93 77 63
14 51 92 67 72
14 52 71 64 66
14 53 32 16 42
14 54 30 77 39
14 55 71 87 91
14 56 76 76 59
14 57 55 19 51
14 58 20 20 16
14 59 87 60 88
14 60 10 6 20
14 61 3 7 63
14 62 79 34 28
14 63 74 57 77
14 64 0 1 45
14 65 68 57 51
14 66 83 63 29
14 67 59 29 76
14 68 45 35 30
14 69 23 27 61
14 70 97 78 93
14 71 71 66 44
14 72 40 41 34
14 73 4 31 18
14 74 82 35 48
14 75 22 49 18
14 76 76 26 38
14 77 72 63 32
14 78 51 39 19
14 79 66 89 69
14 80 50 70 21
14 81 90 69 64
14 82 87 37 63
14 83 22 8 24
14 84 63 22 75
14 85 79 70 73
14 86 74 58 74
14 87 84 27 72
14 88 99 56 89
14 89 29 36 33
14 90 69 64 26
14 91 83 44 66
14 92 86 44 69
14 93 96 81 36
14 94 84 34 40
14 95 44 32 70
14 96 76 76 25
14 97 36 35 80
14 98 48 17 69
14 99 14 50 10
15 16 10 13 58
15 17 27 9 75
15 18 58 61 70
15 19 18 52 30
15 20 33 78 12
15 21 52 80 49
15 22 66 36 27
15 23 9 40 23
15 24 99 96 38
15 25 40 54 79
15 26 51 81 61
15 27 80 84 30
15 28 73 84 32
15 29 55 39 37
15 30 75 59 27
15 31 79 69 86
15 32 22 11 6
15 33 19 75 60
15 34 81 28 91
15 35 58 61 79
15 36 64 68 66
15 37 27 28 25
15 38 20 42 9
15 39 1 64 42
15 40 40 17 32
15 41 73 37 85
15 42 33 27 56
15 43 87 89 40
15 44 29 57 63
15 45 31 14 32
15 46 4 30 65
15 47 58 27 31
15 48 52 42 58
15 49 53 43 44
15 50 82 83 92
15 51 26 33 19
15 52 62 45 52
15 53 5 59 18
15 54 22 41 53
15 55 22 50 53
15 56 43 81 30
15 57 89 63 79
15 58 71 79 77
15 59 69 89 82
15 60 49 51 49
15 61 37 80 40
15 62 31 60 50
15 63 96 83 52
15 64 7 42 60
15 65 73 33 30
15 66 43 36 23
15 67 32 30 28
15 68 58 34 21
15 69 69 54 56
15 70 39 20 44
15 71 40 29 81
15 72 26 36 77
15 73 86 90 53
15 74 31 74 76
15 75 74 89 85
15 76 93 58 37
15 77 19 75 35
15 78 97 86 82
15 79 63 69 43
15 80 66 49 76
15 81 5 42 38
15 82 95 54 43
15 83 98 41 30
15 84 81 27 55
15 85 44 44 28
15 86 40 59 49
15 87 99 76 44
15 88 40 64 40
15 89 8 53 15
15 90 40 26 46
15 91 68 51 78
15 92 69 63 28
15 93 29 57 37
15 94 96 74 39
15 95 47 61 59
15 96 98 94 41
15 97 88 46 59
15 98 8 46 63
15 99 2 63 27
16 17 98 54 35
16 18 99 51 88
16 19 69 90 24
16 20 64 59 38
16 21 18 45 24
16 22 87 63 91
16 23 29 52 76
16 24 8 61 69
16 25 35 36 20
16 26 14 33 37
16 27 61 60 85
16 28 65 68 65
16 29 26 9 63
16 30 89 56 64
16 31 7 28 47
16 32 97 54 37
16 33 33 53 62
16 34 15 34 7
16 35 43 79 59
16 36 49 17 19
16 37 99 37 67
16 38 7 18 24
16 39 29 39 36
16 40 62 68 45
16 41 31 46 24
16 42 37 75 33
16 43 70 59 37
16 44 15 13 7
16 45 10 17 20
16 46 81 65 38
16 47 41 20 74
16 48 35 28 50
16 49 86 76 47
16 50 98 97 92
16 51 86 32 63
16 52 30 75 61
16 53 49 51 37
16 54 81 66 88
16 55 32 19 39
16 56 11 29 21
16 57 7 48 50
16 58 39 23 23
16 59 15 19 37
16 60 92 38 74
16 61 52 68 43
16 62 64 20 69
16 63 44 60 18
16 64 74 56 41
16 65 69 47 29
16 66 31 17 34
16 67 8 63 10
16 68 93 58 58
16 69 56 48 48
16 70 95 54 60
16 71 73 34 24
16 72 38 50 57
16 73 41 76 18
16 74 61 52 19
16 75 16 51 31
16 76 43 15 40
16 77 1 67 50
16 78 84 85 54
16 79 2 21 53
16 80 22 62 49
16 81 58 33 27
16 82 80 25 60
16 83 17 56 54
16 84 89 77 93
16 85 61 43 70
16 86 79 92 40
16 87 19 73 10
16 88 66 61 64
16 89 23 41 11
16 90 42 75 55
16 91 68 85 73
16 92 33 18 50
16 93 26 38 34
16 94 99 92 47
16 95 5 27 41
16 96 13 65 26
16 97 95 34 83
16 98 35 34 60
16 99 47 81 69
17 18 16 23 67
17 19 94 71 60
17 20 36 66 36
17 21 96 32 33
17 22 47 49 58
17 23 45 70 79
17 24 21 58 58
17 25 26 25 72
17 26 56 59 17
17 27 48 51 82
17 28 92 65 39
17 29 34 11 18
17 30 83 70 29
17 31 79 76 60
17 32 35 13 45
17 33 88 65 46
17 34 4 47 8
17 35 98 71 80
17 36 96 86 66
17 37 54 73 38
17 38 69 48 89
17 39 20 41 55
17 40 43 57 65
17 41 7 71 14
17 42 44 63 65
17 43 51 70 74
17 44 91 59 78
17 45 5 3 59
17 46 36 46 37
17 47 51 83 84
17 48 61 46 55
17 49 69 31 30
17 50 40 67 36
17 51 3 14 14
17 52 24 45 8
17 53 33 69 35
17 54 66 46 20
17 55 28 62 72
17 56 26 8 11
17 57 28 59 73
17 58 5 44 23
17 59 19 46 68
17 60 43 23 34
17 61 67 22 22
17 62 76 69 46
17 63 21 33 9
17 64 9 36 6
17 65 43 34 61
17 66 18 8 16
17 67 31 66 72
17 68 55 41 78
17 69 62 25 80
17 70 73 40 48
17 71 36 72 17
17 72 13 67 10
17 73 50 64 28
17 74 18 18 20
17 75 41 70 80
17 76 42 78 22
17 77 13 72 39
17 78 75 24 60
17 79 76 42 65
17 80 4 68 7
17 81 48 81 38
17 82 83 50 43
17 83 0 61 61
17 84 75 84 47
17 85 84 73 81
17 86 61 86 53
17 87 77 61 63
17 88 41 21 55
17 89 22 44 64
17 90 84 47 74
17 91 64 85 80
17 92 49 47 55
17 93 5 42 68
17 94 34 30 36
17 95 65 87 64
17 96 57 87 59
17 97 41 24 26
17 98 39 38 55
17 99 42 31 70
18 19 36 53 47
18 20 46 37 55
18 21 61 26 85
18 22 97 47 52
18 23 9 42 20
18 24 36 80 32
18 25 64 66 88
18 26 36 31 72
18 27 59 27 85
18 28 63 20 20
18 29 29 43 63
18 30 50 37 29
18 31 74 29 57
18 32 76 45 52
18 33 9 21 42
18 34 39 63 67
18 35 43 19 45
18 36 39 17 62
18 37 42 68 67
18 38 60 53 47
18 39 16 7 9
18 40 6 25 50
18 41 92 61 77
18 42 10 50 69
18 43 79 72 38
18 44 94 83 96
18 45 73 22 30
18 46 86 88 51
18 47 16 32 70
18 48 63 53 45
18 49 90 40 67
18 50 20 35 34
18 51 8 26 44
18 52 6 69 31
18 53 18 30 48
18 54 16 58 38
18 55 78 29 45
18 56 98 43 50
18 57 79 27 48
18 58 9 29 37
18 59 39 47 68
18 60 22 65 43
18 61 70 51 89
18 62 50 70 72
18 63 95 93 64
18 64 15 33 73
18 65 19 47 23
18 66 80 71 52
18 67 39 72 71
18 68 69 48 50
18 69 84 57 62
18 70 8 36 28
18 71 0 37 11
18 72 56 55 35
18 73 29 21 14
18 74 33 76 79
18 75 5 29 33
18 76 28 76 26
18 77 20 8 59
18 78 60 35 26
18 79 95 66 62
18 80 93 35 79
18 81 76 28 23
18 82 91 55 82
18 83 67 86 67
18 84 39 39 14
18 85 96 31 48
18 86 98 77 92
18 87 82 83 77
18 88 67 29 39
18 89 31 26 50
18 90 86 47 78
18 91 33 33 41
18 92 77 55 57
18 93 88 80 83
18 94 4 29 40
18 95 65 78 43
18 96 85 28 64
18 97 39 51 16
18 98 23 46 19
18 99 16 60 12
19 20 22 41 61
19 21 14 62 48
19 22 98 54 97
19 23 40 65 46
19 24 39 64 43
19 25 15 29 53
19 26 6 42 22
19 27 71 38 58
19 28 76 84 67
19 29 69 36 55
19 30 57 80 47
19 31 90 90 62
19 32 21 7 28
19 33 39 67 63
19 34 66 25 29
19 35 10 44 26
19 36 21 8 30
19 37 8 17 41
19 38 56 38 35
19 39 75 77 28
19 40 3 18 20
19 41 22 61 19
19 42 88 31 38
19 43 17 60 11
19 44 71 23 85
19 45 40 19 39
19 46 62 61 22
19 47 65 84 27
19 48 48 34 16
19 49 7 66 28
19 50 66 35 38
19 51 39 58 12
19 52 55 85 83
19 53 85 51 83
19 54 4 62 54
19 55 66 53 61
19 56 27 62 16
19 57 3 63 49
19 58 74 50 32
19 59 10 43 47
19 60 79 42 28
19 61 98 50 89
19 62 59 84 48
19 63 67 43 74
19 64 73 39 89
19 65 20 23 26
19 66 77 29 81
19 67 71 86 65
19 68 58 33 21
19 69 67 57 76
19 70 62 25 29
19 71 74 31 80
19 72 14 11 48
19 73 47 32 21
19 74 73 75 42
19 75 40 67 12
19 76 19 14 33
19 77 44 30 48
19 78 18 41 50
19 79 27 9 15
19 80 78 32 30
19 81 15 65 45
19 82 74 66 90
19 83 46 73 52
19 84 70 71 61
19 85 72 35 83
19 86 41 56 75
19 87 4 53 37
19 88 67 21 53
19 89 91 28 49
19 90 9 56 39
19 91 67 53 22
19 92 81 74 89
19 93 21 35 74
19 94 19 23 29
19 95 51 26 26
19 96 7 37 41
19 97 7 49 17
19 98 29 34 42
19 99 10 32 60
20 21 10 37 16
20 22 33 21 24
20 23 37 39 21
20 24 30 78 22
20 25 54 71 27
20 26 59 74 59
20 27 24 20 26
20 28 23 22 64
20 29 15 65 63
20 30 46 42 38
20 31 78 67 30
20 32 93 38 37
20 33 87 40 63
20 34 3 58 59
20 35 29 77 40
20 36 66 80 21
20 37 3 69 2
20 38 73 24 29
20 39 63 73 83
20 40 59 32 23
20 41 24 21 62
20 42 67 58 30
20 43 4 48 62
20 44 31 78 38
20 45 75 40 54
20 46 30 56 38
20 47 21 17 29
20 48 28 36 74
20 49 91 73 76
20 50 6 32 9
20 51 29 67 47
20 52 77 58 91
20 53 15 36 44
20 54 41 25 29
20 55 50 17 22
20 56 34 33 78
20 57 14 65 19
20 58 85 38 35
20 59 60 50 23
20 60 22 76 66
20 61 49 41 43
20 62 2 39 45
20 63 5 38 48
20 64 61 20 35
20 65 66 73 35
20 66 39 23 18
20 67 36 52 35
20 68 37 43 46
20 69 35 63 57
20 70 85 60 70
20 71 53 46 44
20 72 69 50 26
20 73 97 38 52
20 74 4 69 36
20 75 96 83 32
20 76 90 29 66
20 77 19 20 22
20 78 76 92 44
20 79 83 56 58
20 80 41 67 21
20 81 59 44 81
20 82 13 33 4
20 83 28 58 22
20 84 94 85 82
20 85 1 50 46
20 86 47 81 17
20 87 66 46 82
20 88 5 66 39
20 89 82 48 46
20 90 91 27 66
20 91 52 20 27
20 92 18 46 57
20 93 8 32 60
20 94 93 39 42
20 95 75 61 87
20 96 46 49 30
20 97 12 42 6
20 98 74 70 67
20 99 85 58 48
21 22 70 81 31
21 23 31 33 36
21 24 15 31 50
21 25 75 47 67
21 26 23 58 23
21 27 74 76 42
21 28 88 74 92
21 29 6 38 48
21 30 26 35 67
21 31 53 86 48
21 32 29 67 67
21 33 19 45 51
21 34 56 23 43
21 35 70 61 68
21 36 50 80 66
21 37 56 27 55
21 38 78 64 37
21 39 83 55 46
21 40 43 48 63
21 41 25 57 67
21 42 77 82 80
21 43 18 8 67
21 44 99 86 59
21 45 25 70 75
21 46 19 56 42
21 47 88 61 30
21 48 70 27 30
21 49 45 15 65
21 50 72 62 74
21 51 30 27 9
21 52 42 75 65
21 53 85 26 58
21 54 88 66 95
21 55 87 80 43
21 56 2 5 67
21 57 37 64 25
21 58 50 18 44
21 59 41 79 46
21 60 98 44 30
21 61 55 46 80
21 62 66 67 43
21 63 27 71 70
21 64 41 49 26
21 65 20 67 45
21 66 78 44 50
21 67 38 38 47
21 68 6 42 62
21 69 46 70 30
21 70 39 75 47
21 71 42 22 20
21 72 85 29 72
21 73 12 47 32
21 74 27 30 12
21 75 8 58 31
21 76 10 7 57
21 77 87 68 79
21 78 97 47 89
21 79 82 47 71
21 80 51 23 77
21 81 65 77 30
21 82 81 86 68
21 83 32 66 39
21 84 12 60 51
21 85 31 32 26
21 86 70 85 54
21 87 61 54 66
21 88 69 81 29
21 89 99 75 53
21 90 45 78 60
21 91 21 14 39
21 92 27 35 16
21 93 28 75 78
21 94 29 41 61
21 95 82 49 37
21 96 63 41 31
21 97 69 55 65
21 98 5 17 67
21 99 32 66 13
22 23 60 84 33
22 24 37 25 67
22 25 21 48 69
22 26 82 42 85
22 27 77 74 64
22 28 34 19 14
22 29 63 39 62
22 30 97 90 44
22 31 36 14 58
22 32 69 33 63
22 33 35 50 55
22 34 31 77 39
22 35 82 84 67
22 36 95 67 36
22 37 70 36 34
22 38 92 27 79
22 39 22 25 15
22 40 74 25 82
22 41 5 21 63
22 42 65 88 69
22 43 76 74 55
22 44 8 24 8
22 45 84 85 83
22 46 46 60 23
22 47 4 27 43
22 48 0 3 3
22 49 33 31 48
22 50 46 61 83
22 51 17 30 74
22 52 94 62 37
22 53 75 64 85
22 54 39 14 81
22 55 83 33 44
22 56 84 48 78
22 57 32 52 54
22 58 18 63 68
22 59 40 51 13
22 60 91 96 72
22 61 96 97 95
22 62 40 26 20
22 63 13 33 14
22 64 44 39 22
22 65 5 12 40
22 66 63 56 86
22 67 37 25 56
22 68 51 79 67
22 69 61 33 73
22 70 27 47 32
22 71 84 31 86
22 72 91 92 35
22 73 78 47 33
22 74 60 68 52
22 75 93 72 91
22 76 85 59 70
22 77 34 75 57
22 78 62 36 55
22 79 26 58 20
22 80 13 19 61
22 81 56 28 52
22 82 50 22 27
22 83 8 21 36
22 84 80 55 60
22 85 16 29 34
22 86 95 51 74
22 87 98 36 96
22 88 80 79 84
22 89 23 21 64
22 90 63 46 25
22 91 27 29 25
22 92 56 43 50
22 93 54 47 71
22 94 0 8 8
22 95 45 33 30
22 96 7 36 51
22 97 84 72 55
22 98 83 36 85
22 99 70 78 90
23 24 20 45 27
23 25 87 53 45
23 26 74 62 33
23 27 56 43 21
23 28 39 22 75
23 29 40 31 26
23 30 41 61 54
23 31 79 80 33
23 32 7 33 56
23 33 79 52 34
23 34 4 21 54
23 35 23 32 35
23 36 86 75 38
23 37 62 55 55
23 38 77 87 76
23 39 36 34 20
23 40 1 29 46
23 41 67 71 42
23 42 64 38 51
23 43 8 33 5
23 44 18 32 68
23 45 76 75 90
23 46 22 23 60
23 47 83 52 58
23 48 56 21 51
23 49 93 38 71
23 50 62 58 45
23 51 94 85 88
23 52 55 80 53
23 53 35 41 52
23 54 16 45 35
23 55 17 48 40
23 56 46 39 36
23 57 51 85 50
23 58 71 79 83
23 59 71 33 40
23 60 87 41 59
23 61 71 21 59
23 62 1 56 36
23 63 96 84 97
23 64 59 75 45
23 65 41 51 18
23 66 56 81 86
23 67 87 54 89
23 68 28 35 49
23 69 26 8 71
23 70 92 45 87
23 71 72 32 53
23 72 50 51 31
23 73 4 50 33
23 74 21 75 26
23 75 16 30 20
23 76 9 38 15
23 77 72 34 51
23 78 72 37 47
23 79 9 21 40
23 80 56 30 57
23 81 2 6 5
23 82 40 14 12
23 83 57 41 33
23 84 46 32 73
23 85 71 74 35
23 86 59 41 41
23 87 45 47 67
23 88 89 29 66
23 89 92 71 84
23 90 80 78 84
23 91 25 13 48
23 92 44 81 28
23 93 26 70 24
23 94 32 52 45
23 95 34 30 59
23 96 3 31 59
23 97 84 83 38
23 98 82 59 91
23 99 57 48 64
24 25 63 35 20
24 26 56 56 80
24 27 55 44 73
24 28 87 77 54
24 29 8 49 33
24 30 23 47 40
24 31 49 23 79
24 32 69 54 35
24 33 84 39 62
24 34 22 21 25
24 35 78 87 28
24 36 94 81 87
24 37 55 27 73
24 38 51 42 21
24 39 79 66 42
24 40 26 29 32
24 41 85 57 87
24 42 93 59 88
24 43 81 70 70
24 44 93 52 43
24 45 13 72 51
24 46 41 13 31
24 47 29 47 56
24 48 84 94 33
24 49 68 28 46
24 50 9 28 40
24 51 83 60 90
24 52 36 63 46
24 53 95 39 62
24 54 4 48 6
24 55 11 16 62
24 56 89 40 48
24 57 68 23 27
24 58 80 59 73
24 59 2 34 25
24 60 7 43 10
24 61 4 52 21
24 62 15 54 65
24 63 81 85 54
24 64 53 43 80
24 65 62 56 43
24 66 37 48 51
24 67 84 35 50
24 68 12 9 47
24 69 58 27 48
24 70 86 84 75
24 71 49 15 36
24 72 27 39 61
24 73 28 47 61
24 74 39 13 70
24 75 21 39 46
24 76 16 40 9
24 77 42 28 16
24 78 94 33 64
24 79 37 53 57
24 80 71 40 61
24 81 11 72 9
24 82 12 17 43
24 83 46 32 14
24 84 37 69 44
24 85 70 69 52
24 86 72 56 45
24 87 14 47 54
24 88 3 62 22
24 89 90 27 67
24 90 96 68 29
24 91 16 19 30
24 92 69 87 71
24 93 22 67 75
24 94 17 47 44
24 95 60 44 46
24 96 38 13 40
24 97 92 81 70
24 98 80 41 27
24 99 96 37 77
25 26 70 86 83
25 27 99 42 60
25 28 83 83 64
25 29 84 31 53
25 30 5 22 68
25 31 29 73 35
25 32 22 38 64
25 33 88 54 72
25 34 30 76 49
25 35 6 66 29
25 36 5 50 55
25 37 29 46 15
25 38 29 24 59
25 39 21 22 69
25 40 83 54 83
25 41 29 26 69
25 42 69 79 32
25 43 20 55 22
25 44 21 10 74
25 45 33 36 31
25 46 2 38 52
25 47 75 47 79
25 48 3 64 34
25 49 45 63 42
25 50 93 37 33
25 51 68 83 55
25 52 17 65 36
25 53 17 19 49
25 54 19 33 48
25 55 24 47 31
25 56 31 30 58
25 57 22 22 64
25 58 57 72 35
25 59 69 72 89
25 60 75 41 74
25 61 69 88 25
25 62 23 25 34
25 63 88 94 30
25 64 58 55 62
25 65 56 25 56
25 66 71 77 29
25 67 8 72 12
25 68 86 91 91
25 69 7 11 60
25 70 61 29 79
25 71 97 86 75
25 72 76 61 80
25 73 89 79 78
25 74 23 16 44
25 75 59 42 59
25 76 95 91 85
25 77 54 20 39
25 78 20 12 30
25 79 44 75 51
25 80 25 12 53
25 81 92 45 93
25 82 68 83 84
25 83 43 62 41
25 84 77 62 28
25 85 43 45 13
25 86 17 46 55
25 87 48 84 55
25 88 86 48 65
25 89 16 34 55
25 90 36 11 12
25 91 83 25 55
25 92 97 85 68
25 93 2 33 57
25 94 23 51 61
25 95 41 70 59
25 96 9 13 52
25 97 66 67 83
25 98 48 80 77
25 99 0 19 30
26 27 5 35 6
26 28 57 74 64
26 29 95 53 49
26 30 72 46 22
26 31 9 16 14
26 32 38 73 44
26 33 90 73 69
26 34 21 7 15
26 35 31 41 29
26 36 47 76 63
26 37 73 91 27
26 38 62 83 34
26 39 88 76 69
26 40 64 79 44
26 41 47 51 68
26 42 48 80 77
26 43 27 19 32
26 44 52 52 41
26 45 58 32 69
26 46 79 90 49
26 47 18 47 21
26 48 75 36 91
26 49 40 80 52
26 50 27 42 77
26 51 30 36 12
26 52 69 36 62
26 53 82 53 61
26 54 75 30 71
26 55 73 68 86
26 56 47 64 59
26 57 39 39 22
26 58 10 50 6
26 59 55 76 33
26 60 75 68 87
26 61 71 77 23
26 62 43 15 47
26 63 21 70 71
26 64 50 55 56
26 65 8 61 42
26 66 19 18 38
26 67 50 60 58
26 68 25 16 56
26 69 76 35 29
26 70 51 62 17
26 71 52 63 70
26 72 51 54 18
26 73 17 44 67
26 74 38 57 78
26 75 70 44 73
26 76 13 18 58
26 77 52 40 43
26 78 86 82 41
26 79 51 58 72
26 80 0 48 29
26 81 29 40 56
26 82 57 44 60
26 83 76 66 38
26 84 43 81 16
26 85 52 52 44
26 86 68 47 58
26 87 39 43 13
26 88 47 74 56
26 89 94 94 81
26 90 45 32 71
26 91 36 52 70
26 92 38 63 51
26 93 57 69 69
26 94 45 29 19
26 95 76 68 67
26 96 83 91 41
26 97 52 67 48
26 98 18 45 65
26 99 30 68 76
27 28 19 38 55
27 29 90 43 56
27 30 81 50 71
27 31 80 24 92
27 32 4 34 40
27 33 76 70 68
27 34 27 22 56
27 35 0 66 51
27 36 5 54 34
27 37 84 49 74
27 38 26 73 45
27 39 98 44 83
27 40 89 69 95
27 41 60 46 51
27 42 66 68 86
27 43 47 48 78
27 44 43 23 61
27 45 78 74 35
27 46 0 26 9
27 47 21 49 52
27 48 26 12 51
27 49 76 66 90
27 50 9 3 19
27 51 34 16 78
27 52 47 41 50
27 53 96 34 50
27 54 14 55 43
27 55 68 46 75
27 56 18 12 10
27 57 33 29 56
27 58 38 42 60
27 59 15 27 13
27 60 71 48 51
27 61 33 12 72
27 62 50 79 16
27 63 67 71 83
27 64 76 73 61
27 65 83 36 58
27 66 42 41 49
27 67 33 13 24
27 68 70 43 53
27 69 31 68 55
27 70 50 78 65
27 71 92 45 96
27 72 52 81 27
27 73 93 40 74
27 74 23 45 39
27 75 15 29 63
27 76 61 45 64
27 77 65 50 21
27 78 8 71 50
27 79 63 68 28
27 80 73 46 61
27 81 36 44 75
27 82 73 64 32
27 83 52 48 76
27 84 99 79 88
27 85 78 79 90
27 86 33 60 71
27 87 56 26 74
27 88 57 20 63
27 89 61 85 20
27 90 68 32 33
27 91 33 53 48
27 92 13 40 69
27 93 78 28 32
27 94 51 46 20
27 95 43 42 72
27 96 8 50 32
27 97 99 63 99
27 98 13 30 6
27 99 11 41 21
28 29 83 79 92
28 30 43 14 21
28 31 65 26 39
28 32 94 46 54
28 33 48 27 39
28 34 56 43 80
28 35 71 66 41
28 36 21 69 52
28 37 55 51 21
28 38 43 17 58
28 39 12 24 34
28 40 68 21 22
28 41 77 73 90
28 42 85 82 43
28 43 95 74 83
28 44 16 70 51
28 45 16 14 72
28 46 86 52 67
28 47 19 69 65
28 48 72 21 61
28 49 47 37 58
28 50 91 38 97
28 51 99 70 46
28 52 8 9 52
28 53 97 66 59
28 54 75 36 26
28 55 72 50 57
28 56 46 82 21
28 57 95 89 93
28 58 28 27 62
28 59 90 63 32
28 60 18 27 24
28 61 25 66 62
28 62 68 75 57
28 63 35 39 20
28 64 4 3 19
28 65 45 29 61
28 66 40 44 30
28 67 53 16 67
28 68 56 38 32
28 69 42 42 68
28 70 86 26 55
28 71 47 69 22
28 72 95 78 56
28 73 91 70 89
28 74 71 32 35
28 75 22 45 46
28 76 69 28 57
28 77 93 72 56
28 78 3 57 53
28 79 81 57 49
28 80 82 33 29
28 81 35 31 41
28 82 52 63 79
28 83 39 81 72
28 84 15 46 46
28 85 67 75 77
28 86 87 75 63
28 87 29 71 58
28 88 91 81 44
28 89 37 21 58
28 90 44 46 38
28 91 24 12 43
28 92 49 29 38
28 93 63 64 85
28 94 70 52 78
28 95 61 43 18
28 96 63 71 39
28 97 78 33 85
28 98 75 74 59
28 99 80 68 44
29 30 16 66 42
29 31 39 22 55
29 32 70 56 55
29 33 44 15 26
29 34 72 84 47
29 35 83 67 63
29 36 63 22 34
29 37 97 80 47
29 38 68 83 76
29 39 81 38 47
29 40 22 32 66
29 41 51 75 82
29 42 82 52 86
29 43 74 77 71
29 44 3 63 57
29 45 37 72 31
29 46 8 69 44
29 47 61 54 32
29 48 96 97 32
29 49 73 77 53
29 50 98 99 58
29 51 58 81 56
29 52 22 31 68
29 53 49 27 46
29 54 21 49 19
29 55 11 19 45
29 56 65 35 70
29 57 69 34 36
29 58 71 21 87
29 59 75 35 58
29 60 71 74 29
29 61 15 63 66
29 62 88 44 96
29 63 94 55 41
29 64 77 70 67
29 65 24 69 11
29 66 80 76 40
29 67 27 21 37
29 68 38 28 55
29 69 50 63 37
29 70 0 13 43
29 71 89 35 79
29 72 64 57 26
29 73 62 62 66
29 74 42 40 64
29 75 48 39 43
29 76 63 31 45
29 77 88 31 89
29 78 35 55 60
29 79 7 7 26
29 80 22 9 17
29 81 38 41 18
29 82 31 67 25
29 83 90 38 44
29 84 48 22 69
29 85 22 63 35
29 86 93 30 36
29 87 63 30 23
29 88 46 54 46
29 89 71 88 28
29 90 40 78 69
29 91 47 32 32
29 92 65 82 24
29 93 53 47 50
29 94 98 60 36
29 95 17 68 31
29 96 60 57 29
29 97 76 55 61
29 98 57 56 69
29 99 99 90 68
30 31 74 83 49
30 32 54 47 47
30 33 34 24 28
30 34 26 59 60
30 35 55 37 61
30 36 91 68 89
30 37 26 12 34
30 38 9 47 70
30 39 37 77 45
30 40 37 37 66
30 41 75 40 60
30 42 77 84 32
30 43 53 54 43
30 44 34 73 21
30 45 72 49 23
30 46 22 35 12
30 47 75 49 43
30 48 30 61 77
30 49 20 35 75
30 50 38 63 37
30 51 14 30 57
30 52 20 23 38
30 53 33 33 58
30 54 73 70 89
30 55 36 63 19
30 56 49 35 53
30 57 66 55 38
30 58 51 48 33
30 59 13 16 6
30 60 1 62 49
30 61 70 85 66
30 62 57 44 28
30 63 31 16 25
30 64 26 66 12
30 65 17 32 72
30 66 14 36 30
30 67 48 48 19
30 68 32 64 75
30 69 25 25 49
30 70 5 37 14
30 71 88 58 87
30 72 99 45 58
30 73 80 29 27
30 74 68 28 31
30 75 64 74 73
30 76 75 27 90
30 77 50 20 77
30 78 58 51 29
30 79 22 33 68
30 80 12 71 38
30 81 62 71 78
30 82 8 68 11
30 83 84 74 58
30 84 16 17 25
30 85 30 31 27
30 86 13 31 18
30 87 22 46 11
30 88 82 30 32
30 89 55 59 42
30 90 29 24 32
30 91 96 37 91
30 92 22 57 23
30 93 2 42 50
30 94 6 28 12
30 95 0 26 21
30 96 50 31 33
30 97 84 85 48
30 98 48 21 40
30 99 30 11 40
31 32 33 47 61
31 33 77 89 87
31 34 31 31 23
31 35 82 80 69
31 36 92 66 29
31 37 35 13 27
31 38 3 38 42
31 39 54 77 83
31 40 58 36 31
31 41 3 26 25
31 42 55 40 42
31 43 28 33 53
31 44 81 27 71
31 45 9 46 69
31 46 16 62 25
31 47 24 36 32
31 48 48 20 75
31 49 11 64 27
31 50 3 16 31
31 51 90 82 93
31 52 45 60 81
31 53 75 37 27
31 54 86 94 53
31 55 68 44 63
31 56 63 69 68
31 57 56 35 60
31 58 36 65 69
31 59 50 51 36
31 60 90 34 39
31 61 2 51 1
31 62 67 71 49
31 63 86 51 89
31 64 53 64 36
31 65 8 68 13
31 66 26 65 73
31 67 28 28 27
31 68 40 32 66
31 69 61 45 54
31 70 4 61 54
31 71 13 43 61
31 72 81 82 70
31 73 55 66 35
31 74 86 29 69
31 75 42 81 19
31 76 1 27 40
31 77 75 34 26
31 78 30 49 49
31 79 47 18 67
31 80 34 77 47
31 81 16 5 51
31 82 78 58 90
31 83 14 12 16
31 84 65 66 57
31 85 46 70 55
31 86 14 6 7
31 87 99 44 52
31 88 88 79 88
31 89 42 66 76
31 90 17 73 63
31 91 3 3 25
31 92 10 72 8
31 93 90 59 62
31 94 44 75 39
31 95 54 61 71
31 96 12 23 12
31 97 10 12 64
31 98 3 55 42
31 99 41 39 33
32 33 22 15 73
32 34 0 45 13
32 35 89 92 44
32 36 62 74 36
32 37 34 67 31
32 38 79 70 87
32 39 73 83 48
32 40 67 27 82
32 41 41 54 55
32 42 67 78 46
32 43 14 16 21
32 44 5 7 56
32 45 65 26 76
32 46 5 32 33
32 47 88 28 42
32 48 17 56 39
32 49 72 79 30
32 50 16 29 69
32 51 88 27 64
32 52 57 58 73
32 53 25 73 65
32 54 42 62 39
32 55 45 40 83
32 56 98 79 74
32 57 25 9 73
32 58 2 13 52
32 59 23 39 65
32 60 71 53 41
32 61 32 43 69
32 62 4 2 6
32 63 23 41 75
32 64 88 35 47
32 65 22 10 12
32 66 56 65 56
32 67 79 84 40
32 68 42 44 60
32 69 91 65 34
32 70 3 1 47
32 71 40 44 57
32 72 91 52 80
32 73 42 64 15
32 74 2 64 69
32 75 17 60 6
32 76 36 73 42
32 77 10 34 36
32 78 38 14 32
32 79 41 64 38
32 80 41 18 48
32 81 79 56 34
32 82 1 0 38
32 83 7 67 35
32 84 91 67 69
32 85 54 40 46
32 86 55 53 27
32 87 9 41 18
32 88 77 48 91
32 89 37 17 46
32 90 89 81 95
32 91 78 65 36
32 92 33 47 43
32 93 75 65 79
32 94 77 85 44
32 95 73 65 80
32 96 25 71 24
32 97 78 63 83
32 98 75 70 32
32 99 40 54 31
33 34 82 57 76
33 35 46 80 81
33 36 57 66 80
33 37 93 77 56
33 38 11 20 60
33 39 22 33 23
33 40 66 87 24
33 41 39 38 78
33 42 16 70 49
33 43 66 71 74
33 44 64 67 30
33 45 2 16 63
33 46 6 35 14
33 47 90 32 38
33 48 73 76 26
33 49 82 46 71
33 50 93 44 60
33 51 19 55 20
33 52 21 58 69
33 53 12 44 48
33 54 84 39 49
33 55 45 28 65
33 56 91 47 60
33 57 48 63 62
33 58 96 57 50
33 59 97 45 45
33 60 82 51 73
33 61 51 29 74
33 62 8 52 53
33 63 49 47 18
33 64 45 49 38
33 65 40 77 20
33 66 40 20 53
33 67 13 37 47
33 68 71 64 45
33 69 66 44 36
33 70 20 28 70
33 71 66 39 75
33 72 21 53 61
33 73 53 75 80
33 74 94 86 48
33 75 97 67 84
33 76 60 25 27
33 77 61 40 46
33 78 96 59 55
33 79 70 43 41
33 80 18 65 21
33 81 13 25 42
33 82 95 84 91
33 83 32 60 59
33 84 62 78 19
33 85 94 34 94
33 86 23 51 53
33 87 79 54 68
33 88 22 37 72
33 89 90 69 91
33 90 62 71 79
33 91 47 42 29
33 92 7 35 53
33 93 35 26 55
33 94 83 75 78
33 95 29 20 50
33 96 49 44 65
33 97 87 86 34
33 98 28 53 27
33 99 76 37 63
34 35 87 91 57
34 36 38 79 50
34 37 13 30 57
34 38 70 21 63
34 39 75 45 58
34 40 81 34 54
34 41 88 51 81
34 42 38 52 40
34 43 26 68 69
34 44 23 74 64
34 45 13 26 39
34 46 39 17 22
34 47 97 98 90
34 48 54 20 17
34 49 7 21 54
34 50 20 65 32
34 51 33 53 70
34 52 25 40 49
34 53 75 50 45
34 54 95 97 98
34 55 95 97 39
34 56 45 74 23
34 57 97 30 70
34 58 71 47 36
34 59 44 26 39
34 60 96 45 79
34 61 50 37 39
34 62 5 69 39
34 63 64 74 88
34 64 74 72 60
34 65 99 43 61
34 66 84 36 79
34 67 13 54 26
34 68 76 67 46
34 69 35 49 12
34 70 6 46 13
34 71 36 41 50
34 72 20 15 34
34 73 26 44 60
34 74 39 49 52
34 75 39 64 13
34 76 43 70 50
34 77 31 63 43
34 78 68 25 37
34 79 3 55 22
34 80 6 6 42
34 81 2 42 36
34 82 15 19 16
34 83 63 28 35
34 84 76 52 47
34 85 68 21 30
34 86 34 52 60
34 87 36 79 72
34 88 96 88 81
34 89 35 67 32
34 90 13 30 23
34 91 53 54 58
34 92 82 77 61
34 93 93 73 29
34 94 6 13 22
34 95 18 20 47
34 96 95 62 71
34 97 50 57 58
34 98 43 51 32
34 99 16 9 67
35 36 82 37 49
35 37 3 50 53
35 38 62 38 26
35 39 65 35 81
35 40 78 65 68
35 41 64 48 36
35 42 94 64 92
35 43 33 62 36
35 44 99 93 63
35 45 60 45 85
35 46 97 73 92
35 47 52 20 39
35 48 38 24 53
35 49 46 77 66
35 50 5 6 23
35 51 91 77 83
35 52 38 27 37
35 53 35 42 74
35 54 39 62 47
35 55 66 27 38
35 56 29 29 58
35 57 79 27 51
35 58 50 61 59
35 59 58 38 74
35 60 24 50 45
35 61 26 62 73
35 62 2 50 54
35 63 84 38 43
35 64 83 56 49
35 65 36 21 32
35 66 33 60 70
35 67 51 54 18
35 68 98 73 45
35 69 78 86 23
35 70 29 35 30
35 71 54 55 32
35 72 49 70 55
35 73 31 45 26
35 74 91 84 33
35 75 18 37 27
35 76 7 16 13
35 77 98 80 69
35 78 1 9 17
35 79 89 28 49
35 80 48 76 84
35 81 59 19 42
35 82 32 64 42
35 83 26 9 42
35 84 8 58 48
35 85 11 46 59
35 86 58 67 76
35 87 44 13 26
35 88 27 56 66
35 89 44 28 19
35 90 56 72 42
35 91 89 27 49
35 92 60 21 55
35 93 59 52 21
35 94 63 75 79
35 95 25 71 13
35 96 67 66 35
35 97 61 24 63
35 98 18 75 49
35 99 7 11 47
36 37 62 59 28
36 38 86 54 49
36 39 1 10 14
36 40 26 69 62
36 41 2 8 49
36 42 2 39 29
36 43 37 14 68
36 44 62 58 57
36 45 43 64 42
36 46 7 33 19
36 47 68 82 24
36 48 17 5 49
36 49 16 16 33
36 50 28 63 60
36 51 66 44 20
36 52 47 35 50
36 53 89 93 87
36 54 77 49 54
36 55 49 76 84
36 56 92 39 33
36 57 17 64 30
36 58 68 38 36
36 59 52 80 27
36 60 58 70 85
36 61 62 23 69
36 62 83 28 88
36 63 73 90 62
36 64 25 38 35
36 65 68 61 31
36 66 83 90 28
36 67 81 51 71
36 68 66 78 55
36 69 45 72 73
36 70 85 31 45
36 71 2 60 42
36 72 39 36 33
36 73 19 28 14
36 74 70 47 78
36 75 26 75 51
36 76 64 86 82
36 77 32 28 20
36 78 65 29 30
36 79 10 65 18
36 80 54 29 69
36 81 27 31 44
36 82 56 22 40
36 83 63 25 25
36 84 50 41 74
36 85 94 34 35
36 86 37 12 48
36 87 46 53 31
36 88 15 52 68
36 89 67 77 29
36 90 46 31 56
36 91 16 20 53
36 92 35 22 32
36 93 73 33 77
36 94 16 72 38
36 95 76 81 33
36 96 39 22 26
36 97 92 70 64
36 98 61 39 47
36 99 77 91 89
37 38 51 17 55
37 39 96 75 85
37 40 2 19 66
37 41 3 68 31
37 42 97 99 58
37 43 16 33 60
37 44 7 44 39
37 45 33 34 66
37 46 90 84 48
37 47 51 49 26
37 48 18 21 68
37 49 70 89 72
37 50 53 48 84
37 51 15 6 65
37 52 54 37 77
37 53 80 53 63
37 54 82 39 52
37 55 36 65 79
37 56 0 2 55
37 57 88 84 85
37 58 39 44 65
37 59 79 66 74
37 60 36 62 40
37 61 67 63 76
37 62 19 56 29
37 63 3 55 64
37 64 24 35 11
37 65 73 40 57
37 66 91 90 54
37 67 93 44 53
37 68 12 21 55
37 69 81 42 49
37 70 29 30 12
37 71 25 76 36
37 72 0 52 34
37 73 73 54 88
37 74 36 54 79
37 75 72 37 58
37 76 85 83 95
37 77 53 58 58
37 78 39 76 35
37 79 88 63 92
37 80 95 53 56
37 81 24 72 38
37 82 91 40 93
37 83 60 66 31
37 84 58 56 48
37 85 44 22 58
37 86 62 31 30
37 87 82 39 93
37 88 70 33 61
37 89 51 41 24
37 90 85 27 28
37 91 7 45 69
37 92 52 37 38
37 93 4 18 59
37 94 47 39 26
37 95 43 28 30
37 96 30 78 62
37 97 88 27 56
37 98 90 82 90
37 99 93 35 96
38 39 44 38 47
38 40 92 85 92
38 41 16 53 41
38 42 91 76 57
38 43 53 79 48
38 44 59 67 35
38 45 36 31 27
38 46 44 24 46
38 47 51 21 64
38 48 89 77 37
38 49 59 69 19
38 50 56 16 64
38 51 49 55 84
38 52 69 36 72
38 53 60 78 25
38 54 13 17 60
38 55 32 29 64
38 56 37 65 34
38 57 90 38 34
38 58 65 49 49
38 59 61 54 44
38 60 84 80 58
38 61 19 48 19
38 62 77 23 71
38 63 32 53 55
38 64 4 33 66
38 65 22 65 37
38 66 92 83 83
38 67 64 40 43
38 68 99 76 31
38 69 70 50 45
38 70 47 15 55
38 71 83 94 58
38 72 12 32 71
38 73 76 35 49
38 74 94 93 67
38 75 80 74 91
38 76 74 24 56
38 77 11 66 40
38 78 84 77 93
38 79 42 58 80
38 80 55 54 42
38 81 20 32 33
38 82 17 63 37
38 83 67 77 44
38 84 69 74 67
38 85 48 53 72
38 86 5 59 9
38 87 91 97 96
38 88 19 28 25
38 89 44 71 48
38 90 96 52 30
38 91 66 35 82
38 92 19 45 7
38 93 91 72 30
38 94 27 34 76
38 95 68 38 61
38 96 50 82 21
38 97 88 33 71
38 98 59 56 36
38 99 7 45 56
39 40 14 16 49
39 41 60 40 68
39 42 51 24 65
39 43 56 84 78
39 44 19 55 65
39 45 88 49 35
39 46 90 48 85
39 47 67 81 64
39 48 18 10 5
39 49 30 32 74
39 50 10 8 12
39 51 53 54 68
39 52 85 87 49
39 53 42 30 14
39 54 74 39 67
39 55 49 77 55
39 56 64 34 39
39 57 31 73 13
39 58 32 20 63
39 59 1 51 11
39 60 41 45 77
39 61 33 72 53
39 62 92 56 54
39 63 61 62 62
39 64 14 58 9
39 65 6 49 24
39 66 4 57 5
39 67 45 59 29
39 68 54 40 28
39 69 55 34 79
39 70 73 37 84
39 71 39 24 76
39 72 98 35 95
39 73 69 66 46
39 74 86 75 70
39 75 8 58 18
39 76 39 64 66
39 77 29 12 46
39 78 75 88 40
39 79 76 39 49
39 80 79 31 53
39 81 5 67 66
39 82 42 53 47
39 83 71 44 61
39 84 41 45 80
39 85 54 44 56
39 86 45 45 45
39 87 23 55 8
39 88 24 41 58
39 89 2 11 61
39 90 84 56 57
39 91 3 31 54
39 92 27 56 75
39 93 45 41 74
39 94 17 31 57
39 95 73 78 36
39 96 36 59 51
39 97 45 27 22
39 98 12 23 47
39 99 35 16 17
40 41 56 83 18
40 42 39 40 11
40 43 78 49 28
40 44 43 36 54
40 45 8 39 61
40 46 28 66 28
40 47 45 54 67
40 48 13 35 12
40 49 8 33 28
40 50 97 33 34
40 51 6 37 4
40 52 70 28 37
40 53 20 33 35
40 54 76 26 28
40 55 64 87 43
40 56 20 44 43
40 57 93 46 54
40 58 39 23 47
40 59 19 11 68
40 60 98 75 62
40 61 14 39 50
40 62 30 41 56
40 63 14 21 49
40 64 75 91 64
40 65 98 44 62
40 66 35 54 21
40 67 29 36 13
40 68 52 56 51
40 69 53 38 38
40 70 65 40 61
40 71 59 23 37
40 72 87 53 54
40 73 90 96 37
40 74 85 72 69
40 75 33 10 66
40 76 36 32 79
40 77 60 72 34
40 78 98 66 79
40 79 22 70 50
40 80 54 82 48
40 81 14 62 8
40 82 25 50 51
40 83 19 62 17
40 84 12 72 72
40 85 38 43 25
40 86 33 22 67
40 87 74 28 38
40 88 72 55 66
40 89 29 62 11
40 90 19 64 34
40 91 65 74 81
40 92 17 58 51
40 93 14 64 5
40 94 24 20 19
40 95 89 90 78
40 96 75 40 29
40 97 67 43 84
40 98 10 6 47
40 99 23 12 68
41 42 81 75 43
41 43 11 39 12
41 44 49 36 45
41 45 16 32 72
41 46 2 22 27
41 47 64 89 58
41 48 74 67 82
41 49 76 59 49
41 50 79 91 49
41 51 4 69 7
41 52 87 46 53
41 53 65 41 67
41 54 48 26 28
41 55 39 15 58
41 56 13 17 24
41 57 90 36 74
41 58 56 73 18
41 59 81 88 48
41 60 20 65 57
41 61 29 8 68
41 62 33 11 31
41 63 35 62 20
41 64 83 44 82
41 65 39 36 30
41 66 60 58 42
41 67 59 32 80
41 68 27 47 74
41 69 51 76 26
41 70 46 60 59
41 71 97 84 45
41 72 4 2 29
41 73 26 15 30
41 74 58 62 64
41 75 17 8 48
41 76 58 49 42
41 77 38 26 40
41 78 9 39 31
41 79 24 76 36
41 80 32 54 56
41 81 61 73 78
41 82 80 62 60
41 83 37 13 54
41 84 9 29 34
41 85 40 32 62
41 86 56 54 40
41 87 42 51 81
41 88 83 56 35
41 89 12 5 47
41 90 18 31 51
41 91 36 21 39
41 92 14 70 32
41 93 20 18 63
41 94 61 68 56
41 95 11 25 7
41 96 60 54 76
41 97 33 27 45
41 98 68 67 69
41 99 53 52 54
42 43 66 63 37
42 44 32 56 34
42 45 21 60 47
42 46 23 56 63
42 47 42 75 13
42 48 19 67 24
42 49 86 70 95
42 50 75 50 61
42 51 48 34 30
42 52 60 48 52
42 53 75 42 65
42 54 41 66 13
42 55 2 5 30
42 56 85 81 56
42 57 71 71 36
42 58 96 93 36
42 59 85 53 75
42 60 44 54 79
42 61 14 72 28
42 62 10 50 5
42 63 47 33 29
42 64 3 25 2
42 65 6 8 38
42 66 21 15 66
42 67 61 27 72
42 68 6 22 24
42 69 33 72 17
42 70 32 67 70
42 71 60 69 87
42 72 50 74 84
42 73 43 65 33
42 74 5 34 60
42 75 41 67 26
42 76 37 30 41
42 77 16 68 41
42 78 79 36 72
42 79 63 62 49
42 80 64 67 77
42 81 4 20 25
42 82 6 8 36
42 83 95 86 74
42 84 68 71 52
42 85 84 60 64
42 86 13 50 24
42 87 97 45 57
42 88 86 54 61
42 89 20 17 55
42 90 99 99 33
42 91 6 6 23
42 92 98 60 38
42 93 53 61 76
42 94 47 57 71
42 95 23 32 16
42 96 69 65 68
42 97 16 63 69
42 98 5 34 47
42 99 78 79 30
43 44 31 70 51
43 45 39 48 22
43 46 78 79 60
43 47 95 91 72
43 48 64 45 24
43 49 56 32 71
43 50 36 49 45
43 51 31 17 38
43 52 46 29 41
43 53 59 67 75
43 54 67 66 80
43 55 18 32 63
43 56 78 54 66
43 57 11 13 58
43 58 90 87 76
43 59 93 47 78
43 60 7 20 70
43 61 21 57 53
43 62 10 53 42
43 63 65 43 62
43 64 90 82 88
43 65 1 63 67
43 66 23 75 9
43 67 91 44 75
43 68 85 39 36
43 69 71 57 68
43 70 26 20 22
43 71 38 51 57
43 72 7 66 33
43 73 75 59 68
43 74 40 20 32
43 75 45 35 22
43 76 70 31 35
43 77 27 59 74
43 78 77 47 76
43 79 42 63 69
43 80 76 84 88
43 81 16 19 23
43 82 32 37 24
43 83 81 48 84
43 84 20 33 63
43 85 73 57 43
43 86 62 44 36
43 87 14 55 42
43 88 94 74 65
43 89 90 49 70
43 90 7 47 69
43 91 93 93 54
43 92 26 49 9
43 93 67 72 41
43 94 58 36 61
43 95 50 57 51
43 96 46 64 56
43 97 36 55 67
43 98 49 43 48
43 99 12 63 56
44 45 11 17 42
44 46 86 28 93
44 47 95 93 74
44 48 9 72 2
44 49 59 69 71
44 50 51 81 32
44 51 40 22 15
44 52 82 93 93
44 53 89 79 66
44 54 79 90 66
44 55 89 63 56
44 56 58 51 57
44 57 55 68 83
44 58 37 73 16
44 59 73 36 91
44 60 69 26 27
44 61 3 42 5
44 62 33 18 50
44 63 89 63 55
44 64 93 73 60
44 65 14 28 63
44 66 30 18 43
44 67 53 68 41
44 68 36 78 30
44 69 9 25 51
44 70 55 56 78
44 71 20 49 66
44 72 90 57 95
44 73 15 34 70
44 74 40 13 52
44 75 38 52 66
44 76 55 29 46
44 77 41 52 62
44 78 84 51 54
44 79 20 29 13
44 80 22 69 44
44 81 94 44 73
44 82 9 58 25
44 83 72 65 84
44 84 66 43 31
44 85 51 78 66
44 86 58 59 61
44 87 27 15 58
44 88 8 33 59
44 89 46 21 40
44 90 58 85 62
44 91 61 67 43
44 92 84 47 46
44 93 61 78 49
44 94 16 40 34
44 95 65 35 70
44 96 79 29 92
44 97 11 52 65
44 98 67 82 41
44 99 15 65 37
45 46 84 40 71
45 47 71 54 90
45 48 50 84 78
45 49 92 67 96
45 50 90 50 63
45 51 74 81 81
45 52 76 32 64
45 53 4 12 25
45 54 65 41 22
45 55 18 27 70
45 56 34 75 13
45 57 90 87 30
45 58 43 55 72
45 59 38 72 35
45 60 3 4 49
45 61 83 92 27
45 62 80 53 67
45 63 7 13 31
45 64 56 70 37
45 65 22 19 50
45 66 94 29 77
45 67 34 45 13
45 68 93 79 89
45 69 71 45 90
45 70 49 42 24
45 71 62 84 46
45 72 12 45 40
45 73 61 27 27
45 74 65 83 77
45 75 56 22 60
45 76 81 52 73
45 77 90 38 30
45 78 88 65 60
45 79 17 23 28
45 80 21 72 16
45 81 56 32 68
45 82 78 88 67
45 83 28 75 20
45 84 81 79 26
45 85 60 30 52
45 86 97 43 75
45 87 30 76 14
45 88 39 48 25
45 89 29 27 26
45 90 13 27 72
45 91 26 40 57
45 92 8 13 11
45 93 1 41 64
45 94 2 19 56
45 95 6 32 17
45 96 61 74 67
45 97 54 76 47
45 98 12 3 25
45 99 74 44 30
46 47 20 38 40
46 48 66 41 45
46 49 97 97 51
46 50 35 65 70
46 51 68 70 55
46 52 79 88 71
46 53 59 41 51
46 54 34 73 50
46 55 8 56 47
46 56 90 48 46
46 57 11 15 68
46 58 64 64 37
46 59 64 24 27
46 60 91 66 64
46 61 26 15 72
46 62 7 28 43
46 63 69 68 51
46 64 20 25 57
46 65 93 43 66
46 66 33 59 29
46 67 47 57 68
46 68 8 28 65
46 69 44 34 35
46 70 51 37 67
46 71 83 38 35
46 72 72 42 63
46 73 85 92 91
46 74 45 56 65
46 75 3 18 69
46 76 87 94 29
46 77 44 76 64
46 78 49 57 82
46 79 40 28 76
46 80 42 48 30
46 81 51 73 54
46 82 60 51 57
46 83 95 70 66
46 84 67 24 49
46 85 79 91 37
46 86 78 44 72
46 87 89 58 49
46 88 19 31 15
46 89 39 21 80
46 90 80 51 64
46 91 39 31 18
46 92 6 57 69
46 93 99 55 33
46 94 60 54 34
46 95 75 83 27
46 96 70 60 22
46 97 29 59 66
46 98 26 69 52
46 99 69 34 88
47 48 51 43 35
47 49 72 80 28
47 50 52 53 47
47 51 4 50 12
47 52 6 54 58
47 53 75 42 40
47 54 36 47 30
47 55 45 75 22
47 56 55 83 62
47 57 97 54 70
47 58 96 31 54
47 59 53 22 71
47 60 29 27 11
47 61 91 55 30
47 62 94 83 32
47 63 89 81 54
47 64 72 79 77
47 65 92 34 56
47 66 38 28 59
47 67 44 42 32
47 68 7 12 52
47 69 56 60 27
47 70 44 77 66
47 71 43 23 74
47 72 88 89 44
47 73 17 48 57
47 74 70 59 53
47 75 52 72 47
47 76 32 78 55
47 77 46 37 78
47 78 9 22 54
47 79 92 51 48
47 80 83 31 49
47 81 88 52 69
47 82 35 60 45
47 83 74 78 23
47 84 44 48 45
47 85 47 43 49
47 86 56 83 71
47 87 17 40 67
47 88 23 20 38
47 89 60 84 36
47 90 83 37 79
47 91 73 70 53
47 92 39 72 17
47 93 30 48 75
47 94 90 86 54
47 95 78 36 46
47 96 10 38 50
47 97 57 74 65
47 98 76 28 80
47 99 68 52 59
48 49 98 41 56
48 50 88 49 66
48 51 68 77 42
48 52 97 33 72
48 53 26 63 74
48 54 22 17 20
48 55 81 48 25
48 56 54 66 20
48 57 56 69 61
48 58 87 79 32
48 59 75 50 53
48 60 10 70 7
48 61 51 43 47
48 62 17 23 30
48 63 34 75 32
48 64 13 58 22
48 65 37 63 72
48 66 61 64 35
48 67 21 37 72
48 68 21 51 48
48 69 56 38 21
48 70 75 78 65
48 71 6 14 27
48 72 41 81 23
48 73 47 23 36
48 74 62 21 36
48 75 12 20 70
48 76 40 30 27
48 77 70 46 34
48 78 54 24 69
48 79 47 33 69
48 80 80 45 85
48 81 88 54 74
48 82 11 60 10
48 83 19 10 63
48 84 48 63 30
48 85 91 81 95
48 86 11 66 6
48 87 53 23 22
48 88 16 17 55
48 89 45 22 32
48 90 38 62 44
48 91 0 63 32
48 92 74 48 51
48 93 15 19 11
48 94 40 70 14
48 95 13 6 10
48 96 37 68 44
48 97 68 81 69
48 98 80 61 85
48 99 23 13 36
49 50 61 63 62
49 51 19 14 30
49 52 56 32 63
49 53 58 45 65
49 54 59 73 59
49 55 32 31 20
49 56 54 83 52
49 57 15 23 34
49 58 76 35 80
49 59 96 82 56
49 60 88 74 75
49 61 53 61 18
49 62 98 88 54
49 63 72 68 23
49 64 46 63 58
49 65 7 31 29
49 66 38 12 12
49 67 38 73 39
49 68 69 79 36
49 69 95 42 74
49 70 54 42 22
49 71 52 82 73
49 72 12 44 66
49 73 12 36 44
49 74 26 72 8
49 75 38 49 40
49 76 38 14 29
49 77 73 75 86
49 78 19 8 70
49 79 71 44 43
49 80 52 84 84
49 81 93 93 88
49 82 2 27 34
49 83 73 64 46
49 84 6 38 65
49 85 90 72 45
49 86 66 73 59
49 87 50 80 30
49 88 58 86 63
49 89 0 1 64
49 90 27 53 52
49 91 11 71 55
49 92 42 38 23
49 93 40 38 76
49 94 82 67 83
49 95 53 42 51
49 96 7 27 33
49 97 54 39 82
49 98 82 93 28
49 99 65 66 27
50 51 17 18 58
50 52 30 55 28
50 53 33 37 45
50 54 32 27 67
50 55 38 26 66
50 56 46 51 17
50 57 82 81 46
50 58 15 50 29
50 59 74 24 72
50 60 94 42 96
50 61 26 58 37
50 62 0 40 39
50 63 6 33 25
50 64 48 52 61
50 65 39 51 28
50 66 57 23 27
50 67 76 39 47
50 68 70 34 46
50 69 73 63 35
50 70 51 67 45
50 71 82 83 71
50 72 19 62 15
50 73 32 50 10
50 74 48 42 64
50 75 48 36 25
50 76 99 65 37
50 77 14 66 49
50 78 10 67 39
50 79 55 23 20
50 80 79 75 69
50 81 90 56 67
50 82 82 71 86
50 83 10 40 66
50 84 34 16 20
50 85 84 86 76
50 86 63 77 69
50 87 96 32 73
50 88 5 17 9
50 89 28 70 30
50 90 55 38 81
50 91 8 17 68
50 92 2 46 15
50 93 74 77 30
50 94 84 36 57
50 95 46 69 48
50 96 96 38 69
50 97 57 65 60
50 98 24 67 72
50 99 27 25 9
51 52 26 66 40
51 53 77 84 80
51 54 76 43 34
51 55 58 55 59
51 56 33 32 18
51 57 22 44 48
51 58 3 66 2
51 59 94 76 33
51 60 2 29 3
51 61 85 94 25
51 62 18 47 29
51 63 95 86 45
51 64 82 77 32
51 65 47 39 37
51 66 15 12 51
51 67 72 69 51
51 68 36 31 30
51 69 74 65 38
51 70 74 78 24
51 71 38 26 25
51 72 90 45 68
51 73 80 72 63
51 74 51 50 47
51 75 44 69 50
51 76 13 49 62
51 77 21 55 69
51 78 98 42 78
51 79 79 30 74
51 80 92 28 84
51 81 8 27 36
51 82 35 30 26
51 83 11 61 61
51 84 46 36 15
51 85 73 49 55
51 86 65 28 40
51 87 36 18 31
51 88 82 51 82
51 89 78 77 27
51 90 18 53 75
51 91 32 75 15
51 92 94 52 34
51 93 70 75 31
51 94 95 38 43
51 95 37 80 31
51 96 85 48 38
51 97 34 76 48
51 98 71 47 26
51 99 9 6 30
52 53 60 34 80
52 54 12 11 17
52 55 19 64 34
52 56 30 70 47
52 57 83 50 92
52 58 12 15 68
52 59 87 77 28
52 60 24 64 64
52 61 22 61 16
52 62 76 79 42
52 63 70 68 71
52 64 29 21 39
52 65 49 76 58
52 66 69 82 62
52 67 39 32 63
52 68 13 63 30
52 69 12 18 23
52 70 1 54 10
52 71 65 35 50
52 72 79 69 44
52 73 48 15 16
52 74 44 71 21
52 75 90 69 36
52 76 64 71 60
52 77 22 30 49
52 78 42 59 42
52 79 74 53 54
52 80 5 40 25
52 81 87 80 65
52 82 30 65 12
52 83 79 32 86
52 84 96 77 73
52 85 52 34 76
52 86 56 20 66
52 87 20 43 19
52 88 17 27 9
52 89 27 11 18
52 90 71 65 47
52 91 51 40 41
52 92 1 2 27
52 93 36 19 14
52 94 39 12 59
52 95 86 27 59
52 96 66 55 75
52 97 26 50 57
52 98 46 82 32
52 99 18 19 34
53 54 51 23 47
53 55 14 34 44
53 56 16 17 63
53 57 22 37 7
53 58 52 69 40
53 59 2 33 13
53 60 24 8 19
53 61 6 37 27
53 62 17 38 59
53 63 72 91 40
53 64 97 51 34
53 65 64 36 60
53 66 14 51 73
53 67 99 69 51
53 68 41 73 47
53 69 28 44 43
53 70 50 62 23
53 71 19 52 48
53 72 50 56 84
53 73 15 33 9
53 74 53 53 45
53 75 6 48 66
53 76 34 42 29
53 77 85 27 82
53 78 16 23 21
53 79 45 35 76
53 80 22 24 57
53 81 66 89 39
53 82 83 58 58
53 83 51 16 16
53 84 57 29 86
53 85 16 56 35
53 86 25 32 44
53 87 71 42 41
53 88 84 32 76
53 89 84 69 91
53 90 20 23 56
53 91 49 17 31
53 92 5 26 70
53 93 32 58 71
53 94 83 71 43
53 95 79 89 68
53 96 76 80 61
53 97 6 40 62
53 98 62 86 39
53 99 92 78 29
54 55 23 24 69
54 56 96 72 49
54 57 52 73 81
54 58 74 34 48
54 59 37 35 59
54 60 71 77 36
54 61 54 77 17
54 62 52 39 21
54 63 72 72 73
54 64 32 69 78
54 65 95 48 87
54 66 81 27 54
54 67 49 30 49
54 68 53 51 32
54 69 86 90 26
54 70 30 47 23
54 71 5 70 44
54 72 62 60 78
54 73 35 21 55
54 74 69 57 45
54 75 57 83 21
54 76 86 79 86
54 77 12 63 56
54 78 94 34 71
54 79 53 61 65
54 80 57 82 74
54 81 16 47 60
54 82 9 26 6
54 83 5 4 8
54 84 43 65 17
54 85 75 70 58
54 86 76 25 49
54 87 57 36 22
54 88 3 63 18
54 89 67 63 61
54 90 5 5 26
54 91 75 55 70
54 92 8 37 19
54 93 25 32 29
54 94 14 48 42
54 95 75 40 64
54 96 67 62 33
54 97 50 82 34
54 98 30 55 68
54 99 81 69 68
55 56 65 20 61
55 57 6 9 60
55 58 97 38 92
55 59 34 41 35
55 60 54 18 19
55 61 61 37 81
55 62 72 55 40
55 63 22 36 30
55 64 83 79 66
55 65 35 14 39
55 66 15 13 8
55 67 65 73 33
55 68 33 39 64
55 69 63 42 32
55 70 64 75 48
55 71 78 61 60
55 72 24 44 10
55 73 93 84 35
55 74 21 63 34
55 75 17 68 67
55 76 42 33 35
55 77 57 20 69
55 78 95 52 95
55 79 22 22 57
55 80 32 54 59
55 81 48 34 71
55 82 20 67 14
55 83 11 18 9
55 84 4 11 36
55 85 60 19 38
55 86 42 63 63
55 87 88 81 44
55 88 18 47 36
55 89 95 74 66
55 90 12 36 6
55 91 8 54 58
55 92 91 65 68
55 93 54 38 31
55 94 83 62 68
55 95 18 30 22
55 96 36 49 30
55 97 2 67 15
55 98 50 51 78
55 99 21 43 50
56 57 61 72 69
56 58 77 74 70
56 59 99 31 35
56 60 40 34 69
56 61 93 60 48
56 62 88 81 34
56 63 82 65 68
56 64 63 49 46
56 65 46 27 55
56 66 46 59 54
56 67 94 96 37
56 68 37 13 76
56 69 69 70 61
56 70 65 44 33
56 71 49 25 73
56 72 86 78 75
56 73 64 48 59
56 74 92 64 95
56 75 89 36 46
56 76 86 28 86
56 77 52 84 77
56 78 63 65 45
56 79 75 70 71
56 80 50 62 75
56 81 30 53 18
56 82 70 80 55
56 83 41 23 34
56 84 43 32 42
56 85 68 88 39
56 86 33 33 41
56 87 4 17 36
56 88 25 73 65
56 89 91 34 36
56 90 16 66 11
56 91 92 50 74
56 92 80 90 90
56 93 97 95 47
56 94 91 80 37
56 95 16 42 28
56 96 81 46 85
56 97 17 39 27
56 98 36 65 61
56 99 45 69 74
57 58 7 20 34
57 59 19 68 15
57 60 12 9 61
57 61 58 58 58
57 62 53 34 59
57 63 90 78 30
57 64 20 47 35
57 65 26 74 47
57 66 60 60 76
57 67 86 49 83
57 68 50 27 27
57 69 87 53 47
57 70 12 4 46
57 71 11 34 16
57 72 24 71 44
57 73 51 54 63
57 74 75 89 45
57 75 58 44 31
57 76 60 48 45
57 77 37 18 21
57 78 43 58 41
57 79 37 64 23
57 80 88 61 40
57 81 33 14 51
57 82 47 45 74
57 83 31 30 61
57 84 10 30 66
57 85 41 68 56
57 86 25 26 65
57 87 8 38 32
57 88 21 30 40
57 89 3 35 9
57 90 51 39 16
57 91 11 64 41
57 92 0 3 26
57 93 54 80 33
57 94 0 2 38
57 95 96 37 35
57 96 49 62 58
57 97 32 31 67
57 98 44 26 29
57 99 88 65 77
58 59 61 62 51
58 60 37 60 28
58 61 19 40 26
58 62 25 53 76
58 63 96 62 48
58 64 58 64 45
58 65 79 91 28
58 66 97 51 45
58 67 87 66 56
58 68 56 51 79
58 69 96 94 48
58 70 30 12 54
58 71 10 59 55
58 72 45 80 34
58 73 45 82 28
58 74 9 63 40
58 75 51 82 47
58 76 35 22 57
58 77 95 90 78
58 78 24 27 71
58 79 81 41 51
58 80 8 51 71
58 81 46 51 23
58 82 13 24 39
58 83 74 44 45
58 84 78 70 27
58 85 15 21 11
58 86 72 80 76
58 87 66 24 20
58 88 59 77 29
58 89 71 41 65
58 90 75 23 54
58 91 89 57 30
58 92 92 40 54
58 93 19 69 6
58 94 80 29 82
58 95 51 64 61
58 96 64 61 26
58 97 30 42 11
58 98 93 64 96
58 99 28 36 14
59 60 20 58 25
59 61 15 63 57
59 62 99 57 94
59 63 0 22 68
59 64 28 53 63
59 65 23 53 16
59 66 17 62 15
59 67 8 46 50
59 68 76 37 24
59 69 42 64 46
59 70 41 48 61
59 71 58 52 38
59 72 72 58 30
59 73 74 37 50
59 74 96 30 37
59 75 92 88 35
59 76 77 29 76
59 77 22 57 31
59 78 85 73 72
59 79 13 11 61
59 80 99 79 56
59 81 17 32 49
59 82 97 60 80
59 83 61 83 62
59 84 14 46 10
59 85 53 34 38
59 86 12 36 48
59 87 28 38 65
59 88 42 58 58
59 89 77 69 50
59 90 58 57 62
59 91 97 31 41
59 92 32 10 48
59 93 24 13 48
59 94 44 25 60
59 95 94 80 68
59 96 70 87 78
59 97 19 6 50
59 98 62 83 83
59 99 96 45 56
60 61 68 53 90
60 62 39 64 66
60 63 64 68 69
60 64 5 46 67
60 65 56 64 60
60 66 20 44 34
60 67 31 29 18
60 68 40 45 69
60 69 59 60 56
60 70 67 25 58
60 71 73 83 24
60 72 0 24 36
60 73 48 64 77
60 74 18 21 48
60 75 18 67 69
60 76 86 92 62
60 77 98 45 83
60 78 46 19 19
60 79 85 70 54
60 80 5 53 61
60 81 69 37 48
60 82 34 55 46
60 83 33 27 11
60 84 3 10 39
60 85 57 39 52
60 86 54 34 33
60 87 18 29 47
60 88 51 68 40
60 89 57 69 53
60 90 46 61 15
60 91 48 25 28
60 92 71 74 41
60 93 2 41 39
60 94 34 50 68
60 95 42 76 65
60 96 84 39 40
60 97 58 40 33
60 98 95 97 70
60 99 38 26 76
61 62 67 30 29
61 63 37 39 40
61 64 70 75 65
61 65 14 6 33
61 66 51 55 82
61 67 34 30 31
61 68 27 52 28
61 69 2 59 17
61 70 84 80 68
61 71 84 55 58
61 72 30 61 17
61 73 43 25 74
61 74 2 48 39
61 75 78 43 77
61 76 98 81 39
61 77 71 47 49
61 78 30 62 22
61 79 28 27 39
61 80 19 32 49
61 81 35 25 73
61 82 13 42 27
61 83 79 32 65
61 84 94 75 57
61 85 97 79 40
61 86 54 72 57
61 87 86 78 93
61 88 30 19 38
61 89 5 19 45
61 90 67 33 62
61 91 79 92 44
61 92 60 54 33
61 93 20 65 59
61 94 64 51 39
61 95 26 20 50
61 96 88 95 77
61 97 16 24 21
61 98 86 50 93
61 99 85 61 89
62 63 53 80 31
62 64 27 8 66
62 65 19 44 30
62 66 56 30 36
62 67 13 45 11
62 68 11 7 67
62 69 70 57 66
62 70 60 59 78
62 71 84 78 27
62 72 81 49 41
62 73 73 71 56
62 74 20 51 35
62 75 14 10 51
62 76 10 32 51
62 77 88 66 58
62 78 10 17 60
62 79 11 45 39
62 80 21 42 70
62 81 18 61 69
62 82 95 41 77
62 83 0 16 20
62 84 59 30 30
62 85 28 70 72
62 86 78 78 66
62 87 37 77 45
62 88 72 52 58
62 89 49 48 32
62 90 45 75 20
62 91 40 44 77
62 92 91 42 35
62 93 81 31 88
62 94 80 85 85
62 95 80 63 74
62 96 62 55 67
62 97 83 86 93
62 98 63 22 43
62 99 69 60 30
63 64 97 68 71
63 65 89 83 75
63 66 5 61 37
63 67 10 9 8
63 68 77 34 83
63 69 97 91 34
63 70 48 55 20
63 71 37 33 65
63 72 75 63 62
63 73 20 38 56
63 74 92 29 45
63 75 66 85 30
63 76 72 28 75
63 77 62 55 62
63 78 60 41 59
63 79 47 23 48
63 80 16 68 42
63 81 30 66 37
63 82 34 49 18
63 83 66 55 28
63 84 29 26 39
63 85 67 51 77
63 86 14 42 63
63 87 16 55 24
63 88 65 65 65
63 89 9 40 43
63 90 83 42 60
63 91 62 49 39
63 92 73 22 27
63 93 67 51 83
63 94 54 85 71
63 95 28 8 46
63 96 16 22 22
63 97 52 68 49
63 98 91 93 69
63 99 74 50 32
64 65 1 17 25
64 66 5 45 14
64 67 32 73 75
64 68 32 50 10
64 69 19 52 63
64 70 53 58 75
64 71 92 59 37
64 72 38 11 65
64 73 61 80 26
64 74 64 58 34
64 75 8 26 33
64 76 95 97 39
64 77 67 69 73
64 78 14 4 12
64 79 53 76 57
64 80 48 82 22
64 81 51 77 53
64 82 90 63 95
64 83 72 58 45
64 84 56 69 66
64 85 26 49 56
64 86 35 56 43
64 87 8 63 60
64 88 83 74 36
64 89 37 53 72
64 90 54 52 31
64 91 46 26 58
64 92 2 61 45
64 93 80 55 48
64 94 73 54 66
64 95 73 26 91
64 96 62 19 35
64 97 51 78 77
64 98 9 64 56
64 99 4 3 43
65 66 25 63 41
65 67 84 80 59
65 68 56 69 86
65 69 3 31 29
65 70 88 48 34
65 71 88 77 91
65 72 64 79 69
65 73 78 76 85
65 74 54 54 67
65 75 9 20 70
65 76 68 24 29
65 77 66 70 27
65 78 29 12 77
65 79 32 43 51
65 80 80 63 74
65 81 57 70 44
65 82 45 37 76
65 83 5 62 40
65 84 52 80 21
65 85 81 36 79
65 86 82 93 79
65 87 40 66 26
65 88 77 46 33
65 89 14 14 16
65 90 81 75 88
65 91 29 24 55
65 92 13 73 14
65 93 53 59 66
65 94 82 31 93
65 95 53 47 58
65 96 75 78 82
65 97 43 41 32
65 98 50 57 57
65 99 93 88 58
66 67 16 5 34
66 68 94 79 36
66 69 65 26 54
66 70 53 32 26
66 71 97 92 88
66 72 4 11 46
66 73 81 69 91
66 74 41 32 19
66 75 20 19 69
66 76 61 71 62
66 77 19 24 51
66 78 16 24 69
66 79 72 29 39
66 80 70 65 45
66 81 5 65 49
66 82 62 86 68
66 83 18 59 28
66 84 83 45 35
66 85 24 56 42
66 86 89 76 92
66 87 71 48 87
66 88 59 57 42
66 89 56 74 38
66 90 97 71 57
66 91 92 55 39
66 92 21 55 28
66 93 26 63 74
66 94 45 51 69
66 95 37 56 55
66 96 66 61 41
66 97 38 46 50
66 98 66 43 38
66 99 70 84 28
67 68 71 25 68
67 69 46 67 54
67 70 77 64 47
67 71 54 47 18
67 72 21 67 50
67 73 21 61 22
67 74 36 56 27
67 75 65 78 70
67 76 86 30 93
67 77 17 30 35
67 78 21 29 42
67 79 58 42 60
67 80 83 26 33
67 81 49 34 83
67 82 89 94 59
67 83 85 38 53
67 84 75 33 46
67 85 72 74 85
67 86 73 69 22
67 87 9 10 50
67 88 74 71 49
67 89 47 43 25
67 90 37 45 12
67 91 33 22 72
67 92 46 71 59
67 93 60 36 68
67 94 84 29 88
67 95 9 26 67
67 96 0 9 11
67 97 68 38 62
67 98 26 14 22
67 99 9 55 6
68 69 94 63 87
68 70 80 73 52
68 71 26 70 37
68 72 49 67 84
68 73 73 29 61
68 74 37 68 39
68 75 52 28 73
68 76 29 63 27
68 77 74 78 23
68 78 76 80 57
68 79 62 45 73
68 80 36 39 68
68 81 38 62 48
68 82 10 50 37
68 83 83 94 25
68 84 94 62 80
68 85 1 17 56
68 86 7 24 16
68 87 0 31 58
68 88 15 73 31
68 89 96 87 91
68 90 63 88 70
68 91 48 72 17
68 92 25 24 31
68 93 11 72 35
68 94 62 77 21
68 95 91 52 79
68 96 6 50 67
68 97 85 42 42
68 98 42 26 33
68 99 92 61 52
69 70 11 61 42
69 71 58 75 42
69 72 14 56 73
69 73 35 27 13
69 74 6 12 44
69 75 8 27 54
69 76 54 86 51
69 77 9 13 14
69 78 98 85 79
69 79 58 81 27
69 80 73 56 27
69 81 23 27 63
69 82 90 32 52
69 83 84 57 34
69 84 75 35 58
69 85 4 66 34
69 86 57 60 53
69 87 8 56 26
69 88 16 53 50
69 89 65 44 40
69 90 2 3 65
69 91 94 35 83
69 92 85 54 94
69 93 21 69 65
69 94 10 34 70
69 95 41 20 16
69 96 16 52 53
69 97 21 44 11
69 98 65 63 88
69 99 20 46 70
70 71 84 33 80
70 72 69 30 53
70 73 60 81 78
70 74 19 67 34
70 75 62 55 80
70 76 1 6 37
70 77 66 60 21
70 78 75 46 37
70 79 39 38 44
70 80 95 72 87
70 81 43 69 40
70 82 39 56 70
70 83 34 69 56
70 84 66 39 81
70 85 2 65 56
70 86 90 27 94
70 87 65 45 57
70 88 48 69 80
70 89 26 70 64
70 90 10 6 59
70 91 66 20 83
70 92 57 52 71
70 93 93 68 80
70 94 21 46 25
70 95 5 16 35
70 96 19 17 23
70 97 26 41 52
70 98 84 84 47
70 99 24 21 41
71 72 7 61 22
71 73 15 56 44
71 74 50 47 49
71 75 55 78 28
71 76 4 53 25
71 77 88 57 74
71 78 12 4 11
71 79 37 47 71
71 80 17 18 58
71 81 63 21 39
71 82 60 83 59
71 83 17 45 24
71 84 50 85 41
71 85 76 49 82
71 86 93 61 71
71 87 56 53 73
71 88 47 51 42
71 89 23 35 70
71 90 64 61 41
71 91 45 41 55
71 92 91 55 56
71 93 44 34 47
71 94 99 61 75
71 95 30 14 67
71 96 64 34 81
71 97 92 56 97
71 98 38 25 46
71 99 78 40 40
72 73 54 33 58
72 74 82 77 43
72 75 16 19 45
72 76 36 62 18
72 77 46 19 31
72 78 84 42 59
72 79 4 42 16
72 80 40 65 48
72 81 98 52 92
72 82 50 34 33
72 83 23 28 24
72 84 88 48 71
72 85 39 39 81
72 86 78 45 27
72 87 41 80 77
72 88 75 29 66
72 89 28 67 26
72 90 20 55 7
72 91 70 41 36
72 92 42 66 47
72 93 43 58 81
72 94 17 48 28
72 95 47 21 15
72 96 28 25 10
72 97 50 18 61
72 98 47 48 44
72 99 3 48 65
73 74 31 10 62
73 75 32 72 38
73 76 74 38 53
73 77 49 31 74
73 78 84 62 91
73 79 19 52 49
73 80 16 13 54
73 81 25 28 63
73 82 59 18 50
73 83 9 8 39
73 84 52 83 62
73 85 81 51 48
73 86 47 43 32
73 87 57 84 70
73 88 52 39 76
73 89 36 32 38
73 90 42 71 58
73 91 1 37 46
73 92 37 68 79
73 93 10 22 41
73 94 96 88 61
73 95 43 71 18
73 96 90 42 82
73 97 85 34 90
73 98 6 57 7
73 99 53 17 80
74 75 7 22 44
74 76 48 79 49
74 77 68 63 78
74 78 80 49 59
74 79 12 49 27
74 80 13 44 31
74 81 99 69 97
74 82 34 40 47
74 83 13 34 34
74 84 79 66 84
74 85 21 29 9
74 86 68 50 81
74 87 35 13 53
74 88 83 64 61
74 89 19 8 57
74 90 2 58 29
74 91 37 32 12
74 92 28 65 52
74 93 35 42 55
74 94 32 48 46
74 95 14 45 73
74 96 63 50 42
74 97 28 70 29
74 98 74 86 43
74 99 7 31 71
75 76 44 51 15
75 77 14 18 12
75 78 56 22 43
75 79 16 71 18
75 80 28 63 41
75 81 96 36 52
75 82 76 86 52
75 83 76 28 47
75 84 61 45 73
75 85 47 30 29
75 86 14 48 66
75 87 32 77 16
75 88 28 29 18
75 89 55 27 59
75 90 97 69 47
75 91 71 59 54
75 92 66 79 50
75 93 46 20 62
75 94 63 45 26
75 95 95 40 98
75 96 88 61 90
75 97 48 67 14
75 98 56 65 58
75 99 51 34 55
76 77 83 89 24
76 78 62 74 30
76 79 59 42 45
76 80 13 71 62
76 81 92 95 46
76 82 11 45 33
76 83 35 41 62
76 84 10 56 34
76 85 19 30 72
76 86 48 15 39
76 87 65 71 31
76 88 95 80 54
76 89 63 77 29
76 90 14 21 20
76 91 62 83 66
76 92 72 22 28
76 93 25 48 75
76 94 82 81 29
76 95 88 74 37
76 96 6 55 24
76 97 7 44 33
76 98 56 33 64
76 99 33 20 63
77 78 64 46 32
77 79 7 57 62
77 80 26 28 46
77 81 76 47 85
77 82 42 62 50
77 83 77 27 31
77 84 40 44 32
77 85 71 36 61
77 86 29 20 31
77 87 75 49 72
77 88 2 69 50
77 89 3 60 11
77 90 46 78 82
77 91 26 19 62
77 92 81 63 29
77 93 47 38 58
77 94 74 30 63
77 95 17 26 17
77 96 12 4 7
77 97 93 69 65
77 98 74 64 26
77 99 4 32 38
78 79 38 73 74
78 80 95 44 57
78 81 21 60 57
78 82 44 23 74
78 83 77 52 66
78 84 4 56 22
78 85 62 36 77
78 86 29 78 18
78 87 17 48 30
78 88 69 41 82
78 89 16 44 34
78 90 36 39 63
78 91 58 51 86
78 92 70 68 48
78 93 7 47 16
78 94 57 78 65
78 95 52 70 67
78 96 71 27 22
78 97 34 26 25
78 98 51 17 77
78 99 16 62 47
79 80 23 49 43
79 81 59 59 58
79 82 67 62 28
79 83 18 31 32
79 84 82 70 56
79 85 8 36 51
79 86 23 57 75
79 87 46 65 55
79 88 64 56 83
79 89 82 35 32
79 90 92 62 38
79 91 10 59 36
79 92 99 64 36
79 93 97 93 83
79 94 3 66 68
79 95 72 90 21
79 96 73 25 76
79 97 59 22 86
79 98 92 51 84
79 99 12 21 51
80 81 3 20 39
80 82 36 45 44
80 83 0 21 63
80 84 95 86 38
80 85 62 85 78
80 86 53 29 49
80 87 97 61 29
80 88 16 18 35
80 89 65 61 51
80 90 1 13 6
80 91 33 24 36
80 92 28 54 72
80 93 37 15 36
80 94 85 62 87
80 95 16 73 45
80 96 4 31 34
80 97 97 52 73
80 98 58 51 78
80 99 86 82 86
81 82 89 50 59
81 83 8 43 21
81 84 33 74 19
81 85 89 35 61
81 86 99 94 39
81 87 58 51 75
81 88 73 48 58
81 89 30 48 37
81 90 60 62 63
81 91 0 60 14
81 92 74 71 84
81 93 15 15 26
81 94 33 60 11
81 95 46 52 61
81 96 28 49 20
81 97 46 49 58
81 98 60 52 71
81 99 80 83 47
82 83 6 28 51
82 84 20 30 20
82 85 66 27 59
82 86 46 72 30
82 87 97 47 60
82 88 1 44 24
82 89 60 57 63
82 90 54 60 64
82 91 84 26 72
82 92 11 15 58
82 93 17 16 13
82 94 76 38 71
82 95 86 66 77
82 96 44 66 34
82 97 89 29 68
82 98 27 32 70
82 99 88 42 34
83 84 30 29 56
83 85 79 92 84
83 86 44 58 44
83 87 70 33 81
83 88 84 35 89
83 89 46 16 28
83 90 69 87 49
83 91 24 10 12
83 92 66 63 32
83 93 35 63 55
83 94 22 35 76
83 95 99 64 51
83 96 59 77 26
83 97 87 38 94
83 98 52 29 35
83 99 24 45 37
84 85 35 79 76
84 86 96 53 47
84 87 68 58 57
84 88 84 32 62
84 89 73 75 84
84 90 93 95 51
84 91 5 47 68
84 92 18 25 6
84 93 87 79 80
84 94 58 80 41
84 95 86 49 76
84 96 12 38 26
84 97 34 70 40
84 98 61 58 42
84 99 11 22 69
85 86 99 40 43
85 87 99 89 66
85 88 13 26 21
85 89 70 34 61
85 90 77 24 55
85 91 27 77 19
85 92 85 92 42
85 93 51 44 80
85 94 22 52 59
85 95 82 94 34
85 96 13 65 34
85 97 83 66 56
85 98 86 90 68
85 99 35 19 27
86 87 59 83 40
86 88 37 22 40
86 89 40 32 68
86 90 54 86 23
86 91 9 21 24
86 92 65 30 26
86 93 22 21 10
86 94 94 41 92
86 95 79 46 65
86 96 97 70 47
86 97 97 66 98
86 98 45 39 31
86 99 7 20 53
87 88 36 78 53
87 89 78 66 24
87 90 40 72 49
87 91 19 45 41
87 92 11 42 69
87 93 60 61 56
87 94 71 81 71
87 95 91 69 42
87 96 18 64 35
87 97 76 33 70
87 98 71 53 42
87 99 94 33 45
88 89 96 30 83
88 90 37 46 71
88 91 59 43 29
88 92 41 74 13
88 93 13 4 61
88 94 38 49 34
88 95 58 43 21
88 96 83 44 42
88 97 18 30 15
88 98 94 90 98
88 99 72 27 58
89 90 49 42 37
89 91 57 32 27
89 92 42 69 66
89 93 11 72 56
89 94 68 69 53
89 95 40 15 15
89 96 96 98 74
89 97 34 29 65
89 98 16 30 47
89 99 79 49 68
90 91 80 80 90
90 92 66 51 25
90 93 98 44 39
90 94 86 44 53
90 95 6 18 27
90 96 74 51 88
90 97 43 36 46
90 98 23 64 51
90 99 49 21 39
91 92 53 29 60
91 93 81 86 44
91 94 2 16 31
91 95 44 15 25
91 96 97 76 52
91 97 63 31 60
91 98 92 58 97
91 99 37 48 21
92 93 48 21 37
92 94 91 95 53
92 95 59 43 69
92 96 60 73 53
92 97 76 57 82
92 98 0 33 48
92 99 73 76 78
93 94 88 58 50
93 95 34 50 32
93 96 60 86 68
93 97 98 43 93
93 98 30 41 41
93 99 47 71 70
94 95 23 43 68
94 96 35 51 35
94 97 54 68 60
94 98 94 55 46
94 99 5 52 29
95 96 53 41 28
95 97 87 80 35
95 98 29 30 16
95 99 67 85 37
96 97 14 4 15
96 98 46 29 68
96 99 74 51 79
97 98 82 58 30
97 99 76 53 62
98 99 89 66 26
