50
0 1 54 55 55
0 2 85 71 60
0 3 1 23 21
0 4 90 65 86
0 5 53 43 62
0 6 29 49 42
0 7 3 12 15
0 8 50 42 62
0 9 47 57 52
0 10 1 18 17
0 11 74 61 63
0 12 5 24 25
0 13 80 59 74
0 14 91 81 72
0 15 1 19 28
0 16 52 41 59
0 17 81 85 83
0 18 14 20 28
0 19 75 71 60
0 20 43 47 31
0 21 53 64 56
0 22 66 47 47
0 23 43 50 39
0 24 10 30 7
0 25 79 66 59
0 26 75 70 69
0 27 11 34 25
0 28 3 11 31
0 29 36 38 50
0 30 47 50 52
0 31 13 17 38
0 32 20 35 28
0 33 50 43 57
0 34 57 54 51
0 35 0 24 13
0 36 34 25 29
0 37 19 21 27
0 38 41 39 48
0 39 30 48 45
0 40 26 20 28
0 41 10 12 15
0 42 76 69 59
0 43 72 69 73
0 44 34 33 32
0 45 68 51 72
0 46 32 22 38
0 47 31 42 36
0 48 83 71 66
0 49 73 61 53
1 2 87 68 61
1 3 94 67 87
1 4 54 50 50
1 5 28 27 47
1 6 49 58 43
1 7 3 17 12
1 8 84 84 66
1 9 64 53 75
1 10 93 80 71
1 11 20 22 30
1 12 31 46 25
1 13 99 82 88
1 14 46 55 45
1 15 4 10 12
1 16 45 52 37
1 17 1 16 21
1 18 14 32 35
1 19 28 24 45
1 20 95 73 82
1 21 75 54 66
1 22 16 19 28
1 23 11 10 24
1 24 13 37 24
1 25 60 45 52
1 26 49 52 59
1 27 22 27 30
1 28 26 23 21
1 29 83 79 73
1 30 47 43 42
1 31 37 36 44
1 32 64 53 49
1 33 12 16 25
1 34 52 57 57
1 35 18 31 38
1 36 30 43 30
1 37 88 71 79
1 38 58 44 66
1 39 46 59 54
1 40 89 76 66
1 41 47 59 48
1 42 50 51 60
1 43 48 59 50
1 44 84 59 67
1 45 63 50 60
1 46 7 28 11
1 47 27 33 28
1 48 4 24 26
1 49 9 28 28
2 3 52 37 55
2 4 36 35 33
2 5 39 54 39
2 6 35 52 43
2 7 20 41 37
2 8 41 45 51
2 9 60 55 44
2 10 38 28 54
2 11 43 32 46
2 12 6 15 5
2 13 57 49 65
2 14 88 70 86
2 15 93 81 82
2 16 89 77 80
2 17 86 80 82
2 18 38 42 31
2 19 98 71 73
2 20 52 44 48
2 21 19 15 43
2 22 1 21 1
2 23 58 52 65
2 24 70 57 49
2 25 15 22 26
2 26 86 71 82
2 27 51 55 63
2 28 29 50 42
2 29 94 76 78
2 30 96 89 73
2 31 41 39 36
2 32 41 44 56
2 33 45 40 38
2 34 26 19 45
2 35 38 43 47
2 36 27 37 33
2 37 84 83 85
2 38 15 29 21
2 39 12 31 30
2 40 7 12 21
2 41 31 40 35
2 42 59 68 62
2 43 89 68 64
2 44 37 34 28
2 45 76 61 73
2 46 89 79 71
2 47 21 42 31
2 48 94 69 68
2 49 24 24 29
3 4 37 28 53
3 5 71 56 78
3 6 93 83 88
3 7 58 52 44
3 8 35 27 38
3 9 66 50 57
3 10 93 87 74
3 11 31 36 47
3 12 86 87 89
3 13 29 39 34
3 14 1 10 15
3 15 47 41 38
3 16 71 61 50
3 17 63 66 52
3 18 20 24 37
3 19 23 34 19
3 20 25 43 38
3 21 72 78 71
3 22 49 56 50
3 23 45 38 61
3 24 0 7 12
3 25 5 12 18
3 26 25 24 35
3 27 86 79 88
3 28 60 46 70
3 29 84 78 81
3 30 23 22 20
3 31 78 73 70
3 32 26 41 27
3 33 75 66 62
3 34 93 87 91
3 35 39 46 27
3 36 77 75 78
3 37 11 29 29
3 38 43 32 51
3 39 31 35 24
3 40 39 48 42
3 41 15 34 12
3 42 53 40 61
3 43 40 56 37
3 44 25 32 28
3 45 44 46 33
3 46 82 75 61
3 47 19 29 41
3 48 98 84 87
3 49 69 67 48
4 5 68 59 49
4 6 48 54 39
4 7 24 23 41
4 8 33 37 32
4 9 87 66 78
4 10 87 70 73
4 11 34 53 47
4 12 85 85 83
4 13 35 53 26
4 14 52 44 61
4 15 89 77 71
4 16 17 42 35
4 17 15 19 18
4 18 92 87 77
4 19 8 11 34
4 20 57 57 56
4 21 77 76 61
4 22 88 62 84
4 23 50 55 52
4 24 81 72 65
4 25 21 36 36
4 26 33 23 46
4 27 5 11 18
4 28 7 5 14
4 29 47 42 54
4 30 50 54 36
4 31 68 68 53
4 32 80 69 57
4 33 65 57 54
4 34 21 16 25
4 35 22 18 38
4 36 22 28 20
4 37 10 29 26
4 38 10 32 21
4 39 64 46 61
4 40 31 41 33
4 41 58 69 55
4 42 40 45 42
4 43 83 70 71
4 44 47 41 39
4 45 50 43 40
4 46 49 60 63
4 47 94 86 92
4 48 35 45 51
4 49 45 53 56
5 6 58 56 61
5 7 63 62 73
5 8 84 64 79
5 9 56 43 49
5 10 53 43 63
5 11 39 44 43
5 12 76 71 75
5 13 51 66 59
5 14 93 79 79
5 15 48 58 50
5 16 93 75 69
5 17 7 21 8
5 18 13 27 35
5 19 67 65 54
5 20 73 67 69
5 21 14 30 16
5 22 44 40 48
5 23 8 18 20
5 24 91 93 69
5 25 73 59 73
5 26 98 82 91
5 27 29 22 49
5 28 42 52 57
5 29 76 58 67
5 30 69 58 77
5 31 97 72 88
5 32 20 14 36
5 33 49 40 53
5 34 55 59 62
5 35 22 37 19
5 36 46 38 51
5 37 53 62 48
5 38 98 94 95
5 39 12 28 11
5 40 57 46 48
5 41 10 27 21
5 42 14 35 12
5 43 95 72 89
5 44 85 74 66
5 45 74 68 61
5 46 86 64 66
5 47 21 40 28
5 48 82 73 79
5 49 88 87 77
6 7 25 23 46
6 8 25 40 33
6 9 92 90 70
6 10 31 38 29
6 11 19 26 34
6 12 60 70 66
6 13 92 94 92
6 14 85 62 72
6 15 93 75 95
6 16 90 65 78
6 17 30 50 43
6 18 31 46 42
6 19 25 18 43
6 20 82 65 66
6 21 67 50 57
6 22 73 62 52
6 23 28 37 29
6 24 63 66 49
6 25 82 84 83
6 26 44 59 41
6 27 33 24 48
6 28 22 22 36
6 29 45 42 61
6 30 67 69 69
6 31 17 27 16
6 32 78 64 75
6 33 68 62 61
6 34 63 45 64
6 35 33 37 42
6 36 5 11 12
6 37 97 88 93
6 38 6 18 13
6 39 41 50 33
6 40 49 58 53
6 41 89 90 83
6 42 6 8 28
6 43 14 20 17
6 44 95 77 67
6 45 69 62 76
6 46 81 85 72
6 47 13 12 28
6 48 17 31 35
6 49 87 75 84
7 8 57 56 53
7 9 8 12 30
7 10 41 48 38
7 11 28 24 41
7 12 92 72 77
7 13 4 20 13
7 14 73 72 74
7 15 55 52 52
7 16 76 67 55
7 17 45 41 52
7 18 75 59 64
7 19 73 60 60
7 20 63 58 52
7 21 63 53 70
7 22 47 52 56
7 23 11 10 24
7 24 20 31 22
7 25 43 55 38
7 26 9 19 14
7 27 58 54 47
7 28 80 71 70
7 29 58 55 47
7 30 14 13 32
7 31 22 45 22
7 32 42 29 47
7 33 46 48 46
7 34 57 62 48
7 35 54 44 62
7 36 17 23 26
7 37 71 53 66
7 38 33 40 29
7 39 33 27 33
7 40 81 61 80
7 41 10 10 29
7 42 40 46 31
7 43 22 30 31
7 44 14 27 35
7 45 81 65 86
7 46 81 84 82
7 47 42 35 48
7 48 7 17 15
7 49 97 93 75
8 9 76 81 62
8 10 51 51 46
8 11 98 73 79
8 12 39 28 35
8 13 21 30 34
8 14 34 51 33
8 15 30 43 47
8 16 88 85 86
8 17 85 68 86
8 18 74 66 53
8 19 51 50 47
8 20 34 30 53
8 21 91 89 88
8 22 48 53 51
8 23 91 80 72
8 24 86 80 63
8 25 29 26 50
8 26 89 63 89
8 27 83 77 85
8 28 88 76 78
8 29 23 45 38
8 30 36 32 38
8 31 30 44 31
8 32 52 66 46
8 33 82 83 84
8 34 47 34 45
8 35 94 84 82
8 36 65 65 75
8 37 40 28 49
8 38 31 41 24
8 39 61 56 61
8 40 95 85 77
8 41 38 42 51
8 42 15 39 32
8 43 87 61 64
8 44 41 40 36
8 45 11 13 12
8 46 87 82 76
8 47 76 80 66
8 48 45 41 40
8 49 83 77 74
9 10 5 23 5
9 11 76 72 78
9 12 92 67 74
9 13 86 88 90
9 14 96 68 89
9 15 38 52 27
9 16 82 75 72
9 17 10 15 18
9 18 6 11 29
9 19 89 65 70
9 20 79 62 71
9 21 5 22 30
9 22 17 35 38
9 23 51 59 63
9 24 83 75 60
9 25 80 81 71
9 26 12 12 20
9 27 77 74 77
9 28 10 20 30
9 29 86 90 75
9 30 80 72 61
9 31 93 93 86
9 32 90 66 84
9 33 99 87 78
9 34 70 55 64
9 35 11 20 20
9 36 19 21 16
9 37 10 13 10
9 38 97 90 91
9 39 92 94 81
9 40 37 33 31
9 41 55 59 56
9 42 52 50 54
9 43 93 75 78
9 44 7 20 24
9 45 56 53 45
9 46 17 32 40
9 47 2 30 2
9 48 11 9 9
9 49 0 0 24
10 11 9 24 7
10 12 43 52 48
10 13 3 19 23
10 14 97 73 70
10 15 60 46 53
10 16 63 64 47
10 17 1 18 28
10 18 8 28 19
10 19 73 54 51
10 20 18 21 16
10 21 23 43 18
10 22 97 77 79
10 23 13 39 16
10 24 81 69 58
10 25 24 39 18
10 26 44 35 45
10 27 46 40 48
10 28 37 51 33
10 29 92 67 82
10 30 38 49 41
10 31 43 46 33
10 32 3 17 20
10 33 9 26 28
10 34 39 33 52
10 35 14 33 11
10 36 73 57 80
10 37 66 51 52
10 38 47 62 39
10 39 14 37 22
10 40 24 30 46
10 41 82 86 72
10 42 85 68 68
10 43 33 39 51
10 44 69 74 48
10 45 29 44 39
10 46 78 71 66
10 47 3 20 15
10 48 25 28 37
10 49 66 55 61
11 12 33 45 36
11 13 48 35 55
11 14 11 34 11
11 15 1 7 12
11 16 67 62 59
11 17 34 36 34
11 18 18 15 30
11 19 90 71 82
11 20 94 78 82
11 21 93 85 95
11 22 58 48 54
11 23 66 71 50
11 24 3 30 6
11 25 0 2 23
11 26 12 17 26
11 27 54 39 62
11 28 91 67 77
11 29 86 74 89
11 30 85 60 81
11 31 68 60 66
11 32 72 75 80
11 33 84 76 83
11 34 77 70 67
11 35 20 32 14
11 36 12 31 36
11 37 99 75 89
11 38 82 72 73
11 39 95 70 80
11 40 38 54 48
11 41 91 66 64
11 42 86 77 70
11 43 1 17 25
11 44 43 37 59
11 45 57 58 62
11 46 38 47 38
11 47 77 82 72
11 48 87 82 61
11 49 77 63 78
12 13 94 82 69
12 14 1 13 21
12 15 64 61 73
12 16 29 50 29
12 17 20 15 30
12 18 84 75 78
12 19 75 59 59
12 20 35 49 42
12 21 95 94 84
12 22 69 50 72
12 23 32 46 45
12 24 66 47 65
12 25 25 26 38
12 26 99 81 73
12 27 39 29 33
12 28 6 5 10
12 29 49 42 41
12 30 2 26 24
12 31 90 77 76
12 32 44 41 59
12 33 3 10 12
12 34 8 17 20
12 35 85 79 64
12 36 85 69 80
12 37 93 71 91
12 38 68 63 60
12 39 94 78 66
12 40 52 66 60
12 41 99 85 98
12 42 73 71 57
12 43 68 63 62
12 44 74 74 52
12 45 64 75 62
12 46 94 91 83
12 47 21 18 26
12 48 73 60 69
12 49 3 13 17
13 14 34 38 47
13 15 96 87 76
13 16 47 36 35
13 17 91 67 69
13 18 98 94 91
13 19 90 74 85
13 20 28 39 40
13 21 90 91 75
13 22 26 34 20
13 23 91 81 69
13 24 82 73 73
13 25 53 59 61
13 26 93 78 86
13 27 50 59 55
13 28 81 72 61
13 29 88 67 83
13 30 23 33 25
13 31 15 13 34
13 32 44 56 58
13 33 3 3 10
13 34 29 37 41
13 35 78 72 66
13 36 65 58 74
13 37 55 42 45
13 38 33 39 44
13 39 85 82 85
13 40 95 84 75
13 41 54 42 49
13 42 96 95 84
13 43 80 72 72
13 44 61 44 44
13 45 32 51 42
13 46 62 65 71
13 47 85 64 75
13 48 97 89 74
13 49 58 51 58
14 15 35 40 54
14 16 94 73 87
14 17 84 71 78
14 18 3 7 7
14 19 71 62 56
14 20 76 72 62
14 21 46 57 57
14 22 65 56 65
14 23 68 50 66
14 24 14 18 34
14 25 5 24 9
14 26 96 76 82
14 27 79 64 67
14 28 9 31 17
14 29 2 12 30
14 30 61 45 69
14 31 46 42 43
14 32 96 79 82
14 33 26 44 23
14 34 91 67 77
14 35 7 17 13
14 36 10 29 22
14 37 31 35 40
14 38 39 42 56
14 39 3 15 8
14 40 75 62 72
14 41 51 64 50
14 42 39 43 31
14 43 7 19 33
14 44 30 29 33
14 45 40 45 41
14 46 70 76 76
14 47 3 23 21
14 48 45 47 49
14 49 81 65 83
15 16 29 40 43
15 17 56 67 64
15 18 0 0 8
15 19 77 68 80
15 20 34 38 41
15 21 26 22 36
15 22 48 43 37
15 23 90 65 79
15 24 55 47 45
15 25 92 74 72
15 26 10 24 10
15 27 30 36 38
15 28 17 25 22
15 29 86 65 79
15 30 79 71 57
15 31 65 58 62
15 32 61 65 62
15 33 24 21 30
15 34 83 82 88
15 35 94 74 90
15 36 70 77 53
15 37 71 51 72
15 38 3 26 20
15 39 88 81 76
15 40 39 35 36
15 41 43 41 54
15 42 79 69 65
15 43 78 81 66
15 44 23 21 28
15 45 89 63 81
15 46 96 71 74
15 47 9 13 11
15 48 13 20 36
15 49 64 56 69
16 17 43 40 38
16 18 56 51 56
16 19 49 38 36
16 20 32 48 47
16 21 45 57 49
16 22 51 53 38
16 23 85 81 71
16 24 95 85 86
16 25 44 57 58
16 26 66 64 67
16 27 78 75 61
16 28 55 38 64
16 29 80 84 83
16 30 13 33 18
16 31 87 76 75
16 32 88 85 87
16 33 91 70 84
16 34 19 22 20
16 35 11 25 19
16 36 98 77 76
16 37 85 80 73
16 38 38 35 54
16 39 13 34 22
16 40 2 2 18
16 41 49 51 57
16 42 35 30 36
16 43 16 36 17
16 44 78 64 82
16 45 15 15 25
16 46 78 55 74
16 47 4 30 31
16 48 29 27 30
16 49 78 70 79
17 18 58 63 63
17 19 34 27 52
17 20 81 83 64
17 21 2 5 30
17 22 62 52 59
17 23 77 67 75
17 24 71 54 60
17 25 15 20 17
17 26 30 30 44
17 27 92 74 66
17 28 29 50 28
17 29 0 22 10
17 30 88 66 75
17 31 99 94 94
17 32 21 23 18
17 33 95 94 84
17 34 75 75 73
17 35 96 69 69
17 36 16 37 13
17 37 76 59 65
17 38 28 49 38
17 39 70 52 78
17 40 96 90 83
17 41 91 91 91
17 42 68 64 51
17 43 96 92 73
17 44 89 75 69
17 45 41 47 42
17 46 22 24 39
17 47 50 50 42
17 48 81 78 66
17 49 25 41 39
18 19 12 28 14
18 20 87 73 89
18 21 29 36 38
18 22 62 45 50
18 23 37 50 46
18 24 97 86 97
18 25 67 50 77
18 26 45 36 61
18 27 58 61 66
18 28 49 63 62
18 29 45 52 38
18 30 69 53 55
18 31 65 63 52
18 32 16 32 34
18 33 42 51 45
18 34 16 31 17
18 35 19 34 20
18 36 95 73 84
18 37 8 32 9
18 38 36 30 36
18 39 20 18 44
18 40 78 66 83
18 41 85 81 62
18 42 2 17 28
18 43 22 29 16
18 44 78 64 67
18 45 65 66 55
18 46 38 45 38
18 47 17 19 37
18 48 36 27 36
18 49 65 74 70
19 20 84 74 60
19 21 18 18 31
19 22 94 74 72
19 23 64 59 75
19 24 74 57 82
19 25 92 70 65
19 26 26 26 19
19 27 41 32 43
19 28 1 16 14
19 29 59 63 60
19 30 46 59 47
19 31 78 74 83
19 32 27 42 48
19 33 50 44 52
19 34 43 46 34
19 35 22 18 20
19 36 2 17 20
19 37 10 17 22
19 38 25 43 39
19 39 63 50 68
19 40 75 53 54
19 41 63 45 48
19 42 62 72 62
19 43 19 41 25
19 44 89 90 67
19 45 29 35 39
19 46 65 50 53
19 47 61 66 67
19 48 34 38 26
19 49 31 47 52
20 21 91 90 89
20 22 44 59 31
20 23 14 34 35
20 24 12 9 23
20 25 54 50 57
20 26 7 31 18
20 27 74 63 74
20 28 87 85 69
20 29 55 45 42
20 30 25 36 32
20 31 23 32 26
20 32 35 36 44
20 33 33 23 43
20 34 43 40 48
20 35 79 72 59
20 36 85 73 63
20 37 5 26 7
20 38 79 74 62
20 39 49 43 36
20 40 81 67 85
20 41 46 40 42
20 42 23 45 38
20 43 71 53 58
20 44 54 66 53
20 45 48 54 38
20 46 26 23 46
20 47 53 38 60
20 48 21 44 22
20 49 45 33 45
21 22 33 40 47
21 23 11 10 33
21 24 57 61 51
21 25 31 41 25
21 26 87 76 67
21 27 55 60 62
21 28 53 58 52
21 29 95 93 85
21 30 44 60 54
21 31 29 30 40
21 32 7 31 25
21 33 36 30 39
21 34 22 17 15
21 35 91 89 84
21 36 94 70 96
21 37 31 39 24
21 38 50 45 38
21 39 66 54 68
21 40 51 63 49
21 41 80 61 71
21 42 2 14 10
21 43 12 32 34
21 44 46 54 48
21 45 19 39 17
21 46 18 32 35
21 47 42 32 50
21 48 84 61 60
21 49 21 15 24
22 23 67 63 60
22 24 17 18 40
22 25 32 38 38
22 26 57 41 57
22 27 22 26 27
22 28 19 23 29
22 29 70 70 50
22 30 51 48 37
22 31 9 35 21
22 32 99 86 86
22 33 23 37 33
22 34 61 52 71
22 35 47 58 55
22 36 63 66 52
22 37 35 52 40
22 38 89 88 74
22 39 88 80 87
22 40 41 50 31
22 41 35 32 42
22 42 97 75 75
22 43 1 8 14
22 44 51 56 39
22 45 54 67 46
22 46 67 57 61
22 47 12 28 32
22 48 43 41 46
22 49 83 60 86
23 24 95 71 80
23 25 37 38 31
23 26 63 46 57
23 27 93 89 70
23 28 20 33 19
23 29 32 28 28
23 30 49 43 42
23 31 48 53 36
23 32 1 3 20
23 33 96 77 81
23 34 1 27 20
23 35 38 51 30
23 36 23 17 21
23 37 38 44 54
23 38 0 12 5
23 39 46 55 53
23 40 60 60 58
23 41 50 39 39
23 42 51 46 50
23 43 91 76 70
23 44 97 79 97
23 45 91 68 72
23 46 13 20 18
23 47 34 41 24
23 48 86 80 75
23 49 34 26 41
24 25 38 38 32
24 26 12 27 9
24 27 67 61 67
24 28 39 39 37
24 29 17 13 35
24 30 93 72 85
24 31 66 74 49
24 32 43 40 32
24 33 35 52 43
24 34 19 20 24
24 35 86 85 74
24 36 13 10 32
24 37 32 28 41
24 38 44 49 42
24 39 9 12 13
24 40 88 72 68
24 41 54 54 53
24 42 21 18 30
24 43 25 27 23
24 44 58 52 58
24 45 49 54 36
24 46 82 72 66
24 47 56 65 67
24 48 76 70 67
24 49 15 16 35
25 26 23 31 45
25 27 16 14 25
25 28 69 64 57
25 29 50 50 35
25 30 86 62 83
25 31 95 77 71
25 32 99 72 80
25 33 68 59 52
25 34 28 20 48
25 35 33 41 37
25 36 15 25 29
25 37 56 48 46
25 38 9 16 34
25 39 56 53 55
25 40 71 68 71
25 41 15 30 20
25 42 34 48 31
25 43 85 67 62
25 44 5 29 22
25 45 56 66 44
25 46 81 83 87
25 47 15 11 34
25 48 35 38 37
25 49 60 55 59
26 27 95 89 90
26 28 69 70 51
26 29 17 30 22
26 30 19 19 20
26 31 13 20 16
26 32 45 42 61
26 33 43 46 42
26 34 67 55 61
26 35 27 39 37
26 36 69 68 76
26 37 83 67 64
26 38 88 83 79
26 39 35 50 47
26 40 91 81 74
26 41 20 19 28
26 42 85 64 67
26 43 56 67 56
26 44 48 60 49
26 45 89 67 88
26 46 22 18 44
26 47 16 19 28
26 48 54 58 40
26 49 85 62 63
27 28 97 92 85
27 29 65 54 57
27 30 11 34 37
27 31 60 49 43
27 32 62 66 45
27 33 36 29 49
27 34 50 38 37
27 35 96 75 84
27 36 69 53 70
27 37 60 48 55
27 38 51 39 61
27 39 64 68 69
27 40 15 37 40
27 41 69 52 68
27 42 86 86 80
27 43 22 36 34
27 44 48 63 54
27 45 71 52 68
27 46 47 50 42
27 47 10 17 20
27 48 66 60 57
27 49 35 33 47
28 29 65 48 67
28 30 24 27 22
28 31 53 53 65
28 32 49 62 58
28 33 0 20 1
28 34 61 48 56
28 35 13 19 29
28 36 74 56 62
28 37 34 52 35
28 38 72 50 54
28 39 61 62 48
28 40 25 32 23
28 41 15 30 11
28 42 61 60 61
28 43 51 38 52
28 44 6 34 29
28 45 75 71 77
28 46 87 79 73
28 47 85 71 83
28 48 18 39 26
28 49 2 6 20
29 30 77 63 54
29 31 7 30 11
29 32 32 50 36
29 33 3 20 8
29 34 71 60 77
29 35 37 30 35
29 36 99 88 93
29 37 28 36 46
29 38 69 78 76
29 39 8 16 8
29 40 86 71 81
29 41 3 3 27
29 42 30 43 38
29 43 10 31 35
29 44 36 42 33
29 45 99 85 74
29 46 89 67 72
29 47 8 7 34
29 48 51 60 65
29 49 75 55 62
30 31 67 66 62
30 32 78 62 68
30 33 13 21 11
30 34 55 53 67
30 35 93 76 66
30 36 18 26 37
30 37 44 51 38
30 38 41 39 38
30 39 38 43 30
30 40 0 24 5
30 41 56 45 46
30 42 54 40 53
30 43 53 42 40
30 44 18 23 25
30 45 70 61 72
30 46 0 5 2
30 47 28 47 34
30 48 38 41 41
30 49 2 18 27
31 32 92 79 73
31 33 20 25 41
31 34 75 58 66
31 35 51 45 59
31 36 37 26 56
31 37 2 4 18
31 38 48 48 44
31 39 45 42 45
31 40 9 13 34
31 41 65 51 69
31 42 17 22 39
31 43 33 35 33
31 44 37 35 39
31 45 70 76 73
31 46 95 80 93
31 47 99 84 87
31 48 65 68 46
31 49 31 34 29
32 33 45 47 41
32 34 19 32 20
32 35 88 86 69
32 36 42 34 35
32 37 79 65 69
32 38 32 44 35
32 39 92 81 68
32 40 45 42 49
32 41 80 73 62
32 42 67 71 57
32 43 17 20 20
32 44 56 53 49
32 45 27 30 48
32 46 97 85 90
32 47 38 43 34
32 48 71 60 56
32 49 59 67 56
33 34 14 11 34
33 35 24 41 19
33 36 54 43 42
33 37 20 40 39
33 38 20 43 24
33 39 50 62 52
33 40 86 86 83
33 41 37 39 33
33 42 95 67 85
33 43 66 56 63
33 44 98 80 85
33 45 57 58 46
33 46 32 23 38
33 47 52 50 57
33 48 56 68 57
33 49 12 22 32
34 35 20 32 24
34 36 33 27 32
34 37 33 28 24
34 38 70 69 70
34 39 75 52 54
34 40 17 27 30
34 41 64 69 73
34 42 93 67 91
34 43 26 42 37
34 44 51 49 44
34 45 49 60 53
34 46 59 57 43
34 47 25 28 30
34 48 13 19 17
34 49 7 27 23
35 36 74 79 67
35 37 24 41 20
35 38 93 73 77
35 39 29 43 37
35 40 66 47 71
35 41 38 27 53
35 42 17 41 33
35 43 97 72 79
35 44 51 38 59
35 45 3 29 4
35 46 90 86 81
35 47 25 37 31
35 48 4 28 12
35 49 6 29 28
36 37 91 81 74
36 38 71 57 69
36 39 31 44 33
36 40 69 70 68
36 41 48 37 49
36 42 16 41 11
36 43 56 59 61
36 44 55 50 39
36 45 52 46 48
36 46 58 61 45
36 47 66 72 71
36 48 76 81 74
36 49 83 70 72
37 38 65 68 71
37 39 42 43 38
37 40 31 34 30
37 41 82 59 83
37 42 53 47 53
37 43 73 72 71
37 44 40 43 50
37 45 73 79 68
37 46 29 42 47
37 47 85 76 87
37 48 81 74 62
37 49 22 17 42
38 39 20 24 16
38 40 82 75 60
38 41 29 49 41
38 42 70 54 59
38 43 47 58 59
38 44 31 46 30
38 45 38 49 51
38 46 36 49 44
38 47 36 36 31
38 48 67 65 50
38 49 59 62 49
39 40 15 20 14
39 41 76 70 82
39 42 75 60 64
39 43 74 66 81
39 44 65 45 60
39 45 79 83 81
39 46 29 39 37
39 47 2 20 7
39 48 14 28 28
39 49 38 55 47
40 41 91 79 64
40 42 7 14 34
40 43 16 22 14
40 44 36 38 31
40 45 77 77 75
40 46 79 59 58
40 47 11 10 14
40 48 80 74 73
40 49 14 30 37
41 42 19 23 22
41 43 95 79 80
41 44 54 60 53
41 45 28 24 26
41 46 21 42 27
41 47 98 75 84
41 48 42 32 30
41 49 16 27 23
42 43 20 21 26
42 44 55 45 55
42 45 12 23 37
42 46 22 38 25
42 47 51 38 36
42 48 78 80 58
42 49 87 86 64
43 44 82 83 69
43 45 84 83 67
43 46 54 59 39
43 47 69 65 50
43 48 8 26 18
43 49 12 20 24
44 45 1 30 1
44 46 15 33 33
44 47 95 73 76
44 48 51 65 41
44 49 85 88 81
45 46 14 23 23
45 47 12 34 20
45 48 72 53 66
45 49 26 39 25
46 47 78 78 69
46 48 16 15 14
46 49 22 32 20
47 48 22 29 39
47 49 26 45 46
48 49 84 72 76
