50
0 1 68 51 53
0 2 63 44 35
0 3 0 23 47
0 4 93 73 82
0 5 95 94 96
0 6 80 59 80
0 7 40 42 53
0 8 32 63 62
0 9 73 37 81
0 10 87 92 76
0 11 35 24 64
0 12 70 53 66
0 13 88 65 68
0 14 49 59 52
0 15 25 14 14
0 16 68 42 60
0 17 98 50 78
0 18 84 62 76
0 19 43 64 46
0 20 76 55 51
0 21 42 60 29
0 22 48 69 33
0 23 85 52 46
0 24 79 71 84
0 25 65 37 57
0 26 79 62 72
0 27 56 35 75
0 28 39 67 63
0 29 56 30 32
0 30 75 75 38
0 31 27 48 37
0 32 40 40 20
0 33 47 35 43
0 34 40 24 25
0 35 58 34 55
0 36 65 57 64
0 37 99 98 61
0 38 1 35 18
0 39 36 34 64
0 40 57 42 38
0 41 23 48 24
0 42 54 69 30
0 43 98 81 97
0 44 80 83 69
0 45 0 45 36
0 46 66 39 66
0 47 35 34 32
0 48 79 62 88
0 49 96 85 84
1 2 44 56 53
1 3 53 30 38
1 4 28 51 42
1 5 83 78 61
1 6 86 53 79
1 7 52 75 46
1 8 38 37 28
1 9 53 31 35
1 10 34 58 25
1 11 76 64 42
1 12 26 57 36
1 13 24 12 26
1 14 18 11 25
1 15 52 67 42
1 16 30 15 27
1 17 66 62 81
1 18 2 26 46
1 19 9 35 35
1 20 62 76 38
1 21 16 50 24
1 22 4 27 25
1 23 54 71 62
1 24 73 51 47
1 25 23 52 60
1 26 86 73 82
1 27 93 56 54
1 28 97 53 56
1 29 88 79 62
1 30 82 64 61
1 31 60 54 32
1 32 98 98 54
1 33 54 68 71
1 34 31 51 37
1 35 14 14 49
1 36 97 76 88
1 37 25 38 59
1 38 93 48 83
1 39 71 45 76
1 40 37 25 63
1 41 88 49 56
1 42 47 70 63
1 43 46 42 50
1 44 5 37 35
1 45 87 49 70
1 46 37 25 26
1 47 52 67 36
1 48 14 35 23
1 49 71 56 36
2 3 28 49 63
2 4 73 44 62
2 5 75 40 37
2 6 56 28 61
2 7 57 50 62
2 8 47 27 57
2 9 80 57 80
2 10 27 42 50
2 11 17 42 38
2 12 33 36 62
2 13 54 56 67
2 14 53 52 71
2 15 38 61 53
2 16 30 48 17
2 17 79 49 48
2 18 82 74 46
2 19 13 13 25
2 20 34 51 47
2 21 16 43 21
2 22 78 75 79
2 23 35 48 41
2 24 91 57 92
2 25 34 53 25
2 26 67 45 78
2 27 74 76 59
2 28 4 34 28
2 29 91 94 50
2 30 4 11 19
2 31 48 32 49
2 32 34 31 26
2 33 22 14 17
2 34 97 56 81
2 35 73 57 69
2 36 97 83 82
2 37 68 66 84
2 38 27 24 24
2 39 21 40 54
2 40 96 87 81
2 41 90 57 67
2 42 81 87 81
2 43 20 53 41
2 44 71 84 49
2 45 52 41 35
2 46 11 13 22
2 47 98 56 90
2 48 82 83 53
2 49 33 31 51
3 4 62 59 57
3 5 60 69 75
3 6 18 21 14
3 7 82 75 74
3 8 4 42 28
3 9 9 53 32
3 10 31 63 57
3 11 95 53 71
3 12 56 57 67
3 13 95 83 83
3 14 71 80 63
3 15 82 70 44
3 16 29 14 53
3 17 66 42 41
3 18 68 49 58
3 19 95 49 76
3 20 35 56 52
3 21 66 78 39
3 22 70 39 52
3 23 37 55 24
3 24 12 11 17
3 25 83 75 46
3 26 50 28 43
3 27 29 45 53
3 28 97 91 86
3 29 1 3 21
3 30 67 37 61
3 31 40 30 46
3 32 39 49 36
3 33 46 49 65
3 34 59 67 66
3 35 3 10 45
3 36 82 57 67
3 37 48 40 27
3 38 41 42 27
3 39 44 38 27
3 40 4 15 36
3 41 93 88 84
3 42 43 44 49
3 43 14 37 40
3 44 6 48 41
3 45 55 37 55
3 46 40 40 32
3 47 56 51 62
3 48 57 74 65
3 49 92 90 78
4 5 10 24 20
4 6 75 61 72
4 7 16 25 17
4 8 80 54 61
4 9 83 46 69
4 10 28 15 56
4 11 24 59 39
4 12 30 26 55
4 13 90 60 92
4 14 1 6 48
4 15 93 63 95
4 16 46 60 46
4 17 19 40 37
4 18 30 31 21
4 19 96 79 97
4 20 11 6 51
4 21 87 66 54
4 22 4 42 24
4 23 70 79 81
4 24 87 74 70
4 25 98 95 61
4 26 80 42 71
4 27 71 57 82
4 28 69 44 49
4 29 69 63 35
4 30 98 79 87
4 31 29 58 28
4 32 25 18 56
4 33 5 17 10
4 34 29 25 44
4 35 95 67 73
4 36 16 41 40
4 37 88 56 48
4 38 95 91 72
4 39 47 26 24
4 40 56 32 54
4 41 0 40 21
4 42 65 63 38
4 43 55 63 40
4 44 22 45 16
4 45 36 58 35
4 46 57 65 30
4 47 53 27 66
4 48 14 7 52
4 49 72 77 61
5 6 14 31 23
5 7 82 86 63
5 8 11 7 20
5 9 83 46 74
5 10 40 42 36
5 11 90 62 64
5 12 32 56 35
5 13 95 70 56
5 14 19 50 46
5 15 2 11 6
5 16 87 87 83
5 17 10 12 18
5 18 93 67 74
5 19 40 37 39
5 20 93 69 51
5 21 55 33 42
5 22 53 67 27
5 23 23 58 56
5 24 34 28 31
5 25 63 79 46
5 26 16 35 43
5 27 90 70 46
5 28 42 69 58
5 29 94 50 77
5 30 65 55 40
5 31 50 65 31
5 32 2 10 5
5 33 6 44 45
5 34 59 76 40
5 35 36 64 50
5 36 5 15 29
5 37 15 54 33
5 38 63 40 79
5 39 47 72 38
5 40 62 33 62
5 41 46 29 46
5 42 4 52 15
5 43 4 30 16
5 44 17 39 54
5 45 12 35 41
5 46 56 49 57
5 47 38 45 50
5 48 16 48 50
5 49 10 21 27
6 7 78 81 69
6 8 49 37 54
6 9 91 92 53
6 10 7 13 42
6 11 87 87 80
6 12 41 62 66
6 13 76 68 49
6 14 44 29 32
6 15 88 49 46
6 16 46 56 23
6 17 87 61 57
6 18 74 61 42
6 19 85 76 82
6 20 90 56 81
6 21 10 22 24
6 22 22 38 47
6 23 6 38 27
6 24 85 68 80
6 25 81 82 44
6 26 27 29 22
6 27 82 69 45
6 28 38 48 67
6 29 59 63 32
6 30 36 43 62
6 31 50 63 41
6 32 34 53 48
6 33 10 34 46
6 34 98 73 76
6 35 97 89 91
6 36 52 65 53
6 37 31 33 35
6 38 68 42 80
6 39 93 81 59
6 40 4 29 21
6 41 21 11 25
6 42 68 56 36
6 43 18 11 24
6 44 15 18 24
6 45 40 31 67
6 46 1 50 3
6 47 21 11 40
6 48 37 29 40
6 49 45 64 51
7 8 7 36 19
7 9 63 59 36
7 10 0 40 33
7 11 52 34 41
7 12 84 60 75
7 13 37 18 49
7 14 13 12 12
7 15 15 13 26
7 16 58 65 47
7 17 77 51 69
7 18 87 65 51
7 19 45 34 61
7 20 78 81 65
7 21 45 44 47
7 22 40 52 44
7 23 58 73 52
7 24 0 16 23
7 25 1 39 25
7 26 13 46 54
7 27 64 41 70
7 28 62 65 57
7 29 38 60 58
7 30 71 73 67
7 31 59 33 69
7 32 86 91 64
7 33 82 77 44
7 34 97 71 73
7 35 11 43 52
7 36 9 28 42
7 37 29 54 30
7 38 19 17 46
7 39 81 80 75
7 40 48 61 63
7 41 48 56 60
7 42 14 8 14
7 43 47 25 33
7 44 27 54 48
7 45 10 38 29
7 46 72 67 80
7 47 80 76 48
7 48 88 88 59
7 49 48 27 40
8 9 47 33 64
8 10 98 64 96
8 11 41 42 51
8 12 85 91 54
8 13 62 75 56
8 14 16 40 40
8 15 65 81 42
8 16 55 73 66
8 17 73 47 62
8 18 82 78 91
8 19 3 30 46
8 20 18 17 9
8 21 94 60 82
8 22 10 46 40
8 23 20 16 48
8 24 76 68 54
8 25 20 54 33
8 26 54 50 53
8 27 4 22 26
8 28 59 42 69
8 29 89 76 63
8 30 76 41 79
8 31 23 12 50
8 32 4 30 8
8 33 16 10 50
8 34 95 64 67
8 35 93 88 71
8 36 90 80 93
8 37 8 31 53
8 38 66 70 53
8 39 25 45 29
8 40 1 32 11
8 41 46 71 36
8 42 93 61 91
8 43 34 61 54
8 44 77 77 85
8 45 73 40 44
8 46 15 53 43
8 47 39 63 19
8 48 21 36 51
8 49 80 63 76
9 10 55 66 68
9 11 43 51 23
9 12 88 44 47
9 13 41 63 56
9 14 73 79 36
9 15 33 17 45
9 16 40 32 47
9 17 17 10 49
9 18 83 68 43
9 19 93 70 62
9 20 47 30 52
9 21 70 78 37
9 22 87 90 69
9 23 95 82 95
9 24 4 23 40
9 25 10 11 12
9 26 10 33 10
9 27 28 31 33
9 28 21 42 42
9 29 31 61 17
9 30 74 78 84
9 31 17 10 37
9 32 67 77 79
9 33 56 62 55
9 34 59 78 50
9 35 20 29 57
9 36 14 48 49
9 37 52 68 29
9 38 84 90 90
9 39 77 62 64
9 40 10 33 45
9 41 28 59 32
9 42 71 59 49
9 43 71 71 51
9 44 30 52 18
9 45 44 45 50
9 46 10 8 45
9 47 51 29 51
9 48 12 48 21
9 49 12 38 38
10 11 67 72 60
10 12 42 44 48
10 13 20 51 14
10 14 26 46 14
10 15 35 17 32
10 16 41 53 28
10 17 59 68 68
10 18 59 50 55
10 19 26 22 61
10 20 44 33 39
10 21 50 36 46
10 22 95 80 56
10 23 0 25 0
10 24 60 68 35
10 25 59 70 78
10 26 59 57 43
10 27 41 31 42
10 28 73 60 57
10 29 70 61 45
10 30 2 44 29
10 31 50 45 40
10 32 13 33 9
10 33 49 63 33
10 34 70 74 39
10 35 73 39 67
10 36 48 63 58
10 37 70 73 38
10 38 92 55 63
10 39 50 26 36
10 40 61 47 69
10 41 19 34 51
10 42 26 50 18
10 43 84 79 56
10 44 33 53 48
10 45 75 81 75
10 46 28 32 26
10 47 83 55 43
10 48 10 42 54
10 49 27 52 18
11 12 96 75 74
11 13 38 32 66
11 14 0 31 23
11 15 75 85 38
11 16 82 69 87
11 17 9 22 38
11 18 10 18 29
11 19 49 44 31
11 20 9 25 22
11 21 21 45 28
11 22 38 30 50
11 23 43 25 41
11 24 22 16 37
11 25 80 81 69
11 26 36 47 54
11 27 42 33 25
11 28 79 45 82
11 29 2 18 39
11 30 52 41 31
11 31 41 70 48
11 32 13 36 55
11 33 62 73 69
11 34 52 32 43
11 35 47 51 54
11 36 64 65 41
11 37 12 50 18
11 38 86 44 55
11 39 87 74 89
11 40 78 83 73
11 41 9 12 9
11 42 91 73 49
11 43 73 69 49
11 44 81 83 76
11 45 24 34 32
11 46 94 78 92
11 47 64 77 56
11 48 62 78 69
11 49 75 40 86
12 13 37 51 59
12 14 71 67 40
12 15 42 44 59
12 16 90 61 87
12 17 35 18 44
12 18 46 62 49
12 19 50 74 71
12 20 57 49 62
12 21 98 77 50
12 22 62 63 74
12 23 97 75 87
12 24 14 19 13
12 25 58 42 54
12 26 31 26 17
12 27 90 74 56
12 28 12 18 15
12 29 23 13 29
12 30 45 65 44
12 31 44 56 44
12 32 36 37 25
12 33 14 36 10
12 34 72 73 39
12 35 12 36 50
12 36 54 46 39
12 37 36 44 58
12 38 17 55 58
12 39 57 33 74
12 40 66 65 39
12 41 14 37 23
12 42 0 46 29
12 43 32 20 48
12 44 45 38 71
12 45 37 55 60
12 46 32 38 42
12 47 86 76 71
12 48 65 59 49
12 49 22 13 31
13 14 21 16 14
13 15 71 42 64
13 16 38 44 40
13 17 5 50 39
13 18 6 41 41
13 19 86 76 57
13 20 52 26 66
13 21 81 51 60
13 22 74 44 73
13 23 86 47 73
13 24 28 33 63
13 25 74 70 50
13 26 77 75 42
13 27 5 6 30
13 28 6 27 24
13 29 49 74 38
13 30 19 27 45
13 31 25 34 32
13 32 59 74 51
13 33 68 76 77
13 34 78 61 74
13 35 29 41 55
13 36 49 43 27
13 37 69 58 75
13 38 26 38 49
13 39 12 45 39
13 40 31 64 29
13 41 35 23 43
13 42 41 57 62
13 43 36 61 38
13 44 34 27 61
13 45 5 40 34
13 46 84 45 57
13 47 30 37 54
13 48 12 19 27
13 49 15 19 23
14 15 71 62 46
14 16 83 65 42
14 17 30 63 15
14 18 30 43 26
14 19 69 59 56
14 20 17 36 29
14 21 50 40 32
14 22 96 75 53
14 23 6 4 16
14 24 96 49 90
14 25 49 55 25
14 26 38 37 54
14 27 47 28 63
14 28 53 51 72
14 29 77 66 46
14 30 59 30 75
14 31 67 43 44
14 32 55 59 33
14 33 65 37 53
14 34 38 43 28
14 35 84 75 90
14 36 0 40 28
14 37 42 50 60
14 38 71 82 71
14 39 65 39 60
14 40 92 73 76
14 41 74 52 81
14 42 31 48 42
14 43 43 29 36
14 44 28 14 32
14 45 41 22 51
14 46 99 72 75
14 47 32 21 64
14 48 55 52 76
14 49 6 19 5
15 16 73 56 66
15 17 49 24 42
15 18 24 28 24
15 19 35 33 33
15 20 27 28 24
15 21 38 66 47
15 22 78 68 68
15 23 39 37 66
15 24 57 60 29
15 25 76 78 53
15 26 98 71 91
15 27 67 59 46
15 28 15 56 24
15 29 14 52 29
15 30 70 41 83
15 31 69 65 38
15 32 61 62 38
15 33 94 83 47
15 34 98 66 62
15 35 64 52 43
15 36 31 26 37
15 37 48 26 50
15 38 76 72 62
15 39 4 38 50
15 40 40 43 56
15 41 51 36 30
15 42 9 54 31
15 43 14 11 11
15 44 90 73 90
15 45 16 13 12
15 46 71 69 42
15 47 82 67 90
15 48 88 69 66
15 49 8 35 27
16 17 8 7 31
16 18 68 48 34
16 19 25 62 14
16 20 70 65 80
16 21 20 42 48
16 22 42 60 40
16 23 63 57 81
16 24 14 23 48
16 25 34 21 52
16 26 76 41 83
16 27 67 46 48
16 28 1 8 27
16 29 89 48 51
16 30 83 44 82
16 31 52 62 29
16 32 87 45 70
16 33 72 54 52
16 34 67 77 78
16 35 82 66 61
16 36 72 67 43
16 37 89 75 81
16 38 11 16 54
16 39 67 67 82
16 40 69 64 84
16 41 97 79 49
16 42 41 34 54
16 43 15 44 10
16 44 92 74 84
16 45 5 35 31
16 46 25 17 50
16 47 78 84 73
16 48 76 65 66
16 49 42 63 65
17 18 59 62 62
17 19 84 79 70
17 20 65 63 37
17 21 75 57 69
17 22 59 36 68
17 23 82 42 41
17 24 71 41 81
17 25 10 44 30
17 26 72 51 43
17 27 21 11 29
17 28 21 50 53
17 29 15 53 26
17 30 81 74 86
17 31 18 51 42
17 32 68 74 48
17 33 30 37 22
17 34 39 26 35
17 35 44 44 41
17 36 37 44 26
17 37 86 58 51
17 38 73 65 53
17 39 59 70 32
17 40 34 33 44
17 41 72 67 41
17 42 48 70 24
17 43 55 30 29
17 44 58 58 53
17 45 50 34 51
17 46 51 55 64
17 47 30 42 29
17 48 86 51 82
17 49 62 32 49
18 19 88 45 47
18 20 95 67 89
18 21 28 35 14
18 22 69 46 68
18 23 98 64 83
18 24 93 55 91
18 25 90 48 90
18 26 73 71 51
18 27 6 15 46
18 28 49 37 66
18 29 84 59 50
18 30 69 82 58
18 31 70 80 62
18 32 63 79 63
18 33 31 28 48
18 34 21 30 45
18 35 90 60 90
18 36 8 52 36
18 37 99 61 82
18 38 64 41 45
18 39 87 54 51
18 40 87 69 76
18 41 41 67 39
18 42 64 61 34
18 43 44 62 57
18 44 93 49 75
18 45 34 43 62
18 46 75 53 40
18 47 69 37 58
18 48 11 6 10
18 49 87 58 51
19 20 82 73 90
19 21 48 59 72
19 22 20 17 37
19 23 60 47 33
19 24 32 39 19
19 25 85 82 83
19 26 26 35 57
19 27 7 8 14
19 28 74 40 69
19 29 93 57 57
19 30 41 49 25
19 31 99 98 60
19 32 60 71 64
19 33 42 57 40
19 34 1 2 37
19 35 21 48 34
19 36 8 14 45
19 37 38 68 63
19 38 55 37 68
19 39 1 15 3
19 40 63 35 47
19 41 30 36 26
19 42 20 53 31
19 43 42 55 33
19 44 15 21 28
19 45 7 8 34
19 46 68 76 42
19 47 5 16 10
19 48 99 59 79
19 49 75 71 48
20 21 86 54 69
20 22 70 80 81
20 23 4 3 46
20 24 59 39 55
20 25 28 50 19
20 26 64 81 76
20 27 53 52 55
20 28 9 16 37
20 29 38 57 61
20 30 26 25 14
20 31 53 27 53
20 32 74 80 46
20 33 49 62 57
20 34 66 56 43
20 35 37 56 66
20 36 22 15 37
20 37 77 59 57
20 38 23 58 31
20 39 50 39 49
20 40 71 44 82
20 41 23 47 37
20 42 37 38 61
20 43 23 61 18
20 44 24 32 52
20 45 39 43 60
20 46 5 20 19
20 47 13 19 49
20 48 53 34 55
20 49 41 42 55
21 22 85 68 48
21 23 63 47 49
21 24 1 45 37
21 25 12 21 31
21 26 11 6 8
21 27 14 53 47
21 28 26 45 33
21 29 5 11 43
21 30 94 81 53
21 31 83 70 78
21 32 18 18 38
21 33 53 61 66
21 34 1 43 50
21 35 92 94 51
21 36 56 60 46
21 37 2 21 26
21 38 66 67 44
21 39 53 31 57
21 40 41 23 51
21 41 89 55 53
21 42 38 39 52
21 43 47 51 70
21 44 14 38 47
21 45 77 52 39
21 46 67 81 63
21 47 13 37 23
21 48 87 87 50
21 49 7 18 33
22 23 28 51 17
22 24 11 7 53
22 25 88 46 90
22 26 9 22 46
22 27 63 75 50
22 28 49 29 65
22 29 0 49 43
22 30 81 66 61
22 31 92 61 61
22 32 23 27 43
22 33 0 12 38
22 34 75 86 58
22 35 59 45 56
22 36 9 46 31
22 37 86 85 91
22 38 11 52 31
22 39 14 38 27
22 40 76 74 87
22 41 61 68 33
22 42 58 60 58
22 43 36 48 32
22 44 13 8 16
22 45 97 75 54
22 46 29 43 57
22 47 10 31 21
22 48 95 62 84
22 49 60 39 71
23 24 4 6 2
23 25 45 44 51
23 26 89 67 55
23 27 82 89 85
23 28 28 14 37
23 29 45 64 43
23 30 30 36 42
23 31 10 29 33
23 32 15 56 28
23 33 52 60 75
23 34 13 51 43
23 35 86 48 84
23 36 94 91 48
23 37 84 54 77
23 38 63 43 49
23 39 72 70 75
23 40 34 33 34
23 41 80 87 52
23 42 54 60 37
23 43 27 58 38
23 44 19 35 34
23 45 35 39 29
23 46 72 42 66
23 47 6 22 40
23 48 73 86 82
23 49 59 30 51
24 25 0 39 17
24 26 60 36 51
24 27 28 33 52
24 28 43 56 48
24 29 86 82 80
24 30 38 23 23
24 31 96 62 62
24 32 72 82 83
24 33 98 83 93
24 34 88 47 61
24 35 93 53 71
24 36 17 45 27
24 37 32 57 28
24 38 5 44 51
24 39 55 70 55
24 40 48 67 51
24 41 5 21 7
24 42 23 53 59
24 43 92 93 91
24 44 39 51 57
24 45 21 25 48
24 46 51 43 69
24 47 36 44 44
24 48 85 42 81
24 49 91 55 70
25 26 38 28 38
25 27 14 10 12
25 28 35 37 51
25 29 97 89 88
25 30 70 70 49
25 31 94 50 82
25 32 89 84 55
25 33 83 77 72
25 34 23 29 19
25 35 61 73 44
25 36 28 48 55
25 37 78 70 68
25 38 64 55 55
25 39 65 38 76
25 40 96 92 92
25 41 45 52 44
25 42 67 56 55
25 43 72 80 73
25 44 92 70 50
25 45 13 54 12
25 46 65 59 60
25 47 87 93 69
25 48 10 18 49
25 49 58 39 76
26 27 8 42 36
26 28 36 19 47
26 29 70 35 69
26 30 10 24 48
26 31 27 50 48
26 32 26 46 54
26 33 21 58 37
26 34 19 43 44
26 35 49 57 33
26 36 67 51 75
26 37 4 5 4
26 38 27 32 54
26 39 88 54 55
26 40 67 74 55
26 41 0 1 0
26 42 58 69 77
26 43 27 40 50
26 44 0 18 24
26 45 90 90 92
26 46 32 19 46
26 47 1 8 18
26 48 68 66 70
26 49 18 24 16
27 28 83 70 79
27 29 14 47 20
27 30 52 35 57
27 31 83 61 56
27 32 48 25 61
27 33 40 44 39
27 34 73 49 44
27 35 99 57 98
27 36 16 27 47
27 37 47 24 52
27 38 38 53 67
27 39 84 89 54
27 40 8 32 16
27 41 85 80 71
27 42 47 56 61
27 43 85 63 46
27 44 31 41 55
27 45 92 79 61
27 46 83 67 55
27 47 53 51 61
27 48 16 35 39
27 49 58 64 58
28 29 27 29 19
28 30 94 64 72
28 31 70 38 62
28 32 32 18 33
28 33 29 18 15
28 34 7 36 46
28 35 44 66 48
28 36 51 57 50
28 37 28 36 45
28 38 18 47 54
28 39 85 59 86
28 40 28 21 46
28 41 41 47 24
28 42 10 45 42
28 43 62 81 35
28 44 25 29 37
28 45 15 22 41
28 46 16 30 41
28 47 40 53 33
28 48 18 29 10
28 49 66 73 62
29 30 45 45 29
29 31 7 20 39
29 32 68 55 73
29 33 48 70 32
29 34 33 35 61
29 35 17 39 12
29 36 37 24 44
29 37 47 72 48
29 38 37 27 35
29 39 20 21 14
29 40 20 56 12
29 41 64 55 47
29 42 92 54 87
29 43 68 54 83
29 44 18 21 20
29 45 81 51 63
29 46 40 57 69
29 47 38 29 62
29 48 0 49 27
29 49 64 63 81
30 31 23 36 58
30 32 55 75 29
30 33 99 63 93
30 34 44 63 39
30 35 39 27 62
30 36 77 62 85
30 37 2 4 51
30 38 71 74 43
30 39 45 52 45
30 40 96 97 63
30 41 28 27 29
30 42 15 42 52
30 43 25 36 43
30 44 4 47 15
30 45 51 49 26
30 46 16 25 25
30 47 70 67 50
30 48 67 62 45
30 49 94 53 60
31 32 97 66 58
31 33 73 78 60
31 34 61 73 53
31 35 0 37 5
31 36 87 65 69
31 37 61 64 32
31 38 80 90 62
31 39 60 44 70
31 40 45 62 67
31 41 65 69 69
31 42 24 47 36
31 43 46 23 40
31 44 94 56 54
31 45 74 48 41
31 46 17 51 53
31 47 51 27 64
31 48 40 31 31
31 49 59 41 58
32 33 83 86 78
32 34 50 50 40
32 35 82 66 90
32 36 78 74 63
32 37 93 77 47
32 38 77 70 80
32 39 41 51 60
32 40 69 79 40
32 41 18 58 32
32 42 96 70 55
32 43 13 52 11
32 44 83 88 55
32 45 56 38 71
32 46 16 43 28
32 47 16 51 24
32 48 79 72 52
32 49 2 7 16
33 34 56 39 73
33 35 96 64 93
33 36 6 21 11
33 37 45 27 68
33 38 17 57 11
33 39 40 21 55
33 40 34 45 46
33 41 94 76 81
33 42 97 75 94
33 43 75 75 40
33 44 30 61 46
33 45 75 82 42
33 46 19 20 11
33 47 75 81 48
33 48 15 10 36
33 49 75 41 77
34 35 74 53 42
34 36 59 66 53
34 37 27 41 61
34 38 3 23 13
34 39 69 48 54
34 40 60 50 39
34 41 77 68 84
34 42 99 79 76
34 43 24 20 22
34 44 55 48 47
34 45 70 64 85
34 46 38 53 49
34 47 97 84 85
34 48 25 32 52
34 49 28 30 39
35 36 90 80 75
35 37 62 41 32
35 38 57 71 73
35 39 93 74 69
35 40 61 49 54
35 41 84 85 68
35 42 76 49 67
35 43 74 85 46
35 44 88 89 90
35 45 56 71 30
35 46 83 79 69
35 47 58 49 56
35 48 23 31 43
35 49 34 44 21
36 37 68 77 78
36 38 59 47 36
36 39 18 34 40
36 40 13 35 46
36 41 26 55 46
36 42 95 51 75
36 43 70 53 55
36 44 4 21 36
36 45 94 86 77
36 46 81 78 54
36 47 11 55 48
36 48 32 54 61
36 49 60 42 64
37 38 68 69 52
37 39 79 83 85
37 40 98 50 70
37 41 37 33 54
37 42 10 25 8
37 43 97 93 76
37 44 11 29 29
37 45 29 16 22
37 46 74 83 48
37 47 99 78 64
37 48 58 57 51
37 49 99 83 80
38 39 44 57 37
38 40 46 30 27
38 41 37 21 23
38 42 43 25 61
38 43 27 36 62
38 44 20 17 31
38 45 94 73 84
38 46 43 53 41
38 47 10 22 11
38 48 11 54 30
38 49 54 47 36
39 40 14 32 22
39 41 18 24 37
39 42 87 92 88
39 43 14 39 37
39 44 3 42 40
39 45 64 37 61
39 46 41 45 24
39 47 39 60 23
39 48 78 76 44
39 49 28 38 47
40 41 23 13 21
40 42 45 50 56
40 43 26 46 35
40 44 17 51 22
40 45 56 55 44
40 46 88 75 45
40 47 58 40 54
40 48 15 19 37
40 49 88 47 88
41 42 97 62 68
41 43 89 90 61
41 44 16 16 13
41 45 61 78 67
41 46 92 82 86
41 47 66 55 44
41 48 91 47 76
41 49 15 44 39
42 43 81 61 78
42 44 93 84 65
42 45 0 10 31
42 46 18 48 50
42 47 12 35 16
42 48 37 65 38
42 49 14 24 36
43 44 85 61 65
43 45 52 73 30
43 46 12 7 15
43 47 60 33 77
43 48 46 44 23
43 49 33 58 61
44 45 80 66 87
44 46 12 37 13
44 47 6 29 7
44 48 65 41 67
44 49 57 67 45
45 46 53 31 34
45 47 60 49 53
45 48 8 13 48
45 49 36 20 32
46 47 74 63 76
46 48 42 59 28
46 49 86 86 85
47 48 43 29 24
47 49 74 78 63
48 49 44 58 43
