50
0 1 40 37 42
0 2 57 56 59
0 3 52 47 50
0 4 86 85 83
0 5 60 60 61
0 6 27 33 28
0 7 15 15 14
0 8 66 63 60
0 9 70 64 72
0 10 11 16 16
0 11 61 62 59
0 12 88 82 81
0 13 62 59 65
0 14 31 35 30
0 15 16 24 16
0 16 67 67 62
0 17 61 60 57
0 18 9 10 11
0 19 29 31 32
0 20 90 87 84
0 21 74 68 70
0 22 45 43 47
0 23 10 19 16
0 24 51 49 54
0 25 76 78 73
0 26 11 13 14
0 27 74 69 69
0 28 98 98 96
0 29 18 17 18
0 30 15 14 14
0 31 55 53 56
0 32 60 64 63
0 33 11 11 15
0 34 35 32 37
0 35 47 50 50
0 36 18 20 17
0 37 13 17 12
0 38 24 25 32
0 39 20 26 23
0 40 60 63 56
0 41 88 80 83
0 42 55 51 58
0 43 62 62 63
0 44 23 29 27
0 45 57 59 60
0 46 62 60 62
0 47 71 70 73
0 48 55 52 55
0 49 8 17 9
1 2 45 49 47
1 3 83 79 76
1 4 1 9 4
1 5 78 78 72
1 6 51 46 55
1 7 87 79 85
1 8 45 41 47
1 9 23 25 24
1 10 77 76 71
1 11 75 70 72
1 12 8 8 17
1 13 60 63 55
1 14 30 27 28
1 15 33 39 39
1 16 17 19 18
1 17 90 89 83
1 18 57 60 59
1 19 69 68 69
1 20 82 79 77
1 21 10 10 16
1 22 60 56 62
1 23 98 89 92
1 24 63 58 63
1 25 11 16 18
1 26 50 54 46
1 27 89 85 88
1 28 49 44 49
1 29 51 56 49
1 30 15 16 21
1 31 85 79 83
1 32 26 30 27
1 33 28 30 28
1 34 74 75 67
1 35 74 67 69
1 36 44 47 48
1 37 3 11 3
1 38 95 88 86
1 39 71 72 74
1 40 4 12 9
1 41 61 61 60
1 42 77 70 79
1 43 61 56 55
1 44 70 72 65
1 45 57 55 53
1 46 14 18 22
1 47 18 23 21
1 48 42 42 45
1 49 97 88 91
2 3 93 91 85
2 4 8 9 10
2 5 19 26 21
2 6 61 56 56
2 7 82 79 76
2 8 63 59 59
2 9 91 86 88
2 10 76 70 69
2 11 4 7 13
2 12 53 54 54
2 13 16 23 20
2 14 38 43 37
2 15 43 43 41
2 16 29 26 34
2 17 65 64 67
2 18 96 92 95
2 19 33 30 38
2 20 89 87 87
2 21 3 6 5
2 22 78 71 75
2 23 58 57 56
2 24 75 75 68
2 25 31 35 34
2 26 3 11 4
2 27 98 98 89
2 28 63 61 57
2 29 24 26 31
2 30 33 38 30
2 31 55 60 57
2 32 11 12 12
2 33 34 37 36
2 34 87 84 85
2 35 4 12 11
2 36 59 61 56
2 37 49 53 53
2 38 12 19 15
2 39 21 28 22
2 40 88 86 85
2 41 77 76 76
2 42 84 76 79
2 43 33 34 37
2 44 70 68 72
2 45 29 35 26
2 46 14 19 17
2 47 41 43 39
2 48 62 57 61
2 49 98 93 89
3 4 47 47 47
3 5 82 75 84
3 6 62 61 60
3 7 16 18 20
3 8 3 10 10
3 9 68 69 70
3 10 27 31 25
3 11 54 57 50
3 12 49 52 53
3 13 75 68 73
3 14 0 4 0
3 15 80 74 77
3 16 41 41 46
3 17 91 83 90
3 18 63 59 64
3 19 16 20 19
3 20 30 31 28
3 21 17 20 23
3 22 11 15 14
3 23 83 77 76
3 24 19 25 25
3 25 7 14 7
3 26 57 56 56
3 27 85 84 86
3 28 99 93 92
3 29 20 26 26
3 30 28 35 33
3 31 48 46 49
3 32 39 36 42
3 33 84 79 79
3 34 18 23 19
3 35 69 68 66
3 36 79 75 78
3 37 78 73 74
3 38 68 69 66
3 39 9 15 10
3 40 70 64 73
3 41 13 15 16
3 42 56 59 60
3 43 9 14 17
3 44 26 27 32
3 45 45 50 48
3 46 53 51 49
3 47 7 13 7
3 48 37 33 42
3 49 78 74 78
4 5 0 9 5
4 6 57 55 53
4 7 76 75 75
4 8 91 91 89
4 9 71 71 72
4 10 16 23 21
4 11 34 37 31
4 12 54 51 52
4 13 28 28 28
4 14 85 84 78
4 15 93 90 88
4 16 99 91 99
4 17 84 79 80
4 18 16 19 16
4 19 41 42 45
4 20 58 57 59
4 21 85 77 83
4 22 8 7 7
4 23 86 87 79
4 24 19 25 23
4 25 15 18 16
4 26 82 80 84
4 27 70 73 68
4 28 30 33 34
4 29 15 23 20
4 30 64 58 65
4 31 91 88 84
4 32 75 75 77
4 33 41 38 40
4 34 69 68 72
4 35 50 55 49
4 36 29 33 30
4 37 2 4 6
4 38 25 27 27
4 39 93 92 91
4 40 7 10 12
4 41 0 3 5
4 42 51 51 53
4 43 33 33 33
4 44 34 34 40
4 45 28 30 26
4 46 58 58 59
4 47 48 44 45
4 48 2 2 8
4 49 24 29 25
5 6 62 57 59
5 7 54 51 55
5 8 50 51 55
5 9 51 55 52
5 10 38 37 42
5 11 73 70 71
5 12 47 51 50
5 13 18 25 20
5 14 99 92 94
5 15 44 46 43
5 16 29 34 27
5 17 34 38 33
5 18 50 49 45
5 19 83 83 82
5 20 84 77 76
5 21 64 66 58
5 22 91 89 91
5 23 26 27 26
5 24 80 76 80
5 25 24 28 24
5 26 64 62 63
5 27 5 13 13
5 28 68 61 65
5 29 83 78 80
5 30 69 69 63
5 31 88 80 84
5 32 35 33 37
5 33 73 70 69
5 34 80 72 76
5 35 23 22 22
5 36 71 72 68
5 37 62 63 56
5 38 51 47 52
5 39 85 77 84
5 40 20 26 20
5 41 97 92 88
5 42 77 74 76
5 43 34 36 38
5 44 13 15 19
5 45 67 68 69
5 46 0 3 9
5 47 73 69 69
5 48 20 26 28
5 49 95 90 93
6 7 58 53 57
6 8 31 38 32
6 9 53 48 55
6 10 89 86 83
6 11 46 50 42
6 12 89 83 86
6 13 87 81 86
6 14 53 52 57
6 15 26 25 24
6 16 15 20 17
6 17 69 63 62
6 18 44 40 47
6 19 10 19 12
6 20 44 42 47
6 21 14 20 18
6 22 26 29 30
6 23 44 45 49
6 24 94 88 92
6 25 80 78 75
6 26 58 54 61
6 27 2 4 2
6 28 51 55 53
6 29 6 7 12
6 30 58 53 52
6 31 31 38 36
6 32 47 43 47
6 33 49 49 47
6 34 96 90 90
6 35 65 64 58
6 36 49 49 45
6 37 98 90 94
6 38 18 20 24
6 39 31 30 30
6 40 99 89 93
6 41 16 14 18
6 42 91 88 88
6 43 5 5 5
6 44 11 13 10
6 45 71 68 70
6 46 76 76 75
6 47 63 63 63
6 48 61 59 58
6 49 51 53 48
7 8 22 23 30
7 9 27 33 31
7 10 77 72 74
7 11 3 7 5
7 12 34 35 31
7 13 46 50 49
7 14 18 22 19
7 15 6 14 8
7 16 20 19 27
7 17 89 81 86
7 18 18 20 25
7 19 3 3 10
7 20 48 45 46
7 21 12 14 17
7 22 84 76 76
7 23 64 67 65
7 24 97 95 95
7 25 50 52 54
7 26 89 89 88
7 27 25 26 25
7 28 55 58 55
7 29 52 55 50
7 30 9 8 11
7 31 64 59 59
7 32 59 55 60
7 33 15 23 19
7 34 44 48 43
7 35 84 82 85
7 36 81 78 76
7 37 54 57 52
7 38 33 33 33
7 39 73 67 69
7 40 6 8 11
7 41 64 59 63
7 42 60 56 56
7 43 6 16 8
7 44 41 41 37
7 45 51 50 52
7 46 54 55 53
7 47 51 55 48
7 48 91 89 84
7 49 3 3 9
8 9 34 33 37
8 10 40 38 39
8 11 93 93 93
8 12 5 7 9
8 13 99 99 96
8 14 53 53 55
8 15 48 44 50
8 16 15 21 22
8 17 6 6 10
8 18 80 73 73
8 19 94 87 93
8 20 99 95 90
8 21 61 63 58
8 22 95 86 93
8 23 62 63 64
8 24 50 53 53
8 25 38 35 40
8 26 48 45 47
8 27 48 45 44
8 28 13 19 14
8 29 6 9 10
8 30 64 61 61
8 31 95 87 87
8 32 92 85 92
8 33 61 59 60
8 34 85 82 80
8 35 62 66 57
8 36 97 88 95
8 37 19 22 22
8 38 67 64 63
8 39 17 23 20
8 40 60 61 61
8 41 83 84 80
8 42 70 70 68
8 43 2 5 10
8 44 46 45 47
8 45 86 87 84
8 46 93 91 92
8 47 79 76 71
8 48 8 16 17
8 49 78 72 71
9 10 26 31 31
9 11 57 54 52
9 12 63 57 65
9 13 57 57 54
9 14 5 13 11
9 15 66 68 60
9 16 51 49 52
9 17 79 80 76
9 18 83 82 76
9 19 23 22 21
9 20 1 3 6
9 21 81 81 74
9 22 37 40 39
9 23 58 61 53
9 24 89 87 84
9 25 37 40 34
9 26 28 29 26
9 27 31 31 31
9 28 92 90 88
9 29 61 63 61
9 30 32 37 37
9 31 62 60 62
9 32 6 11 9
9 33 95 86 87
9 34 13 12 18
9 35 95 91 87
9 36 38 43 43
9 37 59 58 61
9 38 25 24 29
9 39 2 10 10
9 40 24 23 29
9 41 92 84 85
9 42 32 31 36
9 43 28 26 34
9 44 55 57 54
9 45 66 67 66
9 46 0 4 1
9 47 85 77 84
9 48 45 40 44
9 49 36 38 41
10 11 67 66 67
10 12 20 27 24
10 13 7 7 10
10 14 60 63 63
10 15 44 41 49
10 16 86 83 82
10 17 67 65 61
10 18 33 31 31
10 19 89 83 82
10 20 66 60 60
10 21 59 55 56
10 22 49 48 49
10 23 35 39 37
10 24 38 38 43
10 25 84 85 84
10 26 53 53 51
10 27 82 81 78
10 28 76 72 76
10 29 43 39 40
10 30 91 89 90
10 31 23 28 26
10 32 6 15 10
10 33 38 39 37
10 34 22 23 23
10 35 94 86 90
10 36 54 51 50
10 37 96 95 90
10 38 77 73 77
10 39 27 27 34
10 40 85 84 82
10 41 91 86 82
10 42 27 32 28
10 43 41 44 41
10 44 92 90 91
10 45 2 3 10
10 46 67 66 68
10 47 31 29 29
10 48 73 71 68
10 49 34 37 40
11 12 41 45 37
11 13 32 32 32
11 14 94 86 85
11 15 31 28 28
11 16 62 64 60
11 17 24 22 31
11 18 86 86 87
11 19 53 57 48
11 20 26 32 32
11 21 60 60 57
11 22 26 29 24
11 23 39 36 44
11 24 71 65 65
11 25 63 58 58
11 26 73 69 67
11 27 35 36 34
11 28 44 47 40
11 29 43 43 46
11 30 88 88 86
11 31 51 50 48
11 32 97 90 94
11 33 23 22 23
11 34 14 20 16
11 35 33 33 37
11 36 80 75 72
11 37 82 80 77
11 38 98 95 96
11 39 76 75 78
11 40 77 78 76
11 41 7 9 11
11 42 1 4 9
11 43 32 38 32
11 44 3 5 8
11 45 94 93 91
11 46 73 75 72
11 47 20 27 28
11 48 77 75 73
11 49 0 2 5
12 13 91 90 87
12 14 62 60 58
12 15 59 60 60
12 16 77 74 76
12 17 5 10 7
12 18 38 43 39
12 19 91 91 88
12 20 97 90 95
12 21 3 10 8
12 22 13 21 21
12 23 38 38 36
12 24 63 57 66
12 25 92 91 83
12 26 84 80 76
12 27 54 57 59
12 28 89 86 87
12 29 19 25 26
12 30 26 25 25
12 31 52 57 56
12 32 93 92 91
12 33 52 48 55
12 34 68 71 71
12 35 41 42 39
12 36 89 88 87
12 37 15 21 17
12 38 38 38 40
12 39 68 63 70
12 40 32 38 34
12 41 65 62 59
12 42 85 82 82
12 43 70 66 71
12 44 66 68 61
12 45 93 89 88
12 46 82 80 78
12 47 31 37 32
12 48 67 69 70
12 49 95 93 95
13 14 25 25 23
13 15 8 15 15
13 16 73 74 74
13 17 69 63 71
13 18 87 82 83
13 19 18 25 25
13 20 51 47 51
13 21 81 77 79
13 22 68 65 67
13 23 96 89 94
13 24 24 23 28
13 25 81 82 80
13 26 66 62 64
13 27 39 39 36
13 28 34 40 34
13 29 11 16 13
13 30 72 69 71
13 31 45 46 42
13 32 44 48 47
13 33 78 71 79
13 34 53 57 48
13 35 17 23 21
13 36 97 88 95
13 37 21 19 19
13 38 57 53 54
13 39 25 24 32
13 40 32 35 34
13 41 5 6 6
13 42 80 81 73
13 43 48 50 49
13 44 19 18 23
13 45 33 37 36
13 46 40 37 38
13 47 85 77 82
13 48 54 57 53
13 49 44 40 43
14 15 10 13 9
14 16 40 42 39
14 17 47 44 51
14 18 11 17 12
14 19 65 59 59
14 20 0 1 8
14 21 9 16 13
14 22 50 51 52
14 23 61 56 62
14 24 48 45 46
14 25 26 25 34
14 26 63 66 61
14 27 44 43 40
14 28 29 28 32
14 29 94 87 92
14 30 88 80 84
14 31 10 17 14
14 32 61 58 65
14 33 47 50 52
14 34 37 36 41
14 35 61 64 62
14 36 33 32 32
14 37 55 53 55
14 38 20 20 21
14 39 52 52 48
14 40 4 5 10
14 41 39 40 41
14 42 51 56 55
14 43 40 41 45
14 44 10 12 16
14 45 79 77 77
14 46 92 91 85
14 47 0 2 3
14 48 55 59 51
14 49 67 64 68
15 16 1 4 3
15 17 61 64 59
15 18 94 88 87
15 19 70 70 64
15 20 82 77 77
15 21 1 5 6
15 22 77 79 70
15 23 38 40 37
15 24 49 51 52
15 25 77 73 77
15 26 5 8 5
15 27 65 64 67
15 28 37 43 42
15 29 81 75 81
15 30 11 19 14
15 31 39 44 38
15 32 40 44 42
15 33 42 46 44
15 34 32 38 35
15 35 75 72 72
15 36 74 75 67
15 37 89 86 82
15 38 59 60 54
15 39 52 53 50
15 40 58 59 61
15 41 67 70 62
15 42 98 93 98
15 43 86 78 82
15 44 39 41 44
15 45 4 10 10
15 46 64 67 60
15 47 63 66 60
15 48 36 33 36
15 49 69 70 68
16 17 76 77 76
16 18 49 54 47
16 19 31 34 31
16 20 67 65 67
16 21 47 43 48
16 22 94 88 87
16 23 57 55 55
16 24 98 95 90
16 25 61 61 58
16 26 63 63 66
16 27 57 60 59
16 28 91 85 91
16 29 89 84 84
16 30 51 51 50
16 31 68 68 65
16 32 73 75 72
16 33 73 73 75
16 34 97 91 96
16 35 22 28 28
16 36 77 79 78
16 37 93 88 87
16 38 47 51 42
16 39 5 12 12
16 40 47 43 43
16 41 56 57 58
16 42 83 82 84
16 43 24 25 22
16 44 53 57 52
16 45 83 79 85
16 46 61 63 63
16 47 40 44 42
16 48 13 16 17
16 49 82 82 77
17 18 59 57 62
17 19 38 41 36
17 20 26 31 25
17 21 10 10 10
17 22 87 81 81
17 23 48 50 44
17 24 59 60 59
17 25 30 34 28
17 26 19 18 25
17 27 53 56 55
17 28 57 54 57
17 29 87 88 81
17 30 68 68 69
17 31 69 63 67
17 32 49 44 48
17 33 51 46 50
17 34 40 42 37
17 35 28 31 35
17 36 74 69 67
17 37 22 24 25
17 38 28 28 35
17 39 64 59 68
17 40 91 91 83
17 41 57 58 53
17 42 32 32 37
17 43 33 32 35
17 44 60 63 60
17 45 55 51 53
17 46 75 71 70
17 47 1 10 11
17 48 41 40 46
17 49 95 95 94
18 19 18 17 20
18 20 78 76 72
18 21 34 36 40
18 22 42 43 43
18 23 90 82 84
18 24 66 68 68
18 25 45 49 49
18 26 92 88 90
18 27 88 80 79
18 28 75 75 70
18 29 62 59 56
18 30 74 73 68
18 31 76 70 73
18 32 35 41 38
18 33 50 47 52
18 34 49 52 45
18 35 16 22 18
18 36 58 59 54
18 37 17 22 15
18 38 49 51 46
18 39 63 62 63
18 40 26 26 32
18 41 39 42 38
18 42 56 52 54
18 43 15 15 14
18 44 71 69 72
18 45 74 68 67
18 46 92 91 92
18 47 40 45 45
18 48 30 29 30
18 49 75 75 70
19 20 25 23 26
19 21 34 30 31
19 22 87 87 84
19 23 71 69 65
19 24 85 82 86
19 25 35 41 34
19 26 45 41 44
19 27 16 21 22
19 28 20 21 25
19 29 56 53 53
19 30 15 20 15
19 31 3 3 6
19 32 40 42 39
19 33 55 54 58
19 34 52 49 52
19 35 8 8 12
19 36 30 30 28
19 37 20 21 21
19 38 82 75 75
19 39 23 25 23
19 40 69 71 64
19 41 88 84 80
19 42 5 13 13
19 43 47 49 51
19 44 74 70 67
19 45 85 84 82
19 46 10 18 9
19 47 46 48 49
19 48 19 25 22
19 49 36 33 36
20 21 57 56 52
20 22 91 84 84
20 23 60 57 60
20 24 23 26 23
20 25 58 57 54
20 26 10 18 13
20 27 91 83 85
20 28 54 49 52
20 29 44 49 45
20 30 20 23 26
20 31 45 47 46
20 32 70 72 66
20 33 94 89 91
20 34 27 30 28
20 35 39 40 38
20 36 18 22 25
20 37 73 74 72
20 38 63 65 62
20 39 21 22 28
20 40 66 64 68
20 41 29 30 29
20 42 50 54 46
20 43 54 51 51
20 44 56 55 56
20 45 21 23 20
20 46 17 19 20
20 47 86 82 87
20 48 61 58 61
20 49 5 14 9
21 22 29 35 33
21 23 85 78 83
21 24 54 56 56
21 25 62 61 57
21 26 81 76 82
21 27 65 68 67
21 28 96 88 90
21 29 4 4 13
21 30 12 15 15
21 31 65 68 64
21 32 55 52 58
21 33 50 46 49
21 34 45 49 44
21 35 0 9 5
21 36 56 58 52
21 37 68 71 66
21 38 13 15 22
21 39 7 9 15
21 40 48 53 51
21 41 10 18 15
21 42 77 75 75
21 43 80 79 79
21 44 51 48 54
21 45 50 54 45
21 46 54 55 57
21 47 73 71 68
21 48 17 25 18
21 49 8 10 17
22 23 92 83 88
22 24 50 51 45
22 25 10 16 16
22 26 15 18 16
22 27 62 64 57
22 28 21 20 23
22 29 67 64 65
22 30 42 43 41
22 31 99 92 94
22 32 88 83 88
22 33 66 64 65
22 34 77 70 73
22 35 8 17 16
22 36 90 82 84
22 37 17 19 18
22 38 18 25 23
22 39 65 64 65
22 40 27 34 29
22 41 26 30 25
22 42 4 11 4
22 43 91 83 90
22 44 23 31 29
22 45 43 46 41
22 46 92 87 83
22 47 19 23 23
22 48 76 75 71
22 49 25 29 27
23 24 84 79 84
23 25 0 7 1
23 26 90 83 88
23 27 48 51 44
23 28 83 79 77
23 29 61 64 57
23 30 99 99 91
23 31 47 43 42
23 32 65 61 67
23 33 84 85 79
23 34 63 65 60
23 35 31 29 30
23 36 31 32 30
23 37 82 74 76
23 38 99 93 97
23 39 97 91 96
23 40 62 56 63
23 41 30 27 36
23 42 38 43 42
23 43 35 38 36
23 44 89 88 81
23 45 8 12 12
23 46 80 79 75
23 47 0 0 5
23 48 67 63 61
23 49 14 15 18
24 25 50 47 52
24 26 34 32 38
24 27 71 71 64
24 28 81 77 79
24 29 15 16 23
24 30 49 53 51
24 31 99 90 96
24 32 25 26 29
24 33 91 90 82
24 34 57 55 51
24 35 43 41 41
24 36 36 38 35
24 37 52 48 48
24 38 7 14 13
24 39 91 86 91
24 40 1 6 9
24 41 0 3 2
24 42 87 82 88
24 43 48 49 53
24 44 77 73 71
24 45 76 72 77
24 46 4 13 9
24 47 52 48 54
24 48 37 37 33
24 49 25 30 29
25 26 40 43 39
25 27 26 32 30
25 28 50 51 53
25 29 27 33 26
25 30 20 27 28
25 31 61 64 59
25 32 8 11 11
25 33 72 66 71
25 34 17 16 22
25 35 44 44 48
25 36 0 5 0
25 37 94 86 87
25 38 76 73 75
25 39 35 38 38
25 40 61 59 57
25 41 47 45 48
25 42 6 8 12
25 43 25 31 23
25 44 7 7 15
25 45 27 28 26
25 46 60 59 56
25 47 73 68 76
25 48 62 58 59
25 49 86 84 81
26 27 24 31 30
26 28 50 51 55
26 29 78 75 73
26 30 78 73 79
26 31 43 48 44
26 32 16 21 18
26 33 45 41 41
26 34 52 51 48
26 35 7 12 12
26 36 52 55 50
26 37 40 40 44
26 38 32 36 39
26 39 63 65 60
26 40 57 57 60
26 41 85 82 81
26 42 33 39 31
26 43 32 33 30
26 44 66 64 62
26 45 16 22 18
26 46 99 93 95
26 47 81 78 77
26 48 2 10 5
26 49 35 33 32
27 28 58 62 56
27 29 56 59 51
27 30 95 89 89
27 31 55 53 59
27 32 41 42 38
27 33 42 38 48
27 34 94 88 93
27 35 41 39 38
27 36 41 46 43
27 37 22 26 30
27 38 5 12 9
27 39 12 18 20
27 40 52 55 47
27 41 26 30 26
27 42 10 11 9
27 43 91 88 83
27 44 19 25 20
27 45 83 84 84
27 46 68 71 69
27 47 86 86 84
27 48 16 16 17
27 49 65 60 67
28 29 36 43 34
28 30 30 35 30
28 31 55 53 53
28 32 82 75 76
28 33 22 20 22
28 34 35 35 39
28 35 0 9 3
28 36 47 49 49
28 37 72 71 69
28 38 55 57 52
28 39 9 13 10
28 40 62 60 59
28 41 50 53 54
28 42 12 16 12
28 43 60 61 58
28 44 55 50 59
28 45 27 27 28
28 46 91 90 91
28 47 2 3 10
28 48 48 49 50
28 49 91 84 88
29 30 78 78 79
29 31 54 54 55
29 32 27 27 33
29 33 18 22 18
29 34 82 81 83
29 35 84 79 79
29 36 31 33 29
29 37 5 4 12
29 38 29 29 33
29 39 25 26 31
29 40 90 86 84
29 41 92 89 85
29 42 50 54 48
29 43 83 75 84
29 44 47 46 50
29 45 47 44 50
29 46 25 27 27
29 47 35 35 35
29 48 91 84 91
29 49 4 6 11
30 31 20 20 25
30 32 21 27 27
30 33 19 23 20
30 34 19 20 21
30 35 73 72 72
30 36 2 2 4
30 37 25 32 28
30 38 22 21 21
30 39 41 46 43
30 40 9 17 12
30 41 86 85 79
30 42 76 73 77
30 43 56 57 58
30 44 26 31 30
30 45 33 36 34
30 46 48 53 52
30 47 16 20 18
30 48 83 78 81
30 49 96 86 86
31 32 59 55 55
31 33 6 11 7
31 34 27 25 29
31 35 68 67 66
31 36 31 36 36
31 37 75 71 68
31 38 16 18 17
31 39 93 89 87
31 40 65 62 61
31 41 29 26 31
31 42 1 3 8
31 43 32 34 33
31 44 90 88 88
31 45 97 90 91
31 46 69 70 66
31 47 14 19 21
31 48 43 45 40
31 49 76 74 68
32 33 27 32 34
32 34 14 17 14
32 35 38 41 38
32 36 52 54 53
32 37 91 86 84
32 38 96 96 96
32 39 88 82 85
32 40 50 54 51
32 41 54 52 49
32 42 53 53 50
32 43 29 27 31
32 44 18 21 18
32 45 87 79 81
32 46 9 12 15
32 47 39 43 42
32 48 58 53 58
32 49 14 22 21
33 34 93 89 88
33 35 64 63 64
33 36 67 66 62
33 37 79 75 75
33 38 48 46 51
33 39 57 53 58
33 40 19 24 20
33 41 47 48 50
33 42 54 52 53
33 43 84 79 76
33 44 50 45 53
33 45 56 55 50
33 46 42 41 40
33 47 82 76 74
33 48 3 8 6
33 49 31 28 32
34 35 88 82 83
34 36 20 20 26
34 37 62 65 63
34 38 65 67 68
34 39 58 54 60
34 40 96 88 87
34 41 59 58 55
34 42 17 25 18
34 43 50 48 48
34 44 92 90 86
34 45 28 27 35
34 46 1 6 10
34 47 80 74 76
34 48 10 11 10
34 49 16 21 19
35 36 74 73 72
35 37 55 56 55
35 38 41 41 45
35 39 76 78 73
35 40 10 14 16
35 41 91 92 89
35 42 4 4 8
35 43 4 10 4
35 44 59 58 60
35 45 73 68 67
35 46 62 61 63
35 47 52 53 48
35 48 51 47 54
35 49 75 76 68
36 37 51 55 49
36 38 8 16 8
36 39 46 49 51
36 40 91 83 84
36 41 41 41 37
36 42 95 89 90
36 43 25 32 25
36 44 16 14 23
36 45 80 77 72
36 46 0 5 7
36 47 64 67 64
36 48 84 81 79
36 49 15 20 16
37 38 3 11 8
37 39 38 41 38
37 40 40 39 41
37 41 79 76 80
37 42 23 22 21
37 43 97 92 91
37 44 72 72 67
37 45 56 56 55
37 46 30 35 28
37 47 56 60 54
37 48 88 88 85
37 49 52 48 56
38 39 7 13 7
38 40 70 65 69
38 41 65 67 59
38 42 47 45 46
38 43 69 68 63
38 44 39 38 36
38 45 33 34 31
38 46 0 10 4
38 47 6 13 13
38 48 28 30 28
38 49 54 49 49
39 40 85 77 80
39 41 66 62 65
39 42 6 14 8
39 43 85 85 78
39 44 99 90 93
39 45 44 41 42
39 46 63 65 64
39 47 87 84 84
39 48 44 49 45
39 49 35 35 36
40 41 95 87 92
40 42 95 87 94
40 43 33 30 39
40 44 46 46 46
40 45 16 17 20
40 46 60 59 57
40 47 25 29 30
40 48 51 55 48
40 49 53 48 49
41 42 75 75 70
41 43 62 64 60
41 44 75 75 70
41 45 0 4 5
41 46 91 92 88
41 47 51 46 47
41 48 63 65 57
41 49 22 30 29
42 43 9 11 11
42 44 83 82 80
42 45 55 60 59
42 46 27 30 27
42 47 93 86 89
42 48 57 61 53
42 49 63 63 60
43 44 68 66 71
43 45 11 19 13
43 46 82 77 82
43 47 69 65 65
43 48 52 50 54
43 49 5 9 10
44 45 44 40 43
44 46 80 72 73
44 47 24 26 23
44 48 67 63 63
44 49 4 6 8
45 46 79 76 80
45 47 4 13 5
45 48 3 6 5
45 49 7 11 8
46 47 69 72 72
46 48 50 53 46
46 49 69 66 64
47 48 94 85 86
47 49 71 67 73
48 49 85 81 83
