50
0 1 97 45 70
0 2 19 29 38
0 3 48 61 90
0 4 51 48 76
0 5 30 68 25
0 6 84 68 74
0 7 16 52 81
0 8 49 45 29
0 9 29 81 57
0 10 66 28 17
0 11 9 48 57
0 12 56 82 31
0 13 17 27 27
0 14 20 2 77
0 15 44 47 42
0 16 24 37 72
0 17 97 79 72
0 18 79 18 30
0 19 19 72 91
0 20 99 90 60
0 21 47 82 21
0 22 87 31 75
0 23 4 60 50
0 24 72 20 92
0 25 20 20 33
0 26 57 45 16
0 27 24 38 31
0 28 83 57 11
0 29 58 95 7
0 30 9 29 52
0 31 26 85 12
0 32 13 71 81
0 33 32 76 27
0 34 97 40 24
0 35 23 45 72
0 36 1 54 39
0 37 34 53 70
0 38 90 13 28
0 39 68 55 37
0 40 55 80 65
0 41 33 4 62
0 42 54 78 85
0 43 74 34 40
0 44 88 79 42
0 45 15 48 11
0 46 34 45 77
0 47 40 82 82
0 48 6 51 75
0 49 90 87 39
1 2 1 40 0
1 3 34 69 4
1 4 24 12 14
1 5 42 53 44
1 6 82 54 95
1 7 68 69 59
1 8 70 35 53
1 9 35 13 72
1 10 75 40 69
1 11 0 48 39
1 12 17 63 7
1 13 30 15 62
1 14 88 88 44
1 15 81 69 33
1 16 90 76 93
1 17 86 91 42
1 18 96 47 68
1 19 2 53 30
1 20 49 16 10
1 21 94 32 23
1 22 93 55 36
1 23 91 79 43
1 24 81 68 51
1 25 63 21 85
1 26 0 62 18
1 27 26 17 92
1 28 34 38 54
1 29 60 69 49
1 30 64 17 93
1 31 78 9 72
1 32 70 18 60
1 33 32 87 53
1 34 87 90 85
1 35 95 54 16
1 36 4 82 89
1 37 76 25 53
1 38 3 23 68
1 39 67 12 47
1 40 99 35 31
1 41 13 56 40
1 42 7 52 89
1 43 13 21 63
1 44 57 14 75
1 45 31 76 60
1 46 72 20 96
1 47 21 81 66
1 48 89 81 72
1 49 59 47 91
2 3 45 79 14
2 4 21 24 81
2 5 76 94 20
2 6 93 54 59
2 7 43 21 77
2 8 3 9 81
2 9 68 75 15
2 10 29 30 67
2 11 15 46 47
2 12 72 83 19
2 13 81 67 43
2 14 93 15 28
2 15 66 45 86
2 16 95 69 42
2 17 76 15 25
2 18 84 82 63
2 19 36 31 84
2 20 60 38 65
2 21 84 20 67
2 22 49 84 36
2 23 4 81 61
2 24 40 87 38
2 25 7 72 49
2 26 39 79 25
2 27 0 74 22
2 28 95 34 57
2 29 73 82 80
2 30 2 60 88
2 31 57 67 70
2 32 43 71 59
2 33 2 78 83
2 34 24 43 30
2 35 14 52 3
2 36 77 13 85
2 37 83 22 14
2 38 12 26 12
2 39 66 90 66
2 40 72 95 67
2 41 33 13 82
2 42 71 79 68
2 43 33 51 20
2 44 93 65 89
2 45 99 35 75
2 46 75 57 34
2 47 46 65 25
2 48 12 10 22
2 49 16 4 50
3 4 55 39 26
3 5 1 70 15
3 6 2 56 4
3 7 64 8 14
3 8 49 15 11
3 9 27 6 16
3 10 0 6 19
3 11 37 32 16
3 12 3 86 40
3 13 81 21 11
3 14 51 47 24
3 15 90 52 88
3 16 71 28 48
3 17 9 62 85
3 18 7 7 11
3 19 95 86 28
3 20 63 90 71
3 21 43 93 68
3 22 74 41 19
3 23 33 78 11
3 24 55 36 84
3 25 8 70 44
3 26 13 37 51
3 27 63 83 11
3 28 12 48 75
3 29 78 52 70
3 30 82 60 71
3 31 92 19 54
3 32 80 33 25
3 33 54 51 61
3 34 91 81 20
3 35 25 27 38
3 36 85 62 64
3 37 61 30 32
3 38 47 48 41
3 39 62 87 83
3 40 5 41 69
3 41 84 65 44
3 42 47 62 42
3 43 52 45 20
3 44 52 11 67
3 45 5 7 82
3 46 55 68 77
3 47 93 77 18
3 48 72 94 67
3 49 10 17 22
4 5 29 92 60
4 6 35 68 52
4 7 28 2 65
4 8 59 90 87
4 9 66 29 13
4 10 84 36 94
4 11 90 24 96
4 12 92 61 35
4 13 23 54 62
4 14 54 93 8
4 15 77 17 21
4 16 63 33 24
4 17 30 64 83
4 18 30 46 36
4 19 44 7 90
4 20 27 14 73
4 21 68 81 39
4 22 33 66 43
4 23 0 46 0
4 24 82 92 59
4 25 13 83 86
4 26 75 50 26
4 27 59 24 21
4 28 86 19 67
4 29 87 68 24
4 30 31 62 73
4 31 46 88 32
4 32 75 19 78
4 33 30 13 76
4 34 41 58 50
4 35 51 63 7
4 36 95 84 70
4 37 24 16 49
4 38 6 50 74
4 39 68 53 7
4 40 67 18 53
4 41 76 49 40
4 42 2 64 31
4 43 79 54 50
4 44 9 87 31
4 45 56 69 35
4 46 39 40 41
4 47 22 20 90
4 48 85 97 52
4 49 27 91 72
5 6 3 41 73
5 7 40 72 54
5 8 86 35 68
5 9 58 40 24
5 10 18 5 33
5 11 94 71 19
5 12 93 62 95
5 13 82 34 63
5 14 54 70 63
5 15 77 78 84
5 16 15 79 62
5 17 2 9 3
5 18 57 90 34
5 19 80 87 95
5 20 0 37 77
5 21 44 61 59
5 22 96 36 43
5 23 76 41 47
5 24 18 67 87
5 25 81 31 48
5 26 42 9 50
5 27 60 39 48
5 28 46 60 26
5 29 47 59 40
5 30 34 32 3
5 31 26 87 38
5 32 99 18 20
5 33 83 89 37
5 34 87 45 72
5 35 69 54 65
5 36 27 57 51
5 37 20 15 76
5 38 91 16 11
5 39 61 31 79
5 40 79 44 70
5 41 59 7 24
5 42 26 8 73
5 43 95 76 88
5 44 14 84 60
5 45 79 14 54
5 46 48 64 94
5 47 72 22 10
5 48 27 86 67
5 49 45 54 83
6 7 87 38 56
6 8 64 80 18
6 9 68 17 22
6 10 76 11 32
6 11 85 35 91
6 12 84 96 58
6 13 70 43 27
6 14 24 50 38
6 15 80 61 26
6 16 85 38 18
6 17 77 74 36
6 18 32 24 93
6 19 64 13 49
6 20 39 15 5
6 21 94 78 16
6 22 12 54 80
6 23 94 36 72
6 24 74 32 51
6 25 43 94 83
6 26 3 82 50
6 27 77 35 14
6 28 21 85 6
6 29 60 45 85
6 30 53 27 51
6 31 52 93 19
6 32 70 67 37
6 33 45 47 21
6 34 89 51 73
6 35 96 89 70
6 36 54 46 23
6 37 12 91 50
6 38 66 22 37
6 39 98 27 67
6 40 23 32 77
6 41 77 53 37
6 42 35 5 55
6 43 55 83 80
6 44 83 33 43
6 45 75 22 29
6 46 95 34 13
6 47 11 38 74
6 48 50 16 8
6 49 89 76 28
7 8 15 11 90
7 9 0 24 78
7 10 97 39 96
7 11 24 47 17
7 12 63 58 34
7 13 7 64 86
7 14 97 71 39
7 15 34 17 69
7 16 43 54 58
7 17 3 79 25
7 18 42 33 46
7 19 73 37 41
7 20 23 3 7
7 21 30 78 82
7 22 13 71 55
7 23 76 63 38
7 24 67 52 75
7 25 6 53 4
7 26 41 50 60
7 27 93 64 85
7 28 99 60 10
7 29 32 36 9
7 30 58 14 38
7 31 33 49 50
7 32 93 23 40
7 33 94 54 31
7 34 68 63 18
7 35 23 44 78
7 36 91 12 83
7 37 19 61 73
7 38 36 25 42
7 39 83 55 45
7 40 55 34 35
7 41 9 25 21
7 42 16 19 11
7 43 26 9 71
7 44 43 18 49
7 45 81 52 24
7 46 20 39 36
7 47 49 62 13
7 48 80 92 43
7 49 66 74 63
8 9 3 54 4
8 10 21 15 64
8 11 33 11 3
8 12 3 16 88
8 13 46 52 73
8 14 28 56 24
8 15 44 70 24
8 16 36 52 52
8 17 48 73 89
8 18 52 89 21
8 19 82 86 9
8 20 26 3 3
8 21 49 12 24
8 22 38 68 31
8 23 51 85 38
8 24 67 78 84
8 25 22 30 59
8 26 33 27 16
8 27 44 21 15
8 28 18 42 40
8 29 48 45 42
8 30 35 15 70
8 31 46 10 43
8 32 14 28 68
8 33 9 58 31
8 34 5 89 22
8 35 11 75 5
8 36 81 91 30
8 37 34 78 9
8 38 81 54 96
8 39 51 51 49
8 40 34 6 3
8 41 45 77 19
8 42 51 60 71
8 43 74 74 10
8 44 34 61 28
8 45 27 81 16
8 46 77 77 96
8 47 54 69 38
8 48 8 38 43
8 49 64 85 29
9 10 68 19 13
9 11 16 80 22
9 12 44 57 67
9 13 15 21 15
9 14 80 35 97
9 15 42 46 83
9 16 55 40 11
9 17 8 40 29
9 18 66 53 39
9 19 43 85 22
9 20 51 38 84
9 21 26 64 24
9 22 12 28 39
9 23 24 74 34
9 24 95 80 15
9 25 84 93 34
9 26 47 40 46
9 27 97 71 69
9 28 89 44 16
9 29 35 36 87
9 30 55 90 9
9 31 76 36 24
9 32 78 17 91
9 33 85 15 39
9 34 16 11 65
9 35 61 9 81
9 36 80 79 27
9 37 49 73 54
9 38 15 56 17
9 39 7 18 47
9 40 91 62 34
9 41 58 58 59
9 42 82 24 54
9 43 19 24 12
9 44 60 33 14
9 45 3 17 82
9 46 66 92 40
9 47 33 22 5
9 48 76 40 85
9 49 30 76 61
10 11 40 41 59
10 12 98 48 75
10 13 95 55 49
10 14 26 23 16
10 15 49 50 5
10 16 74 26 92
10 17 89 66 80
10 18 52 31 79
10 19 89 12 74
10 20 4 15 44
10 21 34 20 10
10 22 61 93 28
10 23 81 39 60
10 24 88 44 41
10 25 87 94 48
10 26 36 35 67
10 27 31 71 14
10 28 36 86 14
10 29 35 86 39
10 30 1 7 83
10 31 11 43 5
10 32 18 80 65
10 33 18 11 13
10 34 53 63 34
10 35 4 65 62
10 36 65 92 45
10 37 77 63 80
10 38 14 46 23
10 39 42 63 83
10 40 6 82 51
10 41 16 85 59
10 42 24 56 13
10 43 33 64 13
10 44 99 90 82
10 45 31 79 19
10 46 47 67 47
10 47 51 70 53
10 48 75 36 87
10 49 12 13 7
11 12 49 23 71
11 13 20 6 58
11 14 55 93 19
11 15 0 51 7
11 16 23 67 38
11 17 22 25 56
11 18 34 80 81
11 19 18 31 49
11 20 57 70 24
11 21 12 44 91
11 22 87 63 49
11 23 41 85 70
11 24 3 86 37
11 25 64 36 52
11 26 38 18 45
11 27 27 75 37
11 28 61 17 73
11 29 83 51 59
11 30 53 32 31
11 31 56 66 54
11 32 36 19 54
11 33 72 48 80
11 34 31 85 12
11 35 33 46 73
11 36 18 57 63
11 37 65 72 50
11 38 54 64 68
11 39 44 17 38
11 40 35 57 7
11 41 97 90 14
11 42 34 84 82
11 43 16 87 56
11 44 93 27 38
11 45 99 66 44
11 46 49 53 38
11 47 97 88 24
11 48 64 90 20
11 49 63 92 40
12 13 15 64 14
12 14 75 33 72
12 15 63 27 59
12 16 77 90 32
12 17 51 75 78
12 18 24 58 22
12 19 47 50 52
12 20 72 88 80
12 21 25 41 26
12 22 32 41 51
12 23 59 39 54
12 24 88 49 79
12 25 63 11 29
12 26 95 48 76
12 27 76 40 16
12 28 73 36 34
12 29 44 52 20
12 30 14 48 78
12 31 61 36 28
12 32 81 91 43
12 33 35 37 75
12 34 3 82 56
12 35 20 13 22
12 36 39 43 78
12 37 84 76 78
12 38 1 46 86
12 39 24 75 9
12 40 21 56 88
12 41 45 15 26
12 42 28 6 49
12 43 57 46 69
12 44 65 69 95
12 45 32 57 30
12 46 5 87 37
12 47 83 35 11
12 48 91 30 41
12 49 55 26 72
13 14 96 80 10
13 15 55 91 78
13 16 31 13 43
13 17 95 17 25
13 18 74 76 47
13 19 81 30 32
13 20 99 20 86
13 21 74 34 92
13 22 2 77 36
13 23 81 41 48
13 24 92 71 82
13 25 48 30 77
13 26 89 96 78
13 27 65 82 49
13 28 58 51 11
13 29 21 18 12
13 30 75 46 14
13 31 76 57 79
13 32 73 25 18
13 33 14 53 64
13 34 19 68 14
13 35 35 86 8
13 36 60 37 91
13 37 14 23 77
13 38 11 10 15
13 39 54 51 80
13 40 42 45 53
13 41 80 76 64
13 42 42 4 4
13 43 88 76 59
13 44 19 52 37
13 45 81 55 63
13 46 73 58 45
13 47 23 65 34
13 48 65 75 10
13 49 53 85 8
14 15 91 34 44
14 16 66 18 83
14 17 98 11 42
14 18 12 5 41
14 19 19 34 9
14 20 19 29 59
14 21 31 25 90
14 22 71 87 58
14 23 48 22 25
14 24 89 13 49
14 25 99 41 87
14 26 12 90 66
14 27 27 32 21
14 28 27 47 90
14 29 16 28 91
14 30 94 28 32
14 31 67 73 57
14 32 21 20 74
14 33 4 26 57
14 34 1 10 12
14 35 71 40 8
14 36 26 18 88
14 37 12 79 24
14 38 85 27 55
14 39 18 70 86
14 40 78 28 23
14 41 26 10 64
14 42 79 72 23
14 43 33 55 40
14 44 64 6 34
14 45 2 84 44
14 46 75 23 13
14 47 29 53 52
14 48 49 91 34
14 49 56 10 65
15 16 6 34 72
15 17 61 6 22
15 18 1 87 20
15 19 81 58 49
15 20 22 91 63
15 21 33 75 67
15 22 93 89 37
15 23 36 28 35
15 24 7 22 44
15 25 6 89 10
15 26 4 36 69
15 27 56 61 78
15 28 65 92 38
15 29 28 52 55
15 30 38 24 86
15 31 56 19 43
15 32 46 74 77
15 33 9 90 27
15 34 59 74 31
15 35 81 63 76
15 36 40 33 58
15 37 18 38 45
15 38 34 75 47
15 39 22 35 62
15 40 66 66 37
15 41 75 47 11
15 42 63 61 36
15 43 43 11 47
15 44 86 70 14
15 45 38 88 89
15 46 21 15 69
15 47 1 22 58
15 48 42 80 16
15 49 3 85 14
16 17 92 24 63
16 18 52 90 65
16 19 79 81 45
16 20 12 67 18
16 21 76 35 21
16 22 9 11 62
16 23 46 45 40
16 24 29 7 45
16 25 22 16 25
16 26 83 98 80
16 27 62 80 26
16 28 34 50 52
16 29 40 4 81
16 30 20 30 91
16 31 41 93 40
16 32 46 42 38
16 33 77 67 49
16 34 86 46 94
16 35 24 25 84
16 36 19 74 71
16 37 60 12 54
16 38 4 90 22
16 39 23 74 66
16 40 66 42 37
16 41 9 17 31
16 42 45 15 34
16 43 29 61 35
16 44 36 34 29
16 45 83 34 60
16 46 84 28 11
16 47 88 53 86
16 48 33 26 51
16 49 82 19 28
17 18 2 79 7
17 19 18 66 74
17 20 58 82 28
17 21 63 80 76
17 22 36 73 52
17 23 60 72 14
17 24 2 32 12
17 25 12 86 72
17 26 50 51 63
17 27 53 35 72
17 28 88 32 72
17 29 56 46 67
17 30 89 87 92
17 31 46 12 88
17 32 41 49 53
17 33 29 89 55
17 34 42 16 7
17 35 12 89 69
17 36 33 22 35
17 37 43 75 8
17 38 43 13 55
17 39 87 59 69
17 40 30 86 41
17 41 77 81 68
17 42 14 25 40
17 43 74 21 33
17 44 60 55 42
17 45 22 88 51
17 46 25 62 77
17 47 48 12 23
17 48 18 17 2
17 49 78 59 20
18 19 56 29 72
18 20 64 86 62
18 21 86 13 13
18 22 55 15 86
18 23 36 46 39
18 24 3 18 32
18 25 30 64 66
18 26 85 66 97
18 27 53 15 19
18 28 67 35 35
18 29 14 87 9
18 30 12 18 27
18 31 89 61 17
18 32 58 40 84
18 33 18 56 84
18 34 89 17 57
18 35 16 7 73
18 36 69 89 94
18 37 24 91 26
18 38 79 26 92
18 39 32 61 55
18 40 11 81 14
18 41 86 49 45
18 42 69 34 86
18 43 34 4 39
18 44 43 40 55
18 45 7 60 5
18 46 49 35 68
18 47 3 22 4
18 48 68 67 67
18 49 10 51 79
19 20 32 87 24
19 21 99 94 98
19 22 75 32 57
19 23 86 65 42
19 24 17 50 40
19 25 42 75 17
19 26 32 38 30
19 27 74 52 75
19 28 96 69 33
19 29 44 75 19
19 30 83 85 34
19 31 86 51 93
19 32 74 87 95
19 33 18 52 32
19 34 64 82 77
19 35 15 84 39
19 36 50 48 71
19 37 45 86 73
19 38 71 64 61
19 39 22 6 85
19 40 23 47 3
19 41 57 69 13
19 42 55 68 43
19 43 88 42 29
19 44 77 88 11
19 45 99 81 83
19 46 44 20 46
19 47 62 43 71
19 48 98 36 46
19 49 56 40 7
20 21 77 70 82
20 22 29 90 26
20 23 58 78 16
20 24 68 87 91
20 25 25 69 37
20 26 66 29 53
20 27 45 78 60
20 28 30 12 47
20 29 26 32 45
20 30 11 86 64
20 31 78 64 89
20 32 46 47 86
20 33 9 23 56
20 34 74 69 66
20 35 40 42 79
20 36 19 58 12
20 37 66 93 45
20 38 75 49 67
20 39 89 87 83
20 40 98 86 23
20 41 1 22 22
20 42 18 30 27
20 43 12 60 45
20 44 46 67 21
20 45 72 76 14
20 46 19 91 82
20 47 68 26 54
20 48 6 27 81
20 49 84 12 81
21 22 91 73 61
21 23 7 19 24
21 24 42 90 80
21 25 71 80 65
21 26 68 22 86
21 27 46 35 54
21 28 93 20 80
21 29 90 81 56
21 30 7 84 30
21 31 56 30 6
21 32 73 37 8
21 33 9 5 56
21 34 2 21 12
21 35 10 38 38
21 36 23 42 82
21 37 44 71 87
21 38 46 17 51
21 39 68 92 38
21 40 13 75 29
21 41 38 46 28
21 42 22 58 87
21 43 1 70 15
21 44 40 35 15
21 45 33 76 30
21 46 93 54 52
21 47 38 12 25
21 48 25 61 3
21 49 20 81 46
22 23 42 92 61
22 24 72 48 38
22 25 46 80 89
22 26 71 89 65
22 27 36 5 36
22 28 94 19 83
22 29 79 17 14
22 30 7 4 7
22 31 21 41 42
22 32 0 88 50
22 33 25 7 7
22 34 15 81 85
22 35 40 4 26
22 36 83 97 34
22 37 82 51 14
22 38 14 67 83
22 39 60 49 76
22 40 91 86 27
22 41 57 35 37
22 42 82 27 60
22 43 98 49 82
22 44 99 29 67
22 45 39 21 23
22 46 18 56 47
22 47 81 57 51
22 48 38 29 83
22 49 57 69 6
23 24 2 51 53
23 25 42 60 67
23 26 82 86 47
23 27 76 79 8
23 28 62 94 60
23 29 73 46 37
23 30 10 44 81
23 31 20 12 79
23 32 18 4 61
23 33 6 37 20
23 34 16 82 31
23 35 99 97 54
23 36 28 56 25
23 37 97 62 10
23 38 89 66 14
23 39 60 76 26
23 40 11 83 48
23 41 15 5 45
23 42 93 42 22
23 43 76 42 91
23 44 21 11 17
23 45 65 76 90
23 46 11 9 35
23 47 87 47 62
23 48 16 20 85
23 49 29 91 41
24 25 81 9 63
24 26 64 36 30
24 27 19 11 58
24 28 1 29 14
24 29 54 68 16
24 30 25 91 4
24 31 11 77 18
24 32 92 93 11
24 33 33 59 28
24 34 50 35 62
24 35 0 72 20
24 36 36 92 87
24 37 92 94 29
24 38 51 62 14
24 39 21 37 85
24 40 67 95 89
24 41 26 58 66
24 42 79 49 79
24 43 93 55 68
24 44 58 88 84
24 45 62 30 26
24 46 30 23 71
24 47 37 73 68
24 48 95 24 62
24 49 25 86 11
25 26 18 40 13
25 27 88 90 30
25 28 36 46 6
25 29 56 73 91
25 30 93 39 50
25 31 51 52 56
25 32 84 52 26
25 33 75 40 62
25 34 77 92 14
25 35 82 58 31
25 36 4 20 6
25 37 63 83 64
25 38 87 92 30
25 39 46 66 39
25 40 59 57 36
25 41 99 23 82
25 42 19 7 71
25 43 73 33 54
25 44 71 26 41
25 45 8 6 11
25 46 9 58 69
25 47 60 87 34
25 48 43 72 60
25 49 6 17 23
26 27 67 89 86
26 28 6 82 10
26 29 59 88 38
26 30 36 25 12
26 31 88 67 94
26 32 55 7 7
26 33 45 42 54
26 34 93 34 67
26 35 21 61 37
26 36 60 19 24
26 37 49 40 31
26 38 12 85 70
26 39 84 35 16
26 40 49 57 18
26 41 46 47 58
26 42 26 75 24
26 43 22 71 35
26 44 94 26 83
26 45 14 53 76
26 46 98 27 98
26 47 31 43 29
26 48 31 12 74
26 49 31 46 74
27 28 29 41 75
27 29 78 66 79
27 30 96 26 50
27 31 58 83 39
27 32 12 6 88
27 33 46 54 45
27 34 69 12 84
27 35 50 15 76
27 36 37 24 64
27 37 62 39 64
27 38 51 63 67
27 39 23 19 30
27 40 71 60 12
27 41 90 30 13
27 42 11 16 48
27 43 0 73 17
27 44 92 57 62
27 45 45 51 85
27 46 41 11 31
27 47 72 74 44
27 48 38 38 3
27 49 26 59 61
28 29 87 57 56
28 30 26 24 69
28 31 30 60 61
28 32 67 87 57
28 33 97 76 81
28 34 47 21 66
28 35 95 63 79
28 36 25 90 20
28 37 44 35 58
28 38 62 54 76
28 39 19 42 20
28 40 68 49 11
28 41 43 26 63
28 42 6 17 75
28 43 23 80 55
28 44 94 80 81
28 45 14 1 6
28 46 58 53 39
28 47 94 30 22
28 48 86 81 77
28 49 27 92 60
29 30 18 26 3
29 31 4 54 52
29 32 8 49 58
29 33 34 32 24
29 34 7 48 35
29 35 59 93 8
29 36 22 87 22
29 37 86 33 19
29 38 61 33 63
29 39 67 35 10
29 40 90 23 89
29 41 90 87 47
29 42 69 9 17
29 43 48 72 26
29 44 26 17 36
29 45 94 67 37
29 46 22 25 55
29 47 27 13 77
29 48 90 88 67
29 49 53 16 38
30 31 26 10 90
30 32 6 32 54
30 33 66 32 73
30 34 61 64 32
30 35 95 48 49
30 36 41 69 61
30 37 70 77 67
30 38 50 60 7
30 39 42 25 22
30 40 1 45 7
30 41 42 54 93
30 42 23 57 53
30 43 49 24 90
30 44 91 76 38
30 45 44 14 31
30 46 37 87 35
30 47 70 26 35
30 48 53 65 17
30 49 46 55 36
31 32 3 7 42
31 33 18 18 90
31 34 3 89 77
31 35 27 23 28
31 36 88 32 48
31 37 21 63 15
31 38 66 79 92
31 39 69 92 22
31 40 87 9 65
31 41 71 12 95
31 42 30 62 32
31 43 45 50 64
31 44 72 84 96
31 45 64 81 34
31 46 32 81 60
31 47 0 26 32
31 48 36 29 92
31 49 77 9 96
32 33 30 68 7
32 34 43 91 59
32 35 31 19 13
32 36 92 90 96
32 37 8 51 28
32 38 9 21 42
32 39 50 22 67
32 40 51 47 72
32 41 27 5 10
32 42 69 91 60
32 43 83 13 57
32 44 27 31 43
32 45 45 28 36
32 46 85 23 51
32 47 17 10 51
32 48 63 94 65
32 49 14 5 60
33 34 99 71 48
33 35 46 28 90
33 36 74 74 83
33 37 52 90 17
33 38 99 79 32
33 39 85 92 59
33 40 16 66 52
33 41 58 8 9
33 42 84 85 43
33 43 40 11 39
33 44 55 58 61
33 45 67 67 19
33 46 49 71 39
33 47 60 60 76
33 48 14 29 79
33 49 59 24 75
34 35 79 15 56
34 36 8 44 37
34 37 75 92 12
34 38 11 27 63
34 39 98 20 40
34 40 50 76 33
34 41 12 30 85
34 42 43 25 71
34 43 71 32 71
34 44 31 36 50
34 45 64 28 47
34 46 83 51 52
34 47 41 8 26
34 48 78 27 23
34 49 5 6 16
35 36 31 32 72
35 37 39 60 77
35 38 33 73 55
35 39 57 82 75
35 40 20 13 20
35 41 40 21 63
35 42 25 53 55
35 43 66 33 10
35 44 5 75 16
35 45 81 34 23
35 46 96 12 76
35 47 52 63 31
35 48 61 51 51
35 49 19 46 32
36 37 92 80 65
36 38 22 27 88
36 39 10 17 60
36 40 10 66 77
36 41 85 49 87
36 42 9 38 75
36 43 48 35 22
36 44 58 95 7
36 45 90 79 61
36 46 88 21 52
36 47 42 46 52
36 48 81 47 85
36 49 78 86 77
37 38 34 86 80
37 39 80 15 18
37 40 0 26 18
37 41 44 84 18
37 42 84 67 40
37 43 2 79 83
37 44 31 23 27
37 45 24 78 32
37 46 46 23 12
37 47 18 91 83
37 48 67 45 87
37 49 44 24 84
38 39 40 9 79
38 40 34 19 35
38 41 97 71 71
38 42 18 78 79
38 43 51 25 87
38 44 32 86 34
38 45 62 88 41
38 46 51 31 10
38 47 69 34 20
38 48 77 32 71
38 49 17 59 75
39 40 11 79 5
39 41 6 54 41
39 42 41 92 22
39 43 84 86 79
39 44 43 86 70
39 45 24 26 12
39 46 11 82 72
39 47 72 60 14
39 48 27 59 40
39 49 84 83 67
40 41 25 32 7
40 42 81 96 91
40 43 73 73 63
40 44 6 54 36
40 45 2 68 11
40 46 67 89 82
40 47 15 77 15
40 48 59 50 76
40 49 84 9 15
41 42 21 52 75
41 43 31 55 79
41 44 91 17 14
41 45 51 28 68
41 46 16 78 62
41 47 27 19 33
41 48 47 17 88
41 49 35 61 82
42 43 99 42 63
42 44 16 50 70
42 45 49 35 93
42 46 67 95 84
42 47 29 56 30
42 48 5 31 6
42 49 7 32 53
43 44 48 72 57
43 45 2 88 57
43 46 92 20 69
43 47 48 55 59
43 48 51 24 53
43 49 45 30 61
44 45 58 15 13
44 46 95 95 33
44 47 19 68 13
44 48 81 10 58
44 49 16 84 34
45 46 90 45 10
45 47 44 39 4
45 48 4 50 40
45 49 56 93 44
46 47 70 77 15
46 48 67 63 26
46 49 54 16 84
47 48 71 22 70
47 49 66 78 8
48 49 70 57 35
