50
0 1 33 62 17
0 2 91 86 72
0 3 49 26 18
0 4 98 75 55
0 5 88 38 87
0 6 83 61 49
0 7 80 45 78
0 8 17 13 73
0 9 3 3 45
0 10 82 50 79
0 11 51 43 27
0 12 94 33 68
0 13 15 60 35
0 14 17 52 60
0 15 28 76 20
0 16 20 28 35
0 17 91 68 57
0 18 82 64 57
0 19 26 13 30
0 20 96 65 97
0 21 63 21 26
0 22 59 24 44
0 23 94 70 29
0 24 32 45 24
0 25 9 23 58
0 26 74 34 49
0 27 61 81 53
0 28 58 80 50
0 29 0 67 19
0 30 90 49 28
0 31 96 88 29
0 32 29 74 76
0 33 9 25 34
0 34 37 54 76
0 35 29 51 31
0 36 65 23 52
0 37 85 57 73
0 38 8 54 65
0 39 39 34 12
0 40 43 32 37
0 41 32 28 51
0 42 82 48 51
0 43 38 54 50
0 44 57 18 33
0 45 76 79 64
0 46 57 40 45
0 47 62 48 84
0 48 33 48 66
0 49 31 37 26
1 2 31 47 38
1 3 62 32 47
1 4 79 33 29
1 5 91 55 33
1 6 8 63 36
1 7 35 47 44
1 8 57 47 46
1 9 29 35 25
1 10 39 35 18
1 11 16 59 36
1 12 37 63 67
1 13 53 54 50
1 14 10 68 9
1 15 1 39 20
1 16 64 57 28
1 17 90 35 79
1 18 87 93 28
1 19 54 37 34
1 20 38 69 80
1 21 47 66 31
1 22 92 58 55
1 23 88 49 75
1 24 85 68 29
1 25 15 12 73
1 26 27 18 36
1 27 67 39 89
1 28 94 70 67
1 29 41 45 26
1 30 46 54 63
1 31 3 10 49
1 32 69 66 55
1 33 49 64 58
1 34 39 58 80
1 35 47 17 21
1 36 52 65 75
1 37 82 79 78
1 38 94 41 41
1 39 64 30 78
1 40 92 43 60
1 41 51 53 40
1 42 89 51 83
1 43 0 23 10
1 44 85 27 34
1 45 59 71 59
1 46 21 64 58
1 47 71 64 31
1 48 49 73 50
1 49 28 37 31
2 3 87 31 94
2 4 61 56 28
2 5 29 76 39
2 6 41 61 63
2 7 13 45 6
2 8 20 65 65
2 9 6 43 39
2 10 14 57 16
2 11 23 41 58
2 12 13 43 46
2 13 59 64 70
2 14 25 22 30
2 15 28 22 76
2 16 68 71 26
2 17 12 25 59
2 18 84 66 31
2 19 38 64 34
2 20 0 46 67
2 21 66 88 43
2 22 90 29 67
2 23 78 38 36
2 24 18 72 74
2 25 72 38 40
2 26 87 76 32
2 27 37 21 50
2 28 3 38 14
2 29 21 37 73
2 30 73 89 69
2 31 90 65 41
2 32 55 22 68
2 33 66 42 30
2 34 46 82 35
2 35 56 46 70
2 36 7 19 35
2 37 84 46 72
2 38 0 12 18
2 39 14 9 8
2 40 55 42 68
2 41 64 47 80
2 42 73 52 26
2 43 18 13 39
2 44 11 56 22
2 45 99 31 50
2 46 83 47 28
2 47 84 26 79
2 48 71 70 57
2 49 27 38 64
3 4 15 47 7
3 5 66 25 73
3 6 26 10 23
3 7 82 70 78
3 8 84 71 47
3 9 36 59 25
3 10 1 9 24
3 11 66 89 73
3 12 50 15 35
3 13 54 82 52
3 14 41 66 14
3 15 91 46 83
3 16 4 44 17
3 17 55 67 85
3 18 96 38 80
3 19 15 65 51
3 20 77 57 51
3 21 97 54 44
3 22 87 30 70
3 23 43 22 40
3 24 67 65 83
3 25 76 48 79
3 26 61 55 75
3 27 25 12 39
3 28 43 28 67
3 29 83 67 37
3 30 44 65 71
3 31 27 35 8
3 32 84 50 31
3 33 89 77 86
3 34 52 55 32
3 35 67 65 71
3 36 91 87 64
3 37 36 26 37
3 38 55 66 39
3 39 23 59 24
3 40 21 65 30
3 41 23 50 73
3 42 72 48 85
3 43 29 61 57
3 44 74 86 65
3 45 16 74 42
3 46 47 59 41
3 47 60 44 20
3 48 14 26 4
3 49 18 68 59
4 5 18 7 60
4 6 20 75 70
4 7 4 10 65
4 8 95 55 91
4 9 15 52 64
4 10 35 31 32
4 11 92 34 74
4 12 39 64 55
4 13 36 77 19
4 14 73 81 48
4 15 48 70 71
4 16 30 55 31
4 17 68 31 73
4 18 1 14 26
4 19 84 37 94
4 20 41 46 30
4 21 28 22 27
4 22 21 18 10
4 23 99 47 89
4 24 0 14 42
4 25 84 63 53
4 26 8 13 38
4 27 15 61 49
4 28 6 21 19
4 29 32 69 30
4 30 41 44 61
4 31 30 15 31
4 32 2 25 14
4 33 30 44 22
4 34 27 63 68
4 35 6 21 66
4 36 83 83 53
4 37 8 35 15
4 38 42 52 25
4 39 73 39 23
4 40 11 5 64
4 41 66 27 36
4 42 63 78 24
4 43 90 59 51
4 44 71 48 53
4 45 88 65 72
4 46 5 25 43
4 47 6 3 63
4 48 46 72 76
4 49 53 45 52
5 6 46 33 42
5 7 52 77 84
5 8 9 21 62
5 9 66 67 43
5 10 10 65 46
5 11 56 63 18
5 12 36 35 14
5 13 48 32 15
5 14 46 71 75
5 15 35 36 38
5 16 58 62 73
5 17 52 17 74
5 18 88 91 61
5 19 76 46 25
5 20 29 34 21
5 21 4 27 36
5 22 46 20 58
5 23 41 54 43
5 24 88 72 46
5 25 31 47 17
5 26 0 18 3
5 27 14 32 61
5 28 20 22 61
5 29 79 28 31
5 30 95 63 41
5 31 44 42 40
5 32 92 57 34
5 33 4 40 3
5 34 76 29 41
5 35 40 78 43
5 36 68 20 38
5 37 62 56 30
5 38 28 36 39
5 39 1 11 61
5 40 62 47 60
5 41 64 44 57
5 42 37 34 78
5 43 81 57 32
5 44 73 41 35
5 45 56 48 48
5 46 83 60 49
5 47 19 36 33
5 48 23 27 49
5 49 34 52 54
6 7 94 78 60
6 8 2 37 43
6 9 14 36 73
6 10 36 23 74
6 11 83 36 50
6 12 87 83 60
6 13 89 67 47
6 14 25 56 26
6 15 60 38 73
6 16 41 14 65
6 17 75 66 62
6 18 53 77 64
6 19 75 71 44
6 20 81 84 76
6 21 19 73 23
6 22 53 32 53
6 23 6 70 14
6 24 10 4 39
6 25 32 48 26
6 26 49 74 76
6 27 20 21 39
6 28 5 33 31
6 29 16 27 73
6 30 1 64 38
6 31 85 36 61
6 32 21 61 65
6 33 31 47 34
6 34 13 72 57
6 35 9 43 55
6 36 14 13 55
6 37 82 33 87
6 38 76 66 34
6 39 92 34 44
6 40 8 53 24
6 41 98 90 84
6 42 24 44 52
6 43 49 53 38
6 44 88 59 73
6 45 73 91 59
6 46 48 57 26
6 47 57 79 55
6 48 34 31 25
6 49 66 68 59
7 8 70 61 83
7 9 48 78 47
7 10 90 85 92
7 11 31 72 44
7 12 88 41 90
7 13 12 64 14
7 14 87 73 95
7 15 14 22 5
7 16 53 82 16
7 17 76 81 36
7 18 68 53 80
7 19 88 38 30
7 20 36 42 64
7 21 6 36 66
7 22 98 90 74
7 23 73 28 64
7 24 43 71 60
7 25 38 20 80
7 26 62 37 58
7 27 99 64 52
7 28 85 75 91
7 29 72 38 30
7 30 72 27 72
7 31 19 69 69
7 32 79 51 68
7 33 33 47 54
7 34 38 56 19
7 35 13 43 42
7 36 85 58 34
7 37 51 68 21
7 38 31 58 58
7 39 67 78 62
7 40 92 76 95
7 41 18 23 6
7 42 56 39 81
7 43 10 12 21
7 44 57 30 68
7 45 0 24 48
7 46 51 33 22
7 47 42 43 33
7 48 9 19 40
7 49 38 38 40
8 9 71 59 79
8 10 55 40 17
8 11 68 75 65
8 12 34 58 62
8 13 77 25 58
8 14 3 16 65
8 15 73 38 46
8 16 19 19 49
8 17 59 30 40
8 18 93 29 97
8 19 43 29 62
8 20 55 47 75
8 21 93 86 87
8 22 95 66 69
8 23 33 57 33
8 24 71 27 48
8 25 81 48 76
8 26 72 88 57
8 27 59 22 60
8 28 56 83 79
8 29 5 3 70
8 30 27 73 71
8 31 9 6 27
8 32 37 39 80
8 33 21 68 37
8 34 99 52 75
8 35 12 48 26
8 36 21 24 58
8 37 26 28 21
8 38 69 82 26
8 39 74 81 64
8 40 82 29 46
8 41 15 50 26
8 42 67 30 30
8 43 18 8 20
8 44 51 54 44
8 45 95 53 81
8 46 48 48 26
8 47 40 14 15
8 48 30 25 63
8 49 26 77 14
9 10 58 49 19
9 11 26 9 53
9 12 48 77 62
9 13 43 77 25
9 14 75 59 81
9 15 62 85 28
9 16 70 70 88
9 17 35 25 24
9 18 88 83 50
9 19 98 72 47
9 20 87 66 30
9 21 85 75 66
9 22 16 52 48
9 23 27 32 51
9 24 89 59 47
9 25 36 27 34
9 26 0 3 21
9 27 78 25 31
9 28 9 45 4
9 29 46 79 69
9 30 12 27 44
9 31 74 34 62
9 32 97 85 48
9 33 99 48 33
9 34 22 51 24
9 35 25 34 19
9 36 82 71 75
9 37 48 15 43
9 38 12 54 39
9 39 89 85 84
9 40 58 28 53
9 41 17 72 49
9 42 58 71 38
9 43 97 74 45
9 44 47 26 20
9 45 67 74 61
9 46 18 67 69
9 47 77 92 42
9 48 23 65 35
9 49 6 16 61
10 11 12 65 11
10 12 58 74 23
10 13 80 31 65
10 14 62 60 55
10 15 64 43 74
10 16 51 61 77
10 17 99 43 65
10 18 39 29 30
10 19 34 72 58
10 20 93 88 50
10 21 77 64 54
10 22 74 39 32
10 23 27 9 15
10 24 99 70 54
10 25 61 57 87
10 26 50 24 66
10 27 9 47 41
10 28 38 71 48
10 29 44 52 46
10 30 92 50 94
10 31 65 80 51
10 32 73 71 38
10 33 87 79 31
10 34 64 24 68
10 35 93 83 70
10 36 64 32 56
10 37 53 24 66
10 38 82 85 42
10 39 24 40 34
10 40 90 88 34
10 41 15 60 13
10 42 83 34 46
10 43 77 59 48
10 44 46 39 28
10 45 76 34 65
10 46 92 84 80
10 47 42 40 67
10 48 93 96 74
10 49 31 33 11
11 12 58 63 52
11 13 89 46 45
11 14 64 47 48
11 15 69 21 30
11 16 55 30 68
11 17 91 29 56
11 18 88 95 38
11 19 97 53 87
11 20 76 52 46
11 21 32 43 64
11 22 76 71 70
11 23 88 67 78
11 24 33 55 14
11 25 96 97 39
11 26 62 79 88
11 27 8 60 52
11 28 21 31 49
11 29 64 72 64
11 30 0 69 18
11 31 86 87 42
11 32 45 68 56
11 33 55 63 66
11 34 75 47 58
11 35 53 69 69
11 36 80 35 71
11 37 13 61 22
11 38 15 72 20
11 39 17 69 57
11 40 24 9 53
11 41 96 29 68
11 42 50 56 52
11 43 54 77 58
11 44 22 61 43
11 45 10 49 68
11 46 83 55 85
11 47 42 19 40
11 48 94 80 60
11 49 56 37 81
12 13 60 59 77
12 14 24 43 49
12 15 90 75 56
12 16 11 69 7
12 17 9 10 37
12 18 88 85 46
12 19 54 85 52
12 20 65 64 34
12 21 49 83 71
12 22 14 41 7
12 23 94 90 38
12 24 78 88 89
12 25 28 70 16
12 26 82 85 39
12 27 30 50 27
12 28 79 75 74
12 29 38 26 65
12 30 29 38 29
12 31 3 51 59
12 32 20 21 67
12 33 15 52 20
12 34 85 27 94
12 35 40 19 77
12 36 31 15 59
12 37 24 12 31
12 38 52 17 21
12 39 68 58 75
12 40 62 77 62
12 41 66 21 21
12 42 83 51 67
12 43 66 30 75
12 44 1 18 39
12 45 31 31 20
12 46 93 41 42
12 47 84 80 86
12 48 52 68 61
12 49 72 49 23
13 14 79 93 72
13 15 10 36 3
13 16 72 56 58
13 17 60 64 87
13 18 7 59 53
13 19 93 94 88
13 20 84 66 67
13 21 56 23 65
13 22 79 86 82
13 23 84 89 39
13 24 83 70 31
13 25 77 62 77
13 26 86 77 72
13 27 70 65 48
13 28 66 73 51
13 29 20 22 24
13 30 11 12 50
13 31 56 25 82
13 32 29 57 22
13 33 74 50 92
13 34 41 58 42
13 35 40 31 39
13 36 94 67 79
13 37 45 71 15
13 38 54 69 61
13 39 11 65 63
13 40 76 71 33
13 41 52 80 36
13 42 7 21 15
13 43 93 32 92
13 44 83 48 56
13 45 61 80 81
13 46 48 30 57
13 47 24 67 29
13 48 11 27 25
13 49 93 97 67
14 15 83 69 59
14 16 35 62 51
14 17 27 54 60
14 18 56 21 46
14 19 24 54 8
14 20 70 38 45
14 21 61 20 28
14 22 94 46 76
14 23 66 89 72
14 24 47 29 78
14 25 71 64 62
14 26 21 64 25
14 27 95 29 70
14 28 69 71 46
14 29 81 25 88
14 30 47 63 26
14 31 25 51 70
14 32 40 27 61
14 33 1 60 67
14 34 92 35 93
14 35 4 11 71
14 36 56 61 33
14 37 92 71 37
14 38 5 51 14
14 39 83 37 82
14 40 57 40 82
14 41 20 39 55
14 42 2 4 52
14 43 41 22 33
14 44 42 81 35
14 45 61 87 44
14 46 61 78 47
14 47 58 32 55
14 48 98 44 30
14 49 3 29 69
15 16 60 28 53
15 17 4 60 20
15 18 92 72 82
15 19 46 23 18
15 20 79 77 27
15 21 49 57 45
15 22 17 50 9
15 23 28 45 11
15 24 51 30 69
15 25 12 11 48
15 26 65 65 54
15 27 22 55 54
15 28 53 27 34
15 29 55 38 48
15 30 31 10 12
15 31 52 56 21
15 32 47 65 54
15 33 47 19 64
15 34 21 40 33
15 35 49 37 47
15 36 42 41 49
15 37 11 36 46
15 38 88 54 42
15 39 35 25 21
15 40 99 61 54
15 41 33 71 30
15 42 81 80 77
15 43 65 39 68
15 44 66 60 87
15 45 72 30 70
15 46 45 20 38
15 47 11 66 18
15 48 22 65 17
15 49 19 12 34
16 17 19 13 46
16 18 71 43 43
16 19 76 35 75
16 20 95 77 82
16 21 96 56 92
16 22 90 52 45
16 23 47 22 39
16 24 90 49 47
16 25 73 44 78
16 26 84 49 64
16 27 84 63 30
16 28 90 37 38
16 29 15 59 71
16 30 83 90 62
16 31 28 39 32
16 32 73 79 82
16 33 75 25 90
16 34 77 26 24
16 35 59 74 33
16 36 51 62 44
16 37 43 52 58
16 38 42 20 36
16 39 50 43 25
16 40 13 23 15
16 41 40 36 75
16 42 83 87 28
16 43 97 83 57
16 44 85 77 39
16 45 79 73 39
16 46 12 65 32
16 47 42 18 13
16 48 63 35 80
16 49 42 34 64
17 18 56 51 68
17 19 60 74 81
17 20 16 72 65
17 21 11 63 41
17 22 71 34 56
17 23 38 32 68
17 24 90 78 49
17 25 94 56 43
17 26 2 10 13
17 27 47 83 50
17 28 6 15 42
17 29 60 81 23
17 30 45 54 19
17 31 53 39 36
17 32 90 66 36
17 33 76 86 68
17 34 84 67 78
17 35 36 66 48
17 36 41 81 27
17 37 80 43 89
17 38 85 38 37
17 39 35 18 63
17 40 6 25 53
17 41 83 41 88
17 42 59 68 67
17 43 0 16 53
17 44 40 66 57
17 45 23 44 22
17 46 57 72 64
17 47 5 2 42
17 48 78 58 32
17 49 43 43 72
18 19 63 19 39
18 20 29 71 28
18 21 35 28 16
18 22 84 80 80
18 23 76 31 86
18 24 51 52 44
18 25 75 77 74
18 26 96 95 49
18 27 34 57 47
18 28 18 42 58
18 29 63 57 64
18 30 94 81 82
18 31 69 85 73
18 32 31 64 79
18 33 96 60 78
18 34 15 35 30
18 35 63 26 62
18 36 9 32 13
18 37 70 71 75
18 38 96 91 67
18 39 78 34 85
18 40 9 28 29
18 41 53 48 30
18 42 30 34 42
18 43 96 76 88
18 44 91 42 30
18 45 65 41 41
18 46 17 54 17
18 47 64 36 43
18 48 9 12 20
18 49 77 80 31
19 20 34 50 71
19 21 5 44 5
19 22 60 64 51
19 23 96 62 77
19 24 34 31 77
19 25 88 52 27
19 26 3 35 8
19 27 75 46 81
19 28 21 31 19
19 29 35 36 79
19 30 65 36 25
19 31 43 23 64
19 32 66 43 86
19 33 10 43 23
19 34 82 58 66
19 35 64 30 23
19 36 63 32 31
19 37 46 28 39
19 38 5 36 53
19 39 92 95 30
19 40 35 66 46
19 41 78 76 91
19 42 38 65 37
19 43 17 69 62
19 44 11 54 45
19 45 94 87 67
19 46 62 52 74
19 47 5 59 20
19 48 59 32 18
19 49 82 43 57
20 21 9 7 69
20 22 5 3 49
20 23 7 58 57
20 24 20 61 66
20 25 2 11 15
20 26 65 24 51
20 27 92 33 36
20 28 74 66 37
20 29 64 87 85
20 30 51 52 39
20 31 77 32 33
20 32 30 39 36
20 33 21 56 9
20 34 21 15 23
20 35 32 35 31
20 36 14 10 9
20 37 12 5 23
20 38 67 35 67
20 39 79 42 61
20 40 35 14 78
20 41 38 44 70
20 42 43 32 82
20 43 30 77 52
20 44 40 61 72
20 45 76 84 92
20 46 82 44 83
20 47 36 42 71
20 48 76 39 61
20 49 52 68 23
21 22 75 82 27
21 23 44 27 53
21 24 57 26 77
21 25 40 75 19
21 26 55 74 67
21 27 77 24 54
21 28 74 91 63
21 29 83 64 57
21 30 27 47 44
21 31 83 46 91
21 32 18 35 50
21 33 61 21 84
21 34 0 67 62
21 35 10 14 47
21 36 75 67 75
21 37 29 11 31
21 38 84 79 85
21 39 84 48 67
21 40 22 22 68
21 41 32 65 61
21 42 87 26 82
21 43 49 38 54
21 44 65 55 44
21 45 73 25 85
21 46 13 58 23
21 47 33 68 45
21 48 14 12 6
21 49 38 60 48
22 23 53 63 70
22 24 63 32 67
22 25 43 24 60
22 26 10 51 47
22 27 38 48 44
22 28 2 59 43
22 29 74 77 39
22 30 15 11 29
22 31 17 6 47
22 32 34 26 19
22 33 80 36 50
22 34 71 83 44
22 35 99 54 72
22 36 80 25 76
22 37 24 17 64
22 38 90 82 72
22 39 30 30 48
22 40 63 52 51
22 41 35 38 79
22 42 41 72 49
22 43 20 70 11
22 44 47 63 40
22 45 68 37 66
22 46 63 88 50
22 47 3 18 59
22 48 47 53 48
22 49 17 17 50
23 24 46 52 29
23 25 36 14 24
23 26 20 52 47
23 27 42 40 63
23 28 86 57 81
23 29 11 71 32
23 30 24 19 39
23 31 19 18 20
23 32 24 46 26
23 33 28 19 76
23 34 12 50 49
23 35 90 78 64
23 36 61 63 69
23 37 35 39 26
23 38 76 28 86
23 39 31 72 66
23 40 74 22 69
23 41 29 67 73
23 42 74 90 79
23 43 41 43 60
23 44 65 33 62
23 45 42 34 18
23 46 1 68 33
23 47 28 44 42
23 48 87 46 86
23 49 4 32 6
24 25 49 56 38
24 26 42 52 74
24 27 94 89 92
24 28 78 54 53
24 29 15 10 21
24 30 56 24 25
24 31 61 73 43
24 32 87 89 62
24 33 56 21 81
24 34 68 56 86
24 35 16 19 22
24 36 10 33 28
24 37 88 76 72
24 38 72 37 45
24 39 58 42 39
24 40 14 55 7
24 41 34 75 57
24 42 36 13 77
24 43 18 26 69
24 44 71 51 25
24 45 47 15 39
24 46 35 31 42
24 47 31 29 47
24 48 76 62 56
24 49 2 21 18
25 26 21 12 55
25 27 72 65 77
25 28 52 68 20
25 29 59 52 38
25 30 10 4 54
25 31 0 23 58
25 32 83 89 25
25 33 23 70 38
25 34 42 52 14
25 35 99 71 84
25 36 61 65 65
25 37 81 38 24
25 38 26 21 20
25 39 59 50 24
25 40 14 68 66
25 41 77 69 47
25 42 87 46 55
25 43 76 31 64
25 44 73 51 81
25 45 81 57 46
25 46 86 53 50
25 47 98 43 79
25 48 89 62 75
25 49 16 54 55
26 27 59 51 18
26 28 75 90 42
26 29 29 59 31
26 30 75 86 84
26 31 26 76 23
26 32 34 23 57
26 33 6 36 40
26 34 99 88 87
26 35 11 27 63
26 36 68 48 78
26 37 97 95 66
26 38 44 30 46
26 39 85 46 51
26 40 52 54 23
26 41 75 23 27
26 42 70 49 46
26 43 83 58 88
26 44 11 41 29
26 45 13 53 27
26 46 65 48 45
26 47 94 42 83
26 48 45 61 29
26 49 63 39 61
27 28 21 55 26
27 29 65 85 20
27 30 20 39 57
27 31 30 78 35
27 32 57 83 17
27 33 42 63 56
27 34 66 57 67
27 35 47 76 22
27 36 75 74 90
27 37 94 72 28
27 38 51 62 65
27 39 32 10 21
27 40 24 67 24
27 41 8 45 42
27 42 99 39 79
27 43 65 36 42
27 44 52 80 79
27 45 27 66 77
27 46 32 30 73
27 47 93 83 62
27 48 72 78 78
27 49 4 37 36
28 29 38 61 13
28 30 25 47 15
28 31 11 28 27
28 32 8 22 15
28 33 43 21 77
28 34 38 78 70
28 35 92 89 64
28 36 73 76 38
28 37 33 72 63
28 38 7 72 50
28 39 61 26 53
28 40 60 48 46
28 41 80 59 30
28 42 5 51 43
28 43 96 70 84
28 44 71 66 68
28 45 65 64 79
28 46 29 60 63
28 47 67 54 27
28 48 84 56 73
28 49 30 55 78
29 30 89 90 93
29 31 14 47 30
29 32 95 53 68
29 33 86 48 33
29 34 16 58 40
29 35 88 52 64
29 36 25 52 33
29 37 20 44 19
29 38 36 58 75
29 39 49 82 64
29 40 72 50 67
29 41 19 71 52
29 42 96 48 91
29 43 71 56 24
29 44 63 64 23
29 45 13 25 27
29 46 82 71 57
29 47 64 47 31
29 48 52 64 24
29 49 18 47 22
30 31 11 62 66
30 32 55 41 29
30 33 61 68 80
30 34 48 15 45
30 35 62 75 48
30 36 36 16 59
30 37 34 37 48
30 38 1 12 54
30 39 29 54 13
30 40 6 53 68
30 41 58 55 76
30 42 24 11 47
30 43 26 13 59
30 44 93 61 35
30 45 58 28 31
30 46 57 23 17
30 47 71 33 85
30 48 32 59 49
30 49 56 31 18
31 32 3 20 3
31 33 23 70 62
31 34 42 29 28
31 35 52 44 23
31 36 0 6 10
31 37 95 57 50
31 38 13 63 16
31 39 62 65 27
31 40 91 71 58
31 41 81 62 54
31 42 85 83 74
31 43 35 58 50
31 44 75 32 66
31 45 36 43 64
31 46 83 46 58
31 47 50 49 82
31 48 15 7 44
31 49 31 70 20
32 33 90 49 30
32 34 61 19 29
32 35 50 39 27
32 36 36 66 45
32 37 49 65 61
32 38 58 69 37
32 39 16 9 9
32 40 77 87 29
32 41 52 38 45
32 42 0 15 55
32 43 56 47 34
32 44 44 40 81
32 45 64 60 33
32 46 4 62 38
32 47 56 63 59
32 48 47 34 31
32 49 98 43 86
33 34 7 29 20
33 35 16 59 55
33 36 16 13 30
33 37 80 35 72
33 38 89 73 39
33 39 83 51 46
33 40 86 93 32
33 41 40 21 68
33 42 19 41 39
33 43 27 25 73
33 44 89 78 56
33 45 12 54 21
33 46 83 94 71
33 47 79 38 53
33 48 19 30 64
33 49 32 59 29
34 35 29 34 76
34 36 41 12 38
34 37 48 66 66
34 38 81 82 87
34 39 81 40 31
34 40 20 31 49
34 41 70 89 80
34 42 90 41 70
34 43 84 93 30
34 44 41 52 67
34 45 93 57 97
34 46 95 77 52
34 47 63 62 86
34 48 93 52 77
34 49 54 23 26
35 36 66 24 89
35 37 42 78 40
35 38 85 29 33
35 39 20 15 24
35 40 64 54 85
35 41 41 56 12
35 42 97 95 40
35 43 88 46 90
35 44 64 40 24
35 45 16 13 46
35 46 23 22 25
35 47 46 83 18
35 48 96 90 82
35 49 43 75 30
36 37 63 50 55
36 38 94 35 65
36 39 97 85 58
36 40 8 9 63
36 41 67 70 23
36 42 97 87 89
36 43 15 32 25
36 44 24 63 11
36 45 65 26 74
36 46 97 84 49
36 47 30 27 13
36 48 36 71 29
36 49 43 17 32
37 38 28 65 76
37 39 53 17 23
37 40 49 45 53
37 41 55 71 55
37 42 43 76 33
37 43 29 64 52
37 44 2 40 24
37 45 6 66 17
37 46 63 23 74
37 47 97 97 51
37 48 4 62 32
37 49 15 14 28
38 39 95 35 48
38 40 11 16 43
38 41 18 63 27
38 42 22 66 22
38 43 6 55 34
38 44 64 45 79
38 45 57 34 38
38 46 94 44 78
38 47 69 57 84
38 48 41 76 21
38 49 39 80 11
39 40 3 2 68
39 41 68 47 47
39 42 62 78 29
39 43 13 55 46
39 44 27 15 18
39 45 52 82 65
39 46 89 27 89
39 47 90 84 87
39 48 84 90 93
39 49 55 79 81
40 41 0 50 20
40 42 16 8 67
40 43 32 54 73
40 44 6 24 48
40 45 9 41 40
40 46 4 63 54
40 47 63 24 32
40 48 23 74 31
40 49 71 47 29
41 42 7 71 64
41 43 29 33 61
41 44 40 81 56
41 45 52 46 81
41 46 74 61 32
41 47 42 41 61
41 48 94 79 55
41 49 24 16 63
42 43 23 40 46
42 44 33 11 48
42 45 83 36 90
42 46 39 56 49
42 47 68 26 40
42 48 3 57 1
42 49 23 75 33
43 44 8 2 34
43 45 9 47 9
43 46 16 33 14
43 47 26 33 53
43 48 68 81 23
43 49 70 23 85
44 45 19 25 67
44 46 52 73 52
44 47 46 41 63
44 48 96 43 64
44 49 88 67 68
45 46 8 11 71
45 47 57 77 37
45 48 49 74 37
45 49 74 68 66
46 47 73 50 51
46 48 20 39 13
46 49 27 39 26
47 48 8 62 15
47 49 11 44 23
48 49 50 49 68
