100
0 1 8 8
0 2 0 991
0 3 999 994
0 4 996 993
0 5 998 996
0 6 998 995
0 7 996 993
0 8 997 998
0 9 999 999
0 10 992 995
0 11 993 999
0 12 998 994
0 13 996 994
0 14 999 997
0 15 994 992
0 16 991 999
0 17 991 992
0 18 992 999
0 19 997 996
0 20 997 998
0 21 995 999
0 22 993 994
0 23 995 993
0 24 999 994
0 25 995 995
0 26 991 995
0 27 993 999
0 28 999 994
0 29 992 994
0 30 993 991
0 31 999 992
0 32 996 999
0 33 998 994
0 34 999 997
0 35 997 997
0 36 991 992
0 37 994 992
0 38 994 992
0 39 996 993
0 40 995 992
0 41 993 996
0 42 996 996
0 43 993 995
0 44 993 992
0 45 998 991
0 46 994 992
0 47 996 995
0 48 994 993
0 49 992 991
0 50 996 995
0 51 999 997
0 52 993 993
0 53 994 994
0 54 991 993
0 55 998 992
0 56 998 997
0 57 996 992
0 58 998 992
0 59 993 995
0 60 995 992
0 61 998 999
0 62 998 999
0 63 994 995
0 64 997 996
0 65 995 997
0 66 998 999
0 67 993 996
0 68 995 994
0 69 992 991
0 70 991 993
0 71 994 997
0 72 992 998
0 73 992 993
0 74 994 999
0 75 993 998
0 76 999 997
0 77 995 997
0 78 997 996
0 79 999 993
0 80 998 997
0 81 995 996
0 82 995 993
0 83 998 993
0 84 999 996
0 85 997 991
0 86 998 999
0 87 999 998
0 88 996 992
0 89 998 999
0 90 991 998
0 91 992 999
0 92 997 992
0 93 995 993
0 94 992 992
0 95 992 996
0 96 999 995
0 97 992 991
0 98 997 997
0 99 994 993
1 2 991 0
1 3 993 992
1 4 996 996
1 5 994 992
1 6 998 998
1 7 997 994
1 8 992 996
1 9 995 994
1 10 994 998
1 11 998 994
1 12 996 998
1 13 994 991
1 14 997 994
1 15 992 992
1 16 991 999
1 17 995 991
1 18 998 994
1 19 993 993
1 20 997 999
1 21 996 995
1 22 995 992
1 23 998 999
1 24 995 993
1 25 998 997
1 26 998 995
1 27 992 995
1 28 993 996
1 29 991 991
1 30 995 992
1 31 996 995
1 32 999 996
1 33 997 993
1 34 996 993
1 35 997 996
1 36 998 995
1 37 991 995
1 38 998 998
1 39 997 993
1 40 991 998
1 41 998 995
1 42 996 998
1 43 991 995
1 44 995 995
1 45 995 991
1 46 998 992
1 47 997 998
1 48 991 991
1 49 997 992
1 50 996 993
1 51 997 997
1 52 997 999
1 53 993 996
1 54 994 994
1 55 993 994
1 56 999 997
1 57 993 997
1 58 994 998
1 59 998 995
1 60 999 996
1 61 997 999
1 62 993 999
1 63 998 996
1 64 998 996
1 65 992 999
1 66 996 997
1 67 994 998
1 68 999 996
1 69 994 994
1 70 992 998
1 71 992 996
1 72 998 994
1 73 992 994
1 74 995 993
1 75 992 995
1 76 994 994
1 77 994 999
1 78 995 992
1 79 994 995
1 80 993 992
1 81 992 993
1 82 996 999
1 83 995 992
1 84 993 993
1 85 999 996
1 86 997 995
1 87 996 997
1 88 999 992
1 89 996 994
1 90 994 992
1 91 996 991
1 92 999 994
1 93 998 998
1 94 991 998
1 95 995 995
1 96 999 999
1 97 995 998
1 98 997 996
1 99 992 996
2 3 998 991
2 4 994 991
2 5 994 999
2 6 995 993
2 7 993 999
2 8 994 994
2 9 992 998
2 10 997 997
2 11 998 996
2 12 995 992
2 13 993 995
2 14 998 999
2 15 995 999
2 16 997 997
2 17 993 998
2 18 993 998
2 19 991 994
2 20 996 992
2 21 993 994
2 22 994 994
2 23 996 997
2 24 991 991
2 25 994 995
2 26 997 995
2 27 996 995
2 28 993 992
2 29 996 997
2 30 995 999
2 31 993 998
2 32 996 994
2 33 997 993
2 34 999 993
2 35 993 997
2 36 994 999
2 37 994 995
2 38 998 995
2 39 992 992
2 40 993 992
2 41 998 994
2 42 999 997
2 43 999 998
2 44 995 997
2 45 999 998
2 46 996 997
2 47 998 992
2 48 993 995
2 49 999 994
2 50 992 996
2 51 997 999
2 52 993 996
2 53 996 993
2 54 994 994
2 55 991 999
2 56 996 991
2 57 999 997
2 58 994 997
2 59 999 992
2 60 991 996
2 61 996 993
2 62 992 997
2 63 999 995
2 64 998 994
2 65 998 994
2 66 998 992
2 67 991 994
2 68 998 998
2 69 994 999
2 70 999 998
2 71 992 996
2 72 991 996
2 73 997 996
2 74 994 996
2 75 997 994
2 76 996 999
2 77 992 995
2 78 994 999
2 79 998 996
2 80 997 999
2 81 995 995
2 82 998 996
2 83 997 996
2 84 995 992
2 85 998 999
2 86 997 994
2 87 997 998
2 88 992 992
2 89 999 993
2 90 995 991
2 91 995 994
2 92 996 992
2 93 994 994
2 94 996 994
2 95 994 999
2 96 996 992
2 97 994 998
2 98 996 997
2 99 997 994
3 4 51 42
3 5 13 36
3 6 32 65
3 7 65 56
3 8 64 82
3 9 79 18
3 10 37 67
3 11 64 41
3 12 74 43
3 13 63 44
3 14 69 61
3 15 10 66
3 16 89 32
3 17 37 53
3 18 57 51
3 19 15 28
3 20 89 33
3 21 41 19
3 22 16 15
3 23 34 78
3 24 15 61
3 25 51 80
3 26 65 16
3 27 26 54
3 28 43 51
3 29 31 73
3 30 16 22
3 31 47 45
3 32 61 57
3 33 12 11
3 34 89 17
3 35 15 88
3 36 43 32
3 37 13 20
3 38 65 23
3 39 84 62
3 40 81 32
3 41 69 54
3 42 87 23
3 43 90 62
3 44 36 58
3 45 29 50
3 46 27 39
3 47 44 68
3 48 61 68
3 49 89 47
3 50 62 25
3 51 60 51
3 52 64 58
3 53 23 80
3 54 45 32
3 55 47 36
3 56 86 29
3 57 45 22
3 58 28 48
3 59 59 29
3 60 76 35
3 61 30 74
3 62 23 24
3 63 54 25
3 64 66 19
3 65 40 60
3 66 43 60
3 67 31 39
3 68 83 73
3 69 30 86
3 70 40 12
3 71 52 18
3 72 54 72
3 73 19 72
3 74 60 38
3 75 19 10
3 76 66 72
3 77 43 60
3 78 77 27
3 79 30 41
3 80 62 39
3 81 88 54
3 82 18 53
3 83 57 19
3 84 16 68
3 85 35 55
3 86 80 85
3 87 22 74
3 88 41 88
3 89 84 34
3 90 75 59
3 91 69 89
3 92 18 27
3 93 64 10
3 94 72 46
3 95 72 68
3 96 22 81
3 97 39 56
3 98 31 72
3 99 60 50
4 5 36 33
4 6 79 30
4 7 88 53
4 8 64 75
4 9 51 70
4 10 16 20
4 11 41 24
4 12 30 64
4 13 85 24
4 14 50 42
4 15 42 11
4 16 48 37
4 17 23 87
4 18 71 58
4 19 55 82
4 20 42 55
4 21 66 41
4 22 39 24
4 23 22 87
4 24 89 76
4 25 80 60
4 26 32 81
4 27 82 11
4 28 58 13
4 29 36 69
4 30 29 61
4 31 41 45
4 32 19 45
4 33 69 24
4 34 71 55
4 35 44 65
4 36 11 55
4 37 46 47
4 38 43 28
4 39 76 88
4 40 84 65
4 41 78 55
4 42 27 57
4 43 18 39
4 44 23 59
4 45 14 41
4 46 40 60
4 47 24 79
4 48 14 37
4 49 21 25
4 50 28 20
4 51 57 41
4 52 29 80
4 53 9 18
4 54 30 19
4 55 18 16
4 56 72 18
4 57 70 23
4 58 47 73
4 59 80 34
4 60 85 28
4 61 86 28
4 62 25 79
4 63 63 13
4 64 44 80
4 65 53 29
4 66 16 28
4 67 62 25
4 68 24 72
4 69 78 26
4 70 67 49
4 71 84 30
4 72 44 31
4 73 54 75
4 74 47 82
4 75 80 13
4 76 35 53
4 77 82 31
4 78 82 38
4 79 84 83
4 80 21 34
4 81 22 62
4 82 38 49
4 83 15 18
4 84 65 17
4 85 45 13
4 86 8 86
4 87 17 68
4 88 18 43
4 89 56 64
4 90 14 11
4 91 35 20
4 92 46 42
4 93 64 8
4 94 15 70
4 95 14 87
4 96 14 68
4 97 61 19
4 98 12 65
4 99 32 55
5 6 60 87
5 7 58 32
5 8 67 27
5 9 72 50
5 10 34 48
5 11 73 73
5 12 21 70
5 13 31 64
5 14 26 42
5 15 87 52
5 16 48 86
5 17 22 40
5 18 82 48
5 19 24 23
5 20 60 73
5 21 25 13
5 22 88 55
5 23 43 55
5 24 49 16
5 25 18 32
5 26 65 57
5 27 26 72
5 28 77 48
5 29 49 11
5 30 40 15
5 31 30 41
5 32 30 77
5 33 61 38
5 34 52 42
5 35 17 52
5 36 86 63
5 37 65 14
5 38 28 44
5 39 35 42
5 40 88 30
5 41 59 75
5 42 86 44
5 43 21 84
5 44 67 23
5 45 56 86
5 46 9 69
5 47 50 73
5 48 44 69
5 49 37 89
5 50 65 74
5 51 26 30
5 52 55 43
5 53 74 25
5 54 69 35
5 55 19 18
5 56 85 16
5 57 39 81
5 58 51 16
5 59 55 12
5 60 8 62
5 61 19 89
5 62 29 77
5 63 66 25
5 64 30 49
5 65 41 68
5 66 61 86
5 67 40 40
5 68 12 18
5 69 45 16
5 70 20 71
5 71 42 28
5 72 75 48
5 73 88 89
5 74 23 70
5 75 54 85
5 76 14 43
5 77 58 52
5 78 57 57
5 79 41 81
5 80 28 70
5 81 46 44
5 82 38 46
5 83 87 85
5 84 65 56
5 85 35 27
5 86 75 61
5 87 43 40
5 88 53 35
5 89 75 58
5 90 26 54
5 91 66 86
5 92 23 25
5 93 47 26
5 94 37 75
5 95 30 35
5 96 82 38
5 97 31 87
5 98 76 44
5 99 53 61
6 7 89 77
6 8 19 53
6 9 65 29
6 10 18 29
6 11 50 34
6 12 29 77
6 13 32 36
6 14 60 22
6 15 50 8
6 16 40 42
6 17 87 76
6 18 73 64
6 19 12 88
6 20 11 89
6 21 18 42
6 22 52 71
6 23 87 60
6 24 83 38
6 25 54 24
6 26 40 70
6 27 76 74
6 28 28 65
6 29 20 60
6 30 19 74
6 31 29 76
6 32 67 33
6 33 88 36
6 34 88 63
6 35 30 21
6 36 9 88
6 37 23 38
6 38 87 44
6 39 49 16
6 40 67 48
6 41 19 85
6 42 12 37
6 43 24 56
6 44 18 42
6 45 18 84
6 46 25 43
6 47 49 86
6 48 13 82
6 49 81 10
6 50 33 43
6 51 40 57
6 52 80 54
6 53 83 14
6 54 72 10
6 55 40 57
6 56 29 8
6 57 69 20
6 58 27 37
6 59 21 87
6 60 72 27
6 61 17 69
6 62 48 19
6 63 44 35
6 64 45 15
6 65 87 11
6 66 56 41
6 67 24 61
6 68 36 9
6 69 19 57
6 70 88 49
6 71 79 61
6 72 76 87
6 73 46 31
6 74 35 29
6 75 45 17
6 76 62 27
6 77 49 9
6 78 79 60
6 79 75 78
6 80 66 87
6 81 48 42
6 82 49 75
6 83 34 36
6 84 60 34
6 85 47 84
6 86 37 11
6 87 47 75
6 88 68 81
6 89 58 72
6 90 63 86
6 91 53 88
6 92 31 30
6 93 39 67
6 94 61 83
6 95 8 27
6 96 14 72
6 97 40 31
6 98 19 61
6 99 48 51
7 8 61 64
7 9 16 48
7 10 15 13
7 11 49 47
7 12 83 29
7 13 87 79
7 14 64 45
7 15 70 59
7 16 13 77
7 17 28 12
7 18 25 67
7 19 53 47
7 20 33 67
7 21 32 85
7 22 11 41
7 23 75 59
7 24 59 54
7 25 71 37
7 26 13 49
7 27 62 70
7 28 87 31
7 29 35 72
7 30 15 61
7 31 22 78
7 32 87 38
7 33 45 82
7 34 53 47
7 35 37 27
7 36 32 38
7 37 56 36
7 38 58 33
7 39 84 51
7 40 33 84
7 41 68 88
7 42 89 42
7 43 33 70
7 44 25 53
7 45 70 86
7 46 42 43
7 47 79 31
7 48 46 81
7 49 74 15
7 50 70 71
7 51 42 16
7 52 8 22
7 53 27 22
7 54 86 60
7 55 53 88
7 56 76 17
7 57 41 89
7 58 35 90
7 59 81 72
7 60 65 28
7 61 13 42
7 62 9 36
7 63 38 56
7 64 16 36
7 65 57 25
7 66 75 76
7 67 77 9
7 68 53 10
7 69 67 33
7 70 57 35
7 71 20 57
7 72 11 40
7 73 40 78
7 74 44 67
7 75 42 39
7 76 37 71
7 77 71 24
7 78 88 63
7 79 73 22
7 80 83 69
7 81 21 64
7 82 44 44
7 83 71 9
7 84 17 75
7 85 9 45
7 86 88 12
7 87 37 47
7 88 30 45
7 89 61 22
7 90 85 14
7 91 35 29
7 92 70 44
7 93 74 88
7 94 60 25
7 95 35 31
7 96 79 83
7 97 34 36
7 98 77 36
7 99 63 25
8 9 60 86
8 10 77 38
8 11 62 87
8 12 27 9
8 13 32 24
8 14 74 29
8 15 73 30
8 16 72 53
8 17 43 45
8 18 39 22
8 19 16 78
8 20 41 12
8 21 71 57
8 22 33 57
8 23 87 79
8 24 33 60
8 25 19 73
8 26 15 48
8 27 10 76
8 28 82 13
8 29 17 78
8 30 12 59
8 31 49 33
8 32 9 28
8 33 33 68
8 34 52 16
8 35 35 59
8 36 35 11
8 37 40 39
8 38 61 38
8 39 18 75
8 40 27 80
8 41 19 19
8 42 19 25
8 43 76 66
8 44 71 9
8 45 37 31
8 46 22 63
8 47 19 80
8 48 14 41
8 49 67 39
8 50 19 38
8 51 65 45
8 52 49 45
8 53 52 73
8 54 24 39
8 55 23 52
8 56 83 55
8 57 31 59
8 58 25 63
8 59 32 78
8 60 54 88
8 61 42 80
8 62 89 84
8 63 72 76
8 64 41 52
8 65 64 48
8 66 61 52
8 67 47 19
8 68 21 84
8 69 64 35
8 70 73 87
8 71 48 62
8 72 88 39
8 73 79 89
8 74 45 41
8 75 42 31
8 76 56 12
8 77 81 60
8 78 29 10
8 79 87 52
8 80 22 45
8 81 76 27
8 82 45 69
8 83 15 46
8 84 64 70
8 85 51 25
8 86 62 83
8 87 70 47
8 88 89 51
8 89 71 16
8 90 65 39
8 91 67 49
8 92 42 13
8 93 32 27
8 94 38 43
8 95 21 60
8 96 10 56
8 97 89 89
8 98 54 69
8 99 73 54
9 10 69 74
9 11 20 65
9 12 43 21
9 13 31 13
9 14 54 41
9 15 20 22
9 16 16 37
9 17 82 16
9 18 46 65
9 19 72 55
9 20 53 11
9 21 18 46
9 22 22 77
9 23 52 84
9 24 22 9
9 25 47 84
9 26 75 30
9 27 23 79
9 28 62 44
9 29 82 44
9 30 57 49
9 31 15 78
9 32 48 51
9 33 12 75
9 34 24 20
9 35 48 69
9 36 81 74
9 37 55 70
9 38 20 67
9 39 10 88
9 40 76 70
9 41 25 79
9 42 28 85
9 43 10 85
9 44 20 23
9 45 32 80
9 46 54 55
9 47 45 30
9 48 19 56
9 49 15 53
9 50 31 43
9 51 63 22
9 52 54 16
9 53 63 34
9 54 55 46
9 55 12 41
9 56 15 88
9 57 18 11
9 58 35 32
9 59 59 15
9 60 67 13
9 61 48 30
9 62 31 64
9 63 34 30
9 64 46 38
9 65 18 39
9 66 50 62
9 67 31 53
9 68 28 72
9 69 42 87
9 70 8 40
9 71 56 80
9 72 81 16
9 73 76 44
9 74 36 72
9 75 53 59
9 76 14 68
9 77 88 66
9 78 79 11
9 79 16 87
9 80 22 71
9 81 48 85
9 82 14 51
9 83 48 84
9 84 8 14
9 85 87 58
9 86 51 25
9 87 48 29
9 88 25 33
9 89 73 60
9 90 52 60
9 91 76 56
9 92 56 42
9 93 66 26
9 94 75 76
9 95 11 10
9 96 60 54
9 97 38 78
9 98 41 71
9 99 9 62
10 11 40 65
10 12 52 49
10 13 16 43
10 14 29 9
10 15 88 87
10 16 82 47
10 17 21 28
10 18 51 39
10 19 30 77
10 20 22 38
10 21 50 85
10 22 10 43
10 23 73 47
10 24 75 54
10 25 71 74
10 26 74 18
10 27 52 36
10 28 71 86
10 29 46 19
10 30 34 38
10 31 19 50
10 32 8 30
10 33 55 59
10 34 37 25
10 35 55 78
10 36 60 13
10 37 13 85
10 38 54 68
10 39 43 22
10 40 21 85
10 41 18 16
10 42 9 58
10 43 82 27
10 44 19 9
10 45 80 67
10 46 25 68
10 47 16 37
10 48 16 87
10 49 51 83
10 50 65 10
10 51 67 85
10 52 31 47
10 53 75 65
10 54 89 86
10 55 83 57
10 56 75 57
10 57 71 35
10 58 81 16
10 59 42 82
10 60 79 11
10 61 84 65
10 62 53 89
10 63 87 46
10 64 77 40
10 65 66 25
10 66 53 30
10 67 89 14
10 68 27 47
10 69 40 29
10 70 16 85
10 71 59 69
10 72 64 63
10 73 63 39
10 74 55 39
10 75 89 28
10 76 12 73
10 77 52 75
10 78 23 72
10 79 66 82
10 80 14 38
10 81 83 69
10 82 65 79
10 83 30 30
10 84 12 73
10 85 74 62
10 86 70 41
10 87 18 13
10 88 62 77
10 89 16 21
10 90 66 28
10 91 75 31
10 92 29 16
10 93 41 87
10 94 44 45
10 95 30 84
10 96 81 33
10 97 77 81
10 98 64 89
10 99 76 79
11 12 42 44
11 13 69 55
11 14 65 77
11 15 73 85
11 16 85 66
11 17 28 71
11 18 56 24
11 19 52 22
11 20 42 36
11 21 71 16
11 22 64 78
11 23 47 68
11 24 67 63
11 25 69 28
11 26 51 25
11 27 25 17
11 28 43 71
11 29 13 62
11 30 18 46
11 31 30 80
11 32 21 81
11 33 22 24
11 34 52 69
11 35 23 75
11 36 32 63
11 37 85 32
11 38 44 85
11 39 41 60
11 40 76 47
11 41 71 79
11 42 68 61
11 43 14 43
11 44 8 47
11 45 42 64
11 46 32 62
11 47 23 62
11 48 20 8
11 49 9 81
11 50 52 32
11 51 41 77
11 52 65 10
11 53 60 8
11 54 83 14
11 55 19 72
11 56 65 72
11 57 81 65
11 58 8 46
11 59 71 34
11 60 32 55
11 61 49 89
11 62 15 17
11 63 86 55
11 64 62 68
11 65 40 16
11 66 11 50
11 67 43 83
11 68 80 34
11 69 72 14
11 70 34 89
11 71 58 66
11 72 43 41
11 73 63 11
11 74 87 8
11 75 36 72
11 76 65 33
11 77 62 54
11 78 73 74
11 79 26 78
11 80 66 57
11 81 31 67
11 82 46 9
11 83 75 60
11 84 66 66
11 85 29 80
11 86 14 83
11 87 15 51
11 88 36 61
11 89 9 60
11 90 58 84
11 91 72 86
11 92 26 18
11 93 73 11
11 94 38 61
11 95 39 48
11 96 80 66
11 97 24 57
11 98 87 55
11 99 64 53
12 13 65 57
12 14 71 67
12 15 71 25
12 16 49 29
12 17 15 30
12 18 50 53
12 19 73 22
12 20 42 23
12 21 35 49
12 22 40 33
12 23 48 85
12 24 16 71
12 25 80 28
12 26 21 19
12 27 87 13
12 28 89 28
12 29 43 18
12 30 12 37
12 31 70 59
12 32 42 54
12 33 57 75
12 34 60 47
12 35 11 25
12 36 32 80
12 37 40 77
12 38 33 80
12 39 25 77
12 40 85 67
12 41 43 8
12 42 56 8
12 43 62 82
12 44 49 42
12 45 83 62
12 46 61 27
12 47 26 33
12 48 35 21
12 49 38 72
12 50 10 35
12 51 83 33
12 52 87 73
12 53 56 76
12 54 62 10
12 55 38 51
12 56 49 64
12 57 82 22
12 58 12 55
12 59 31 70
12 60 34 71
12 61 43 49
12 62 55 39
12 63 65 61
12 64 88 77
12 65 63 57
12 66 24 22
12 67 29 69
12 68 81 87
12 69 22 39
12 70 55 72
12 71 16 13
12 72 57 31
12 73 13 66
12 74 87 56
12 75 82 79
12 76 9 36
12 77 51 33
12 78 54 34
12 79 52 22
12 80 12 28
12 81 9 38
12 82 19 41
12 83 82 37
12 84 63 80
12 85 66 28
12 86 75 21
12 87 73 48
12 88 13 49
12 89 88 60
12 90 65 30
12 91 77 78
12 92 53 83
12 93 40 56
12 94 14 58
12 95 28 37
12 96 78 16
12 97 12 79
12 98 33 59
12 99 65 82
13 14 22 28
13 15 43 81
13 16 72 38
13 17 15 11
13 18 37 33
13 19 13 61
13 20 18 19
13 21 86 61
13 22 16 74
13 23 84 64
13 24 55 58
13 25 9 12
13 26 42 20
13 27 57 65
13 28 78 45
13 29 33 50
13 30 70 86
13 31 36 29
13 32 71 75
13 33 33 83
13 34 47 78
13 35 77 57
13 36 16 19
13 37 18 85
13 38 18 47
13 39 75 70
13 40 31 65
13 41 25 85
13 42 66 79
13 43 59 68
13 44 77 50
13 45 49 67
13 46 40 17
13 47 80 88
13 48 29 17
13 49 36 38
13 50 74 12
13 51 15 26
13 52 81 82
13 53 76 71
13 54 23 79
13 55 16 41
13 56 36 89
13 57 51 33
13 58 51 64
13 59 42 81
13 60 8 71
13 61 89 84
13 62 12 88
13 63 26 89
13 64 60 70
13 65 59 83
13 66 71 67
13 67 85 80
13 68 44 71
13 69 30 75
13 70 40 43
13 71 20 9
13 72 17 18
13 73 9 67
13 74 88 68
13 75 55 87
13 76 60 40
13 77 80 65
13 78 71 72
13 79 87 48
13 80 87 15
13 81 77 22
13 82 74 86
13 83 68 84
13 84 87 52
13 85 67 37
13 86 65 82
13 87 55 57
13 88 30 14
13 89 34 18
13 90 22 68
13 91 62 88
13 92 88 87
13 93 82 75
13 94 49 61
13 95 51 27
13 96 81 11
13 97 50 75
13 98 51 28
13 99 53 12
14 15 12 85
14 16 59 31
14 17 66 31
14 18 68 16
14 19 74 47
14 20 76 78
14 21 33 13
14 22 24 81
14 23 31 70
14 24 79 16
14 25 47 48
14 26 63 36
14 27 48 82
14 28 53 16
14 29 70 67
14 30 39 46
14 31 26 29
14 32 64 38
14 33 64 57
14 34 60 73
14 35 17 33
14 36 30 16
14 37 50 37
14 38 75 81
14 39 47 28
14 40 15 32
14 41 57 25
14 42 14 78
14 43 79 70
14 44 11 49
14 45 59 73
14 46 89 38
14 47 26 65
14 48 78 23
14 49 44 61
14 50 52 48
14 51 27 86
14 52 25 72
14 53 21 67
14 54 40 11
14 55 81 9
14 56 33 37
14 57 56 80
14 58 30 75
14 59 21 37
14 60 57 84
14 61 45 23
14 62 72 79
14 63 55 15
14 64 80 81
14 65 30 57
14 66 58 15
14 67 59 47
14 68 42 37
14 69 57 11
14 70 12 28
14 71 15 47
14 72 48 64
14 73 52 49
14 74 20 45
14 75 75 11
14 76 23 68
14 77 86 37
14 78 16 60
14 79 53 10
14 80 75 65
14 81 13 81
14 82 89 40
14 83 56 19
14 84 15 47
14 85 52 69
14 86 72 77
14 87 84 39
14 88 75 40
14 89 38 33
14 90 15 29
14 91 49 42
14 92 60 33
14 93 67 58
14 94 26 52
14 95 67 77
14 96 45 56
14 97 87 17
14 98 56 44
14 99 64 15
15 16 60 71
15 17 89 57
15 18 37 69
15 19 85 52
15 20 73 75
15 21 73 34
15 22 56 35
15 23 33 56
15 24 79 83
15 25 46 26
15 26 72 27
15 27 27 77
15 28 78 52
15 29 10 69
15 30 83 25
15 31 73 87
15 32 42 46
15 33 54 28
15 34 80 53
15 35 78 79
15 36 26 32
15 37 47 27
15 38 47 80
15 39 43 67
15 40 36 10
15 41 31 22
15 42 86 72
15 43 24 62
15 44 28 75
15 45 12 26
15 46 61 85
15 47 76 13
15 48 52 13
15 49 71 74
15 50 27 8
15 51 11 27
15 52 64 14
15 53 46 26
15 54 30 11
15 55 56 35
15 56 29 85
15 57 64 48
15 58 76 10
15 59 79 86
15 60 70 34
15 61 21 47
15 62 53 56
15 63 71 10
15 64 14 62
15 65 36 79
15 66 22 52
15 67 76 81
15 68 48 27
15 69 69 24
15 70 35 76
15 71 23 53
15 72 13 85
15 73 68 71
15 74 81 24
15 75 51 54
15 76 8 85
15 77 53 14
15 78 65 27
15 79 54 27
15 80 32 9
15 81 18 23
15 82 33 59
15 83 69 58
15 84 25 22
15 85 42 33
15 86 60 14
15 87 61 31
15 88 49 50
15 89 33 36
15 90 50 60
15 91 57 18
15 92 14 23
15 93 36 40
15 94 18 65
15 95 75 16
15 96 30 27
15 97 12 62
15 98 46 30
15 99 9 34
16 17 17 73
16 18 23 52
16 19 51 66
16 20 82 64
16 21 47 85
16 22 35 31
16 23 64 70
16 24 24 23
16 25 62 36
16 26 42 9
16 27 14 52
16 28 49 34
16 29 15 45
16 30 18 56
16 31 30 71
16 32 48 47
16 33 26 45
16 34 40 25
16 35 34 86
16 36 47 9
16 37 45 72
16 38 40 53
16 39 13 17
16 40 47 29
16 41 87 69
16 42 70 30
16 43 75 44
16 44 30 48
16 45 68 63
16 46 78 39
16 47 81 87
16 48 52 65
16 49 43 83
16 50 40 66
16 51 14 58
16 52 23 56
16 53 87 74
16 54 32 19
16 55 76 73
16 56 51 58
16 57 70 76
16 58 72 72
16 59 37 32
16 60 46 68
16 61 67 27
16 62 65 54
16 63 36 46
16 64 52 66
16 65 36 57
16 66 74 86
16 67 16 18
16 68 41 25
16 69 21 56
16 70 76 37
16 71 62 63
16 72 42 15
16 73 13 89
16 74 74 60
16 75 73 12
16 76 12 62
16 77 59 81
16 78 89 35
16 79 84 13
16 80 20 19
16 81 25 71
16 82 13 43
16 83 47 12
16 84 87 75
16 85 51 48
16 86 74 40
16 87 44 57
16 88 80 57
16 89 16 45
16 90 39 65
16 91 29 75
16 92 87 87
16 93 39 43
16 94 36 51
16 95 55 75
16 96 34 43
16 97 89 80
16 98 87 74
16 99 67 29
17 18 20 54
17 19 50 70
17 20 19 81
17 21 9 35
17 22 13 70
17 23 48 44
17 24 39 87
17 25 88 65
17 26 32 42
17 27 79 71
17 28 35 67
17 29 16 75
17 30 24 51
17 31 82 29
17 32 75 74
17 33 8 75
17 34 42 47
17 35 88 10
17 36 83 29
17 37 75 42
17 38 88 61
17 39 85 11
17 40 25 39
17 41 51 39
17 42 87 53
17 43 62 37
17 44 27 40
17 45 16 56
17 46 38 60
17 47 77 17
17 48 24 29
17 49 49 31
17 50 22 50
17 51 54 77
17 52 20 71
17 53 20 41
17 54 33 73
17 55 31 31
17 56 40 11
17 57 28 61
17 58 46 43
17 59 15 42
17 60 35 24
17 61 62 15
17 62 20 25
17 63 25 73
17 64 64 17
17 65 12 87
17 66 22 19
17 67 47 25
17 68 20 21
17 69 82 10
17 70 10 14
17 71 43 68
17 72 65 29
17 73 59 31
17 74 88 74
17 75 89 17
17 76 46 67
17 77 19 70
17 78 9 83
17 79 37 62
17 80 36 61
17 81 41 23
17 82 84 34
17 83 24 88
17 84 13 41
17 85 45 59
17 86 57 44
17 87 58 31
17 88 15 80
17 89 32 29
17 90 59 84
17 91 71 38
17 92 40 19
17 93 11 34
17 94 75 52
17 95 65 23
17 96 14 13
17 97 36 51
17 98 74 38
17 99 17 24
18 19 52 52
18 20 86 44
18 21 82 50
18 22 78 62
18 23 18 85
18 24 58 17
18 25 28 66
18 26 41 65
18 27 66 36
18 28 12 63
18 29 71 23
18 30 66 39
18 31 31 47
18 32 74 25
18 33 85 61
18 34 48 47
18 35 35 41
18 36 72 72
18 37 68 31
18 38 15 28
18 39 30 30
18 40 81 20
18 41 39 8
18 42 24 69
18 43 31 22
18 44 15 69
18 45 18 54
18 46 49 18
18 47 87 51
18 48 80 75
18 49 83 68
18 50 77 21
18 51 41 59
18 52 23 20
18 53 42 48
18 54 51 52
18 55 66 48
18 56 37 71
18 57 12 47
18 58 48 62
18 59 53 53
18 60 28 42
18 61 39 71
18 62 31 14
18 63 87 15
18 64 89 82
18 65 30 24
18 66 80 47
18 67 34 42
18 68 43 53
18 69 20 59
18 70 10 75
18 71 16 68
18 72 60 67
18 73 35 24
18 74 31 70
18 75 37 25
18 76 49 9
18 77 37 39
18 78 60 57
18 79 70 34
18 80 35 64
18 81 11 24
18 82 37 35
18 83 64 34
18 84 55 84
18 85 24 54
18 86 53 48
18 87 71 54
18 88 52 82
18 89 41 64
18 90 23 52
18 91 83 48
18 92 27 85
18 93 43 47
18 94 37 71
18 95 8 26
18 96 68 52
18 97 67 9
18 98 83 88
18 99 18 28
19 20 72 75
19 21 53 74
19 22 45 66
19 23 38 77
19 24 79 19
19 25 29 57
19 26 14 75
19 27 75 22
19 28 80 32
19 29 49 89
19 30 48 49
19 31 86 23
19 32 48 53
19 33 68 35
19 34 12 65
19 35 17 19
19 36 64 18
19 37 41 66
19 38 9 43
19 39 25 15
19 40 81 86
19 41 86 83
19 42 28 23
19 43 72 16
19 44 57 8
19 45 54 58
19 46 40 53
19 47 55 59
19 48 34 79
19 49 45 34
19 50 70 45
19 51 9 83
19 52 72 76
19 53 57 32
19 54 30 45
19 55 28 14
19 56 32 74
19 57 30 80
19 58 85 81
19 59 61 73
19 60 80 49
19 61 21 20
19 62 44 59
19 63 20 88
19 64 37 58
19 65 56 65
19 66 84 84
19 67 66 27
19 68 64 28
19 69 85 48
19 70 21 84
19 71 62 50
19 72 48 14
19 73 52 54
19 74 30 71
19 75 87 8
19 76 54 76
19 77 56 43
19 78 37 29
19 79 85 14
19 80 87 37
19 81 78 81
19 82 26 28
19 83 10 16
19 84 46 52
19 85 74 76
19 86 28 24
19 87 26 15
19 88 14 46
19 89 70 35
19 90 85 29
19 91 85 15
19 92 29 74
19 93 42 74
19 94 22 39
19 95 66 43
19 96 88 66
19 97 79 37
19 98 73 13
19 99 30 27
20 21 13 84
20 22 89 71
20 23 66 12
20 24 50 68
20 25 85 44
20 26 19 10
20 27 43 68
20 28 53 28
20 29 60 62
20 30 69 14
20 31 57 86
20 32 49 21
20 33 11 75
20 34 74 38
20 35 37 89
20 36 43 61
20 37 35 39
20 38 17 39
20 39 87 11
20 40 24 12
20 41 69 60
20 42 10 25
20 43 14 9
20 44 30 16
20 45 55 59
20 46 84 16
20 47 74 65
20 48 79 21
20 49 60 22
20 50 75 71
20 51 26 43
20 52 81 16
20 53 41 86
20 54 42 60
20 55 30 50
20 56 52 35
20 57 78 51
20 58 11 67
20 59 31 70
20 60 56 52
20 61 12 16
20 62 33 54
20 63 58 26
20 64 62 65
20 65 82 76
20 66 26 55
20 67 9 89
20 68 76 30
20 69 12 42
20 70 47 51
20 71 49 24
20 72 35 54
20 73 22 61
20 74 25 33
20 75 69 52
20 76 65 56
20 77 57 48
20 78 65 14
20 79 38 46
20 80 78 14
20 81 27 35
20 82 88 56
20 83 13 21
20 84 24 68
20 85 11 33
20 86 9 29
20 87 54 66
20 88 77 38
20 89 49 83
20 90 53 17
20 91 48 67
20 92 15 19
20 93 21 30
20 94 76 47
20 95 10 59
20 96 9 30
20 97 69 88
20 98 54 26
20 99 10 46
21 22 38 42
21 23 23 69
21 24 43 68
21 25 33 41
21 26 10 21
21 27 65 35
21 28 57 37
21 29 19 87
21 30 18 10
21 31 46 85
21 32 27 79
21 33 36 63
21 34 45 30
21 35 77 19
21 36 30 12
21 37 27 33
21 38 12 88
21 39 8 34
21 40 79 26
21 41 18 45
21 42 69 39
21 43 71 73
21 44 68 54
21 45 47 67
21 46 84 24
21 47 13 10
21 48 65 17
21 49 78 39
21 50 63 29
21 51 47 72
21 52 27 76
21 53 41 36
21 54 77 40
21 55 23 85
21 56 24 41
21 57 47 85
21 58 38 56
21 59 9 71
21 60 89 87
21 61 10 80
21 62 76 13
21 63 71 65
21 64 56 84
21 65 39 37
21 66 67 81
21 67 21 24
21 68 14 60
21 69 54 29
21 70 80 51
21 71 39 89
21 72 12 32
21 73 18 29
21 74 22 64
21 75 76 20
21 76 30 40
21 77 25 61
21 78 89 34
21 79 16 76
21 80 27 82
21 81 69 33
21 82 63 52
21 83 63 14
21 84 79 81
21 85 33 48
21 86 72 80
21 87 22 20
21 88 84 41
21 89 57 79
21 90 85 88
21 91 67 54
21 92 78 39
21 93 79 79
21 94 33 83
21 95 20 44
21 96 57 64
21 97 58 33
21 98 32 27
21 99 13 41
22 23 56 78
22 24 46 43
22 25 27 12
22 26 46 66
22 27 47 25
22 28 40 47
22 29 30 24
22 30 48 62
22 31 47 14
22 32 34 50
22 33 53 72
22 34 23 82
22 35 70 71
22 36 84 11
22 37 9 45
22 38 51 55
22 39 41 26
22 40 26 29
22 41 29 34
22 42 41 31
22 43 47 72
22 44 67 82
22 45 43 78
22 46 89 68
22 47 16 51
22 48 71 15
22 49 75 53
22 50 9 55
22 51 70 25
22 52 54 51
22 53 19 12
22 54 11 78
22 55 8 66
22 56 20 85
22 57 30 53
22 58 12 12
22 59 82 80
22 60 43 39
22 61 44 19
22 62 33 43
22 63 80 69
22 64 34 31
22 65 9 70
22 66 31 76
22 67 38 66
22 68 44 76
22 69 17 64
22 70 70 76
22 71 21 37
22 72 23 19
22 73 72 10
22 74 25 24
22 75 14 89
22 76 35 40
22 77 14 66
22 78 63 20
22 79 77 26
22 80 56 86
22 81 39 46
22 82 39 31
22 83 56 9
22 84 58 14
22 85 35 50
22 86 50 54
22 87 69 73
22 88 54 39
22 89 45 25
22 90 35 37
22 91 63 70
22 92 82 31
22 93 73 24
22 94 66 80
22 95 16 81
22 96 47 32
22 97 17 66
22 98 66 81
22 99 71 26
23 24 83 56
23 25 63 81
23 26 79 36
23 27 63 22
23 28 17 57
23 29 11 38
23 30 71 85
23 31 55 28
23 32 30 62
23 33 53 41
23 34 55 75
23 35 19 55
23 36 8 61
23 37 74 35
23 38 76 68
23 39 80 71
23 40 60 55
23 41 65 68
23 42 32 55
23 43 66 59
23 44 67 44
23 45 80 30
23 46 60 15
23 47 78 57
23 48 24 49
23 49 79 55
23 50 83 61
23 51 83 62
23 52 37 59
23 53 89 69
23 54 59 53
23 55 26 33
23 56 66 21
23 57 44 86
23 58 85 61
23 59 45 59
23 60 19 60
23 61 23 86
23 62 14 89
23 63 81 19
23 64 71 80
23 65 46 64
23 66 38 41
23 67 8 40
23 68 86 14
23 69 75 66
23 70 57 66
23 71 39 58
23 72 38 75
23 73 17 31
23 74 46 55
23 75 53 70
23 76 86 15
23 77 65 18
23 78 26 63
23 79 51 56
23 80 49 10
23 81 64 15
23 82 34 83
23 83 56 29
23 84 9 72
23 85 49 32
23 86 11 31
23 87 64 11
23 88 65 57
23 89 26 10
23 90 16 19
23 91 72 82
23 92 23 74
23 93 19 29
23 94 17 45
23 95 84 24
23 96 70 29
23 97 32 74
23 98 46 89
23 99 13 88
24 25 35 37
24 26 13 81
24 27 26 55
24 28 30 52
24 29 15 36
24 30 18 14
24 31 76 67
24 32 24 89
24 33 65 65
24 34 82 48
24 35 28 22
24 36 39 9
24 37 59 53
24 38 83 34
24 39 11 10
24 40 17 54
24 41 10 48
24 42 47 46
24 43 10 61
24 44 58 33
24 45 60 56
24 46 57 57
24 47 77 27
24 48 85 25
24 49 63 43
24 50 82 45
24 51 87 58
24 52 86 8
24 53 13 85
24 54 49 77
24 55 27 30
24 56 58 43
24 57 88 13
24 58 24 61
24 59 50 62
24 60 47 21
24 61 79 72
24 62 62 46
24 63 23 37
24 64 11 73
24 65 65 20
24 66 46 51
24 67 48 75
24 68 28 49
24 69 11 17
24 70 54 48
24 71 57 20
24 72 61 10
24 73 84 19
24 74 60 33
24 75 18 71
24 76 65 11
24 77 51 52
24 78 47 22
24 79 79 50
24 80 58 84
24 81 84 57
24 82 79 69
24 83 48 49
24 84 60 41
24 85 36 37
24 86 55 18
24 87 65 15
24 88 15 59
24 89 21 54
24 90 31 73
24 91 22 41
24 92 84 15
24 93 43 62
24 94 87 44
24 95 29 22
24 96 39 85
24 97 69 55
24 98 82 35
24 99 54 89
25 26 45 20
25 27 65 52
25 28 69 79
25 29 33 24
25 30 63 71
25 31 55 20
25 32 66 58
25 33 55 9
25 34 26 73
25 35 61 57
25 36 42 49
25 37 44 86
25 38 21 66
25 39 45 81
25 40 39 66
25 41 50 88
25 42 64 56
25 43 79 19
25 44 77 40
25 45 16 38
25 46 32 51
25 47 67 40
25 48 87 62
25 49 9 66
25 50 83 80
25 51 47 75
25 52 89 21
25 53 24 42
25 54 39 33
25 55 48 69
25 56 83 76
25 57 28 58
25 58 32 9
25 59 54 71
25 60 49 35
25 61 48 23
25 62 15 66
25 63 26 79
25 64 29 42
25 65 26 85
25 66 62 48
25 67 40 35
25 68 45 77
25 69 35 19
25 70 89 33
25 71 65 40
25 72 11 56
25 73 79 48
25 74 47 37
25 75 57 88
25 76 14 8
25 77 81 64
25 78 61 88
25 79 42 25
25 80 76 67
25 81 67 13
25 82 65 22
25 83 77 70
25 84 76 25
25 85 60 81
25 86 47 20
25 87 62 71
25 88 79 20
25 89 13 67
25 90 25 34
25 91 54 9
25 92 34 24
25 93 64 31
25 94 45 16
25 95 68 18
25 96 35 78
25 97 31 80
25 98 75 76
25 99 85 28
26 27 49 80
26 28 16 53
26 29 85 25
26 30 14 52
26 31 39 19
26 32 78 50
26 33 43 37
26 34 78 86
26 35 21 61
26 36 60 9
26 37 46 12
26 38 32 13
26 39 46 10
26 40 23 76
26 41 76 31
26 42 49 52
26 43 30 83
26 44 31 10
26 45 81 80
26 46 35 16
26 47 58 13
26 48 11 77
26 49 18 88
26 50 39 45
26 51 32 65
26 52 45 14
26 53 31 38
26 54 72 56
26 55 62 45
26 56 23 67
26 57 45 19
26 58 81 89
26 59 24 37
26 60 71 86
26 61 59 17
26 62 41 46
26 63 17 44
26 64 40 31
26 65 14 31
26 66 31 18
26 67 9 84
26 68 10 45
26 69 51 37
26 70 47 18
26 71 68 37
26 72 30 21
26 73 38 65
26 74 63 37
26 75 82 79
26 76 52 71
26 77 9 79
26 78 30 87
26 79 16 77
26 80 62 52
26 81 52 62
26 82 80 49
26 83 8 73
26 84 28 14
26 85 14 10
26 86 14 30
26 87 50 30
26 88 58 73
26 89 81 43
26 90 26 59
26 91 88 51
26 92 42 11
26 93 71 53
26 94 74 50
26 95 58 37
26 96 68 66
26 97 43 80
26 98 65 48
26 99 73 32
27 28 49 45
27 29 36 15
27 30 38 83
27 31 76 79
27 32 28 84
27 33 48 28
27 34 82 60
27 35 29 50
27 36 73 46
27 37 61 81
27 38 68 9
27 39 10 78
27 40 44 70
27 41 49 75
27 42 9 32
27 43 31 25
27 44 22 13
27 45 52 13
27 46 47 38
27 47 56 52
27 48 55 52
27 49 61 45
27 50 44 43
27 51 14 13
27 52 52 72
27 53 51 9
27 54 53 73
27 55 72 44
27 56 46 57
27 57 40 74
27 58 58 41
27 59 13 23
27 60 14 89
27 61 84 15
27 62 52 56
27 63 59 52
27 64 63 45
27 65 67 87
27 66 28 49
27 67 67 68
27 68 40 82
27 69 78 38
27 70 31 83
27 71 24 9
27 72 21 78
27 73 34 31
27 74 70 51
27 75 75 77
27 76 17 41
27 77 22 49
27 78 81 9
27 79 74 46
27 80 13 56
27 81 61 77
27 82 19 69
27 83 73 9
27 84 63 51
27 85 66 48
27 86 46 30
27 87 10 77
27 88 28 56
27 89 64 23
27 90 58 65
27 91 54 45
27 92 13 86
27 93 72 27
27 94 57 64
27 95 30 32
27 96 71 79
27 97 37 42
27 98 69 52
27 99 48 31
28 29 55 55
28 30 79 70
28 31 21 42
28 32 39 24
28 33 88 12
28 34 55 67
28 35 60 9
28 36 30 80
28 37 9 54
28 38 80 84
28 39 70 31
28 40 61 44
28 41 78 36
28 42 18 26
28 43 54 50
28 44 24 59
28 45 10 57
28 46 89 27
28 47 24 49
28 48 65 72
28 49 41 85
28 50 28 86
28 51 18 59
28 52 28 48
28 53 26 23
28 54 41 44
28 55 57 82
28 56 82 20
28 57 29 13
28 58 82 30
28 59 65 49
28 60 61 64
28 61 49 49
28 62 51 15
28 63 38 69
28 64 70 17
28 65 76 45
28 66 58 46
28 67 78 46
28 68 83 56
28 69 31 51
28 70 14 54
28 71 45 12
28 72 73 61
28 73 8 12
28 74 61 86
28 75 84 35
28 76 13 26
28 77 53 51
28 78 14 60
28 79 41 38
28 80 16 57
28 81 84 60
28 82 55 84
28 83 37 33
28 84 24 86
28 85 81 34
28 86 30 75
28 87 24 58
28 88 58 32
28 89 67 14
28 90 23 46
28 91 74 67
28 92 87 14
28 93 85 48
28 94 51 20
28 95 68 27
28 96 44 29
28 97 71 44
28 98 20 46
28 99 33 11
29 30 14 46
29 31 73 15
29 32 55 54
29 33 66 55
29 34 31 46
29 35 40 51
29 36 68 20
29 37 15 57
29 38 81 80
29 39 45 18
29 40 47 23
29 41 23 15
29 42 73 16
29 43 25 78
29 44 85 16
29 45 11 66
29 46 29 60
29 47 76 83
29 48 23 14
29 49 56 43
29 50 37 66
29 51 89 86
29 52 78 38
29 53 67 87
29 54 53 41
29 55 88 21
29 56 52 83
29 57 70 47
29 58 25 13
29 59 46 17
29 60 46 79
29 61 88 16
29 62 65 80
29 63 61 29
29 64 19 22
29 65 30 68
29 66 83 14
29 67 44 83
29 68 33 78
29 69 28 57
29 70 67 48
29 71 67 54
29 72 70 74
29 73 56 11
29 74 76 20
29 75 76 30
29 76 30 28
29 77 47 20
29 78 67 23
29 79 35 48
29 80 50 52
29 81 32 67
29 82 15 8
29 83 73 88
29 84 47 50
29 85 70 74
29 86 10 8
29 87 81 63
29 88 78 58
29 89 83 75
29 90 62 81
29 91 49 75
29 92 67 13
29 93 89 18
29 94 43 15
29 95 75 11
29 96 66 47
29 97 18 29
29 98 89 27
29 99 61 89
30 31 18 59
30 32 36 84
30 33 46 82
30 34 88 88
30 35 10 74
30 36 45 13
30 37 80 13
30 38 71 89
30 39 30 62
30 40 82 24
30 41 70 37
30 42 62 83
30 43 17 45
30 44 44 68
30 45 24 80
30 46 36 34
30 47 87 36
30 48 22 57
30 49 18 57
30 50 68 49
30 51 44 40
30 52 78 31
30 53 64 16
30 54 65 22
30 55 55 73
30 56 34 86
30 57 78 32
30 58 75 26
30 59 31 31
30 60 76 66
30 61 58 78
30 62 15 34
30 63 62 31
30 64 59 76
30 65 88 57
30 66 23 15
30 67 39 25
30 68 83 83
30 69 58 17
30 70 61 68
30 71 41 87
30 72 26 85
30 73 20 45
30 74 51 27
30 75 43 81
30 76 89 44
30 77 30 31
30 78 40 41
30 79 65 81
30 80 85 13
30 81 47 42
30 82 86 32
30 83 82 41
30 84 12 44
30 85 17 16
30 86 33 58
30 87 42 80
30 88 35 57
30 89 40 18
30 90 44 48
30 91 46 72
30 92 26 11
30 93 88 81
30 94 50 21
30 95 64 87
30 96 44 42
30 97 86 35
30 98 62 40
30 99 66 18
31 32 59 44
31 33 22 87
31 34 74 58
31 35 70 33
31 36 52 45
31 37 8 16
31 38 23 76
31 39 73 38
31 40 30 41
31 41 10 13
31 42 9 32
31 43 87 41
31 44 25 19
31 45 62 55
31 46 52 61
31 47 28 49
31 48 45 67
31 49 52 65
31 50 31 58
31 51 40 76
31 52 13 84
31 53 25 86
31 54 82 28
31 55 84 10
31 56 60 81
31 57 11 49
31 58 64 56
31 59 76 28
31 60 42 25
31 61 55 59
31 62 16 83
31 63 66 10
31 64 72 60
31 65 47 69
31 66 81 54
31 67 17 88
31 68 78 75
31 69 45 40
31 70 32 55
31 71 71 24
31 72 13 52
31 73 9 82
31 74 25 81
31 75 28 62
31 76 9 36
31 77 12 21
31 78 56 29
31 79 38 40
31 80 70 84
31 81 41 60
31 82 50 61
31 83 73 51
31 84 52 39
31 85 63 83
31 86 26 66
31 87 73 34
31 88 23 12
31 89 54 34
31 90 53 16
31 91 78 23
31 92 49 36
31 93 64 55
31 94 73 49
31 95 38 41
31 96 67 42
31 97 65 71
31 98 16 65
31 99 59 24
32 33 75 79
32 34 22 44
32 35 38 20
32 36 22 19
32 37 84 32
32 38 13 44
32 39 57 43
32 40 11 13
32 41 52 73
32 42 34 21
32 43 48 85
32 44 59 77
32 45 54 42
32 46 77 12
32 47 78 74
32 48 67 53
32 49 11 20
32 50 15 52
32 51 65 40
32 52 24 61
32 53 31 36
32 54 13 28
32 55 31 51
32 56 42 24
32 57 52 88
32 58 37 70
32 59 80 17
32 60 71 47
32 61 36 24
32 62 69 68
32 63 33 51
32 64 53 25
32 65 26 74
32 66 18 61
32 67 29 66
32 68 72 14
32 69 49 12
32 70 30 44
32 71 20 64
32 72 19 11
32 73 60 82
32 74 55 80
32 75 60 27
32 76 8 42
32 77 88 45
32 78 25 80
32 79 87 46
32 80 50 10
32 81 9 38
32 82 28 50
32 83 63 83
32 84 52 66
32 85 59 59
32 86 86 86
32 87 29 56
32 88 20 80
32 89 45 31
32 90 40 14
32 91 84 12
32 92 45 88
32 93 11 10
32 94 41 37
32 95 81 52
32 96 28 18
32 97 58 75
32 98 75 64
32 99 53 53
33 34 68 71
33 35 31 17
33 36 50 53
33 37 63 47
33 38 47 75
33 39 47 72
33 40 28 46
33 41 29 66
33 42 15 14
33 43 30 67
33 44 77 75
33 45 78 27
33 46 65 71
33 47 54 12
33 48 80 39
33 49 19 80
33 50 38 70
33 51 22 31
33 52 82 33
33 53 33 16
33 54 23 65
33 55 11 77
33 56 46 70
33 57 65 85
33 58 49 65
33 59 61 22
33 60 84 51
33 61 78 74
33 62 59 80
33 63 70 88
33 64 76 31
33 65 18 12
33 66 69 70
33 67 65 87
33 68 59 14
33 69 30 55
33 70 12 51
33 71 13 17
33 72 82 40
33 73 84 59
33 74 49 33
33 75 60 31
33 76 21 25
33 77 48 70
33 78 11 79
33 79 73 21
33 80 76 14
33 81 49 47
33 82 31 44
33 83 39 36
33 84 11 68
33 85 81 50
33 86 38 83
33 87 88 16
33 88 30 70
33 89 80 23
33 90 62 54
33 91 32 76
33 92 57 37
33 93 87 20
33 94 49 51
33 95 52 24
33 96 26 43
33 97 82 70
33 98 39 83
33 99 88 58
34 35 59 10
34 36 88 88
34 37 15 81
34 38 67 87
34 39 73 15
34 40 49 80
34 41 67 46
34 42 55 22
34 43 23 25
34 44 17 32
34 45 88 83
34 46 53 41
34 47 60 59
34 48 32 36
34 49 31 60
34 50 59 63
34 51 73 89
34 52 14 38
34 53 14 89
34 54 41 78
34 55 71 10
34 56 31 22
34 57 39 62
34 58 75 25
34 59 73 29
34 60 43 46
34 61 87 23
34 62 83 18
34 63 32 30
34 64 72 60
34 65 25 14
34 66 73 75
34 67 70 43
34 68 49 22
34 69 66 40
34 70 85 12
34 71 53 59
34 72 89 29
34 73 46 36
34 74 73 36
34 75 48 26
34 76 31 85
34 77 12 39
34 78 65 64
34 79 60 24
34 80 57 50
34 81 87 77
34 82 85 19
34 83 30 24
34 84 88 53
34 85 25 39
34 86 28 37
34 87 80 77
34 88 69 24
34 89 33 85
34 90 50 12
34 91 62 44
34 92 62 62
34 93 22 20
34 94 55 75
34 95 70 79
34 96 75 36
34 97 23 59
34 98 11 54
34 99 81 15
35 36 82 37
35 37 80 76
35 38 77 8
35 39 38 87
35 40 42 22
35 41 15 46
35 42 35 15
35 43 75 84
35 44 85 28
35 45 54 38
35 46 78 39
35 47 86 24
35 48 70 52
35 49 51 81
35 50 79 46
35 51 35 34
35 52 30 74
35 53 80 78
35 54 10 57
35 55 57 15
35 56 13 43
35 57 24 87
35 58 88 62
35 59 45 29
35 60 84 19
35 61 49 60
35 62 64 89
35 63 14 10
35 64 21 67
35 65 86 82
35 66 72 26
35 67 16 11
35 68 52 62
35 69 15 48
35 70 44 85
35 71 18 49
35 72 78 30
35 73 67 42
35 74 26 50
35 75 61 10
35 76 33 66
35 77 35 64
35 78 9 39
35 79 62 28
35 80 17 57
35 81 38 48
35 82 38 74
35 83 35 9
35 84 9 19
35 85 50 40
35 86 56 72
35 87 36 66
35 88 17 71
35 89 64 57
35 90 48 70
35 91 66 30
35 92 71 38
35 93 63 82
35 94 80 20
35 95 75 49
35 96 19 45
35 97 77 66
35 98 34 76
35 99 48 64
36 37 40 49
36 38 36 8
36 39 67 56
36 40 9 83
36 41 59 74
36 42 42 76
36 43 12 41
36 44 16 86
36 45 50 88
36 46 71 19
36 47 12 34
36 48 80 15
36 49 39 43
36 50 60 80
36 51 79 10
36 52 17 82
36 53 88 20
36 54 88 57
36 55 47 37
36 56 33 72
36 57 75 33
36 58 36 61
36 59 79 40
36 60 28 53
36 61 75 19
36 62 66 54
36 63 51 79
36 64 15 41
36 65 51 26
36 66 62 23
36 67 29 60
36 68 71 31
36 69 35 42
36 70 25 87
36 71 69 24
36 72 69 65
36 73 28 27
36 74 41 52
36 75 55 83
36 76 77 32
36 77 72 18
36 78 27 43
36 79 72 38
36 80 30 19
36 81 66 13
36 82 21 30
36 83 40 27
36 84 87 85
36 85 58 45
36 86 10 69
36 87 12 82
36 88 38 46
36 89 57 55
36 90 22 33
36 91 40 51
36 92 22 36
36 93 32 16
36 94 64 64
36 95 64 74
36 96 39 55
36 97 27 46
36 98 87 13
36 99 42 89
37 38 61 58
37 39 74 43
37 40 67 77
37 41 14 15
37 42 68 84
37 43 57 24
37 44 55 58
37 45 25 54
37 46 68 58
37 47 84 46
37 48 44 10
37 49 79 71
37 50 11 75
37 51 80 67
37 52 37 45
37 53 41 52
37 54 16 74
37 55 37 35
37 56 21 36
37 57 15 26
37 58 59 81
37 59 39 83
37 60 77 87
37 61 13 50
37 62 81 65
37 63 8 63
37 64 41 18
37 65 65 46
37 66 25 58
37 67 68 72
37 68 77 56
37 69 52 31
37 70 75 72
37 71 81 55
37 72 35 25
37 73 41 82
37 74 66 54
37 75 25 33
37 76 47 75
37 77 18 44
37 78 46 40
37 79 10 83
37 80 61 53
37 81 38 68
37 82 54 79
37 83 86 27
37 84 64 11
37 85 62 84
37 86 49 20
37 87 38 36
37 88 64 51
37 89 75 79
37 90 67 56
37 91 60 18
37 92 51 89
37 93 37 63
37 94 51 87
37 95 29 64
37 96 89 28
37 97 66 28
37 98 37 12
37 99 31 14
38 39 71 67
38 40 17 69
38 41 62 51
38 42 24 60
38 43 24 20
38 44 30 47
38 45 33 25
38 46 85 74
38 47 70 56
38 48 53 64
38 49 30 30
38 50 20 54
38 51 64 54
38 52 59 54
38 53 57 66
38 54 20 54
38 55 28 39
38 56 82 64
38 57 79 16
38 58 25 8
38 59 59 44
38 60 68 28
38 61 9 60
38 62 38 20
38 63 77 49
38 64 21 35
38 65 68 41
38 66 13 39
38 67 53 63
38 68 52 77
38 69 61 39
38 70 12 86
38 71 78 15
38 72 66 49
38 73 12 12
38 74 68 78
38 75 37 46
38 76 77 74
38 77 57 25
38 78 75 22
38 79 53 17
38 80 55 72
38 81 89 77
38 82 60 52
38 83 66 72
38 84 55 88
38 85 78 62
38 86 33 77
38 87 45 12
38 88 72 50
38 89 76 73
38 90 41 19
38 91 64 71
38 92 50 21
38 93 75 53
38 94 73 16
38 95 36 16
38 96 71 47
38 97 78 72
38 98 53 39
38 99 68 27
39 40 20 66
39 41 67 40
39 42 38 76
39 43 53 84
39 44 64 58
39 45 88 62
39 46 49 88
39 47 77 72
39 48 41 66
39 49 45 59
39 50 33 55
39 51 19 67
39 52 39 51
39 53 76 82
39 54 75 80
39 55 34 62
39 56 28 78
39 57 74 23
39 58 49 46
39 59 78 32
39 60 64 16
39 61 67 27
39 62 22 64
39 63 59 48
39 64 48 58
39 65 9 70
39 66 40 75
39 67 64 34
39 68 84 48
39 69 85 19
39 70 66 54
39 71 79 9
39 72 67 43
39 73 10 76
39 74 84 64
39 75 44 63
39 76 10 25
39 77 62 75
39 78 8 70
39 79 74 13
39 80 23 48
39 81 68 83
39 82 84 76
39 83 11 62
39 84 27 79
39 85 19 68
39 86 31 20
39 87 62 47
39 88 75 67
39 89 74 38
39 90 34 39
39 91 37 14
39 92 78 55
39 93 45 49
39 94 79 32
39 95 34 85
39 96 34 66
39 97 69 22
39 98 47 43
39 99 26 46
40 41 38 80
40 42 26 44
40 43 83 71
40 44 10 40
40 45 13 60
40 46 14 87
40 47 65 38
40 48 26 25
40 49 38 61
40 50 15 21
40 51 61 57
40 52 57 72
40 53 35 79
40 54 58 89
40 55 22 64
40 56 23 87
40 57 23 48
40 58 59 78
40 59 15 60
40 60 59 25
40 61 44 60
40 62 60 76
40 63 25 51
40 64 18 85
40 65 55 17
40 66 50 48
40 67 34 17
40 68 17 15
40 69 56 54
40 70 13 53
40 71 81 76
40 72 35 83
40 73 87 8
40 74 46 76
40 75 14 65
40 76 19 79
40 77 58 43
40 78 75 28
40 79 73 57
40 80 56 75
40 81 36 78
40 82 31 24
40 83 61 58
40 84 28 48
40 85 83 28
40 86 17 51
40 87 79 52
40 88 84 30
40 89 69 62
40 90 62 9
40 91 37 35
40 92 36 38
40 93 86 50
40 94 31 61
40 95 15 35
40 96 44 47
40 97 43 11
40 98 27 15
40 99 83 36
41 42 13 30
41 43 44 39
41 44 45 69
41 45 79 29
41 46 83 53
41 47 52 76
41 48 57 58
41 49 11 63
41 50 23 77
41 51 66 68
41 52 12 50
41 53 49 42
41 54 71 53
41 55 39 88
41 56 11 19
41 57 42 48
41 58 33 23
41 59 80 9
41 60 19 54
41 61 43 15
41 62 50 78
41 63 80 9
41 64 21 51
41 65 38 48
41 66 22 72
41 67 76 89
41 68 16 83
41 69 69 79
41 70 21 64
41 71 89 57
41 72 32 74
41 73 45 43
41 74 49 89
41 75 33 73
41 76 34 12
41 77 31 63
41 78 86 9
41 79 76 59
41 80 57 29
41 81 60 89
41 82 42 89
41 83 58 83
41 84 56 22
41 85 80 46
41 86 73 20
41 87 22 52
41 88 56 25
41 89 63 17
41 90 34 31
41 91 62 43
41 92 38 41
41 93 71 21
41 94 75 15
41 95 15 73
41 96 88 77
41 97 21 81
41 98 16 88
41 99 70 40
42 43 21 11
42 44 10 24
42 45 78 83
42 46 69 35
42 47 50 84
42 48 37 32
42 49 54 32
42 50 14 70
42 51 49 41
42 52 52 38
42 53 17 66
42 54 46 89
42 55 36 15
42 56 34 27
42 57 66 44
42 58 60 25
42 59 34 32
42 60 26 54
42 61 39 38
42 62 12 56
42 63 42 58
42 64 79 65
42 65 75 64
42 66 49 71
42 67 11 73
42 68 15 79
42 69 81 68
42 70 59 56
42 71 83 32
42 72 12 81
42 73 41 17
42 74 86 53
42 75 34 30
42 76 78 74
42 77 35 87
42 78 85 42
42 79 30 87
42 80 51 42
42 81 29 9
42 82 53 22
42 83 28 47
42 84 32 78
42 85 67 81
42 86 62 31
42 87 83 30
42 88 12 60
42 89 78 11
42 90 66 22
42 91 60 58
42 92 57 43
42 93 61 16
42 94 24 37
42 95 32 81
42 96 71 50
42 97 50 72
42 98 35 9
42 99 66 61
43 44 45 53
43 45 35 23
43 46 81 52
43 47 64 47
43 48 47 27
43 49 28 63
43 50 9 38
43 51 23 64
43 52 87 82
43 53 16 37
43 54 84 16
43 55 48 10
43 56 23 52
43 57 42 88
43 58 89 60
43 59 49 53
43 60 19 62
43 61 17 80
43 62 53 67
43 63 67 65
43 64 41 68
43 65 86 83
43 66 29 22
43 67 55 17
43 68 61 87
43 69 69 82
43 70 41 77
43 71 56 8
43 72 69 23
43 73 54 52
43 74 79 37
43 75 66 28
43 76 84 81
43 77 35 80
43 78 40 20
43 79 81 49
43 80 78 71
43 81 60 31
43 82 74 81
43 83 45 70
43 84 17 14
43 85 88 71
43 86 30 55
43 87 47 9
43 88 86 68
43 89 40 77
43 90 72 67
43 91 20 76
43 92 14 80
43 93 45 26
43 94 70 65
43 95 40 47
43 96 86 49
43 97 65 64
43 98 14 14
43 99 74 86
44 45 62 40
44 46 37 47
44 47 17 47
44 48 36 35
44 49 73 38
44 50 12 88
44 51 35 57
44 52 88 75
44 53 34 77
44 54 42 29
44 55 59 55
44 56 73 54
44 57 21 45
44 58 21 30
44 59 69 45
44 60 36 19
44 61 64 82
44 62 81 36
44 63 54 40
44 64 19 34
44 65 16 59
44 66 22 64
44 67 77 76
44 68 48 11
44 69 68 57
44 70 12 19
44 71 52 30
44 72 73 23
44 73 88 27
44 74 22 47
44 75 74 56
44 76 16 80
44 77 60 11
44 78 15 47
44 79 63 52
44 80 44 22
44 81 88 20
44 82 75 19
44 83 71 60
44 84 23 47
44 85 58 21
44 86 22 9
44 87 79 78
44 88 75 29
44 89 41 38
44 90 24 28
44 91 62 36
44 92 23 68
44 93 47 18
44 94 87 20
44 95 57 12
44 96 19 14
44 97 59 36
44 98 82 42
44 99 64 27
45 46 85 19
45 47 68 20
45 48 14 65
45 49 37 25
45 50 73 74
45 51 25 88
45 52 51 11
45 53 77 14
45 54 89 56
45 55 21 26
45 56 80 32
45 57 87 58
45 58 21 88
45 59 87 26
45 60 22 40
45 61 75 45
45 62 25 61
45 63 57 73
45 64 25 36
45 65 38 41
45 66 33 48
45 67 48 50
45 68 28 61
45 69 45 83
45 70 10 58
45 71 42 14
45 72 82 60
45 73 82 85
45 74 37 80
45 75 32 73
45 76 42 75
45 77 80 27
45 78 25 35
45 79 32 70
45 80 84 33
45 81 65 58
45 82 68 42
45 83 40 87
45 84 38 83
45 85 22 13
45 86 80 80
45 87 44 25
45 88 41 30
45 89 56 12
45 90 14 65
45 91 58 77
45 92 53 69
45 93 60 70
45 94 40 62
45 95 37 16
45 96 26 87
45 97 81 22
45 98 44 24
45 99 30 73
46 47 64 43
46 48 31 16
46 49 74 34
46 50 58 22
46 51 32 58
46 52 33 22
46 53 30 33
46 54 68 77
46 55 12 80
46 56 46 51
46 57 46 78
46 58 30 75
46 59 65 75
46 60 87 66
46 61 34 71
46 62 75 82
46 63 16 63
46 64 28 32
46 65 74 48
46 66 41 29
46 67 66 12
46 68 25 17
46 69 71 48
46 70 37 71
46 71 15 12
46 72 57 57
46 73 68 86
46 74 30 32
46 75 70 25
46 76 35 33
46 77 44 49
46 78 44 67
46 79 82 57
46 80 69 20
46 81 32 17
46 82 40 53
46 83 23 25
46 84 37 19
46 85 55 19
46 86 36 64
46 87 74 63
46 88 40 74
46 89 47 48
46 90 60 71
46 91 88 10
46 92 12 41
46 93 54 69
46 94 59 35
46 95 9 83
46 96 9 8
46 97 66 17
46 98 88 88
46 99 63 43
47 48 55 63
47 49 65 42
47 50 87 64
47 51 75 22
47 52 51 36
47 53 71 89
47 54 10 54
47 55 39 67
47 56 78 40
47 57 15 76
47 58 31 44
47 59 33 66
47 60 31 33
47 61 78 75
47 62 72 28
47 63 25 40
47 64 66 84
47 65 59 49
47 66 56 89
47 67 56 10
47 68 59 14
47 69 13 48
47 70 77 25
47 71 67 42
47 72 19 15
47 73 26 86
47 74 24 81
47 75 89 63
47 76 69 86
47 77 12 73
47 78 72 43
47 79 18 10
47 80 48 48
47 81 29 85
47 82 50 26
47 83 69 45
47 84 21 76
47 85 43 25
47 86 71 18
47 87 29 89
47 88 48 59
47 89 46 62
47 90 66 31
47 91 25 44
47 92 45 82
47 93 40 19
47 94 18 43
47 95 73 62
47 96 65 66
47 97 24 70
47 98 12 8
47 99 17 88
48 49 50 76
48 50 76 22
48 51 79 62
48 52 32 44
48 53 55 79
48 54 65 12
48 55 78 17
48 56 69 57
48 57 62 26
48 58 83 55
48 59 59 60
48 60 47 57
48 61 49 72
48 62 48 22
48 63 20 32
48 64 65 54
48 65 46 20
48 66 28 81
48 67 9 89
48 68 89 60
48 69 46 67
48 70 34 85
48 71 39 44
48 72 56 61
48 73 28 49
48 74 25 31
48 75 47 64
48 76 51 55
48 77 39 86
48 78 71 67
48 79 81 67
48 80 47 35
48 81 12 59
48 82 23 71
48 83 63 67
48 84 47 53
48 85 20 45
48 86 75 12
48 87 38 21
48 88 19 54
48 89 57 68
48 90 31 79
48 91 48 40
48 92 29 26
48 93 82 88
48 94 86 62
48 95 37 86
48 96 35 53
48 97 72 81
48 98 44 47
48 99 82 23
49 50 81 72
49 51 14 31
49 52 26 88
49 53 19 59
49 54 58 40
49 55 18 14
49 56 76 18
49 57 64 48
49 58 16 61
49 59 56 38
49 60 42 36
49 61 54 24
49 62 44 20
49 63 76 81
49 64 83 35
49 65 64 32
49 66 80 32
49 67 55 65
49 68 58 26
49 69 20 43
49 70 82 55
49 71 53 40
49 72 28 43
49 73 47 82
49 74 55 87
49 75 27 11
49 76 45 15
49 77 42 22
49 78 36 26
49 79 46 69
49 80 23 31
49 81 78 52
49 82 72 57
49 83 88 79
49 84 26 73
49 85 32 89
49 86 46 33
49 87 89 16
49 88 27 67
49 89 31 9
49 90 39 84
49 91 29 35
49 92 77 60
49 93 53 19
49 94 28 89
49 95 39 66
49 96 29 50
49 97 36 32
49 98 27 14
49 99 37 71
50 51 63 41
50 52 68 57
50 53 16 75
50 54 42 16
50 55 89 53
50 56 50 79
50 57 41 53
50 58 39 34
50 59 69 35
50 60 68 54
50 61 10 16
50 62 23 48
50 63 39 63
50 64 71 42
50 65 28 38
50 66 75 53
50 67 56 25
50 68 78 24
50 69 29 19
50 70 44 27
50 71 39 16
50 72 66 49
50 73 53 69
50 74 37 74
50 75 53 48
50 76 18 73
50 77 73 74
50 78 18 14
50 79 79 62
50 80 78 68
50 81 46 29
50 82 32 70
50 83 63 27
50 84 38 54
50 85 79 17
50 86 24 83
50 87 68 77
50 88 75 59
50 89 51 51
50 90 56 79
50 91 29 13
50 92 37 40
50 93 17 35
50 94 41 35
50 95 46 16
50 96 49 83
50 97 49 21
50 98 87 53
50 99 17 68
51 52 53 47
51 53 25 62
51 54 8 77
51 55 41 26
51 56 67 45
51 57 22 85
51 58 89 86
51 59 35 27
51 60 46 75
51 61 13 17
51 62 69 40
51 63 28 33
51 64 37 87
51 65 27 42
51 66 61 49
51 67 87 52
51 68 60 39
51 69 60 67
51 70 43 65
51 71 42 43
51 72 77 45
51 73 64 56
51 74 66 48
51 75 11 62
51 76 22 14
51 77 65 24
51 78 40 10
51 79 38 41
51 80 62 8
51 81 38 19
51 82 26 81
51 83 55 51
51 84 76 33
51 85 78 20
51 86 51 78
51 87 16 8
51 88 31 54
51 89 85 58
51 90 50 46
51 91 84 33
51 92 10 17
51 93 18 45
51 94 20 31
51 95 14 33
51 96 36 20
51 97 69 29
51 98 19 69
51 99 10 27
52 53 49 18
52 54 15 24
52 55 14 54
52 56 86 36
52 57 75 76
52 58 33 13
52 59 47 82
52 60 79 8
52 61 53 20
52 62 80 20
52 63 81 85
52 64 26 73
52 65 81 11
52 66 36 67
52 67 59 36
52 68 73 10
52 69 25 87
52 70 23 25
52 71 78 25
52 72 37 59
52 73 71 32
52 74 47 66
52 75 59 35
52 76 23 46
52 77 36 30
52 78 20 10
52 79 70 16
52 80 70 38
52 81 52 12
52 82 39 49
52 83 72 19
52 84 19 81
52 85 25 13
52 86 49 41
52 87 71 16
52 88 86 28
52 89 80 35
52 90 75 18
52 91 87 83
52 92 77 23
52 93 65 64
52 94 70 51
52 95 52 78
52 96 72 73
52 97 46 36
52 98 79 59
52 99 49 85
53 54 26 43
53 55 71 48
53 56 34 34
53 57 13 72
53 58 41 16
53 59 20 29
53 60 79 80
53 61 61 88
53 62 29 87
53 63 19 15
53 64 20 58
53 65 46 63
53 66 14 84
53 67 84 40
53 68 84 31
53 69 40 47
53 70 78 62
53 71 38 50
53 72 37 26
53 73 18 32
53 74 71 87
53 75 58 12
53 76 83 19
53 77 83 69
53 78 27 45
53 79 29 28
53 80 20 38
53 81 60 88
53 82 83 35
53 83 44 27
53 84 62 41
53 85 89 64
53 86 68 72
53 87 45 15
53 88 10 71
53 89 34 35
53 90 65 10
53 91 36 31
53 92 71 9
53 93 37 38
53 94 44 74
53 95 50 61
53 96 30 24
53 97 72 35
53 98 41 14
53 99 19 8
54 55 53 32
54 56 49 51
54 57 44 45
54 58 81 58
54 59 28 43
54 60 14 65
54 61 83 21
54 62 22 76
54 63 59 76
54 64 72 62
54 65 16 24
54 66 69 53
54 67 38 53
54 68 57 82
54 69 40 69
54 70 24 53
54 71 35 38
54 72 18 53
54 73 56 72
54 74 66 37
54 75 40 61
54 76 63 46
54 77 32 28
54 78 20 39
54 79 68 64
54 80 80 60
54 81 67 48
54 82 69 53
54 83 27 88
54 84 21 42
54 85 16 31
54 86 87 76
54 87 85 18
54 88 62 73
54 89 44 50
54 90 40 63
54 91 29 62
54 92 82 26
54 93 55 49
54 94 43 71
54 95 27 86
54 96 87 37
54 97 74 19
54 98 49 68
54 99 66 16
55 56 9 34
55 57 39 33
55 58 53 10
55 59 81 21
55 60 65 12
55 61 19 84
55 62 66 46
55 63 63 54
55 64 17 40
55 65 42 31
55 66 80 58
55 67 23 79
55 68 78 85
55 69 35 81
55 70 46 16
55 71 46 68
55 72 63 20
55 73 28 88
55 74 64 9
55 75 62 70
55 76 22 30
55 77 38 37
55 78 61 50
55 79 72 75
55 80 8 36
55 81 80 44
55 82 89 45
55 83 16 42
55 84 75 88
55 85 40 45
55 86 17 14
55 87 46 70
55 88 61 49
55 89 28 66
55 90 38 28
55 91 56 42
55 92 82 15
55 93 38 21
55 94 21 58
55 95 75 53
55 96 19 72
55 97 87 57
55 98 43 69
55 99 30 80
56 57 79 27
56 58 88 87
56 59 88 61
56 60 76 57
56 61 36 31
56 62 20 39
56 63 41 85
56 64 21 63
56 65 30 61
56 66 42 82
56 67 78 24
56 68 62 39
56 69 31 67
56 70 13 64
56 71 33 72
56 72 83 41
56 73 13 65
56 74 61 20
56 75 69 51
56 76 72 87
56 77 45 66
56 78 72 22
56 79 43 69
56 80 81 22
56 81 41 35
56 82 65 9
56 83 39 13
56 84 49 84
56 85 31 76
56 86 26 87
56 87 49 47
56 88 50 25
56 89 21 89
56 90 77 22
56 91 42 24
56 92 20 58
56 93 19 21
56 94 68 80
56 95 68 24
56 96 76 35
56 97 82 54
56 98 16 31
56 99 53 68
57 58 77 36
57 59 74 13
57 60 80 65
57 61 64 45
57 62 64 77
57 63 59 84
57 64 38 50
57 65 43 72
57 66 88 14
57 67 12 35
57 68 44 14
57 69 64 83
57 70 38 58
57 71 16 82
57 72 69 57
57 73 41 52
57 74 32 30
57 75 77 51
57 76 82 64
57 77 27 70
57 78 40 89
57 79 78 32
57 80 12 56
57 81 20 48
57 82 84 31
57 83 20 23
57 84 57 17
57 85 87 64
57 86 15 23
57 87 71 65
57 88 81 40
57 89 56 52
57 90 57 36
57 91 44 81
57 92 46 43
57 93 21 76
57 94 42 76
57 95 25 57
57 96 47 44
57 97 47 83
57 98 78 23
57 99 73 9
58 59 73 85
58 60 13 19
58 61 54 19
58 62 36 33
58 63 86 62
58 64 72 55
58 65 11 55
58 66 86 87
58 67 48 82
58 68 86 12
58 69 77 72
58 70 21 81
58 71 24 87
58 72 30 59
58 73 66 11
58 74 57 26
58 75 84 27
58 76 34 54
58 77 22 65
58 78 88 16
58 79 66 54
58 80 55 65
58 81 43 85
58 82 67 19
58 83 29 34
58 84 65 71
58 85 78 71
58 86 72 79
58 87 15 9
58 88 86 50
58 89 85 75
58 90 32 51
58 91 54 68
58 92 69 58
58 93 29 52
58 94 31 43
58 95 50 42
58 96 83 80
58 97 88 63
58 98 54 74
58 99 40 73
59 60 26 78
59 61 86 89
59 62 13 37
59 63 31 66
59 64 87 31
59 65 66 80
59 66 86 84
59 67 68 74
59 68 76 54
59 69 79 31
59 70 26 84
59 71 28 48
59 72 19 13
59 73 11 28
59 74 37 78
59 75 51 68
59 76 80 30
59 77 88 52
59 78 50 47
59 79 17 49
59 80 44 54
59 81 54 71
59 82 48 81
59 83 76 85
59 84 59 12
59 85 51 23
59 86 26 44
59 87 76 44
59 88 73 78
59 89 38 50
59 90 60 47
59 91 47 40
59 92 20 37
59 93 17 35
59 94 16 33
59 95 84 13
59 96 84 71
59 97 38 55
59 98 21 46
59 99 78 73
60 61 71 88
60 62 35 67
60 63 37 17
60 64 73 51
60 65 56 16
60 66 31 65
60 67 29 18
60 68 37 73
60 69 23 67
60 70 49 82
60 71 34 32
60 72 10 26
60 73 68 80
60 74 33 87
60 75 64 23
60 76 37 49
60 77 38 9
60 78 40 36
60 79 10 59
60 80 77 66
60 81 40 35
60 82 39 56
60 83 61 34
60 84 43 33
60 85 61 39
60 86 85 62
60 87 53 46
60 88 79 21
60 89 16 36
60 90 67 47
60 91 65 89
60 92 78 52
60 93 83 82
60 94 19 45
60 95 68 58
60 96 69 84
60 97 24 62
60 98 55 65
60 99 24 11
61 62 23 53
61 63 31 65
61 64 13 49
61 65 35 28
61 66 37 56
61 67 13 47
61 68 31 12
61 69 87 59
61 70 14 18
61 71 32 37
61 72 85 21
61 73 26 47
61 74 57 89
61 75 23 86
61 76 21 24
61 77 81 76
61 78 64 68
61 79 79 62
61 80 78 71
61 81 20 47
61 82 21 28
61 83 67 78
61 84 48 11
61 85 43 11
61 86 21 69
61 87 81 87
61 88 42 51
61 89 82 88
61 90 85 22
61 91 17 15
61 92 46 9
61 93 82 51
61 94 47 44
61 95 69 64
61 96 58 40
61 97 37 61
61 98 28 74
61 99 23 53
62 63 19 12
62 64 64 42
62 65 81 49
62 66 84 80
62 67 20 60
62 68 63 59
62 69 29 50
62 70 10 84
62 71 68 32
62 72 45 52
62 73 23 78
62 74 69 23
62 75 37 34
62 76 54 25
62 77 35 86
62 78 63 22
62 79 24 84
62 80 53 9
62 81 52 22
62 82 69 88
62 83 11 36
62 84 66 23
62 85 67 28
62 86 63 8
62 87 77 24
62 88 70 65
62 89 85 52
62 90 17 13
62 91 65 89
62 92 26 71
62 93 32 66
62 94 82 78
62 95 30 27
62 96 26 14
62 97 59 86
62 98 64 18
62 99 41 14
63 64 48 21
63 65 35 32
63 66 57 64
63 67 26 39
63 68 36 86
63 69 62 28
63 70 80 56
63 71 25 18
63 72 23 28
63 73 24 29
63 74 67 65
63 75 32 39
63 76 26 53
63 77 27 25
63 78 11 50
63 79 56 75
63 80 9 36
63 81 40 65
63 82 76 57
63 83 79 31
63 84 57 77
63 85 84 62
63 86 55 17
63 87 54 64
63 88 17 29
63 89 35 29
63 90 46 61
63 91 63 67
63 92 67 61
63 93 24 74
63 94 23 88
63 95 13 68
63 96 57 41
63 97 18 52
63 98 50 64
63 99 22 66
64 65 84 84
64 66 22 25
64 67 84 14
64 68 55 11
64 69 59 23
64 70 88 81
64 71 43 24
64 72 59 18
64 73 11 54
64 74 74 79
64 75 57 60
64 76 57 45
64 77 47 78
64 78 67 34
64 79 88 15
64 80 40 62
64 81 17 25
64 82 88 42
64 83 15 31
64 84 30 68
64 85 70 29
64 86 21 55
64 87 68 41
64 88 25 36
64 89 60 74
64 90 26 59
64 91 87 72
64 92 41 70
64 93 61 33
64 94 59 30
64 95 89 87
64 96 57 55
64 97 74 67
64 98 67 54
64 99 52 22
65 66 83 78
65 67 52 33
65 68 28 60
65 69 21 65
65 70 44 39
65 71 49 87
65 72 39 17
65 73 53 40
65 74 48 22
65 75 14 84
65 76 22 17
65 77 47 53
65 78 15 69
65 79 47 52
65 80 89 75
65 81 10 31
65 82 32 12
65 83 49 82
65 84 42 16
65 85 21 67
65 86 16 44
65 87 56 55
65 88 9 64
65 89 55 13
65 90 19 76
65 91 74 42
65 92 73 29
65 93 35 75
65 94 68 27
65 95 36 29
65 96 85 16
65 97 54 24
65 98 47 49
65 99 20 43
66 67 36 12
66 68 89 16
66 69 57 57
66 70 44 41
66 71 26 18
66 72 62 36
66 73 29 69
66 74 38 13
66 75 57 18
66 76 61 86
66 77 82 14
66 78 37 82
66 79 61 53
66 80 27 20
66 81 82 44
66 82 23 70
66 83 17 31
66 84 38 55
66 85 40 42
66 86 78 84
66 87 83 55
66 88 30 44
66 89 23 41
66 90 25 55
66 91 60 64
66 92 39 50
66 93 62 31
66 94 27 17
66 95 27 66
66 96 62 13
66 97 81 85
66 98 69 76
66 99 35 35
67 68 48 57
67 69 23 82
67 70 86 43
67 71 87 64
67 72 70 30
67 73 81 27
67 74 55 73
67 75 23 74
67 76 75 61
67 77 19 70
67 78 60 26
67 79 62 42
67 80 48 17
67 81 50 36
67 82 63 47
67 83 60 80
67 84 29 33
67 85 58 19
67 86 71 11
67 87 47 28
67 88 34 44
67 89 76 84
67 90 79 30
67 91 73 66
67 92 16 49
67 93 18 26
67 94 68 42
67 95 52 36
67 96 41 60
67 97 16 44
67 98 32 31
67 99 37 82
68 69 54 61
68 70 27 76
68 71 68 21
68 72 61 20
68 73 41 46
68 74 34 30
68 75 51 20
68 76 50 17
68 77 50 63
68 78 86 19
68 79 27 68
68 80 66 37
68 81 66 11
68 82 49 21
68 83 30 81
68 84 40 45
68 85 23 38
68 86 39 81
68 87 69 28
68 88 79 44
68 89 34 60
68 90 10 51
68 91 75 57
68 92 83 60
68 93 81 30
68 94 34 23
68 95 47 19
68 96 21 51
68 97 65 74
68 98 77 39
68 99 64 83
69 70 86 83
69 71 15 57
69 72 84 87
69 73 8 51
69 74 53 58
69 75 85 76
69 76 53 65
69 77 20 66
69 78 52 77
69 79 54 52
69 80 63 39
69 81 61 15
69 82 12 47
69 83 56 61
69 84 87 20
69 85 63 38
69 86 22 38
69 87 85 71
69 88 83 81
69 89 71 73
69 90 36 64
69 91 26 38
69 92 66 75
69 93 82 59
69 94 62 23
69 95 42 38
69 96 85 81
69 97 74 44
69 98 51 59
69 99 60 39
70 71 50 9
70 72 74 9
70 73 79 70
70 74 86 68
70 75 84 21
70 76 72 45
70 77 27 82
70 78 14 88
70 79 40 85
70 80 23 53
70 81 33 57
70 82 83 75
70 83 89 54
70 84 34 61
70 85 26 33
70 86 88 63
70 87 68 14
70 88 54 19
70 89 73 53
70 90 60 70
70 91 74 69
70 92 77 18
70 93 78 11
70 94 42 37
70 95 9 9
70 96 9 57
70 97 59 75
70 98 16 22
70 99 67 85
71 72 78 78
71 73 80 71
71 74 40 77
71 75 74 89
71 76 11 39
71 77 12 10
71 78 87 24
71 79 74 34
71 80 31 48
71 81 87 56
71 82 26 50
71 83 67 10
71 84 10 88
71 85 11 28
71 86 36 72
71 87 13 71
71 88 62 52
71 89 82 43
71 90 8 12
71 91 13 83
71 92 61 15
71 93 16 58
71 94 67 11
71 95 19 70
71 96 32 55
71 97 28 77
71 98 38 71
71 99 88 42
72 73 49 11
72 74 67 50
72 75 17 32
72 76 77 23
72 77 46 80
72 78 56 51
72 79 23 87
72 80 10 22
72 81 28 78
72 82 67 56
72 83 47 44
72 84 87 11
72 85 59 63
72 86 71 79
72 87 89 50
72 88 64 29
72 89 58 50
72 90 52 56
72 91 14 38
72 92 25 23
72 93 46 46
72 94 38 71
72 95 89 72
72 96 65 13
72 97 81 21
72 98 21 19
72 99 87 50
73 74 37 64
73 75 58 11
73 76 71 33
73 77 18 87
73 78 29 25
73 79 10 38
73 80 35 45
73 81 17 53
73 82 12 26
73 83 68 53
73 84 73 67
73 85 16 74
73 86 30 34
73 87 25 80
73 88 9 85
73 89 85 11
73 90 21 61
73 91 60 66
73 92 20 84
73 93 28 9
73 94 37 86
73 95 49 53
73 96 54 37
73 97 58 49
73 98 18 85
73 99 60 37
74 75 64 89
74 76 65 62
74 77 26 52
74 78 13 14
74 79 18 80
74 80 74 36
74 81 26 54
74 82 66 89
74 83 57 58
74 84 8 32
74 85 13 67
74 86 71 10
74 87 36 46
74 88 55 38
74 89 71 89
74 90 19 78
74 91 50 63
74 92 54 8
74 93 17 20
74 94 80 49
74 95 56 85
74 96 39 34
74 97 29 38
74 98 30 83
74 99 65 54
75 76 66 39
75 77 36 56
75 78 28 34
75 79 49 47
75 80 55 52
75 81 62 46
75 82 32 66
75 83 54 21
75 84 21 54
75 85 77 61
75 86 30 15
75 87 69 76
75 88 9 66
75 89 89 8
75 90 80 74
75 91 30 60
75 92 77 73
75 93 35 11
75 94 55 42
75 95 24 62
75 96 48 48
75 97 79 50
75 98 89 79
75 99 37 65
76 77 54 58
76 78 66 87
76 79 23 74
76 80 27 54
76 81 35 85
76 82 87 38
76 83 48 83
76 84 54 46
76 85 13 22
76 86 67 48
76 87 89 36
76 88 82 28
76 89 16 61
76 90 34 68
76 91 29 59
76 92 70 58
76 93 24 13
76 94 60 83
76 95 56 89
76 96 20 61
76 97 34 17
76 98 57 14
76 99 32 55
77 78 30 40
77 79 82 11
77 80 46 79
77 81 32 10
77 82 69 19
77 83 44 46
77 84 81 26
77 85 54 50
77 86 70 60
77 87 43 86
77 88 31 15
77 89 40 75
77 90 14 19
77 91 25 78
77 92 31 69
77 93 85 68
77 94 9 26
77 95 32 68
77 96 73 44
77 97 74 43
77 98 15 37
77 99 39 13
78 79 23 65
78 80 26 22
78 81 23 30
78 82 16 73
78 83 48 68
78 84 32 78
78 85 13 32
78 86 9 19
78 87 42 50
78 88 11 76
78 89 15 89
78 90 34 22
78 91 45 52
78 92 80 54
78 93 49 63
78 94 84 71
78 95 74 28
78 96 70 54
78 97 44 49
78 98 49 24
78 99 65 38
79 80 17 76
79 81 28 57
79 82 25 65
79 83 58 81
79 84 88 67
79 85 28 37
79 86 16 73
79 87 17 75
79 88 68 32
79 89 44 46
79 90 78 58
79 91 10 89
79 92 69 15
79 93 43 27
79 94 69 65
79 95 39 55
79 96 80 48
79 97 86 71
79 98 30 28
79 99 67 21
80 81 39 26
80 82 26 73
80 83 52 37
80 84 18 22
80 85 23 15
80 86 62 9
80 87 65 30
80 88 22 70
80 89 23 44
80 90 63 42
80 91 23 79
80 92 83 89
80 93 40 42
80 94 70 37
80 95 23 44
80 96 19 35
80 97 67 37
80 98 62 84
80 99 40 46
81 82 86 65
81 83 88 11
81 84 37 55
81 85 28 37
81 86 51 34
81 87 65 83
81 88 22 64
81 89 72 20
81 90 59 73
81 91 63 60
81 92 40 61
81 93 44 70
81 94 52 34
81 95 66 54
81 96 68 59
81 97 33 63
81 98 19 42
81 99 79 52
82 83 49 43
82 84 49 65
82 85 30 70
82 86 79 17
82 87 10 17
82 88 37 26
82 89 86 14
82 90 30 11
82 91 80 37
82 92 46 54
82 93 88 47
82 94 23 38
82 95 36 8
82 96 72 21
82 97 37 75
82 98 37 72
82 99 72 63
83 84 22 74
83 85 32 85
83 86 21 88
83 87 45 45
83 88 61 57
83 89 43 20
83 90 89 36
83 91 29 79
83 92 48 69
83 93 21 30
83 94 77 87
83 95 36 38
83 96 37 79
83 97 54 45
83 98 82 17
83 99 79 45
84 85 74 10
84 86 20 87
84 87 12 13
84 88 83 84
84 89 25 74
84 90 83 76
84 91 57 31
84 92 35 54
84 93 33 61
84 94 15 48
84 95 80 89
84 96 47 78
84 97 45 83
84 98 47 59
84 99 45 51
85 86 54 30
85 87 63 54
85 88 83 11
85 89 89 70
85 90 63 63
85 91 10 46
85 92 68 23
85 93 75 45
85 94 20 51
85 95 21 73
85 96 76 77
85 97 57 68
85 98 51 69
85 99 55 65
86 87 79 32
86 88 82 40
86 89 11 16
86 90 13 73
86 91 87 60
86 92 58 24
86 93 27 37
86 94 43 53
86 95 43 22
86 96 84 33
86 97 14 68
86 98 41 85
86 99 47 75
87 88 17 89
87 89 36 36
87 90 27 82
87 91 42 70
87 92 64 55
87 93 48 28
87 94 21 9
87 95 86 82
87 96 81 89
87 97 10 17
87 98 52 35
87 99 60 68
88 89 45 88
88 90 67 62
88 91 46 63
88 92 26 27
88 93 39 50
88 94 41 40
88 95 15 22
88 96 66 19
88 97 52 43
88 98 49 66
88 99 28 22
89 90 47 41
89 91 11 19
89 92 9 78
89 93 87 42
89 94 65 44
89 95 20 37
89 96 55 52
89 97 36 11
89 98 86 22
89 99 68 71
90 91 54 29
90 92 19 59
90 93 36 35
90 94 77 79
90 95 27 79
90 96 38 57
90 97 71 87
90 98 81 19
90 99 24 44
91 92 72 18
91 93 76 37
91 94 48 18
91 95 54 39
91 96 85 69
91 97 49 45
91 98 13 87
91 99 55 15
92 93 51 53
92 94 39 23
92 95 35 67
92 96 36 10
92 97 63 88
92 98 73 35
92 99 81 52
93 94 75 17
93 95 39 65
93 96 20 78
93 97 87 29
93 98 72 32
93 99 21 69
94 95 50 71
94 96 31 25
94 97 56 84
94 98 10 70
94 99 47 27
95 96 25 35
95 97 17 38
95 98 31 23
95 99 73 68
96 97 23 39
96 98 69 35
96 99 11 38
97 98 36 14
97 99 69 76
98 99 81 56
