100
0 1 20 20
0 2 0 980
0 3 983 990
0 4 984 993
0 5 983 982
0 6 990 985
0 7 996 981
0 8 989 989
0 9 997 996
0 10 985 987
0 11 991 993
0 12 995 996
0 13 994 987
0 14 994 999
0 15 995 987
0 16 981 984
0 17 995 988
0 18 996 981
0 19 997 980
0 20 994 994
0 21 992 994
0 22 985 988
0 23 981 995
0 24 999 988
0 25 996 988
0 26 984 991
0 27 989 999
0 28 994 996
0 29 991 992
0 30 989 983
0 31 988 994
0 32 983 989
0 33 986 996
0 34 994 984
0 35 987 981
0 36 991 997
0 37 995 983
0 38 983 985
0 39 990 982
0 40 981 980
0 41 987 995
0 42 980 991
0 43 999 993
0 44 988 980
0 45 985 996
0 46 994 992
0 47 983 991
0 48 988 989
0 49 985 996
0 50 980 996
0 51 983 997
0 52 993 996
0 53 985 982
0 54 984 997
0 55 983 984
0 56 982 997
0 57 991 988
0 58 987 992
0 59 984 989
0 60 986 993
0 61 996 992
0 62 999 984
0 63 989 984
0 64 986 995
0 65 987 996
0 66 985 996
0 67 992 992
0 68 994 983
0 69 991 995
0 70 993 982
0 71 988 989
0 72 987 994
0 73 989 989
0 74 987 997
0 75 987 982
0 76 998 988
0 77 993 991
0 78 981 993
0 79 990 991
0 80 980 997
0 81 994 985
0 82 982 985
0 83 994 998
0 84 982 984
0 85 997 982
0 86 996 989
0 87 993 986
0 88 981 988
0 89 983 984
0 90 983 997
0 91 987 992
0 92 983 985
0 93 985 986
0 94 990 992
0 95 988 983
0 96 996 981
0 97 986 986
0 98 983 983
0 99 986 989
1 2 980 0
1 3 988 985
1 4 987 990
1 5 991 990
1 6 982 981
1 7 987 997
1 8 990 984
1 9 980 989
1 10 994 987
1 11 983 984
1 12 990 999
1 13 987 986
1 14 985 994
1 15 996 997
1 16 994 983
1 17 995 997
1 18 981 988
1 19 980 995
1 20 995 996
1 21 999 997
1 22 986 995
1 23 992 990
1 24 997 994
1 25 984 990
1 26 999 987
1 27 990 989
1 28 982 990
1 29 995 997
1 30 990 999
1 31 990 986
1 32 996 999
1 33 993 999
1 34 993 982
1 35 994 995
1 36 998 983
1 37 991 980
1 38 983 986
1 39 990 982
1 40 986 995
1 41 992 994
1 42 996 990
1 43 980 996
1 44 994 995
1 45 982 996
1 46 993 998
1 47 993 981
1 48 991 995
1 49 980 984
1 50 994 997
1 51 990 988
1 52 988 990
1 53 988 986
1 54 998 983
1 55 984 988
1 56 988 984
1 57 985 993
1 58 982 980
1 59 992 996
1 60 991 983
1 61 997 987
1 62 998 980
1 63 997 980
1 64 983 980
1 65 987 982
1 66 996 994
1 67 994 984
1 68 999 989
1 69 998 983
1 70 994 982
1 71 990 995
1 72 991 985
1 73 986 994
1 74 995 983
1 75 996 983
1 76 991 981
1 77 988 985
1 78 987 983
1 79 998 988
1 80 997 986
1 81 982 985
1 82 986 996
1 83 985 990
1 84 995 995
1 85 990 992
1 86 995 991
1 87 999 987
1 88 997 981
1 89 997 981
1 90 995 981
1 91 999 987
1 92 998 997
1 93 998 990
1 94 985 988
1 95 992 989
1 96 980 998
1 97 997 993
1 98 982 981
1 99 999 980
2 3 995 997
2 4 980 985
2 5 999 985
2 6 991 983
2 7 990 987
2 8 998 983
2 9 986 985
2 10 986 994
2 11 987 987
2 12 983 990
2 13 999 996
2 14 987 986
2 15 997 986
2 16 986 982
2 17 989 983
2 18 989 986
2 19 993 997
2 20 992 980
2 21 994 989
2 22 992 982
2 23 983 989
2 24 989 984
2 25 981 991
2 26 985 985
2 27 982 991
2 28 990 994
2 29 982 981
2 30 991 990
2 31 997 987
2 32 982 995
2 33 994 988
2 34 994 982
2 35 984 991
2 36 987 980
2 37 986 986
2 38 989 991
2 39 999 992
2 40 999 989
2 41 989 992
2 42 997 999
2 43 986 999
2 44 995 996
2 45 982 985
2 46 987 980
2 47 999 993
2 48 983 987
2 49 989 983
2 50 983 989
2 51 991 983
2 52 997 999
2 53 980 980
2 54 981 996
2 55 988 986
2 56 994 995
2 57 989 992
2 58 994 997
2 59 999 988
2 60 989 988
2 61 997 996
2 62 983 988
2 63 997 997
2 64 998 995
2 65 991 984
2 66 992 987
2 67 991 984
2 68 989 991
2 69 981 987
2 70 998 981
2 71 988 989
2 72 997 989
2 73 986 994
2 74 985 999
2 75 983 987
2 76 995 988
2 77 990 998
2 78 994 988
2 79 999 989
2 80 988 988
2 81 990 995
2 82 988 999
2 83 980 984
2 84 996 996
2 85 981 981
2 86 990 990
2 87 983 992
2 88 987 993
2 89 983 991
2 90 984 989
2 91 989 986
2 92 982 981
2 93 980 986
2 94 993 993
2 95 998 990
2 96 981 985
2 97 997 987
2 98 987 981
2 99 996 992
3 4 51 52
3 5 23 41
3 6 20 89
3 7 91 61
3 8 46 58
3 9 35 44
3 10 83 71
3 11 57 68
3 12 82 60
3 13 85 49
3 14 31 21
3 15 96 68
3 16 55 45
3 17 30 82
3 18 28 61
3 19 40 40
3 20 41 29
3 21 87 95
3 22 25 75
3 23 90 20
3 24 86 93
3 25 42 88
3 26 71 69
3 27 28 58
3 28 84 78
3 29 68 93
3 30 27 96
3 31 45 40
3 32 20 68
3 33 97 96
3 34 34 58
3 35 37 23
3 36 20 32
3 37 90 30
3 38 88 32
3 39 53 72
3 40 40 53
3 41 41 35
3 42 68 41
3 43 58 55
3 44 88 22
3 45 63 79
3 46 87 67
3 47 80 96
3 48 30 61
3 49 85 94
3 50 20 36
3 51 61 73
3 52 40 59
3 53 65 65
3 54 62 23
3 55 59 55
3 56 32 48
3 57 72 69
3 58 39 49
3 59 53 75
3 60 94 86
3 61 55 28
3 62 20 27
3 63 30 83
3 64 88 23
3 65 99 60
3 66 63 95
3 67 54 39
3 68 23 54
3 69 92 62
3 70 82 73
3 71 77 28
3 72 53 74
3 73 28 86
3 74 29 78
3 75 91 88
3 76 21 60
3 77 62 78
3 78 69 81
3 79 32 96
3 80 97 71
3 81 94 24
3 82 51 70
3 83 47 90
3 84 55 47
3 85 51 97
3 86 90 40
3 87 44 80
3 88 52 32
3 89 59 75
3 90 64 53
3 91 73 27
3 92 25 97
3 93 59 76
3 94 45 24
3 95 79 29
3 96 75 52
3 97 40 31
3 98 92 91
3 99 30 67
4 5 41 29
4 6 36 30
4 7 78 82
4 8 41 87
4 9 87 95
4 10 30 98
4 11 79 75
4 12 59 47
4 13 36 59
4 14 53 44
4 15 48 51
4 16 43 42
4 17 88 78
4 18 80 51
4 19 80 99
4 20 47 96
4 21 70 58
4 22 75 95
4 23 21 91
4 24 37 21
4 25 80 84
4 26 73 30
4 27 80 99
4 28 55 42
4 29 32 79
4 30 75 71
4 31 31 44
4 32 27 20
4 33 93 71
4 34 95 88
4 35 99 80
4 36 74 76
4 37 21 49
4 38 32 57
4 39 71 76
4 40 36 72
4 41 45 52
4 42 22 39
4 43 65 60
4 44 55 96
4 45 28 64
4 46 78 68
4 47 45 95
4 48 20 45
4 49 76 80
4 50 26 73
4 51 33 71
4 52 76 79
4 53 82 24
4 54 74 50
4 55 46 20
4 56 64 74
4 57 39 71
4 58 58 50
4 59 50 51
4 60 33 29
4 61 29 32
4 62 44 35
4 63 45 64
4 64 29 57
4 65 26 30
4 66 49 25
4 67 64 92
4 68 69 76
4 69 85 94
4 70 25 51
4 71 86 93
4 72 33 96
4 73 91 24
4 74 26 75
4 75 42 49
4 76 57 97
4 77 35 30
4 78 79 60
4 79 56 71
4 80 32 70
4 81 81 32
4 82 61 29
4 83 23 58
4 84 92 28
4 85 47 98
4 86 59 98
4 87 36 58
4 88 50 38
4 89 49 56
4 90 46 80
4 91 49 90
4 92 83 67
4 93 49 66
4 94 25 50
4 95 94 71
4 96 68 76
4 97 34 27
4 98 99 53
4 99 96 31
5 6 92 79
5 7 84 60
5 8 82 72
5 9 68 99
5 10 41 68
5 11 46 59
5 12 89 20
5 13 62 85
5 14 96 94
5 15 80 92
5 16 97 24
5 17 21 80
5 18 74 41
5 19 55 47
5 20 21 41
5 21 68 89
5 22 79 64
5 23 27 87
5 24 29 84
5 25 27 26
5 26 93 88
5 27 41 83
5 28 52 73
5 29 91 48
5 30 88 87
5 31 56 87
5 32 64 82
5 33 78 56
5 34 83 86
5 35 42 73
5 36 38 58
5 37 63 34
5 38 51 62
5 39 22 94
5 40 24 62
5 41 88 40
5 42 42 50
5 43 92 77
5 44 48 49
5 45 44 38
5 46 61 62
5 47 42 93
5 48 56 38
5 49 66 29
5 50 78 91
5 51 36 66
5 52 66 82
5 53 46 77
5 54 94 34
5 55 87 88
5 56 33 57
5 57 48 59
5 58 65 77
5 59 29 80
5 60 54 25
5 61 62 35
5 62 67 48
5 63 91 89
5 64 64 43
5 65 73 52
5 66 23 80
5 67 49 72
5 68 97 36
5 69 70 37
5 70 89 49
5 71 35 67
5 72 42 91
5 73 48 76
5 74 85 94
5 75 54 61
5 76 55 58
5 77 89 92
5 78 24 51
5 79 78 21
5 80 60 72
5 81 44 29
5 82 35 74
5 83 71 62
5 84 57 63
5 85 99 57
5 86 95 93
5 87 44 69
5 88 69 23
5 89 77 87
5 90 56 45
5 91 52 59
5 92 58 86
5 93 52 76
5 94 89 36
5 95 83 87
5 96 44 57
5 97 84 37
5 98 28 67
5 99 29 51
6 7 30 59
6 8 45 50
6 9 72 24
6 10 84 37
6 11 55 83
6 12 53 32
6 13 86 38
6 14 71 83
6 15 71 44
6 16 93 35
6 17 93 85
6 18 89 74
6 19 36 80
6 20 61 48
6 21 60 66
6 22 71 23
6 23 43 84
6 24 30 25
6 25 46 54
6 26 88 90
6 27 83 23
6 28 24 76
6 29 31 91
6 30 96 50
6 31 77 97
6 32 91 61
6 33 48 69
6 34 63 45
6 35 42 50
6 36 23 71
6 37 42 59
6 38 37 68
6 39 43 72
6 40 24 60
6 41 29 22
6 42 76 98
6 43 91 58
6 44 61 22
6 45 49 32
6 46 43 22
6 47 90 46
6 48 28 57
6 49 90 88
6 50 94 46
6 51 67 30
6 52 91 57
6 53 28 60
6 54 99 94
6 55 74 23
6 56 63 49
6 57 65 44
6 58 91 70
6 59 80 58
6 60 70 49
6 61 98 88
6 62 97 96
6 63 43 69
6 64 66 20
6 65 52 60
6 66 91 67
6 67 36 93
6 68 96 27
6 69 46 74
6 70 69 27
6 71 63 29
6 72 61 77
6 73 43 89
6 74 62 36
6 75 30 58
6 76 91 71
6 77 79 20
6 78 38 63
6 79 41 70
6 80 86 33
6 81 44 61
6 82 82 52
6 83 78 96
6 84 76 58
6 85 22 74
6 86 95 77
6 87 52 88
6 88 50 36
6 89 31 90
6 90 98 72
6 91 78 41
6 92 92 78
6 93 53 83
6 94 62 22
6 95 25 56
6 96 50 83
6 97 31 22
6 98 92 55
6 99 28 78
7 8 37 31
7 9 87 73
7 10 28 60
7 11 27 81
7 12 28 43
7 13 73 71
7 14 61 62
7 15 70 35
7 16 53 74
7 17 28 72
7 18 21 61
7 19 67 75
7 20 67 68
7 21 30 83
7 22 61 47
7 23 53 62
7 24 29 49
7 25 73 90
7 26 95 49
7 27 83 75
7 28 38 39
7 29 68 85
7 30 98 61
7 31 71 21
7 32 44 52
7 33 30 36
7 34 61 68
7 35 41 66
7 36 71 23
7 37 84 88
7 38 68 76
7 39 53 46
7 40 90 78
7 41 73 94
7 42 50 52
7 43 29 64
7 44 28 81
7 45 52 94
7 46 79 84
7 47 59 82
7 48 57 67
7 49 94 28
7 50 69 45
7 51 42 73
7 52 87 77
7 53 44 31
7 54 85 95
7 55 84 56
7 56 25 44
7 57 26 25
7 58 35 73
7 59 31 80
7 60 64 36
7 61 40 49
7 62 98 43
7 63 28 57
7 64 27 62
7 65 79 33
7 66 85 33
7 67 38 46
7 68 33 59
7 69 30 48
7 70 78 22
7 71 50 46
7 72 91 32
7 73 30 51
7 74 34 99
7 75 37 49
7 76 73 21
7 77 42 66
7 78 32 60
7 79 72 91
7 80 87 35
7 81 87 34
7 82 98 47
7 83 83 46
7 84 98 65
7 85 46 29
7 86 38 37
7 87 32 29
7 88 82 34
7 89 81 88
7 90 82 84
7 91 28 73
7 92 56 46
7 93 85 35
7 94 57 59
7 95 47 29
7 96 97 46
7 97 59 67
7 98 47 44
7 99 76 35
8 9 43 29
8 10 80 36
8 11 38 35
8 12 50 80
8 13 59 63
8 14 81 55
8 15 68 22
8 16 86 51
8 17 48 72
8 18 26 76
8 19 92 34
8 20 35 73
8 21 85 23
8 22 66 79
8 23 98 20
8 24 25 71
8 25 99 39
8 26 92 45
8 27 29 84
8 28 67 95
8 29 29 89
8 30 44 91
8 31 30 95
8 32 78 29
8 33 62 68
8 34 46 46
8 35 38 67
8 36 40 67
8 37 91 79
8 38 71 28
8 39 39 93
8 40 56 27
8 41 63 45
8 42 37 29
8 43 61 34
8 44 89 69
8 45 67 98
8 46 94 51
8 47 37 20
8 48 46 24
8 49 28 34
8 50 36 94
8 51 52 43
8 52 42 60
8 53 47 58
8 54 61 30
8 55 91 45
8 56 60 73
8 57 30 53
8 58 90 81
8 59 46 89
8 60 69 76
8 61 79 84
8 62 81 94
8 63 41 40
8 64 89 84
8 65 43 41
8 66 95 41
8 67 28 81
8 68 69 24
8 69 65 85
8 70 68 69
8 71 77 35
8 72 47 79
8 73 75 75
8 74 84 69
8 75 40 73
8 76 73 89
8 77 53 48
8 78 26 52
8 79 54 73
8 80 89 60
8 81 89 31
8 82 97 89
8 83 55 71
8 84 99 74
8 85 37 87
8 86 26 82
8 87 81 83
8 88 50 35
8 89 67 21
8 90 53 31
8 91 91 53
8 92 39 54
8 93 41 64
8 94 33 49
8 95 56 23
8 96 82 99
8 97 69 77
8 98 79 46
8 99 95 21
9 10 27 98
9 11 76 56
9 12 89 48
9 13 98 99
9 14 93 20
9 15 26 45
9 16 69 46
9 17 44 88
9 18 81 61
9 19 45 41
9 20 25 70
9 21 58 61
9 22 61 89
9 23 97 33
9 24 71 48
9 25 33 25
9 26 35 83
9 27 44 52
9 28 89 31
9 29 26 37
9 30 69 73
9 31 99 91
9 32 51 33
9 33 29 33
9 34 57 42
9 35 64 29
9 36 82 20
9 37 44 92
9 38 66 76
9 39 47 77
9 40 87 72
9 41 40 92
9 42 20 64
9 43 39 36
9 44 83 34
9 45 89 68
9 46 30 84
9 47 58 97
9 48 45 64
9 49 75 95
9 50 36 32
9 51 41 95
9 52 23 54
9 53 51 64
9 54 52 75
9 55 36 38
9 56 92 24
9 57 74 67
9 58 50 60
9 59 38 30
9 60 29 66
9 61 87 28
9 62 47 49
9 63 42 25
9 64 98 78
9 65 74 76
9 66 73 85
9 67 70 51
9 68 23 50
9 69 37 20
9 70 93 61
9 71 37 51
9 72 76 26
9 73 40 43
9 74 74 34
9 75 56 96
9 76 66 31
9 77 82 60
9 78 32 93
9 79 85 92
9 80 54 60
9 81 59 60
9 82 92 81
9 83 31 69
9 84 37 98
9 85 72 27
9 86 96 30
9 87 86 42
9 88 41 71
9 89 95 72
9 90 55 50
9 91 64 28
9 92 29 72
9 93 21 83
9 94 85 74
9 95 30 71
9 96 58 64
9 97 94 30
9 98 56 93
9 99 72 49
10 11 63 49
10 12 31 75
10 13 33 48
10 14 60 89
10 15 64 25
10 16 53 78
10 17 87 44
10 18 73 30
10 19 94 54
10 20 73 69
10 21 55 42
10 22 88 23
10 23 42 89
10 24 48 26
10 25 34 72
10 26 20 87
10 27 92 51
10 28 77 26
10 29 48 25
10 30 99 90
10 31 98 23
10 32 73 47
10 33 89 43
10 34 56 68
10 35 23 94
10 36 50 55
10 37 21 89
10 38 49 25
10 39 88 91
10 40 46 32
10 41 67 53
10 42 96 38
10 43 48 45
10 44 35 48
10 45 27 34
10 46 95 58
10 47 41 22
10 48 46 92
10 49 78 46
10 50 91 64
10 51 88 26
10 52 97 61
10 53 74 40
10 54 77 48
10 55 43 88
10 56 93 92
10 57 49 23
10 58 41 28
10 59 41 87
10 60 25 91
10 61 31 80
10 62 80 79
10 63 39 83
10 64 54 87
10 65 54 99
10 66 65 46
10 67 93 73
10 68 60 62
10 69 28 88
10 70 51 46
10 71 78 63
10 72 56 87
10 73 98 41
10 74 69 82
10 75 97 99
10 76 55 67
10 77 76 35
10 78 90 50
10 79 45 34
10 80 41 28
10 81 83 93
10 82 35 59
10 83 69 66
10 84 33 98
10 85 49 24
10 86 97 96
10 87 95 36
10 88 58 62
10 89 85 65
10 90 73 32
10 91 82 36
10 92 28 84
10 93 53 57
10 94 79 52
10 95 43 97
10 96 66 41
10 97 75 84
10 98 70 37
10 99 39 29
11 12 81 24
11 13 41 58
11 14 69 30
11 15 50 88
11 16 38 77
11 17 30 36
11 18 96 92
11 19 28 38
11 20 97 78
11 21 67 87
11 22 88 32
11 23 69 81
11 24 28 32
11 25 54 39
11 26 43 64
11 27 53 21
11 28 85 73
11 29 66 25
11 30 79 46
11 31 88 83
11 32 43 27
11 33 80 33
11 34 70 33
11 35 26 24
11 36 94 26
11 37 97 91
11 38 61 83
11 39 87 62
11 40 94 48
11 41 90 71
11 42 20 74
11 43 89 68
11 44 91 54
11 45 57 50
11 46 81 26
11 47 84 36
11 48 98 65
11 49 97 70
11 50 74 46
11 51 98 36
11 52 60 97
11 53 66 95
11 54 79 43
11 55 57 79
11 56 42 82
11 57 53 73
11 58 60 90
11 59 45 80
11 60 96 66
11 61 20 47
11 62 38 88
11 63 79 92
11 64 50 75
11 65 31 99
11 66 79 98
11 67 28 95
11 68 64 22
11 69 52 59
11 70 92 56
11 71 70 37
11 72 47 74
11 73 87 44
11 74 79 83
11 75 66 27
11 76 76 68
11 77 62 72
11 78 59 90
11 79 87 45
11 80 66 95
11 81 31 50
11 82 46 36
11 83 22 49
11 84 31 96
11 85 84 96
11 86 85 63
11 87 36 39
11 88 88 94
11 89 20 81
11 90 76 81
11 91 63 54
11 92 61 47
11 93 93 63
11 94 97 94
11 95 82 64
11 96 49 48
11 97 71 88
11 98 71 65
11 99 35 54
12 13 34 95
12 14 20 71
12 15 73 45
12 16 52 37
12 17 75 29
12 18 78 62
12 19 31 60
12 20 43 49
12 21 39 71
12 22 85 63
12 23 37 62
12 24 82 48
12 25 75 21
12 26 33 81
12 27 76 94
12 28 21 57
12 29 67 86
12 30 82 24
12 31 67 68
12 32 52 37
12 33 60 33
12 34 81 98
12 35 53 87
12 36 57 37
12 37 48 61
12 38 24 88
12 39 89 61
12 40 86 38
12 41 74 38
12 42 44 85
12 43 87 42
12 44 90 56
12 45 68 86
12 46 23 59
12 47 37 35
12 48 27 88
12 49 73 96
12 50 46 40
12 51 27 79
12 52 36 44
12 53 93 46
12 54 96 56
12 55 50 29
12 56 94 67
12 57 40 86
12 58 48 29
12 59 26 35
12 60 67 41
12 61 56 42
12 62 99 69
12 63 49 50
12 64 64 68
12 65 29 96
12 66 37 78
12 67 59 56
12 68 24 50
12 69 62 73
12 70 94 54
12 71 85 35
12 72 58 71
12 73 46 57
12 74 22 29
12 75 53 86
12 76 35 43
12 77 33 96
12 78 98 47
12 79 30 94
12 80 45 39
12 81 46 39
12 82 57 59
12 83 26 70
12 84 31 53
12 85 95 36
12 86 38 87
12 87 90 57
12 88 39 35
12 89 22 41
12 90 36 49
12 91 86 68
12 92 98 27
12 93 72 20
12 94 40 79
12 95 20 51
12 96 44 75
12 97 69 40
12 98 60 73
12 99 90 59
13 14 33 86
13 15 82 58
13 16 71 23
13 17 70 81
13 18 59 88
13 19 84 75
13 20 52 82
13 21 82 87
13 22 52 61
13 23 70 98
13 24 82 62
13 25 47 86
13 26 50 79
13 27 35 77
13 28 53 97
13 29 49 83
13 30 49 94
13 31 86 50
13 32 68 62
13 33 23 83
13 34 69 46
13 35 36 64
13 36 47 95
13 37 57 62
13 38 71 32
13 39 22 47
13 40 81 66
13 41 57 95
13 42 89 99
13 43 34 66
13 44 86 40
13 45 84 97
13 46 32 60
13 47 90 34
13 48 91 25
13 49 52 93
13 50 29 98
13 51 52 41
13 52 46 72
13 53 37 79
13 54 70 80
13 55 21 57
13 56 30 86
13 57 61 85
13 58 42 57
13 59 82 38
13 60 56 53
13 61 76 39
13 62 73 46
13 63 81 35
13 64 46 93
13 65 98 91
13 66 58 49
13 67 60 37
13 68 87 75
13 69 78 57
13 70 97 77
13 71 25 36
13 72 93 54
13 73 63 57
13 74 45 52
13 75 27 34
13 76 85 56
13 77 29 92
13 78 51 69
13 79 63 55
13 80 80 63
13 81 24 43
13 82 30 68
13 83 87 51
13 84 92 21
13 85 32 75
13 86 91 69
13 87 34 44
13 88 42 37
13 89 63 37
13 90 90 35
13 91 34 53
13 92 69 66
13 93 48 93
13 94 29 45
13 95 28 69
13 96 24 63
13 97 27 28
13 98 37 21
13 99 98 36
14 15 68 92
14 16 91 51
14 17 93 28
14 18 81 84
14 19 34 30
14 20 47 36
14 21 46 25
14 22 41 29
14 23 99 64
14 24 86 60
14 25 33 52
14 26 26 27
14 27 49 74
14 28 95 59
14 29 47 66
14 30 43 80
14 31 46 66
14 32 84 99
14 33 48 87
14 34 81 46
14 35 21 41
14 36 64 54
14 37 31 83
14 38 60 64
14 39 34 76
14 40 66 81
14 41 86 65
14 42 66 40
14 43 85 28
14 44 37 39
14 45 52 23
14 46 33 54
14 47 92 32
14 48 43 51
14 49 73 96
14 50 22 47
14 51 77 43
14 52 49 64
14 53 89 62
14 54 45 46
14 55 29 64
14 56 88 88
14 57 93 87
14 58 24 48
14 59 93 80
14 60 75 87
14 61 25 51
14 62 26 75
14 63 73 86
14 64 46 36
14 65 45 53
14 66 82 23
14 67 56 53
14 68 37 96
14 69 65 85
14 70 98 59
14 71 48 26
14 72 23 30
14 73 65 82
14 74 71 80
14 75 98 32
14 76 67 93
14 77 74 45
14 78 40 37
14 79 83 39
14 80 40 76
14 81 24 85
14 82 29 33
14 83 86 99
14 84 39 83
14 85 93 92
14 86 49 37
14 87 28 39
14 88 26 55
14 89 95 27
14 90 57 58
14 91 81 68
14 92 25 48
14 93 95 88
14 94 96 58
14 95 46 70
14 96 62 52
14 97 74 95
14 98 38 33
14 99 69 93
15 16 91 62
15 17 78 48
15 18 72 90
15 19 93 86
15 20 43 51
15 21 28 63
15 22 33 32
15 23 87 56
15 24 55 22
15 25 75 56
15 26 47 49
15 27 84 76
15 28 40 41
15 29 80 25
15 30 97 50
15 31 48 93
15 32 79 75
15 33 34 26
15 34 24 56
15 35 21 84
15 36 95 80
15 37 39 58
15 38 64 44
15 39 39 53
15 40 73 21
15 41 72 70
15 42 54 45
15 43 79 43
15 44 63 64
15 45 47 37
15 46 85 98
15 47 83 67
15 48 59 89
15 49 54 28
15 50 70 83
15 51 29 35
15 52 49 38
15 53 91 50
15 54 77 21
15 55 62 79
15 56 81 29
15 57 66 72
15 58 39 30
15 59 83 96
15 60 54 70
15 61 31 86
15 62 40 74
15 63 47 99
15 64 69 94
15 65 93 85
15 66 54 80
15 67 69 94
15 68 74 54
15 69 97 57
15 70 41 27
15 71 41 72
15 72 31 38
15 73 81 76
15 74 91 40
15 75 50 47
15 76 72 66
15 77 90 49
15 78 83 51
15 79 74 27
15 80 62 70
15 81 38 99
15 82 67 34
15 83 79 46
15 84 35 21
15 85 73 69
15 86 28 91
15 87 69 40
15 88 99 83
15 89 75 74
15 90 58 37
15 91 94 62
15 92 88 51
15 93 20 42
15 94 27 77
15 95 62 66
15 96 82 93
15 97 38 62
15 98 68 20
15 99 53 65
16 17 61 30
16 18 31 86
16 19 31 22
16 20 52 58
16 21 24 51
16 22 87 70
16 23 59 54
16 24 37 60
16 25 58 64
16 26 63 89
16 27 95 72
16 28 26 84
16 29 99 22
16 30 27 86
16 31 96 92
16 32 62 81
16 33 47 94
16 34 26 38
16 35 20 57
16 36 97 53
16 37 25 81
16 38 35 66
16 39 23 74
16 40 42 45
16 41 36 50
16 42 96 98
16 43 41 87
16 44 68 27
16 45 29 64
16 46 96 32
16 47 50 27
16 48 29 54
16 49 80 21
16 50 84 79
16 51 32 77
16 52 41 48
16 53 37 80
16 54 27 84
16 55 68 95
16 56 97 98
16 57 70 20
16 58 59 92
16 59 23 97
16 60 48 39
16 61 27 32
16 62 98 46
16 63 97 20
16 64 69 37
16 65 76 53
16 66 87 93
16 67 81 66
16 68 79 48
16 69 85 66
16 70 29 84
16 71 55 62
16 72 70 34
16 73 96 43
16 74 20 51
16 75 22 74
16 76 83 38
16 77 82 94
16 78 62 58
16 79 52 74
16 80 80 67
16 81 70 21
16 82 53 28
16 83 89 91
16 84 90 57
16 85 81 66
16 86 98 30
16 87 81 80
16 88 86 49
16 89 90 38
16 90 92 24
16 91 58 60
16 92 72 37
16 93 95 27
16 94 57 47
16 95 99 38
16 96 38 85
16 97 20 77
16 98 87 38
16 99 87 68
17 18 20 51
17 19 79 30
17 20 26 59
17 21 32 56
17 22 23 29
17 23 25 41
17 24 80 53
17 25 68 72
17 26 31 96
17 27 92 94
17 28 74 85
17 29 86 39
17 30 49 41
17 31 38 44
17 32 80 43
17 33 26 56
17 34 65 92
17 35 30 35
17 36 86 21
17 37 37 45
17 38 78 97
17 39 42 93
17 40 93 36
17 41 84 89
17 42 20 26
17 43 37 34
17 44 92 21
17 45 56 85
17 46 32 88
17 47 31 29
17 48 76 55
17 49 29 93
17 50 38 48
17 51 45 42
17 52 61 69
17 53 39 24
17 54 52 63
17 55 89 52
17 56 22 55
17 57 46 58
17 58 35 93
17 59 22 90
17 60 99 93
17 61 21 75
17 62 66 78
17 63 88 73
17 64 38 69
17 65 43 29
17 66 37 77
17 67 97 87
17 68 40 24
17 69 82 88
17 70 85 28
17 71 74 48
17 72 58 87
17 73 51 90
17 74 43 57
17 75 38 92
17 76 84 45
17 77 72 53
17 78 47 43
17 79 93 31
17 80 24 75
17 81 94 64
17 82 25 40
17 83 64 28
17 84 95 25
17 85 72 73
17 86 53 71
17 87 68 64
17 88 27 45
17 89 91 25
17 90 72 34
17 91 99 98
17 92 31 52
17 93 58 23
17 94 99 94
17 95 69 40
17 96 34 52
17 97 32 39
17 98 53 31
17 99 92 25
18 19 43 72
18 20 52 34
18 21 85 69
18 22 32 93
18 23 51 37
18 24 84 89
18 25 66 73
18 26 47 39
18 27 59 49
18 28 98 68
18 29 88 26
18 30 81 76
18 31 92 87
18 32 72 96
18 33 95 61
18 34 37 30
18 35 76 51
18 36 99 91
18 37 30 23
18 38 62 41
18 39 86 32
18 40 29 22
18 41 56 33
18 42 88 58
18 43 75 94
18 44 61 78
18 45 72 64
18 46 26 66
18 47 64 26
18 48 54 36
18 49 78 92
18 50 47 86
18 51 50 99
18 52 97 49
18 53 93 89
18 54 74 46
18 55 48 72
18 56 34 95
18 57 40 30
18 58 82 20
18 59 91 90
18 60 26 69
18 61 74 80
18 62 47 42
18 63 44 72
18 64 34 44
18 65 81 53
18 66 46 99
18 67 85 30
18 68 90 74
18 69 84 62
18 70 83 31
18 71 65 28
18 72 66 98
18 73 54 46
18 74 38 74
18 75 32 40
18 76 47 45
18 77 30 82
18 78 66 36
18 79 41 77
18 80 76 78
18 81 88 69
18 82 69 40
18 83 92 25
18 84 27 90
18 85 36 50
18 86 75 43
18 87 82 73
18 88 49 49
18 89 96 33
18 90 59 34
18 91 70 54
18 92 71 91
18 93 53 55
18 94 86 99
18 95 63 92
18 96 38 20
18 97 31 60
18 98 61 77
18 99 69 49
19 20 33 22
19 21 36 35
19 22 26 53
19 23 79 82
19 24 92 69
19 25 53 38
19 26 61 30
19 27 79 92
19 28 81 96
19 29 46 25
19 30 24 96
19 31 95 74
19 32 95 52
19 33 98 26
19 34 37 41
19 35 74 43
19 36 32 77
19 37 47 70
19 38 89 22
19 39 94 73
19 40 40 41
19 41 45 98
19 42 43 97
19 43 77 94
19 44 79 52
19 45 38 74
19 46 39 73
19 47 87 54
19 48 54 66
19 49 67 51
19 50 29 57
19 51 99 94
19 52 20 50
19 53 59 35
19 54 90 40
19 55 30 38
19 56 99 22
19 57 72 20
19 58 44 49
19 59 35 79
19 60 29 88
19 61 30 89
19 62 40 25
19 63 89 85
19 64 76 22
19 65 98 67
19 66 30 94
19 67 91 74
19 68 76 83
19 69 28 38
19 70 90 58
19 71 59 81
19 72 30 98
19 73 28 51
19 74 81 42
19 75 24 94
19 76 94 71
19 77 68 63
19 78 95 76
19 79 71 82
19 80 63 40
19 81 82 61
19 82 94 93
19 83 35 52
19 84 29 56
19 85 70 68
19 86 83 58
19 87 97 58
19 88 22 44
19 89 74 87
19 90 58 94
19 91 91 34
19 92 54 67
19 93 32 60
19 94 49 69
19 95 98 54
19 96 68 41
19 97 26 48
19 98 96 54
19 99 94 89
20 21 70 81
20 22 62 78
20 23 40 70
20 24 83 45
20 25 26 38
20 26 96 77
20 27 42 85
20 28 51 78
20 29 22 97
20 30 41 71
20 31 38 75
20 32 43 22
20 33 89 20
20 34 29 99
20 35 46 62
20 36 74 82
20 37 73 82
20 38 36 78
20 39 47 61
20 40 69 39
20 41 41 90
20 42 40 71
20 43 74 21
20 44 64 72
20 45 79 55
20 46 85 28
20 47 71 53
20 48 69 88
20 49 21 51
20 50 57 74
20 51 77 61
20 52 81 68
20 53 32 81
20 54 94 62
20 55 64 23
20 56 63 83
20 57 87 35
20 58 88 20
20 59 50 59
20 60 69 23
20 61 31 74
20 62 88 58
20 63 97 76
20 64 59 55
20 65 66 46
20 66 97 52
20 67 33 83
20 68 33 29
20 69 50 53
20 70 37 89
20 71 43 76
20 72 94 35
20 73 87 84
20 74 42 77
20 75 26 80
20 76 89 75
20 77 38 76
20 78 49 87
20 79 84 63
20 80 84 99
20 81 78 84
20 82 24 40
20 83 88 91
20 84 41 96
20 85 22 31
20 86 39 73
20 87 21 92
20 88 71 25
20 89 87 66
20 90 21 62
20 91 47 95
20 92 48 98
20 93 79 32
20 94 98 87
20 95 52 21
20 96 86 94
20 97 32 46
20 98 67 74
20 99 82 74
21 22 78 54
21 23 41 54
21 24 28 51
21 25 29 95
21 26 29 79
21 27 51 34
21 28 38 90
21 29 65 62
21 30 86 59
21 31 57 96
21 32 65 44
21 33 92 79
21 34 49 44
21 35 49 73
21 36 74 97
21 37 97 67
21 38 55 91
21 39 64 37
21 40 32 22
21 41 45 57
21 42 48 22
21 43 94 94
21 44 66 51
21 45 34 92
21 46 83 56
21 47 46 35
21 48 37 20
21 49 46 75
21 50 55 91
21 51 31 87
21 52 52 30
21 53 63 95
21 54 85 61
21 55 67 44
21 56 50 22
21 57 85 25
21 58 58 56
21 59 42 92
21 60 88 38
21 61 85 21
21 62 61 66
21 63 22 59
21 64 70 73
21 65 92 57
21 66 51 39
21 67 31 26
21 68 29 28
21 69 79 81
21 70 48 73
21 71 92 46
21 72 71 21
21 73 60 25
21 74 85 67
21 75 59 38
21 76 67 85
21 77 93 76
21 78 89 31
21 79 24 50
21 80 70 56
21 81 97 23
21 82 51 37
21 83 84 96
21 84 29 50
21 85 35 50
21 86 95 57
21 87 35 25
21 88 85 31
21 89 85 36
21 90 28 67
21 91 74 86
21 92 21 63
21 93 60 85
21 94 40 57
21 95 83 87
21 96 30 66
21 97 51 65
21 98 68 38
21 99 53 32
22 23 61 62
22 24 96 35
22 25 40 95
22 26 30 76
22 27 69 85
22 28 51 37
22 29 56 42
22 30 75 60
22 31 30 88
22 32 31 45
22 33 75 47
22 34 22 83
22 35 81 80
22 36 78 91
22 37 63 79
22 38 48 77
22 39 75 50
22 40 94 60
22 41 21 52
22 42 87 71
22 43 38 86
22 44 60 45
22 45 38 40
22 46 25 83
22 47 61 46
22 48 64 90
22 49 36 45
22 50 50 59
22 51 67 66
22 52 56 29
22 53 39 86
22 54 24 83
22 55 78 86
22 56 76 80
22 57 22 99
22 58 37 70
22 59 96 80
22 60 87 57
22 61 36 96
22 62 59 37
22 63 53 50
22 64 99 82
22 65 75 31
22 66 22 60
22 67 79 33
22 68 74 61
22 69 67 39
22 70 26 73
22 71 37 28
22 72 49 36
22 73 29 49
22 74 87 42
22 75 78 66
22 76 24 92
22 77 93 98
22 78 93 44
22 79 76 55
22 80 61 98
22 81 59 25
22 82 22 39
22 83 40 73
22 84 80 88
22 85 85 29
22 86 94 51
22 87 86 43
22 88 67 67
22 89 33 98
22 90 84 86
22 91 49 20
22 92 21 33
22 93 51 34
22 94 76 73
22 95 65 40
22 96 75 20
22 97 73 74
22 98 26 34
22 99 46 91
23 24 46 34
23 25 80 97
23 26 53 49
23 27 97 35
23 28 56 52
23 29 29 61
23 30 92 26
23 31 60 30
23 32 63 99
23 33 47 44
23 34 82 99
23 35 71 96
23 36 89 47
23 37 87 25
23 38 46 97
23 39 45 24
23 40 23 36
23 41 92 78
23 42 94 75
23 43 40 67
23 44 40 29
23 45 31 25
23 46 71 52
23 47 81 59
23 48 32 50
23 49 66 76
23 50 24 56
23 51 54 58
23 52 69 62
23 53 78 59
23 54 42 73
23 55 59 48
23 56 50 34
23 57 89 53
23 58 34 70
23 59 96 21
23 60 71 35
23 61 33 77
23 62 29 80
23 63 83 76
23 64 92 97
23 65 27 55
23 66 32 80
23 67 59 40
23 68 94 22
23 69 42 64
23 70 50 58
23 71 34 82
23 72 85 94
23 73 59 32
23 74 47 86
23 75 70 69
23 76 46 54
23 77 65 99
23 78 36 60
23 79 91 56
23 80 63 47
23 81 51 43
23 82 81 72
23 83 34 52
23 84 50 79
23 85 72 62
23 86 31 95
23 87 51 46
23 88 49 75
23 89 40 92
23 90 48 76
23 91 70 39
23 92 71 82
23 93 61 29
23 94 84 96
23 95 38 97
23 96 37 65
23 97 45 79
23 98 91 59
23 99 95 57
24 25 86 88
24 26 60 78
24 27 45 28
24 28 66 98
24 29 94 61
24 30 66 22
24 31 37 67
24 32 40 29
24 33 56 66
24 34 47 30
24 35 76 80
24 36 32 76
24 37 28 71
24 38 95 99
24 39 94 98
24 40 55 79
24 41 83 47
24 42 75 54
24 43 85 86
24 44 53 84
24 45 63 41
24 46 50 68
24 47 25 97
24 48 28 93
24 49 75 42
24 50 36 31
24 51 44 35
24 52 84 87
24 53 27 39
24 54 29 51
24 55 27 43
24 56 65 44
24 57 46 66
24 58 28 57
24 59 58 64
24 60 95 60
24 61 30 90
24 62 57 55
24 63 50 82
24 64 86 37
24 65 67 51
24 66 62 72
24 67 90 55
24 68 47 37
24 69 38 84
24 70 97 70
24 71 23 41
24 72 36 47
24 73 69 28
24 74 23 57
24 75 47 52
24 76 96 43
24 77 53 39
24 78 98 81
24 79 65 62
24 80 49 51
24 81 98 77
24 82 34 23
24 83 20 70
24 84 50 62
24 85 43 83
24 86 35 23
24 87 65 82
24 88 96 89
24 89 53 89
24 90 80 34
24 91 42 88
24 92 82 58
24 93 51 90
24 94 62 82
24 95 44 33
24 96 27 96
24 97 45 34
24 98 67 60
24 99 75 98
25 26 74 79
25 27 71 92
25 28 66 97
25 29 83 60
25 30 87 97
25 31 45 57
25 32 70 98
25 33 24 43
25 34 89 26
25 35 67 71
25 36 64 45
25 37 23 63
25 38 35 52
25 39 53 83
25 40 96 59
25 41 48 66
25 42 49 28
25 43 55 59
25 44 26 48
25 45 34 57
25 46 26 91
25 47 76 41
25 48 71 97
25 49 99 26
25 50 23 36
25 51 94 21
25 52 74 93
25 53 24 96
25 54 88 29
25 55 51 30
25 56 44 59
25 57 42 98
25 58 91 82
25 59 53 66
25 60 42 79
25 61 80 77
25 62 38 40
25 63 56 36
25 64 20 70
25 65 49 83
25 66 76 42
25 67 39 45
25 68 40 62
25 69 22 35
25 70 22 49
25 71 36 98
25 72 52 46
25 73 98 49
25 74 29 90
25 75 23 52
25 76 36 86
25 77 68 55
25 78 84 76
25 79 29 78
25 80 48 42
25 81 64 72
25 82 50 86
25 83 92 87
25 84 27 35
25 85 95 68
25 86 33 68
25 87 81 40
25 88 41 83
25 89 47 82
25 90 78 50
25 91 84 63
25 92 71 23
25 93 37 29
25 94 99 66
25 95 33 91
25 96 84 36
25 97 70 87
25 98 95 87
25 99 89 53
26 27 62 36
26 28 65 43
26 29 74 42
26 30 65 61
26 31 76 29
26 32 71 35
26 33 84 86
26 34 28 51
26 35 69 89
26 36 84 39
26 37 80 21
26 38 66 49
26 39 95 41
26 40 80 84
26 41 68 40
26 42 46 62
26 43 69 52
26 44 40 22
26 45 95 30
26 46 24 90
26 47 23 40
26 48 25 64
26 49 82 39
26 50 38 29
26 51 94 92
26 52 67 50
26 53 34 77
26 54 73 96
26 55 57 38
26 56 69 49
26 57 97 67
26 58 41 37
26 59 89 31
26 60 78 95
26 61 32 36
26 62 55 81
26 63 72 61
26 64 75 25
26 65 67 45
26 66 23 53
26 67 53 65
26 68 37 31
26 69 24 75
26 70 40 58
26 71 71 87
26 72 29 83
26 73 91 87
26 74 36 68
26 75 77 49
26 76 36 48
26 77 77 49
26 78 78 68
26 79 32 97
26 80 42 35
26 81 80 89
26 82 63 74
26 83 46 39
26 84 94 27
26 85 61 29
26 86 20 28
26 87 22 20
26 88 55 26
26 89 86 57
26 90 77 75
26 91 62 67
26 92 77 87
26 93 59 70
26 94 74 27
26 95 58 83
26 96 71 64
26 97 76 31
26 98 32 20
26 99 63 64
27 28 60 75
27 29 69 31
27 30 20 20
27 31 46 40
27 32 97 46
27 33 68 39
27 34 87 57
27 35 46 60
27 36 23 88
27 37 31 44
27 38 25 44
27 39 83 85
27 40 63 28
27 41 43 57
27 42 50 92
27 43 34 31
27 44 24 47
27 45 84 69
27 46 23 81
27 47 52 40
27 48 28 25
27 49 94 63
27 50 50 41
27 51 71 94
27 52 78 55
27 53 93 39
27 54 84 71
27 55 75 63
27 56 20 49
27 57 83 76
27 58 40 36
27 59 30 81
27 60 28 45
27 61 27 71
27 62 70 51
27 63 49 84
27 64 39 20
27 65 88 84
27 66 58 97
27 67 52 26
27 68 40 46
27 69 72 58
27 70 28 67
27 71 50 77
27 72 75 80
27 73 54 50
27 74 26 62
27 75 95 56
27 76 94 98
27 77 36 43
27 78 57 86
27 79 75 80
27 80 29 75
27 81 80 65
27 82 94 34
27 83 67 64
27 84 68 41
27 85 69 56
27 86 94 85
27 87 29 99
27 88 99 99
27 89 58 63
27 90 65 48
27 91 25 40
27 92 89 47
27 93 65 57
27 94 78 30
27 95 31 21
27 96 69 68
27 97 44 63
27 98 46 23
27 99 53 22
28 29 91 33
28 30 72 24
28 31 81 21
28 32 34 46
28 33 50 99
28 34 68 44
28 35 21 21
28 36 49 87
28 37 41 61
28 38 91 84
28 39 37 74
28 40 49 85
28 41 43 84
28 42 57 83
28 43 92 67
28 44 77 22
28 45 36 37
28 46 21 23
28 47 35 27
28 48 43 41
28 49 22 31
28 50 95 35
28 51 59 59
28 52 93 93
28 53 46 80
28 54 54 60
28 55 72 28
28 56 46 81
28 57 58 58
28 58 97 62
28 59 71 40
28 60 95 87
28 61 38 65
28 62 52 61
28 63 37 25
28 64 31 77
28 65 31 21
28 66 33 68
28 67 40 36
28 68 86 59
28 69 84 39
28 70 61 48
28 71 42 28
28 72 72 76
28 73 80 21
28 74 68 32
28 75 82 96
28 76 76 38
28 77 79 50
28 78 47 64
28 79 85 78
28 80 38 82
28 81 22 51
28 82 50 72
28 83 58 60
28 84 51 89
28 85 32 70
28 86 74 29
28 87 78 55
28 88 52 22
28 89 69 80
28 90 47 51
28 91 65 58
28 92 97 97
28 93 47 34
28 94 72 42
28 95 69 26
28 96 72 73
28 97 63 87
28 98 58 58
28 99 44 48
29 30 37 20
29 31 52 40
29 32 89 87
29 33 69 91
29 34 90 32
29 35 77 92
29 36 21 98
29 37 30 35
29 38 65 86
29 39 20 40
29 40 39 72
29 41 39 85
29 42 23 99
29 43 23 37
29 44 80 70
29 45 51 32
29 46 63 40
29 47 33 64
29 48 84 34
29 49 57 61
29 50 37 69
29 51 62 31
29 52 71 58
29 53 62 76
29 54 78 70
29 55 85 91
29 56 53 92
29 57 74 44
29 58 49 25
29 59 77 85
29 60 75 75
29 61 62 58
29 62 96 45
29 63 66 62
29 64 69 95
29 65 65 22
29 66 89 93
29 67 36 85
29 68 84 97
29 69 49 61
29 70 29 66
29 71 93 20
29 72 91 67
29 73 93 66
29 74 20 45
29 75 26 64
29 76 96 33
29 77 40 46
29 78 33 43
29 79 65 21
29 80 50 23
29 81 76 41
29 82 97 81
29 83 59 29
29 84 32 77
29 85 55 33
29 86 88 26
29 87 85 95
29 88 20 62
29 89 29 79
29 90 96 38
29 91 92 95
29 92 80 96
29 93 81 84
29 94 65 97
29 95 80 71
29 96 39 68
29 97 36 97
29 98 54 40
29 99 57 84
30 31 59 23
30 32 66 61
30 33 78 54
30 34 94 96
30 35 88 58
30 36 40 43
30 37 79 85
30 38 50 55
30 39 91 78
30 40 63 50
30 41 38 90
30 42 95 71
30 43 87 71
30 44 48 97
30 45 74 99
30 46 30 70
30 47 85 63
30 48 34 46
30 49 26 85
30 50 73 60
30 51 69 42
30 52 21 84
30 53 79 78
30 54 41 51
30 55 97 88
30 56 46 63
30 57 21 33
30 58 67 22
30 59 59 63
30 60 94 35
30 61 71 48
30 62 99 66
30 63 94 73
30 64 62 55
30 65 94 84
30 66 85 83
30 67 53 99
30 68 74 73
30 69 86 82
30 70 38 74
30 71 34 39
30 72 81 35
30 73 69 30
30 74 36 33
30 75 76 99
30 76 29 80
30 77 88 65
30 78 67 90
30 79 33 44
30 80 97 21
30 81 28 22
30 82 30 23
30 83 79 27
30 84 20 56
30 85 71 53
30 86 43 77
30 87 57 73
30 88 34 64
30 89 86 80
30 90 28 65
30 91 99 61
30 92 34 74
30 93 24 38
30 94 55 65
30 95 81 40
30 96 96 44
30 97 39 78
30 98 68 38
30 99 78 47
31 32 26 24
31 33 50 90
31 34 96 23
31 35 88 98
31 36 53 31
31 37 47 68
31 38 22 54
31 39 22 99
31 40 54 28
31 41 33 78
31 42 57 57
31 43 81 29
31 44 88 35
31 45 85 49
31 46 77 46
31 47 42 37
31 48 81 46
31 49 94 72
31 50 60 30
31 51 37 65
31 52 86 66
31 53 44 87
31 54 76 75
31 55 51 81
31 56 51 40
31 57 82 79
31 58 34 78
31 59 50 29
31 60 98 81
31 61 74 69
31 62 60 25
31 63 88 45
31 64 90 26
31 65 30 61
31 66 65 76
31 67 51 96
31 68 86 30
31 69 92 74
31 70 31 94
31 71 99 57
31 72 29 67
31 73 52 78
31 74 94 30
31 75 26 73
31 76 45 28
31 77 35 44
31 78 89 71
31 79 43 70
31 80 49 50
31 81 77 88
31 82 97 44
31 83 42 23
31 84 89 30
31 85 98 79
31 86 58 88
31 87 29 52
31 88 92 84
31 89 56 89
31 90 24 20
31 91 67 31
31 92 46 80
31 93 69 74
31 94 89 98
31 95 97 87
31 96 68 96
31 97 62 50
31 98 23 94
31 99 39 96
32 33 95 29
32 34 63 97
32 35 71 71
32 36 90 46
32 37 70 74
32 38 48 60
32 39 21 32
32 40 82 39
32 41 37 23
32 42 49 26
32 43 93 52
32 44 35 23
32 45 95 84
32 46 61 75
32 47 54 59
32 48 48 70
32 49 64 85
32 50 79 59
32 51 52 82
32 52 31 39
32 53 95 25
32 54 51 39
32 55 88 71
32 56 55 92
32 57 26 49
32 58 61 26
32 59 27 91
32 60 49 92
32 61 21 97
32 62 95 43
32 63 31 24
32 64 71 70
32 65 91 63
32 66 26 69
32 67 31 81
32 68 32 33
32 69 56 66
32 70 50 63
32 71 35 85
32 72 34 35
32 73 22 68
32 74 54 42
32 75 98 31
32 76 69 20
32 77 41 59
32 78 55 50
32 79 34 58
32 80 31 42
32 81 44 29
32 82 29 80
32 83 97 88
32 84 54 96
32 85 46 66
32 86 60 90
32 87 78 38
32 88 51 34
32 89 82 54
32 90 62 86
32 91 70 77
32 92 28 88
32 93 43 97
32 94 62 56
32 95 80 53
32 96 38 44
32 97 50 79
32 98 95 34
32 99 55 63
33 34 44 74
33 35 77 71
33 36 21 30
33 37 82 73
33 38 41 46
33 39 83 81
33 40 75 54
33 41 72 29
33 42 33 73
33 43 46 78
33 44 57 50
33 45 45 96
33 46 24 63
33 47 70 46
33 48 49 80
33 49 33 93
33 50 52 41
33 51 47 97
33 52 30 96
33 53 57 98
33 54 55 77
33 55 41 52
33 56 33 89
33 57 64 21
33 58 75 42
33 59 28 97
33 60 25 51
33 61 58 80
33 62 75 79
33 63 30 67
33 64 71 89
33 65 49 31
33 66 43 20
33 67 48 80
33 68 36 68
33 69 32 92
33 70 97 32
33 71 82 93
33 72 29 46
33 73 96 64
33 74 72 84
33 75 53 26
33 76 83 54
33 77 86 99
33 78 52 65
33 79 78 21
33 80 74 30
33 81 26 25
33 82 48 89
33 83 43 51
33 84 46 37
33 85 94 42
33 86 20 24
33 87 26 59
33 88 38 47
33 89 95 71
33 90 36 36
33 91 34 36
33 92 62 30
33 93 75 48
33 94 62 57
33 95 98 97
33 96 32 89
33 97 97 95
33 98 59 49
33 99 84 71
34 35 40 24
34 36 26 23
34 37 46 45
34 38 60 20
34 39 68 41
34 40 80 85
34 41 35 60
34 42 25 61
34 43 37 35
34 44 61 67
34 45 33 22
34 46 68 99
34 47 70 81
34 48 28 96
34 49 34 34
34 50 88 91
34 51 26 82
34 52 79 61
34 53 60 92
34 54 56 43
34 55 74 96
34 56 86 31
34 57 46 88
34 58 29 80
34 59 88 73
34 60 27 29
34 61 44 92
34 62 54 56
34 63 90 56
34 64 45 45
34 65 47 62
34 66 78 51
34 67 47 27
34 68 79 34
34 69 95 73
34 70 33 90
34 71 25 71
34 72 73 44
34 73 20 28
34 74 65 47
34 75 84 76
34 76 64 29
34 77 51 72
34 78 48 27
34 79 55 54
34 80 79 58
34 81 86 23
34 82 47 52
34 83 56 38
34 84 25 61
34 85 49 33
34 86 85 60
34 87 36 24
34 88 32 67
34 89 43 25
34 90 25 70
34 91 68 59
34 92 62 80
34 93 44 63
34 94 55 69
34 95 46 60
34 96 52 77
34 97 44 48
34 98 75 33
34 99 71 52
35 36 69 21
35 37 85 68
35 38 26 81
35 39 49 74
35 40 30 89
35 41 63 59
35 42 99 63
35 43 57 22
35 44 95 48
35 45 64 99
35 46 67 72
35 47 60 45
35 48 87 50
35 49 42 38
35 50 45 54
35 51 55 33
35 52 93 71
35 53 70 66
35 54 55 55
35 55 69 41
35 56 65 26
35 57 46 62
35 58 41 70
35 59 21 30
35 60 40 67
35 61 78 22
35 62 61 70
35 63 85 93
35 64 29 56
35 65 74 51
35 66 90 66
35 67 36 43
35 68 94 60
35 69 42 56
35 70 79 34
35 71 90 70
35 72 88 60
35 73 86 82
35 74 23 98
35 75 85 41
35 76 98 76
35 77 49 90
35 78 91 20
35 79 68 80
35 80 38 71
35 81 55 70
35 82 68 74
35 83 34 60
35 84 62 56
35 85 58 96
35 86 65 52
35 87 65 32
35 88 62 24
35 89 63 94
35 90 55 89
35 91 53 43
35 92 63 47
35 93 30 59
35 94 94 31
35 95 35 20
35 96 63 70
35 97 84 30
35 98 41 23
35 99 78 93
36 37 25 91
36 38 46 26
36 39 46 95
36 40 40 91
36 41 57 46
36 42 67 26
36 43 72 82
36 44 27 50
36 45 64 65
36 46 27 80
36 47 87 59
36 48 22 46
36 49 74 59
36 50 62 66
36 51 78 33
36 52 93 58
36 53 66 83
36 54 24 57
36 55 69 73
36 56 65 66
36 57 42 76
36 58 39 34
36 59 31 71
36 60 49 92
36 61 98 60
36 62 44 96
36 63 30 81
36 64 92 59
36 65 29 91
36 66 30 32
36 67 77 47
36 68 22 58
36 69 61 46
36 70 27 82
36 71 55 38
36 72 27 50
36 73 79 62
36 74 30 30
36 75 51 30
36 76 41 98
36 77 21 99
36 78 40 27
36 79 39 62
36 80 45 40
36 81 63 73
36 82 59 98
36 83 44 70
36 84 70 47
36 85 76 45
36 86 21 28
36 87 98 88
36 88 56 23
36 89 75 27
36 90 37 78
36 91 62 74
36 92 81 81
36 93 56 87
36 94 40 80
36 95 27 93
36 96 72 45
36 97 43 93
36 98 35 89
36 99 87 30
37 38 76 33
37 39 28 60
37 40 93 41
37 41 53 43
37 42 36 26
37 43 50 77
37 44 71 69
37 45 21 79
37 46 68 23
37 47 83 54
37 48 35 94
37 49 52 87
37 50 65 26
37 51 42 33
37 52 98 51
37 53 80 90
37 54 30 61
37 55 29 89
37 56 78 85
37 57 21 99
37 58 44 61
37 59 71 53
37 60 51 22
37 61 24 26
37 62 92 85
37 63 30 25
37 64 48 20
37 65 42 21
37 66 61 52
37 67 96 28
37 68 70 55
37 69 22 66
37 70 36 51
37 71 95 78
37 72 75 59
37 73 99 46
37 74 95 53
37 75 70 37
37 76 62 84
37 77 62 36
37 78 27 39
37 79 50 49
37 80 47 71
37 81 90 80
37 82 61 95
37 83 35 81
37 84 51 75
37 85 21 33
37 86 90 43
37 87 35 61
37 88 38 74
37 89 44 82
37 90 45 24
37 91 21 98
37 92 73 46
37 93 41 78
37 94 88 76
37 95 74 40
37 96 98 65
37 97 74 66
37 98 28 25
37 99 96 80
38 39 89 27
38 40 40 91
38 41 89 22
38 42 51 43
38 43 94 32
38 44 62 96
38 45 39 65
38 46 54 30
38 47 49 70
38 48 60 44
38 49 21 20
38 50 29 55
38 51 53 66
38 52 39 50
38 53 34 77
38 54 69 84
38 55 20 24
38 56 69 40
38 57 78 83
38 58 99 94
38 59 55 90
38 60 24 71
38 61 27 40
38 62 96 66
38 63 49 22
38 64 45 33
38 65 54 49
38 66 21 45
38 67 27 50
38 68 75 89
38 69 59 65
38 70 80 32
38 71 84 65
38 72 67 41
38 73 63 97
38 74 41 86
38 75 69 62
38 76 27 44
38 77 68 47
38 78 90 75
38 79 95 33
38 80 30 51
38 81 62 99
38 82 67 70
38 83 84 69
38 84 57 28
38 85 61 59
38 86 27 62
38 87 75 31
38 88 66 88
38 89 31 88
38 90 21 46
38 91 20 61
38 92 26 58
38 93 74 71
38 94 24 36
38 95 95 24
38 96 20 59
38 97 55 38
38 98 84 22
38 99 56 21
39 40 53 50
39 41 76 90
39 42 54 56
39 43 48 72
39 44 37 69
39 45 83 89
39 46 48 67
39 47 93 52
39 48 23 64
39 49 86 50
39 50 75 43
39 51 99 59
39 52 32 33
39 53 65 68
39 54 30 46
39 55 62 55
39 56 24 88
39 57 39 82
39 58 22 47
39 59 98 80
39 60 71 49
39 61 90 75
39 62 41 85
39 63 75 53
39 64 35 60
39 65 78 24
39 66 72 60
39 67 63 55
39 68 26 90
39 69 56 41
39 70 71 89
39 71 95 86
39 72 75 45
39 73 72 77
39 74 45 70
39 75 58 64
39 76 90 27
39 77 37 66
39 78 26 90
39 79 32 24
39 80 35 67
39 81 44 82
39 82 84 73
39 83 67 78
39 84 65 38
39 85 24 44
39 86 38 92
39 87 46 58
39 88 62 96
39 89 29 73
39 90 96 73
39 91 47 75
39 92 62 88
39 93 64 65
39 94 55 24
39 95 70 56
39 96 97 82
39 97 21 69
39 98 73 45
39 99 76 20
40 41 21 27
40 42 52 22
40 43 64 22
40 44 56 35
40 45 57 76
40 46 54 78
40 47 50 59
40 48 30 91
40 49 58 60
40 50 42 22
40 51 93 82
40 52 22 72
40 53 83 98
40 54 36 34
40 55 26 96
40 56 85 88
40 57 62 63
40 58 75 91
40 59 39 53
40 60 54 44
40 61 61 67
40 62 54 84
40 63 97 91
40 64 77 20
40 65 85 92
40 66 43 93
40 67 70 98
40 68 84 70
40 69 85 81
40 70 47 83
40 71 66 23
40 72 89 85
40 73 48 53
40 74 70 93
40 75 97 50
40 76 27 62
40 77 89 73
40 78 52 65
40 79 26 78
40 80 61 24
40 81 65 92
40 82 77 28
40 83 29 36
40 84 86 86
40 85 89 40
40 86 61 99
40 87 31 32
40 88 44 46
40 89 82 22
40 90 75 51
40 91 41 27
40 92 80 35
40 93 44 71
40 94 49 84
40 95 25 44
40 96 23 28
40 97 36 30
40 98 41 99
40 99 59 59
41 42 33 69
41 43 77 77
41 44 99 43
41 45 22 94
41 46 84 93
41 47 43 57
41 48 51 74
41 49 23 85
41 50 53 67
41 51 20 32
41 52 84 63
41 53 97 33
41 54 66 78
41 55 33 41
41 56 76 46
41 57 54 50
41 58 42 83
41 59 69 60
41 60 22 64
41 61 84 66
41 62 29 69
41 63 90 91
41 64 58 65
41 65 59 50
41 66 23 44
41 67 60 93
41 68 47 31
41 69 96 83
41 70 72 30
41 71 47 83
41 72 59 74
41 73 51 65
41 74 23 84
41 75 47 28
41 76 92 57
41 77 53 83
41 78 75 37
41 79 83 24
41 80 41 76
41 81 30 68
41 82 23 56
41 83 24 40
41 84 48 86
41 85 85 37
41 86 74 44
41 87 59 57
41 88 56 32
41 89 94 58
41 90 22 72
41 91 63 62
41 92 81 90
41 93 64 38
41 94 41 99
41 95 50 26
41 96 66 32
41 97 23 67
41 98 79 70
41 99 89 31
42 43 79 67
42 44 32 97
42 45 95 76
42 46 99 53
42 47 62 99
42 48 95 79
42 49 98 66
42 50 76 41
42 51 23 21
42 52 31 25
42 53 95 51
42 54 45 66
42 55 58 72
42 56 33 80
42 57 37 40
42 58 75 65
42 59 27 48
42 60 80 95
42 61 59 90
42 62 40 62
42 63 24 64
42 64 39 33
42 65 31 93
42 66 70 87
42 67 83 55
42 68 24 43
42 69 94 60
42 70 61 83
42 71 90 64
42 72 81 39
42 73 62 24
42 74 73 78
42 75 98 39
42 76 75 74
42 77 25 78
42 78 64 28
42 79 62 47
42 80 82 77
42 81 40 95
42 82 62 20
42 83 61 21
42 84 75 81
42 85 70 33
42 86 31 88
42 87 44 89
42 88 52 53
42 89 26 73
42 90 55 56
42 91 51 64
42 92 86 91
42 93 22 92
42 94 23 35
42 95 84 78
42 96 43 89
42 97 85 71
42 98 50 86
42 99 23 51
43 44 50 63
43 45 78 82
43 46 37 27
43 47 45 76
43 48 35 39
43 49 36 26
43 50 57 45
43 51 87 83
43 52 98 46
43 53 41 81
43 54 63 41
43 55 46 97
43 56 75 69
43 57 65 23
43 58 66 65
43 59 73 93
43 60 73 82
43 61 62 78
43 62 61 39
43 63 93 55
43 64 31 68
43 65 90 28
43 66 92 91
43 67 91 79
43 68 61 25
43 69 65 72
43 70 46 35
43 71 27 24
43 72 55 76
43 73 21 80
43 74 95 59
43 75 49 57
43 76 38 28
43 77 67 27
43 78 77 20
43 79 27 83
43 80 81 42
43 81 65 23
43 82 79 73
43 83 61 37
43 84 35 94
43 85 49 76
43 86 48 42
43 87 82 82
43 88 24 68
43 89 31 76
43 90 99 76
43 91 95 48
43 92 87 75
43 93 44 70
43 94 68 36
43 95 54 32
43 96 76 68
43 97 57 56
43 98 70 41
43 99 61 86
44 45 36 55
44 46 89 59
44 47 43 39
44 48 42 66
44 49 59 98
44 50 91 79
44 51 42 33
44 52 60 84
44 53 81 24
44 54 48 84
44 55 49 27
44 56 20 64
44 57 93 61
44 58 51 51
44 59 76 92
44 60 46 99
44 61 82 54
44 62 39 30
44 63 52 22
44 64 99 20
44 65 34 73
44 66 81 75
44 67 50 28
44 68 95 22
44 69 46 69
44 70 23 64
44 71 47 21
44 72 46 25
44 73 93 94
44 74 68 63
44 75 85 52
44 76 53 27
44 77 38 46
44 78 88 70
44 79 62 91
44 80 94 74
44 81 99 32
44 82 83 37
44 83 96 71
44 84 21 55
44 85 89 33
44 86 79 27
44 87 93 30
44 88 84 84
44 89 44 82
44 90 91 54
44 91 67 79
44 92 51 83
44 93 58 99
44 94 32 29
44 95 98 28
44 96 88 65
44 97 47 40
44 98 38 53
44 99 46 86
45 46 33 28
45 47 83 51
45 48 57 64
45 49 45 36
45 50 49 92
45 51 99 63
45 52 29 61
45 53 22 61
45 54 81 67
45 55 66 99
45 56 82 20
45 57 60 40
45 58 39 35
45 59 49 71
45 60 97 89
45 61 93 77
45 62 82 80
45 63 28 93
45 64 33 73
45 65 60 57
45 66 80 25
45 67 87 78
45 68 85 85
45 69 28 21
45 70 90 34
45 71 50 57
45 72 49 30
45 73 62 90
45 74 32 72
45 75 39 37
45 76 44 35
45 77 91 52
45 78 63 64
45 79 78 26
45 80 68 61
45 81 74 70
45 82 72 21
45 83 72 48
45 84 78 77
45 85 53 62
45 86 33 59
45 87 44 66
45 88 54 94
45 89 46 23
45 90 62 41
45 91 95 48
45 92 40 90
45 93 34 42
45 94 29 69
45 95 47 38
45 96 32 51
45 97 21 22
45 98 83 89
45 99 60 57
46 47 63 93
46 48 74 92
46 49 85 49
46 50 27 37
46 51 99 39
46 52 56 69
46 53 30 90
46 54 34 36
46 55 67 88
46 56 79 64
46 57 21 53
46 58 84 23
46 59 80 55
46 60 45 61
46 61 48 48
46 62 64 68
46 63 21 62
46 64 92 23
46 65 81 57
46 66 70 31
46 67 30 77
46 68 93 21
46 69 60 59
46 70 75 70
46 71 66 39
46 72 91 91
46 73 31 35
46 74 45 94
46 75 68 53
46 76 88 73
46 77 87 28
46 78 77 85
46 79 94 48
46 80 74 57
46 81 26 24
46 82 79 69
46 83 92 27
46 84 23 37
46 85 24 47
46 86 30 58
46 87 60 86
46 88 72 48
46 89 34 25
46 90 65 34
46 91 58 88
46 92 96 72
46 93 30 45
46 94 88 88
46 95 94 35
46 96 76 38
46 97 64 28
46 98 27 81
46 99 25 42
47 48 64 73
47 49 34 77
47 50 68 93
47 51 33 35
47 52 27 58
47 53 95 85
47 54 40 37
47 55 70 65
47 56 89 83
47 57 47 27
47 58 61 70
47 59 36 23
47 60 93 25
47 61 57 42
47 62 42 29
47 63 79 95
47 64 78 78
47 65 44 79
47 66 73 27
47 67 23 32
47 68 34 35
47 69 58 54
47 70 48 22
47 71 96 60
47 72 72 96
47 73 60 23
47 74 53 58
47 75 36 77
47 76 29 54
47 77 75 66
47 78 79 78
47 79 57 97
47 80 33 49
47 81 42 52
47 82 73 34
47 83 69 42
47 84 60 56
47 85 91 21
47 86 57 81
47 87 88 47
47 88 37 70
47 89 71 54
47 90 61 69
47 91 61 66
47 92 60 91
47 93 57 31
47 94 99 91
47 95 88 68
47 96 68 64
47 97 58 68
47 98 81 99
47 99 51 98
48 49 98 56
48 50 62 93
48 51 55 58
48 52 59 67
48 53 28 37
48 54 83 74
48 55 40 96
48 56 57 26
48 57 68 98
48 58 61 39
48 59 39 84
48 60 21 22
48 61 51 78
48 62 57 47
48 63 58 53
48 64 62 31
48 65 21 24
48 66 84 60
48 67 93 46
48 68 26 53
48 69 22 90
48 70 45 74
48 71 35 73
48 72 29 32
48 73 87 30
48 74 51 39
48 75 84 60
48 76 85 37
48 77 26 41
48 78 38 76
48 79 96 64
48 80 99 37
48 81 72 34
48 82 78 96
48 83 93 86
48 84 27 53
48 85 92 94
48 86 25 65
48 87 27 91
48 88 87 76
48 89 83 32
48 90 91 85
48 91 52 49
48 92 81 25
48 93 80 63
48 94 69 24
48 95 34 82
48 96 30 35
48 97 32 86
48 98 69 26
48 99 90 21
49 50 91 96
49 51 31 62
49 52 26 51
49 53 63 89
49 54 22 78
49 55 28 23
49 56 20 48
49 57 39 23
49 58 22 63
49 59 66 53
49 60 88 59
49 61 35 37
49 62 67 59
49 63 78 28
49 64 97 95
49 65 49 77
49 66 68 94
49 67 73 43
49 68 93 30
49 69 67 30
49 70 78 26
49 71 24 42
49 72 96 41
49 73 68 46
49 74 24 79
49 75 21 80
49 76 68 64
49 77 72 32
49 78 48 87
49 79 96 38
49 80 91 93
49 81 96 47
49 82 49 59
49 83 56 40
49 84 29 76
49 85 77 54
49 86 80 62
49 87 98 53
49 88 86 54
49 89 76 34
49 90 79 25
49 91 72 92
49 92 56 76
49 93 84 22
49 94 42 56
49 95 32 29
49 96 44 67
49 97 97 49
49 98 99 61
49 99 64 22
50 51 62 48
50 52 39 56
50 53 32 63
50 54 24 42
50 55 78 57
50 56 40 93
50 57 40 27
50 58 45 59
50 59 21 87
50 60 41 60
50 61 62 25
50 62 96 68
50 63 48 39
50 64 61 77
50 65 88 76
50 66 98 93
50 67 50 29
50 68 73 80
50 69 37 94
50 70 38 82
50 71 55 84
50 72 23 69
50 73 57 59
50 74 80 47
50 75 89 89
50 76 33 66
50 77 20 91
50 78 58 77
50 79 65 49
50 80 93 51
50 81 47 44
50 82 53 41
50 83 63 41
50 84 59 37
50 85 83 70
50 86 25 58
50 87 94 32
50 88 92 35
50 89 72 92
50 90 80 26
50 91 89 53
50 92 94 82
50 93 53 59
50 94 65 62
50 95 49 53
50 96 33 74
50 97 38 47
50 98 20 59
50 99 31 83
51 52 29 98
51 53 77 71
51 54 84 77
51 55 57 22
51 56 46 81
51 57 70 57
51 58 29 49
51 59 83 37
51 60 58 59
51 61 70 45
51 62 49 35
51 63 58 43
51 64 39 82
51 65 67 63
51 66 82 83
51 67 58 56
51 68 83 36
51 69 60 33
51 70 62 78
51 71 35 33
51 72 25 50
51 73 65 23
51 74 88 65
51 75 23 40
51 76 63 61
51 77 91 34
51 78 79 66
51 79 99 58
51 80 77 55
51 81 79 47
51 82 79 62
51 83 46 54
51 84 72 65
51 85 51 25
51 86 57 71
51 87 35 61
51 88 57 91
51 89 20 48
51 90 33 68
51 91 47 63
51 92 30 27
51 93 93 38
51 94 31 75
51 95 69 83
51 96 64 34
51 97 28 87
51 98 68 28
51 99 96 97
52 53 70 61
52 54 22 64
52 55 33 56
52 56 37 63
52 57 52 58
52 58 48 42
52 59 69 22
52 60 92 46
52 61 20 43
52 62 73 98
52 63 47 47
52 64 23 95
52 65 75 91
52 66 46 58
52 67 45 81
52 68 39 62
52 69 94 62
52 70 61 44
52 71 21 75
52 72 91 48
52 73 83 38
52 74 82 81
52 75 26 43
52 76 38 58
52 77 93 24
52 78 41 65
52 79 46 46
52 80 67 73
52 81 90 25
52 82 24 90
52 83 99 54
52 84 51 67
52 85 48 95
52 86 27 32
52 87 69 34
52 88 85 64
52 89 82 53
52 90 55 48
52 91 30 97
52 92 30 28
52 93 94 83
52 94 98 53
52 95 51 81
52 96 44 69
52 97 73 65
52 98 57 54
52 99 48 41
53 54 91 31
53 55 32 52
53 56 67 81
53 57 28 40
53 58 49 20
53 59 92 58
53 60 81 69
53 61 56 56
53 62 99 75
53 63 54 27
53 64 49 42
53 65 76 30
53 66 25 91
53 67 52 99
53 68 29 23
53 69 62 67
53 70 76 76
53 71 85 42
53 72 91 72
53 73 98 38
53 74 21 60
53 75 66 76
53 76 58 32
53 77 52 55
53 78 88 98
53 79 71 55
53 80 76 68
53 81 56 45
53 82 33 43
53 83 60 27
53 84 39 74
53 85 33 23
53 86 61 51
53 87 33 41
53 88 51 92
53 89 96 91
53 90 78 84
53 91 68 86
53 92 98 42
53 93 78 32
53 94 29 59
53 95 67 85
53 96 31 64
53 97 32 90
53 98 32 20
53 99 45 74
54 55 84 41
54 56 87 91
54 57 21 61
54 58 29 57
54 59 67 59
54 60 23 74
54 61 83 20
54 62 92 99
54 63 91 90
54 64 42 83
54 65 51 69
54 66 93 67
54 67 65 37
54 68 57 50
54 69 68 87
54 70 37 50
54 71 67 74
54 72 54 98
54 73 97 65
54 74 90 48
54 75 64 42
54 76 56 87
54 77 61 61
54 78 66 33
54 79 94 79
54 80 84 46
54 81 32 34
54 82 59 80
54 83 99 36
54 84 46 37
54 85 70 86
54 86 51 33
54 87 96 45
54 88 78 96
54 89 80 34
54 90 68 31
54 91 99 29
54 92 56 73
54 93 41 69
54 94 77 47
54 95 92 64
54 96 98 29
54 97 79 50
54 98 59 47
54 99 42 49
55 56 35 25
55 57 34 90
55 58 45 43
55 59 29 57
55 60 96 90
55 61 75 27
55 62 97 55
55 63 33 98
55 64 41 78
55 65 58 55
55 66 76 60
55 67 96 45
55 68 54 69
55 69 25 40
55 70 79 43
55 71 45 50
55 72 48 83
55 73 60 92
55 74 63 44
55 75 42 53
55 76 93 25
55 77 43 55
55 78 91 69
55 79 83 98
55 80 48 26
55 81 69 85
55 82 48 80
55 83 69 98
55 84 47 69
55 85 92 43
55 86 48 38
55 87 35 31
55 88 96 27
55 89 21 80
55 90 52 94
55 91 28 64
55 92 70 28
55 93 42 56
55 94 42 98
55 95 91 59
55 96 91 36
55 97 54 92
55 98 61 29
55 99 57 73
56 57 87 54
56 58 73 64
56 59 98 83
56 60 98 51
56 61 38 60
56 62 24 40
56 63 28 65
56 64 31 48
56 65 37 89
56 66 70 85
56 67 24 95
56 68 97 68
56 69 36 84
56 70 73 28
56 71 37 32
56 72 25 99
56 73 87 88
56 74 78 78
56 75 81 88
56 76 60 80
56 77 50 65
56 78 66 54
56 79 56 93
56 80 34 73
56 81 72 96
56 82 77 55
56 83 80 27
56 84 65 62
56 85 58 60
56 86 83 35
56 87 48 92
56 88 41 27
56 89 67 89
56 90 36 43
56 91 69 89
56 92 61 72
56 93 95 55
56 94 77 87
56 95 83 34
56 96 50 43
56 97 97 94
56 98 21 28
56 99 91 99
57 58 32 45
57 59 45 45
57 60 24 21
57 61 39 71
57 62 91 65
57 63 98 63
57 64 77 99
57 65 40 80
57 66 40 63
57 67 77 49
57 68 29 84
57 69 73 40
57 70 87 75
57 71 22 97
57 72 80 35
57 73 28 33
57 74 39 65
57 75 48 23
57 76 33 23
57 77 49 26
57 78 61 79
57 79 63 58
57 80 77 86
57 81 61 88
57 82 99 40
57 83 47 28
57 84 55 55
57 85 43 33
57 86 50 45
57 87 47 88
57 88 49 71
57 89 49 35
57 90 92 91
57 91 32 50
57 92 50 29
57 93 90 94
57 94 94 42
57 95 32 96
57 96 63 64
57 97 43 88
57 98 20 99
57 99 53 55
58 59 52 43
58 60 59 92
58 61 96 60
58 62 75 96
58 63 78 88
58 64 47 44
58 65 97 32
58 66 97 72
58 67 27 40
58 68 64 53
58 69 83 84
58 70 41 64
58 71 23 39
58 72 91 48
58 73 52 91
58 74 65 53
58 75 84 95
58 76 53 70
58 77 58 22
58 78 36 62
58 79 45 84
58 80 64 61
58 81 68 45
58 82 50 30
58 83 35 35
58 84 65 31
58 85 52 22
58 86 31 59
58 87 81 76
58 88 65 52
58 89 44 77
58 90 90 23
58 91 50 94
58 92 76 57
58 93 92 22
58 94 81 88
58 95 72 96
58 96 98 85
58 97 38 26
58 98 69 60
58 99 69 76
59 60 93 62
59 61 55 84
59 62 94 63
59 63 23 37
59 64 35 65
59 65 46 47
59 66 79 74
59 67 64 51
59 68 78 25
59 69 84 83
59 70 65 40
59 71 45 92
59 72 80 60
59 73 92 52
59 74 27 71
59 75 92 22
59 76 84 32
59 77 33 94
59 78 80 23
59 79 80 51
59 80 76 98
59 81 78 26
59 82 55 72
59 83 76 57
59 84 31 68
59 85 73 31
59 86 27 94
59 87 90 65
59 88 62 61
59 89 89 21
59 90 95 27
59 91 66 25
59 92 92 40
59 93 78 51
59 94 39 66
59 95 39 82
59 96 80 49
59 97 60 29
59 98 39 58
59 99 47 82
60 61 26 92
60 62 67 57
60 63 86 22
60 64 76 81
60 65 39 28
60 66 58 21
60 67 87 92
60 68 41 23
60 69 35 87
60 70 91 29
60 71 51 98
60 72 64 55
60 73 76 91
60 74 52 41
60 75 92 86
60 76 37 98
60 77 85 84
60 78 63 50
60 79 84 90
60 80 90 39
60 81 82 71
60 82 38 79
60 83 88 37
60 84 66 91
60 85 61 44
60 86 52 27
60 87 95 92
60 88 84 58
60 89 47 55
60 90 78 88
60 91 28 37
60 92 88 41
60 93 71 88
60 94 35 25
60 95 97 95
60 96 31 77
60 97 34 50
60 98 76 83
60 99 72 79
61 62 55 88
61 63 47 27
61 64 64 48
61 65 29 41
61 66 91 26
61 67 84 96
61 68 51 41
61 69 28 59
61 70 69 77
61 71 82 49
61 72 63 81
61 73 75 23
61 74 30 81
61 75 59 95
61 76 49 97
61 77 39 24
61 78 77 63
61 79 32 54
61 80 37 79
61 81 30 66
61 82 39 38
61 83 33 88
61 84 23 69
61 85 94 32
61 86 54 65
61 87 41 36
61 88 79 61
61 89 27 94
61 90 60 99
61 91 30 67
61 92 68 89
61 93 67 31
61 94 53 21
61 95 77 63
61 96 90 53
61 97 23 85
61 98 77 84
61 99 46 79
62 63 43 96
62 64 59 84
62 65 26 54
62 66 90 47
62 67 21 90
62 68 49 89
62 69 20 23
62 70 89 63
62 71 85 84
62 72 40 55
62 73 24 35
62 74 94 70
62 75 22 37
62 76 90 42
62 77 24 36
62 78 33 93
62 79 23 89
62 80 56 27
62 81 51 40
62 82 64 42
62 83 97 68
62 84 82 55
62 85 81 77
62 86 36 95
62 87 67 48
62 88 88 80
62 89 32 87
62 90 28 86
62 91 53 30
62 92 31 38
62 93 52 69
62 94 22 90
62 95 22 98
62 96 63 99
62 97 96 33
62 98 51 26
62 99 70 91
63 64 86 92
63 65 39 66
63 66 74 95
63 67 71 95
63 68 41 78
63 69 55 32
63 70 58 75
63 71 56 46
63 72 62 59
63 73 27 42
63 74 70 48
63 75 54 49
63 76 65 96
63 77 55 75
63 78 75 23
63 79 59 56
63 80 48 89
63 81 79 96
63 82 73 50
63 83 88 64
63 84 28 85
63 85 67 86
63 86 80 72
63 87 73 39
63 88 57 24
63 89 67 32
63 90 78 41
63 91 71 21
63 92 57 23
63 93 79 98
63 94 83 61
63 95 97 94
63 96 73 34
63 97 87 77
63 98 85 47
63 99 75 26
64 65 83 86
64 66 27 39
64 67 24 35
64 68 92 33
64 69 86 63
64 70 50 77
64 71 95 91
64 72 62 48
64 73 89 26
64 74 70 64
64 75 52 99
64 76 58 41
64 77 60 69
64 78 66 87
64 79 45 76
64 80 93 61
64 81 57 28
64 82 90 79
64 83 37 58
64 84 25 77
64 85 65 23
64 86 93 36
64 87 80 26
64 88 21 52
64 89 94 95
64 90 99 95
64 91 78 24
64 92 78 51
64 93 97 91
64 94 50 66
64 95 24 72
64 96 68 99
64 97 48 53
64 98 92 43
64 99 20 77
65 66 72 75
65 67 54 36
65 68 88 77
65 69 35 77
65 70 32 84
65 71 89 97
65 72 83 78
65 73 96 95
65 74 40 45
65 75 78 50
65 76 29 63
65 77 79 56
65 78 90 55
65 79 97 96
65 80 43 82
65 81 29 20
65 82 64 93
65 83 25 30
65 84 94 61
65 85 53 42
65 86 60 91
65 87 59 37
65 88 91 99
65 89 22 67
65 90 71 40
65 91 99 59
65 92 36 62
65 93 41 54
65 94 45 40
65 95 65 79
65 96 50 33
65 97 27 41
65 98 28 60
65 99 68 55
66 67 93 82
66 68 40 79
66 69 86 47
66 70 36 75
66 71 99 90
66 72 30 52
66 73 87 53
66 74 29 65
66 75 36 86
66 76 57 82
66 77 78 71
66 78 44 21
66 79 27 85
66 80 60 24
66 81 38 31
66 82 65 28
66 83 53 25
66 84 34 71
66 85 58 86
66 86 40 61
66 87 61 20
66 88 94 43
66 89 65 96
66 90 36 94
66 91 24 53
66 92 90 51
66 93 90 37
66 94 47 20
66 95 20 52
66 96 46 88
66 97 57 98
66 98 33 84
66 99 56 54
67 68 68 32
67 69 39 58
67 70 34 27
67 71 43 99
67 72 86 78
67 73 77 33
67 74 55 42
67 75 34 47
67 76 99 93
67 77 45 65
67 78 50 67
67 79 75 42
67 80 66 37
67 81 54 79
67 82 37 32
67 83 27 70
67 84 46 37
67 85 72 45
67 86 26 88
67 87 50 95
67 88 93 97
67 89 23 78
67 90 93 55
67 91 63 75
67 92 29 54
67 93 95 48
67 94 95 99
67 95 88 94
67 96 21 63
67 97 40 96
67 98 29 84
67 99 40 56
68 69 74 79
68 70 36 57
68 71 91 56
68 72 67 59
68 73 33 88
68 74 48 68
68 75 62 41
68 76 63 58
68 77 36 48
68 78 29 67
68 79 28 75
68 80 79 87
68 81 65 25
68 82 52 23
68 83 50 69
68 84 26 60
68 85 45 24
68 86 97 62
68 87 84 41
68 88 91 34
68 89 36 71
68 90 76 85
68 91 98 67
68 92 42 78
68 93 51 74
68 94 48 21
68 95 97 71
68 96 64 91
68 97 75 61
68 98 85 28
68 99 36 63
69 70 29 53
69 71 66 97
69 72 55 56
69 73 60 86
69 74 85 21
69 75 82 58
69 76 77 20
69 77 28 64
69 78 48 39
69 79 32 98
69 80 99 43
69 81 57 79
69 82 22 47
69 83 77 64
69 84 63 85
69 85 50 65
69 86 45 93
69 87 56 78
69 88 22 85
69 89 26 86
69 90 90 72
69 91 57 34
69 92 52 68
69 93 33 40
69 94 24 48
69 95 94 78
69 96 89 98
69 97 88 69
69 98 23 57
69 99 70 64
70 71 98 76
70 72 66 53
70 73 94 68
70 74 67 87
70 75 91 34
70 76 86 86
70 77 56 58
70 78 70 22
70 79 89 67
70 80 38 70
70 81 57 93
70 82 87 81
70 83 71 62
70 84 32 92
70 85 28 29
70 86 86 51
70 87 88 99
70 88 22 32
70 89 67 73
70 90 21 90
70 91 62 41
70 92 72 70
70 93 75 98
70 94 44 57
70 95 91 69
70 96 26 82
70 97 78 46
70 98 30 50
70 99 62 84
71 72 80 35
71 73 65 68
71 74 92 33
71 75 44 69
71 76 62 90
71 77 44 98
71 78 90 57
71 79 23 92
71 80 52 27
71 81 46 41
71 82 30 51
71 83 36 52
71 84 25 22
71 85 73 95
71 86 85 88
71 87 43 34
71 88 54 56
71 89 61 34
71 90 78 63
71 91 57 71
71 92 74 30
71 93 50 36
71 94 61 56
71 95 52 53
71 96 86 42
71 97 80 71
71 98 59 88
71 99 82 98
72 73 43 42
72 74 70 87
72 75 74 78
72 76 42 41
72 77 31 39
72 78 86 43
72 79 59 66
72 80 63 43
72 81 47 60
72 82 48 62
72 83 62 84
72 84 39 48
72 85 65 63
72 86 60 62
72 87 23 62
72 88 49 95
72 89 23 29
72 90 47 74
72 91 60 69
72 92 84 26
72 93 74 77
72 94 83 72
72 95 59 78
72 96 31 50
72 97 29 56
72 98 29 42
72 99 62 87
73 74 53 38
73 75 85 73
73 76 35 45
73 77 55 99
73 78 27 61
73 79 35 56
73 80 65 72
73 81 37 53
73 82 48 29
73 83 93 82
73 84 25 86
73 85 21 27
73 86 28 48
73 87 54 49
73 88 92 71
73 89 45 85
73 90 71 85
73 91 56 63
73 92 76 82
73 93 40 73
73 94 63 47
73 95 85 34
73 96 30 22
73 97 21 70
73 98 84 68
73 99 29 50
74 75 80 66
74 76 98 95
74 77 80 83
74 78 34 99
74 79 28 77
74 80 93 22
74 81 48 62
74 82 69 72
74 83 44 64
74 84 88 82
74 85 68 96
74 86 54 81
74 87 66 37
74 88 38 64
74 89 83 37
74 90 94 34
74 91 60 37
74 92 35 32
74 93 98 84
74 94 24 86
74 95 89 96
74 96 30 98
74 97 73 21
74 98 69 43
74 99 44 66
75 76 43 70
75 77 20 58
75 78 90 72
75 79 40 43
75 80 86 23
75 81 95 49
75 82 20 50
75 83 22 72
75 84 31 43
75 85 57 49
75 86 44 86
75 87 52 48
75 88 53 23
75 89 93 81
75 90 91 20
75 91 42 55
75 92 47 37
75 93 75 90
75 94 89 95
75 95 64 73
75 96 69 61
75 97 82 64
75 98 21 27
75 99 77 50
76 77 50 35
76 78 78 31
76 79 60 57
76 80 52 53
76 81 36 60
76 82 92 38
76 83 65 26
76 84 54 50
76 85 58 53
76 86 60 97
76 87 77 90
76 88 61 54
76 89 54 36
76 90 35 58
76 91 74 44
76 92 93 34
76 93 22 65
76 94 43 34
76 95 96 98
76 96 33 78
76 97 40 36
76 98 59 38
76 99 84 42
77 78 72 99
77 79 91 89
77 80 44 48
77 81 74 59
77 82 24 66
77 83 53 69
77 84 84 44
77 85 43 68
77 86 79 55
77 87 88 82
77 88 41 20
77 89 78 87
77 90 69 97
77 91 70 66
77 92 63 73
77 93 87 86
77 94 25 90
77 95 31 24
77 96 30 33
77 97 54 78
77 98 41 45
77 99 80 95
78 79 49 98
78 80 32 77
78 81 37 56
78 82 46 25
78 83 71 35
78 84 58 86
78 85 37 93
78 86 34 25
78 87 54 66
78 88 38 61
78 89 29 51
78 90 52 28
78 91 77 71
78 92 34 71
78 93 98 64
78 94 28 76
78 95 78 58
78 96 35 35
78 97 81 81
78 98 65 20
78 99 32 69
79 80 76 38
79 81 42 63
79 82 24 65
79 83 99 41
79 84 62 31
79 85 42 97
79 86 32 78
79 87 76 36
79 88 98 66
79 89 74 74
79 90 43 43
79 91 56 78
79 92 64 97
79 93 67 81
79 94 72 37
79 95 64 57
79 96 70 78
79 97 62 41
79 98 66 47
79 99 24 72
80 81 62 34
80 82 39 41
80 83 31 40
80 84 39 75
80 85 61 24
80 86 65 56
80 87 78 79
80 88 92 53
80 89 55 79
80 90 64 97
80 91 27 69
80 92 38 95
80 93 35 95
80 94 21 47
80 95 33 94
80 96 71 48
80 97 30 92
80 98 93 51
80 99 38 91
81 82 36 98
81 83 65 99
81 84 70 77
81 85 45 34
81 86 52 94
81 87 86 37
81 88 47 90
81 89 66 35
81 90 28 29
81 91 84 25
81 92 23 85
81 93 27 69
81 94 97 30
81 95 56 92
81 96 90 28
81 97 77 85
81 98 31 97
81 99 57 54
82 83 37 69
82 84 51 42
82 85 29 84
82 86 95 29
82 87 20 32
82 88 73 21
82 89 50 96
82 90 92 89
82 91 75 20
82 92 94 43
82 93 91 76
82 94 59 74
82 95 78 37
82 96 56 54
82 97 25 48
82 98 85 58
82 99 26 20
83 84 51 69
83 85 47 70
83 86 82 81
83 87 75 90
83 88 63 29
83 89 89 90
83 90 38 93
83 91 25 88
83 92 45 48
83 93 21 99
83 94 58 92
83 95 27 29
83 96 23 84
83 97 31 94
83 98 84 52
83 99 78 74
84 85 75 34
84 86 97 75
84 87 67 26
84 88 89 45
84 89 77 48
84 90 66 74
84 91 88 85
84 92 84 92
84 93 96 97
84 94 33 71
84 95 20 81
84 96 70 89
84 97 66 26
84 98 30 87
84 99 38 25
85 86 34 74
85 87 22 92
85 88 64 34
85 89 42 49
85 90 62 36
85 91 68 25
85 92 27 34
85 93 48 93
85 94 45 67
85 95 22 65
85 96 25 40
85 97 41 95
85 98 54 36
85 99 52 49
86 87 93 30
86 88 99 87
86 89 65 40
86 90 83 24
86 91 74 93
86 92 41 58
86 93 87 44
86 94 50 26
86 95 36 98
86 96 96 71
86 97 87 85
86 98 94 32
86 99 43 56
87 88 38 38
87 89 61 43
87 90 49 69
87 91 45 51
87 92 87 34
87 93 35 30
87 94 83 53
87 95 53 59
87 96 63 80
87 97 28 26
87 98 41 78
87 99 71 82
88 89 76 24
88 90 71 84
88 91 45 30
88 92 39 83
88 93 52 93
88 94 39 26
88 95 58 82
88 96 29 78
88 97 82 26
88 98 66 65
88 99 93 28
89 90 47 25
89 91 20 29
89 92 79 87
89 93 27 65
89 94 73 76
89 95 55 43
89 96 70 97
89 97 53 83
89 98 53 46
89 99 22 90
90 91 58 78
90 92 82 71
90 93 75 71
90 94 94 23
90 95 59 94
90 96 63 95
90 97 70 41
90 98 21 94
90 99 29 49
91 92 79 40
91 93 53 26
91 94 27 70
91 95 38 62
91 96 30 46
91 97 39 84
91 98 61 60
91 99 45 42
92 93 84 28
92 94 60 89
92 95 55 25
92 96 78 35
92 97 38 65
92 98 87 96
92 99 57 50
93 94 92 58
93 95 88 50
93 96 93 39
93 97 60 98
93 98 77 99
93 99 70 47
94 95 48 96
94 96 83 30
94 97 65 86
94 98 38 40
94 99 78 72
95 96 21 50
95 97 45 87
95 98 61 43
95 99 70 94
96 97 20 47
96 98 73 69
96 99 57 93
97 98 35 81
97 99 80 31
98 99 70 36
