100
0 1 7 7
0 2 0 993
0 3 994 998
0 4 993 996
0 5 994 995
0 6 994 994
0 7 997 999
0 8 998 996
0 9 998 993
0 10 995 993
0 11 996 997
0 12 996 996
0 13 995 997
0 14 998 999
0 15 996 999
0 16 997 996
0 17 996 998
0 18 997 995
0 19 994 998
0 20 993 998
0 21 996 998
0 22 999 995
0 23 998 993
0 24 997 994
0 25 996 994
0 26 999 995
0 27 997 995
0 28 997 993
0 29 993 997
0 30 995 995
0 31 995 996
0 32 999 998
0 33 999 998
0 34 995 995
0 35 994 996
0 36 999 998
0 37 996 997
0 38 995 998
0 39 996 999
0 40 995 996
0 41 996 994
0 42 997 993
0 43 999 996
0 44 999 993
0 45 998 997
0 46 997 997
0 47 999 996
0 48 996 996
0 49 999 998
0 50 995 997
0 51 999 994
0 52 997 997
0 53 994 999
0 54 997 993
0 55 997 993
0 56 995 998
0 57 996 995
0 58 997 996
0 59 998 998
0 60 993 997
0 61 997 998
0 62 996 998
0 63 995 999
0 64 994 995
0 65 997 993
0 66 998 993
0 67 993 998
0 68 999 999
0 69 994 997
0 70 996 995
0 71 999 994
0 72 999 996
0 73 996 998
0 74 999 994
0 75 999 997
0 76 995 995
0 77 994 993
0 78 996 998
0 79 993 999
0 80 998 999
0 81 993 995
0 82 993 995
0 83 997 994
0 84 993 995
0 85 995 995
0 86 996 996
0 87 994 999
0 88 995 993
0 89 995 995
0 90 994 994
0 91 993 994
0 92 997 997
0 93 997 997
0 94 994 993
0 95 993 995
0 96 995 999
0 97 999 996
0 98 999 994
0 99 993 995
1 2 993 0
1 3 997 998
1 4 997 993
1 5 996 997
1 6 995 995
1 7 997 996
1 8 997 998
1 9 996 996
1 10 995 994
1 11 996 994
1 12 998 995
1 13 997 998
1 14 996 995
1 15 994 996
1 16 998 999
1 17 996 993
1 18 995 996
1 19 997 994
1 20 994 999
1 21 993 999
1 22 997 998
1 23 995 995
1 24 996 993
1 25 998 995
1 26 995 994
1 27 996 997
1 28 997 998
1 29 998 999
1 30 997 998
1 31 996 998
1 32 998 997
1 33 997 993
1 34 994 993
1 35 999 994
1 36 996 994
1 37 997 997
1 38 998 994
1 39 995 998
1 40 993 993
1 41 998 995
1 42 994 994
1 43 995 998
1 44 995 993
1 45 996 994
1 46 997 998
1 47 995 993
1 48 997 997
1 49 993 993
1 50 996 999
1 51 997 993
1 52 997 996
1 53 997 994
1 54 999 994
1 55 994 996
1 56 998 996
1 57 999 997
1 58 993 996
1 59 998 993
1 60 994 994
1 61 999 999
1 62 993 998
1 63 998 995
1 64 998 993
1 65 995 996
1 66 999 997
1 67 995 996
1 68 995 995
1 69 998 998
1 70 996 999
1 71 997 994
1 72 999 997
1 73 994 997
1 74 993 993
1 75 997 993
1 76 993 996
1 77 995 997
1 78 994 994
1 79 999 997
1 80 998 996
1 81 995 993
1 82 994 999
1 83 997 998
1 84 994 996
1 85 999 993
1 86 996 995
1 87 998 994
1 88 993 997
1 89 993 996
1 90 996 997
1 91 994 998
1 92 994 998
1 93 999 999
1 94 999 998
1 95 993 998
1 96 994 993
1 97 993 998
1 98 999 994
1 99 996 995
2 3 996 997
2 4 999 994
2 5 998 996
2 6 994 995
2 7 998 999
2 8 998 995
2 9 997 994
2 10 996 996
2 11 997 999
2 12 996 995
2 13 993 999
2 14 993 997
2 15 999 998
2 16 999 993
2 17 994 994
2 18 995 999
2 19 994 997
2 20 995 999
2 21 997 999
2 22 993 999
2 23 994 994
2 24 998 995
2 25 993 997
2 26 997 995
2 27 997 995
2 28 994 996
2 29 996 995
2 30 993 995
2 31 995 999
2 32 995 997
2 33 996 998
2 34 995 998
2 35 994 995
2 36 995 993
2 37 994 994
2 38 995 997
2 39 993 995
2 40 999 996
2 41 996 999
2 42 994 997
2 43 994 993
2 44 996 997
2 45 993 998
2 46 995 998
2 47 993 997
2 48 998 998
2 49 995 994
2 50 996 995
2 51 997 993
2 52 999 996
2 53 998 998
2 54 994 998
2 55 993 994
2 56 994 995
2 57 996 993
2 58 995 996
2 59 993 994
2 60 997 999
2 61 999 999
2 62 994 996
2 63 999 996
2 64 998 994
2 65 994 996
2 66 993 994
2 67 995 994
2 68 998 994
2 69 998 995
2 70 995 994
2 71 997 995
2 72 997 993
2 73 998 996
2 74 995 993
2 75 995 994
2 76 994 995
2 77 998 996
2 78 999 994
2 79 998 996
2 80 998 997
2 81 997 995
2 82 994 997
2 83 995 998
2 84 998 996
2 85 996 998
2 86 998 995
2 87 995 997
2 88 993 999
2 89 993 995
2 90 993 993
2 91 993 993
2 92 999 993
2 93 997 993
2 94 996 999
2 95 993 994
2 96 999 993
2 97 999 997
2 98 995 996
2 99 999 996
3 4 23 24
3 5 34 8
3 6 25 17
3 7 31 23
3 8 8 16
3 9 13 20
3 10 16 15
3 11 28 32
3 12 13 21
3 13 8 13
3 14 27 20
3 15 35 17
3 16 18 35
3 17 7 25
3 18 29 11
3 19 15 39
3 20 36 10
3 21 35 34
3 22 34 37
3 23 25 28
3 24 37 39
3 25 28 7
3 26 32 8
3 27 33 13
3 28 12 8
3 29 29 39
3 30 27 32
3 31 34 8
3 32 28 20
3 33 25 24
3 34 19 20
3 35 28 23
3 36 31 38
3 37 29 14
3 38 9 14
3 39 10 39
3 40 30 17
3 41 30 29
3 42 7 26
3 43 24 23
3 44 12 7
3 45 21 9
3 46 19 26
3 47 26 37
3 48 17 34
3 49 31 13
3 50 7 16
3 51 15 10
3 52 15 28
3 53 12 32
3 54 8 16
3 55 29 11
3 56 27 13
3 57 23 28
3 58 7 20
3 59 23 24
3 60 34 32
3 61 18 20
3 62 14 11
3 63 37 22
3 64 19 39
3 65 36 27
3 66 18 36
3 67 13 27
3 68 30 39
3 69 10 34
3 70 29 29
3 71 18 12
3 72 36 31
3 73 27 34
3 74 30 31
3 75 34 26
3 76 27 21
3 77 9 25
3 78 19 34
3 79 18 26
3 80 9 16
3 81 31 25
3 82 33 26
3 83 32 34
3 84 29 25
3 85 25 28
3 86 28 20
3 87 26 18
3 88 28 36
3 89 18 36
3 90 26 22
3 91 11 23
3 92 30 20
3 93 10 19
3 94 22 10
3 95 18 33
3 96 17 8
3 97 20 34
3 98 10 30
3 99 26 34
4 5 34 12
4 6 34 39
4 7 20 30
4 8 23 31
4 9 28 12
4 10 20 19
4 11 10 18
4 12 31 16
4 13 19 8
4 14 35 12
4 15 18 29
4 16 14 22
4 17 9 11
4 18 26 28
4 19 32 27
4 20 20 19
4 21 18 18
4 22 30 19
4 23 12 14
4 24 27 30
4 25 14 11
4 26 39 26
4 27 25 15
4 28 21 16
4 29 19 31
4 30 11 39
4 31 26 18
4 32 27 21
4 33 22 7
4 34 21 29
4 35 18 24
4 36 14 20
4 37 24 35
4 38 16 33
4 39 28 11
4 40 7 33
4 41 15 28
4 42 35 29
4 43 11 9
4 44 35 11
4 45 12 33
4 46 15 25
4 47 16 8
4 48 14 11
4 49 27 9
4 50 26 19
4 51 13 7
4 52 29 13
4 53 39 31
4 54 17 30
4 55 31 13
4 56 34 34
4 57 39 9
4 58 23 10
4 59 32 25
4 60 13 9
4 61 38 31
4 62 24 30
4 63 15 18
4 64 10 30
4 65 34 11
4 66 23 22
4 67 11 10
4 68 7 21
4 69 17 26
4 70 32 23
4 71 20 36
4 72 13 15
4 73 10 39
4 74 9 22
4 75 19 31
4 76 15 24
4 77 28 34
4 78 33 18
4 79 8 17
4 80 19 19
4 81 27 34
4 82 9 29
4 83 36 17
4 84 31 20
4 85 35 11
4 86 7 32
4 87 13 24
4 88 14 22
4 89 18 23
4 90 22 38
4 91 29 27
4 92 21 28
4 93 13 11
4 94 16 28
4 95 29 27
4 96 22 34
4 97 20 25
4 98 36 8
4 99 9 21
5 6 21 36
5 7 15 26
5 8 22 18
5 9 25 23
5 10 29 34
5 11 23 35
5 12 37 24
5 13 34 29
5 14 18 32
5 15 10 17
5 16 15 15
5 17 21 22
5 18 32 10
5 19 39 17
5 20 36 28
5 21 18 35
5 22 19 11
5 23 27 31
5 24 9 25
5 25 17 19
5 26 9 13
5 27 10 25
5 28 34 28
5 29 20 28
5 30 18 26
5 31 15 21
5 32 30 36
5 33 36 12
5 34 29 31
5 35 12 31
5 36 23 35
5 37 10 39
5 38 35 30
5 39 9 37
5 40 26 14
5 41 37 27
5 42 33 29
5 43 7 18
5 44 16 35
5 45 35 38
5 46 23 8
5 47 22 34
5 48 9 9
5 49 13 12
5 50 17 23
5 51 27 13
5 52 29 18
5 53 20 22
5 54 30 26
5 55 19 19
5 56 10 12
5 57 32 38
5 58 31 18
5 59 32 38
5 60 12 36
5 61 11 10
5 62 29 8
5 63 23 22
5 64 30 36
5 65 29 36
5 66 28 32
5 67 18 33
5 68 29 27
5 69 11 20
5 70 37 14
5 71 37 21
5 72 18 12
5 73 37 17
5 74 33 30
5 75 23 37
5 76 20 10
5 77 9 20
5 78 27 9
5 79 14 28
5 80 18 10
5 81 21 13
5 82 26 38
5 83 29 29
5 84 8 16
5 85 19 31
5 86 20 38
5 87 37 15
5 88 7 10
5 89 10 14
5 90 34 22
5 91 11 14
5 92 30 11
5 93 35 12
5 94 26 8
5 95 32 39
5 96 38 29
5 97 10 33
5 98 32 7
5 99 39 17
6 7 12 13
6 8 34 23
6 9 39 17
6 10 9 16
6 11 19 8
6 12 7 15
6 13 23 27
6 14 30 12
6 15 30 10
6 16 29 19
6 17 7 34
6 18 7 29
6 19 8 17
6 20 34 27
6 21 39 34
6 22 24 12
6 23 15 33
6 24 21 35
6 25 32 21
6 26 20 13
6 27 23 13
6 28 20 28
6 29 27 19
6 30 32 29
6 31 32 16
6 32 7 23
6 33 9 16
6 34 29 20
6 35 13 38
6 36 39 29
6 37 33 23
6 38 15 12
6 39 19 26
6 40 37 24
6 41 10 20
6 42 31 32
6 43 27 32
6 44 16 25
6 45 35 32
6 46 37 11
6 47 19 25
6 48 27 29
6 49 8 19
6 50 35 35
6 51 11 24
6 52 11 38
6 53 29 36
6 54 36 35
6 55 14 33
6 56 26 35
6 57 33 38
6 58 8 10
6 59 22 35
6 60 32 35
6 61 23 35
6 62 11 28
6 63 28 17
6 64 7 19
6 65 14 15
6 66 24 36
6 67 23 36
6 68 23 10
6 69 30 18
6 70 16 38
6 71 37 36
6 72 24 21
6 73 27 35
6 74 15 32
6 75 23 13
6 76 38 13
6 77 33 18
6 78 31 19
6 79 33 24
6 80 21 37
6 81 34 19
6 82 34 11
6 83 20 26
6 84 38 27
6 85 7 16
6 86 21 9
6 87 10 12
6 88 20 22
6 89 17 30
6 90 38 17
6 91 13 21
6 92 26 18
6 93 16 32
6 94 21 16
6 95 27 24
6 96 16 10
6 97 36 15
6 98 16 8
6 99 22 37
7 8 8 32
7 9 33 31
7 10 12 33
7 11 15 10
7 12 8 25
7 13 8 13
7 14 25 9
7 15 16 23
7 16 16 13
7 17 31 17
7 18 22 16
7 19 19 12
7 20 20 37
7 21 26 7
7 22 30 21
7 23 30 33
7 24 18 13
7 25 10 18
7 26 29 31
7 27 10 25
7 28 34 22
7 29 35 21
7 30 30 29
7 31 7 21
7 32 34 11
7 33 28 33
7 34 21 11
7 35 36 37
7 36 23 22
7 37 38 15
7 38 9 32
7 39 14 38
7 40 11 21
7 41 17 22
7 42 31 36
7 43 20 21
7 44 36 23
7 45 9 36
7 46 13 15
7 47 20 16
7 48 7 15
7 49 11 29
7 50 22 10
7 51 18 31
7 52 29 9
7 53 26 32
7 54 19 16
7 55 24 24
7 56 22 18
7 57 12 31
7 58 11 25
7 59 12 27
7 60 28 9
7 61 17 8
7 62 37 9
7 63 19 34
7 64 17 23
7 65 31 29
7 66 34 28
7 67 31 13
7 68 34 16
7 69 31 13
7 70 24 23
7 71 10 24
7 72 39 17
7 73 38 15
7 74 10 9
7 75 33 33
7 76 19 11
7 77 20 18
7 78 31 15
7 79 33 8
7 80 22 9
7 81 21 23
7 82 15 18
7 83 31 13
7 84 39 8
7 85 27 14
7 86 34 10
7 87 37 9
7 88 7 16
7 89 18 32
7 90 7 8
7 91 35 8
7 92 13 22
7 93 31 28
7 94 16 15
7 95 16 15
7 96 20 17
7 97 26 27
7 98 31 38
7 99 15 36
8 9 15 23
8 10 9 7
8 11 37 35
8 12 27 9
8 13 26 36
8 14 20 17
8 15 12 22
8 16 9 17
8 17 36 31
8 18 19 14
8 19 33 34
8 20 28 9
8 21 15 36
8 22 38 23
8 23 32 7
8 24 31 7
8 25 29 12
8 26 13 29
8 27 32 11
8 28 17 12
8 29 29 27
8 30 22 30
8 31 32 24
8 32 21 10
8 33 29 27
8 34 14 15
8 35 26 30
8 36 17 34
8 37 35 26
8 38 35 29
8 39 34 15
8 40 22 33
8 41 30 27
8 42 32 34
8 43 11 11
8 44 11 11
8 45 11 12
8 46 17 8
8 47 22 29
8 48 37 7
8 49 31 29
8 50 30 33
8 51 23 39
8 52 7 19
8 53 19 14
8 54 7 7
8 55 15 32
8 56 19 21
8 57 27 10
8 58 12 26
8 59 34 12
8 60 9 22
8 61 24 19
8 62 21 26
8 63 24 38
8 64 16 14
8 65 17 21
8 66 37 36
8 67 20 12
8 68 19 24
8 69 33 26
8 70 37 15
8 71 28 21
8 72 31 10
8 73 17 21
8 74 8 37
8 75 37 35
8 76 17 39
8 77 9 18
8 78 33 11
8 79 36 17
8 80 16 14
8 81 28 38
8 82 16 18
8 83 36 10
8 84 26 24
8 85 14 11
8 86 18 33
8 87 7 36
8 88 19 11
8 89 32 38
8 90 24 8
8 91 22 12
8 92 23 23
8 93 7 11
8 94 22 36
8 95 22 23
8 96 17 19
8 97 36 14
8 98 22 16
8 99 25 9
9 10 14 8
9 11 38 32
9 12 23 28
9 13 7 27
9 14 30 21
9 15 21 20
9 16 14 36
9 17 20 17
9 18 22 23
9 19 26 8
9 20 22 37
9 21 35 39
9 22 28 27
9 23 30 19
9 24 29 36
9 25 11 20
9 26 7 28
9 27 20 37
9 28 24 24
9 29 11 30
9 30 9 12
9 31 36 21
9 32 19 10
9 33 35 10
9 34 19 24
9 35 14 20
9 36 14 39
9 37 36 25
9 38 27 23
9 39 30 12
9 40 25 39
9 41 30 32
9 42 33 26
9 43 14 28
9 44 22 22
9 45 8 27
9 46 20 28
9 47 30 8
9 48 15 32
9 49 37 13
9 50 21 29
9 51 17 11
9 52 10 29
9 53 29 14
9 54 25 14
9 55 25 33
9 56 20 37
9 57 11 31
9 58 19 22
9 59 11 22
9 60 23 18
9 61 11 37
9 62 37 31
9 63 37 35
9 64 22 35
9 65 38 35
9 66 31 28
9 67 31 7
9 68 8 36
9 69 27 27
9 70 24 16
9 71 21 21
9 72 27 24
9 73 38 34
9 74 21 19
9 75 31 19
9 76 7 20
9 77 37 13
9 78 36 27
9 79 14 21
9 80 15 20
9 81 34 12
9 82 28 18
9 83 36 31
9 84 28 29
9 85 22 28
9 86 25 24
9 87 30 38
9 88 26 18
9 89 35 38
9 90 33 16
9 91 30 24
9 92 37 24
9 93 23 26
9 94 26 20
9 95 12 22
9 96 14 21
9 97 26 12
9 98 10 29
9 99 33 18
10 11 37 15
10 12 24 18
10 13 26 19
10 14 7 37
10 15 39 30
10 16 11 27
10 17 12 16
10 18 18 29
10 19 23 32
10 20 23 16
10 21 7 15
10 22 28 23
10 23 25 15
10 24 32 30
10 25 27 36
10 26 25 35
10 27 17 17
10 28 28 10
10 29 7 34
10 30 34 14
10 31 7 35
10 32 29 32
10 33 33 28
10 34 32 33
10 35 13 31
10 36 35 27
10 37 12 23
10 38 23 9
10 39 22 18
10 40 23 36
10 41 29 27
10 42 25 31
10 43 16 13
10 44 35 23
10 45 27 8
10 46 30 7
10 47 26 17
10 48 10 15
10 49 35 35
10 50 26 30
10 51 38 17
10 52 39 26
10 53 25 21
10 54 38 17
10 55 24 22
10 56 27 19
10 57 36 36
10 58 36 20
10 59 36 27
10 60 23 13
10 61 27 7
10 62 7 9
10 63 7 12
10 64 29 15
10 65 29 38
10 66 16 8
10 67 29 9
10 68 16 10
10 69 17 15
10 70 32 30
10 71 32 20
10 72 8 27
10 73 28 19
10 74 29 33
10 75 37 25
10 76 21 31
10 77 18 27
10 78 30 29
10 79 25 33
10 80 30 21
10 81 21 11
10 82 13 33
10 83 34 22
10 84 37 9
10 85 26 24
10 86 21 33
10 87 16 17
10 88 20 10
10 89 17 23
10 90 7 36
10 91 16 7
10 92 29 26
10 93 19 36
10 94 16 26
10 95 25 13
10 96 36 37
10 97 37 37
10 98 30 20
10 99 38 39
11 12 36 11
11 13 23 16
11 14 11 29
11 15 22 23
11 16 21 29
11 17 33 15
11 18 33 21
11 19 19 18
11 20 38 19
11 21 21 31
11 22 9 39
11 23 29 27
11 24 22 38
11 25 31 21
11 26 10 39
11 27 10 24
11 28 30 21
11 29 28 23
11 30 29 22
11 31 21 38
11 32 23 7
11 33 20 15
11 34 26 9
11 35 15 35
11 36 29 19
11 37 14 22
11 38 27 36
11 39 32 33
11 40 14 23
11 41 20 38
11 42 8 9
11 43 33 34
11 44 24 39
11 45 23 13
11 46 26 23
11 47 36 12
11 48 7 11
11 49 35 29
11 50 30 29
11 51 11 24
11 52 23 19
11 53 17 23
11 54 26 13
11 55 22 30
11 56 25 29
11 57 34 38
11 58 18 21
11 59 28 26
11 60 19 36
11 61 15 13
11 62 14 32
11 63 35 26
11 64 21 35
11 65 16 36
11 66 22 19
11 67 31 31
11 68 22 33
11 69 17 19
11 70 23 11
11 71 18 14
11 72 35 9
11 73 8 14
11 74 38 27
11 75 28 26
11 76 34 25
11 77 15 8
11 78 21 27
11 79 25 18
11 80 33 36
11 81 16 19
11 82 26 35
11 83 22 9
11 84 24 14
11 85 15 38
11 86 34 29
11 87 7 13
11 88 18 9
11 89 28 27
11 90 24 9
11 91 30 31
11 92 29 30
11 93 37 21
11 94 19 36
11 95 9 31
11 96 15 34
11 97 33 28
11 98 25 39
11 99 21 18
12 13 20 15
12 14 16 25
12 15 31 8
12 16 9 22
12 17 19 30
12 18 24 30
12 19 27 35
12 20 16 14
12 21 29 32
12 22 35 22
12 23 28 10
12 24 34 9
12 25 22 28
12 26 22 16
12 27 26 21
12 28 37 33
12 29 22 10
12 30 35 26
12 31 7 23
12 32 38 16
12 33 23 21
12 34 35 19
12 35 8 11
12 36 11 35
12 37 25 19
12 38 34 23
12 39 31 34
12 40 20 21
12 41 16 31
12 42 17 30
12 43 19 20
12 44 25 17
12 45 37 11
12 46 37 29
12 47 8 24
12 48 31 38
12 49 12 16
12 50 22 23
12 51 20 7
12 52 25 17
12 53 31 38
12 54 14 11
12 55 36 26
12 56 27 14
12 57 11 32
12 58 39 30
12 59 26 34
12 60 35 21
12 61 34 16
12 62 24 38
12 63 25 27
12 64 9 12
12 65 18 23
12 66 9 24
12 67 10 36
12 68 34 22
12 69 21 33
12 70 34 11
12 71 20 7
12 72 14 36
12 73 31 8
12 74 32 19
12 75 9 7
12 76 35 38
12 77 7 26
12 78 20 20
12 79 27 7
12 80 11 17
12 81 38 29
12 82 23 10
12 83 33 36
12 84 10 9
12 85 23 13
12 86 26 24
12 87 25 22
12 88 29 14
12 89 17 25
12 90 30 36
12 91 14 29
12 92 34 38
12 93 27 36
12 94 24 28
12 95 8 26
12 96 24 14
12 97 36 38
12 98 14 35
12 99 13 27
13 14 39 36
13 15 10 15
13 16 29 33
13 17 15 40
13 18 25 13
13 19 29 22
13 20 27 34
13 21 30 21
13 22 18 11
13 23 35 23
13 24 37 21
13 25 15 7
13 26 10 22
13 27 17 10
13 28 31 33
13 29 24 15
13 30 21 18
13 31 11 37
13 32 18 22
13 33 19 9
13 34 28 29
13 35 22 21
13 36 20 15
13 37 8 32
13 38 33 22
13 39 21 22
13 40 35 22
13 41 32 17
13 42 32 23
13 43 12 27
13 44 29 19
13 45 12 22
13 46 24 24
13 47 13 23
13 48 14 20
13 49 34 30
13 50 17 32
13 51 31 17
13 52 34 14
13 53 35 14
13 54 31 29
13 55 31 35
13 56 27 31
13 57 34 22
13 58 38 13
13 59 15 18
13 60 10 15
13 61 36 21
13 62 33 20
13 63 12 19
13 64 9 36
13 65 35 18
13 66 22 28
13 67 29 30
13 68 22 33
13 69 33 34
13 70 31 19
13 71 22 27
13 72 9 12
13 73 36 29
13 74 20 22
13 75 11 30
13 76 37 20
13 77 26 34
13 78 23 32
13 79 35 19
13 80 39 16
13 81 20 22
13 82 32 17
13 83 21 29
13 84 39 27
13 85 15 37
13 86 16 22
13 87 21 13
13 88 8 14
13 89 37 35
13 90 30 16
13 91 14 14
13 92 33 39
13 93 24 16
13 94 19 30
13 95 28 8
13 96 28 13
13 97 12 29
13 98 17 30
13 99 8 11
14 15 29 18
14 16 20 26
14 17 11 10
14 18 13 18
14 19 14 35
14 20 15 38
14 21 19 27
14 22 22 14
14 23 38 32
14 24 21 29
14 25 22 26
14 26 18 35
14 27 28 32
14 28 7 25
14 29 39 19
14 30 13 14
14 31 28 18
14 32 26 13
14 33 23 10
14 34 16 19
14 35 23 30
14 36 23 14
14 37 24 26
14 38 25 25
14 39 15 28
14 40 35 14
14 41 25 7
14 42 37 7
14 43 7 34
14 44 15 24
14 45 24 13
14 46 39 36
14 47 36 15
14 48 39 17
14 49 37 26
14 50 33 37
14 51 39 23
14 52 20 29
14 53 29 30
14 54 22 27
14 55 35 30
14 56 28 22
14 57 8 30
14 58 29 14
14 59 30 9
14 60 30 32
14 61 7 14
14 62 14 18
14 63 13 26
14 64 12 27
14 65 7 16
14 66 10 36
14 67 38 7
14 68 32 11
14 69 9 21
14 70 10 8
14 71 26 27
14 72 7 14
14 73 18 12
14 74 17 25
14 75 21 11
14 76 24 18
14 77 19 13
14 78 19 37
14 79 8 36
14 80 31 23
14 81 13 13
14 82 9 24
14 83 22 21
14 84 13 24
14 85 28 35
14 86 13 20
14 87 38 27
14 88 21 12
14 89 20 8
14 90 12 39
14 91 29 34
14 92 21 7
14 93 8 28
14 94 37 26
14 95 19 31
14 96 21 20
14 97 21 35
14 98 22 33
14 99 36 23
15 16 14 35
15 17 17 28
15 18 12 26
15 19 19 24
15 20 23 31
15 21 17 27
15 22 30 13
15 23 8 30
15 24 20 26
15 25 13 14
15 26 21 23
15 27 39 28
15 28 19 22
15 29 13 11
15 30 18 16
15 31 12 39
15 32 33 26
15 33 34 12
15 34 38 37
15 35 16 9
15 36 16 36
15 37 36 24
15 38 38 38
15 39 26 10
15 40 36 24
15 41 20 23
15 42 19 7
15 43 29 14
15 44 16 17
15 45 35 13
15 46 24 29
15 47 9 28
15 48 26 22
15 49 19 18
15 50 10 21
15 51 11 8
15 52 14 18
15 53 31 18
15 54 35 39
15 55 29 16
15 56 14 9
15 57 37 17
15 58 18 25
15 59 19 23
15 60 13 39
15 61 37 7
15 62 15 23
15 63 13 31
15 64 26 14
15 65 27 7
15 66 14 22
15 67 12 29
15 68 14 27
15 69 24 22
15 70 21 25
15 71 31 10
15 72 7 13
15 73 28 39
15 74 14 15
15 75 16 10
15 76 19 30
15 77 10 33
15 78 34 29
15 79 17 14
15 80 14 30
15 81 20 17
15 82 33 23
15 83 25 9
15 84 31 15
15 85 33 18
15 86 26 8
15 87 18 15
15 88 33 28
15 89 28 13
15 90 15 30
15 91 19 33
15 92 33 36
15 93 26 18
15 94 23 32
15 95 20 9
15 96 7 35
15 97 7 9
15 98 31 11
15 99 20 31
16 17 34 10
16 18 24 21
16 19 31 15
16 20 19 35
16 21 32 31
16 22 9 10
16 23 12 26
16 24 8 27
16 25 39 17
16 26 25 13
16 27 13 32
16 28 16 29
16 29 24 17
16 30 25 13
16 31 35 23
16 32 40 11
16 33 18 27
16 34 34 14
16 35 11 22
16 36 15 15
16 37 15 7
16 38 32 15
16 39 19 25
16 40 24 39
16 41 35 39
16 42 34 12
16 43 20 33
16 44 36 25
16 45 37 20
16 46 17 34
16 47 30 38
16 48 36 19
16 49 9 19
16 50 32 39
16 51 31 13
16 52 22 7
16 53 31 33
16 54 31 12
16 55 38 7
16 56 13 10
16 57 27 25
16 58 17 8
16 59 37 28
16 60 11 27
16 61 18 33
16 62 25 32
16 63 34 34
16 64 12 35
16 65 36 19
16 66 18 30
16 67 24 30
16 68 23 26
16 69 32 36
16 70 33 10
16 71 7 24
16 72 26 31
16 73 12 22
16 74 38 14
16 75 25 18
16 76 26 22
16 77 39 9
16 78 23 11
16 79 37 17
16 80 39 13
16 81 33 23
16 82 7 28
16 83 29 17
16 84 16 19
16 85 25 10
16 86 33 17
16 87 30 31
16 88 13 25
16 89 7 29
16 90 34 15
16 91 26 24
16 92 19 10
16 93 21 35
16 94 31 17
16 95 19 15
16 96 20 14
16 97 24 20
16 98 14 32
16 99 10 11
17 18 19 25
17 19 38 22
17 20 8 29
17 21 18 35
17 22 32 31
17 23 25 32
17 24 36 15
17 25 33 35
17 26 31 28
17 27 13 14
17 28 11 22
17 29 19 13
17 30 21 10
17 31 24 9
17 32 8 36
17 33 38 36
17 34 29 17
17 35 37 38
17 36 35 29
17 37 26 23
17 38 32 27
17 39 39 31
17 40 39 26
17 41 10 30
17 42 39 29
17 43 14 8
17 44 17 38
17 45 32 20
17 46 33 33
17 47 33 30
17 48 13 29
17 49 25 35
17 50 9 37
17 51 11 9
17 52 35 11
17 53 38 19
17 54 17 37
17 55 27 8
17 56 16 14
17 57 19 30
17 58 28 27
17 59 18 20
17 60 27 24
17 61 10 24
17 62 17 26
17 63 18 28
17 64 14 34
17 65 14 38
17 66 12 31
17 67 8 39
17 68 35 22
17 69 13 22
17 70 20 36
17 71 26 38
17 72 23 38
17 73 21 8
17 74 7 30
17 75 12 13
17 76 31 38
17 77 36 27
17 78 23 15
17 79 22 16
17 80 7 29
17 81 37 19
17 82 16 16
17 83 22 16
17 84 20 20
17 85 33 26
17 86 23 24
17 87 39 25
17 88 13 33
17 89 19 17
17 90 14 38
17 91 28 7
17 92 24 19
17 93 21 31
17 94 22 38
17 95 33 31
17 96 27 16
17 97 32 9
17 98 32 17
17 99 10 10
18 19 32 28
18 20 34 26
18 21 10 16
18 22 28 22
18 23 15 23
18 24 18 8
18 25 23 31
18 26 20 29
18 27 33 9
18 28 11 17
18 29 35 15
18 30 25 23
18 31 19 34
18 32 17 37
18 33 9 11
18 34 37 29
18 35 15 24
18 36 7 19
18 37 20 39
18 38 31 17
18 39 20 30
18 40 32 10
18 41 28 34
18 42 15 23
18 43 23 27
18 44 19 24
18 45 15 37
18 46 36 33
18 47 22 35
18 48 28 12
18 49 17 26
18 50 27 36
18 51 15 26
18 52 25 15
18 53 16 33
18 54 29 34
18 55 8 31
18 56 8 8
18 57 15 11
18 58 27 27
18 59 7 24
18 60 19 18
18 61 25 25
18 62 11 20
18 63 8 20
18 64 37 31
18 65 10 33
18 66 20 37
18 67 18 19
18 68 39 32
18 69 10 22
18 70 37 26
18 71 32 12
18 72 13 16
18 73 35 36
18 74 33 7
18 75 34 32
18 76 15 32
18 77 23 11
18 78 12 22
18 79 10 38
18 80 29 39
18 81 7 10
18 82 10 30
18 83 18 17
18 84 34 36
18 85 32 35
18 86 20 24
18 87 30 11
18 88 26 35
18 89 38 31
18 90 35 28
18 91 19 10
18 92 27 35
18 93 9 23
18 94 10 38
18 95 24 16
18 96 25 7
18 97 38 25
18 98 22 23
18 99 14 9
19 20 22 10
19 21 34 16
19 22 17 29
19 23 9 37
19 24 14 36
19 25 22 38
19 26 8 36
19 27 38 37
19 28 31 25
19 29 12 21
19 30 13 13
19 31 35 16
19 32 24 22
19 33 25 37
19 34 16 8
19 35 20 17
19 36 18 23
19 37 13 22
19 38 21 35
19 39 36 12
19 40 13 12
19 41 7 19
19 42 14 11
19 43 29 14
19 44 9 39
19 45 33 38
19 46 16 10
19 47 22 24
19 48 16 27
19 49 34 22
19 50 36 25
19 51 37 16
19 52 12 19
19 53 12 26
19 54 21 15
19 55 17 9
19 56 39 38
19 57 28 25
19 58 11 23
19 59 19 31
19 60 8 7
19 61 23 27
19 62 16 22
19 63 13 39
19 64 30 26
19 65 23 35
19 66 16 39
19 67 32 30
19 68 31 25
19 69 8 23
19 70 22 33
19 71 13 34
19 72 29 34
19 73 36 30
19 74 15 36
19 75 21 14
19 76 10 21
19 77 12 32
19 78 35 32
19 79 17 38
19 80 12 36
19 81 32 8
19 82 13 15
19 83 39 15
19 84 31 25
19 85 34 21
19 86 30 26
19 87 35 12
19 88 35 12
19 89 24 7
19 90 26 17
19 91 17 11
19 92 11 22
19 93 16 36
19 94 24 23
19 95 19 11
19 96 29 35
19 97 9 39
19 98 17 32
19 99 12 21
20 21 14 32
20 22 22 20
20 23 39 34
20 24 33 35
20 25 25 32
20 26 15 13
20 27 18 37
20 28 34 30
20 29 17 21
20 30 15 24
20 31 34 7
20 32 38 24
20 33 9 12
20 34 22 28
20 35 18 24
20 36 9 9
20 37 34 33
20 38 19 39
20 39 36 17
20 40 38 12
20 41 37 26
20 42 20 36
20 43 36 34
20 44 16 12
20 45 21 28
20 46 23 18
20 47 16 37
20 48 35 39
20 49 17 34
20 50 18 7
20 51 15 17
20 52 33 39
20 53 12 38
20 54 31 38
20 55 11 24
20 56 37 12
20 57 22 22
20 58 21 21
20 59 7 24
20 60 18 8
20 61 30 36
20 62 24 13
20 63 19 9
20 64 20 17
20 65 28 28
20 66 28 16
20 67 23 30
20 68 13 20
20 69 15 30
20 70 7 13
20 71 25 35
20 72 17 16
20 73 12 34
20 74 29 38
20 75 26 17
20 76 34 26
20 77 12 36
20 78 18 21
20 79 14 37
20 80 34 14
20 81 9 24
20 82 37 29
20 83 12 12
20 84 37 22
20 85 28 8
20 86 39 25
20 87 10 35
20 88 19 39
20 89 16 31
20 90 8 39
20 91 21 15
20 92 37 8
20 93 8 18
20 94 16 24
20 95 22 37
20 96 38 39
20 97 23 32
20 98 7 38
20 99 27 38
21 22 13 13
21 23 33 12
21 24 35 39
21 25 21 34
21 26 15 12
21 27 27 18
21 28 11 27
21 29 10 12
21 30 7 7
21 31 27 21
21 32 16 19
21 33 22 34
21 34 28 39
21 35 16 20
21 36 30 22
21 37 33 10
21 38 21 34
21 39 37 17
21 40 28 13
21 41 25 14
21 42 38 34
21 43 34 8
21 44 26 30
21 45 26 8
21 46 18 21
21 47 30 31
21 48 9 28
21 49 13 17
21 50 12 17
21 51 37 16
21 52 11 38
21 53 14 21
21 54 17 14
21 55 25 33
21 56 38 15
21 57 21 20
21 58 11 15
21 59 36 30
21 60 32 16
21 61 13 33
21 62 28 26
21 63 25 31
21 64 32 13
21 65 29 26
21 66 39 11
21 67 36 37
21 68 23 7
21 69 38 18
21 70 37 9
21 71 22 23
21 72 9 20
21 73 22 20
21 74 26 24
21 75 27 30
21 76 21 19
21 77 15 16
21 78 20 28
21 79 27 16
21 80 39 31
21 81 24 23
21 82 28 31
21 83 14 23
21 84 26 9
21 85 8 13
21 86 37 18
21 87 30 33
21 88 28 12
21 89 15 17
21 90 38 31
21 91 29 21
21 92 36 27
21 93 32 21
21 94 21 36
21 95 35 37
21 96 12 24
21 97 14 9
21 98 37 14
21 99 28 33
22 23 33 22
22 24 35 26
22 25 34 38
22 26 8 25
22 27 26 21
22 28 10 26
22 29 16 20
22 30 38 32
22 31 31 20
22 32 10 32
22 33 30 33
22 34 20 18
22 35 25 36
22 36 37 12
22 37 39 12
22 38 22 10
22 39 19 35
22 40 13 8
22 41 32 19
22 42 9 28
22 43 26 34
22 44 9 11
22 45 35 37
22 46 21 33
22 47 38 38
22 48 32 13
22 49 26 16
22 50 36 17
22 51 8 37
22 52 23 14
22 53 29 13
22 54 38 33
22 55 9 13
22 56 15 10
22 57 9 8
22 58 23 9
22 59 22 8
22 60 24 19
22 61 12 26
22 62 18 25
22 63 32 36
22 64 27 23
22 65 13 24
22 66 27 10
22 67 25 16
22 68 29 13
22 69 25 35
22 70 34 35
22 71 27 31
22 72 19 24
22 73 7 33
22 74 36 15
22 75 37 29
22 76 21 9
22 77 28 22
22 78 33 17
22 79 16 8
22 80 29 37
22 81 18 8
22 82 8 37
22 83 15 24
22 84 19 36
22 85 9 16
22 86 30 36
22 87 32 13
22 88 37 28
22 89 29 17
22 90 12 7
22 91 23 7
22 92 18 27
22 93 23 24
22 94 24 35
22 95 19 37
22 96 24 14
22 97 29 20
22 98 36 34
22 99 23 16
23 24 8 14
23 25 29 36
23 26 27 24
23 27 13 24
23 28 36 10
23 29 10 13
23 30 14 11
23 31 10 38
23 32 30 7
23 33 21 36
23 34 15 24
23 35 26 23
23 36 28 11
23 37 33 35
23 38 13 23
23 39 24 17
23 40 36 27
23 41 32 11
23 42 35 18
23 43 31 26
23 44 16 37
23 45 38 28
23 46 39 21
23 47 22 19
23 48 29 28
23 49 18 35
23 50 13 35
23 51 21 37
23 52 35 39
23 53 15 18
23 54 13 33
23 55 23 29
23 56 8 24
23 57 20 26
23 58 34 26
23 59 26 26
23 60 39 12
23 61 38 36
23 62 36 12
23 63 24 16
23 64 39 39
23 65 14 27
23 66 23 24
23 67 34 22
23 68 38 15
23 69 16 33
23 70 19 16
23 71 34 24
23 72 26 18
23 73 9 25
23 74 21 20
23 75 37 36
23 76 18 39
23 77 36 26
23 78 37 17
23 79 21 12
23 80 21 7
23 81 20 29
23 82 33 20
23 83 26 21
23 84 32 37
23 85 15 27
23 86 22 11
23 87 18 17
23 88 21 15
23 89 39 31
23 90 14 39
23 91 9 13
23 92 9 38
23 93 28 31
23 94 12 24
23 95 33 19
23 96 28 15
23 97 21 35
23 98 16 34
23 99 30 13
24 25 10 25
24 26 35 28
24 27 8 30
24 28 39 17
24 29 14 37
24 30 17 12
24 31 13 20
24 32 9 32
24 33 23 29
24 34 7 32
24 35 9 24
24 36 15 8
24 37 21 16
24 38 38 29
24 39 7 9
24 40 7 8
24 41 31 11
24 42 37 36
24 43 13 18
24 44 15 26
24 45 13 19
24 46 27 24
24 47 13 21
24 48 25 35
24 49 24 31
24 50 17 7
24 51 22 34
24 52 7 19
24 53 32 12
24 54 23 8
24 55 12 36
24 56 38 13
24 57 38 21
24 58 32 30
24 59 27 32
24 60 30 34
24 61 31 15
24 62 39 10
24 63 19 14
24 64 31 7
24 65 14 8
24 66 28 37
24 67 35 36
24 68 13 16
24 69 39 7
24 70 33 28
24 71 11 38
24 72 33 19
24 73 32 7
24 74 31 15
24 75 25 38
24 76 11 7
24 77 27 8
24 78 27 12
24 79 13 17
24 80 37 21
24 81 10 20
24 82 19 31
24 83 32 17
24 84 10 16
24 85 11 26
24 86 36 11
24 87 35 21
24 88 9 33
24 89 23 39
24 90 19 23
24 91 25 17
24 92 38 35
24 93 12 24
24 94 12 39
24 95 33 38
24 96 34 28
24 97 39 22
24 98 23 26
24 99 30 29
25 26 39 11
25 27 8 7
25 28 31 16
25 29 32 28
25 30 7 7
25 31 31 35
25 32 22 28
25 33 18 29
25 34 19 36
25 35 22 12
25 36 38 13
25 37 23 20
25 38 37 14
25 39 11 30
25 40 20 35
25 41 23 31
25 42 39 24
25 43 17 33
25 44 37 36
25 45 23 32
25 46 21 11
25 47 7 34
25 48 31 39
25 49 14 19
25 50 34 35
25 51 32 8
25 52 18 38
25 53 38 10
25 54 9 8
25 55 26 29
25 56 32 30
25 57 22 15
25 58 20 19
25 59 27 35
25 60 39 26
25 61 8 30
25 62 8 34
25 63 20 18
25 64 33 33
25 65 39 20
25 66 10 18
25 67 31 37
25 68 8 39
25 69 33 29
25 70 7 32
25 71 26 21
25 72 37 30
25 73 38 7
25 74 32 13
25 75 33 19
25 76 16 26
25 77 29 34
25 78 8 13
25 79 28 19
25 80 21 31
25 81 9 28
25 82 12 22
25 83 13 17
25 84 33 24
25 85 16 27
25 86 13 38
25 87 9 24
25 88 18 24
25 89 27 8
25 90 25 32
25 91 26 8
25 92 35 13
25 93 37 35
25 94 18 25
25 95 33 19
25 96 24 21
25 97 28 36
25 98 36 20
25 99 28 17
26 27 34 39
26 28 34 17
26 29 26 21
26 30 27 19
26 31 10 22
26 32 15 20
26 33 13 29
26 34 8 12
26 35 10 36
26 36 15 21
26 37 17 16
26 38 30 30
26 39 7 13
26 40 25 15
26 41 31 32
26 42 17 13
26 43 25 21
26 44 18 25
26 45 25 7
26 46 34 35
26 47 29 32
26 48 18 37
26 49 36 11
26 50 19 33
26 51 16 34
26 52 32 30
26 53 30 25
26 54 9 11
26 55 16 38
26 56 19 24
26 57 32 36
26 58 13 30
26 59 25 16
26 60 16 13
26 61 19 10
26 62 20 24
26 63 25 18
26 64 28 12
26 65 17 33
26 66 38 17
26 67 24 27
26 68 21 27
26 69 33 10
26 70 18 11
26 71 21 38
26 72 26 17
26 73 17 26
26 74 35 29
26 75 18 17
26 76 15 23
26 77 36 16
26 78 8 7
26 79 20 14
26 80 19 19
26 81 15 26
26 82 34 29
26 83 7 30
26 84 13 14
26 85 24 12
26 86 39 29
26 87 36 37
26 88 30 11
26 89 15 31
26 90 7 34
26 91 39 33
26 92 19 25
26 93 25 35
26 94 23 19
26 95 25 19
26 96 13 18
26 97 24 8
26 98 20 12
26 99 12 20
27 28 13 30
27 29 19 26
27 30 28 14
27 31 9 15
27 32 35 7
27 33 28 24
27 34 33 15
27 35 8 10
27 36 18 14
27 37 9 16
27 38 21 25
27 39 17 13
27 40 38 17
27 41 33 8
27 42 20 19
27 43 8 27
27 44 39 11
27 45 32 10
27 46 15 38
27 47 28 25
27 48 7 36
27 49 24 21
27 50 28 15
27 51 37 16
27 52 11 7
27 53 23 8
27 54 23 29
27 55 39 20
27 56 21 29
27 57 32 14
27 58 29 32
27 59 21 38
27 60 29 38
27 61 36 20
27 62 20 19
27 63 28 19
27 64 19 29
27 65 23 30
27 66 25 13
27 67 10 18
27 68 26 24
27 69 11 35
27 70 12 34
27 71 33 14
27 72 39 39
27 73 38 14
27 74 15 20
27 75 15 11
27 76 11 13
27 77 36 9
27 78 30 17
27 79 15 9
27 80 23 19
27 81 7 12
27 82 14 31
27 83 22 29
27 84 16 14
27 85 18 15
27 86 29 33
27 87 18 11
27 88 32 24
27 89 29 15
27 90 14 16
27 91 36 37
27 92 11 12
27 93 14 30
27 94 39 12
27 95 25 22
27 96 11 16
27 97 16 17
27 98 14 38
27 99 9 28
28 29 11 27
28 30 21 23
28 31 23 23
28 32 12 24
28 33 19 20
28 34 33 22
28 35 34 24
28 36 38 11
28 37 26 22
28 38 11 32
28 39 31 21
28 40 13 35
28 41 17 26
28 42 12 19
28 43 24 30
28 44 37 25
28 45 12 19
28 46 16 32
28 47 26 14
28 48 34 17
28 49 14 35
28 50 27 16
28 51 15 39
28 52 18 26
28 53 16 8
28 54 20 25
28 55 16 18
28 56 16 21
28 57 25 31
28 58 33 16
28 59 30 9
28 60 35 33
28 61 24 20
28 62 22 35
28 63 38 22
28 64 10 12
28 65 34 36
28 66 34 29
28 67 33 23
28 68 38 22
28 69 9 12
28 70 32 21
28 71 20 18
28 72 14 8
28 73 28 11
28 74 9 27
28 75 30 29
28 76 29 19
28 77 23 19
28 78 39 39
28 79 26 26
28 80 26 38
28 81 35 21
28 82 9 13
28 83 39 7
28 84 8 28
28 85 26 13
28 86 27 7
28 87 37 36
28 88 29 39
28 89 18 10
28 90 15 25
28 91 12 7
28 92 20 27
28 93 35 36
28 94 15 21
28 95 10 12
28 96 10 24
28 97 26 26
28 98 30 15
28 99 7 38
29 30 26 21
29 31 25 7
29 32 20 18
29 33 26 19
29 34 34 32
29 35 14 33
29 36 35 33
29 37 12 20
29 38 37 29
29 39 32 18
29 40 30 11
29 41 36 31
29 42 7 20
29 43 16 18
29 44 25 23
29 45 20 24
29 46 38 14
29 47 11 14
29 48 20 9
29 49 39 31
29 50 21 38
29 51 13 9
29 52 17 29
29 53 7 30
29 54 27 9
29 55 10 24
29 56 36 31
29 57 36 34
29 58 10 12
29 59 9 38
29 60 29 15
29 61 20 24
29 62 17 19
29 63 17 7
29 64 39 24
29 65 37 17
29 66 12 14
29 67 24 30
29 68 24 26
29 69 34 12
29 70 7 9
29 71 25 27
29 72 19 25
29 73 13 27
29 74 16 18
29 75 13 11
29 76 21 23
29 77 21 14
29 78 29 12
29 79 28 38
29 80 28 20
29 81 12 32
29 82 15 21
29 83 12 14
29 84 20 27
29 85 36 28
29 86 22 13
29 87 32 10
29 88 8 29
29 89 12 37
29 90 17 28
29 91 8 15
29 92 23 22
29 93 30 10
29 94 37 37
29 95 28 7
29 96 13 34
29 97 34 39
29 98 23 32
29 99 23 39
30 31 23 22
30 32 8 29
30 33 15 37
30 34 19 23
30 35 38 21
30 36 11 13
30 37 23 19
30 38 34 33
30 39 21 30
30 40 16 13
30 41 32 25
30 42 12 23
30 43 16 17
30 44 33 20
30 45 8 23
30 46 7 20
30 47 29 36
30 48 9 23
30 49 12 24
30 50 11 21
30 51 24 38
30 52 20 10
30 53 34 9
30 54 7 17
30 55 20 17
30 56 8 18
30 57 14 13
30 58 37 22
30 59 21 25
30 60 11 21
30 61 13 29
30 62 34 38
30 63 11 30
30 64 28 24
30 65 29 8
30 66 18 30
30 67 27 23
30 68 7 9
30 69 22 34
30 70 29 36
30 71 18 18
30 72 17 10
30 73 32 28
30 74 36 22
30 75 37 12
30 76 24 37
30 77 22 7
30 78 30 9
30 79 36 33
30 80 12 19
30 81 7 25
30 82 27 7
30 83 22 37
30 84 8 8
30 85 8 16
30 86 12 11
30 87 21 29
30 88 35 24
30 89 21 27
30 90 27 20
30 91 13 25
30 92 16 26
30 93 18 10
30 94 16 32
30 95 8 25
30 96 10 38
30 97 34 14
30 98 34 30
30 99 38 26
31 32 21 17
31 33 16 13
31 34 20 19
31 35 27 33
31 36 28 33
31 37 9 24
31 38 28 8
31 39 25 13
31 40 34 38
31 41 8 34
31 42 7 13
31 43 9 30
31 44 29 36
31 45 39 28
31 46 22 14
31 47 36 9
31 48 38 27
31 49 31 34
31 50 30 31
31 51 23 33
31 52 28 17
31 53 29 7
31 54 16 22
31 55 8 18
31 56 32 10
31 57 13 26
31 58 29 12
31 59 36 24
31 60 27 31
31 61 8 29
31 62 23 30
31 63 25 18
31 64 31 24
31 65 35 37
31 66 39 18
31 67 35 24
31 68 23 32
31 69 15 32
31 70 18 20
31 71 37 31
31 72 15 25
31 73 27 22
31 74 39 9
31 75 27 30
31 76 8 13
31 77 26 26
31 78 26 21
31 79 20 14
31 80 35 37
31 81 13 35
31 82 31 34
31 83 25 33
31 84 22 29
31 85 21 21
31 86 24 24
31 87 26 28
31 88 11 17
31 89 35 31
31 90 17 25
31 91 34 34
31 92 24 28
31 93 22 10
31 94 32 11
31 95 31 31
31 96 31 19
31 97 30 12
31 98 31 23
31 99 24 18
32 33 35 8
32 34 8 25
32 35 22 32
32 36 23 30
32 37 36 31
32 38 24 38
32 39 25 35
32 40 9 20
32 41 22 26
32 42 34 20
32 43 33 39
32 44 21 19
32 45 19 15
32 46 32 38
32 47 34 36
32 48 36 30
32 49 20 15
32 50 9 33
32 51 38 19
32 52 24 31
32 53 8 18
32 54 13 32
32 55 13 25
32 56 37 9
32 57 18 29
32 58 39 17
32 59 10 25
32 60 34 36
32 61 33 26
32 62 33 20
32 63 39 10
32 64 35 14
32 65 26 8
32 66 8 16
32 67 8 26
32 68 18 19
32 69 9 14
32 70 9 39
32 71 39 16
32 72 32 27
32 73 24 27
32 74 31 36
32 75 25 10
32 76 16 28
32 77 38 36
32 78 37 38
32 79 13 16
32 80 16 35
32 81 16 18
32 82 14 21
32 83 9 30
32 84 17 23
32 85 9 30
32 86 32 38
32 87 17 18
32 88 19 31
32 89 23 23
32 90 38 28
32 91 10 13
32 92 21 16
32 93 18 23
32 94 37 17
32 95 36 35
32 96 12 20
32 97 39 13
32 98 36 20
32 99 31 28
33 34 15 32
33 35 38 39
33 36 18 24
33 37 13 24
33 38 25 28
33 39 26 16
33 40 35 26
33 41 37 26
33 42 20 8
33 43 23 17
33 44 32 17
33 45 12 32
33 46 36 14
33 47 30 29
33 48 15 36
33 49 24 26
33 50 22 21
33 51 25 30
33 52 8 13
33 53 24 10
33 54 11 12
33 55 33 18
33 56 14 39
33 57 7 8
33 58 34 7
33 59 7 13
33 60 38 29
33 61 29 8
33 62 14 37
33 63 39 12
33 64 11 13
33 65 23 7
33 66 10 25
33 67 9 14
33 68 31 13
33 69 33 20
33 70 10 9
33 71 22 37
33 72 7 35
33 73 14 22
33 74 8 10
33 75 20 19
33 76 19 15
33 77 7 19
33 78 22 26
33 79 10 15
33 80 24 12
33 81 38 17
33 82 39 22
33 83 32 31
33 84 36 10
33 85 34 22
33 86 36 12
33 87 35 34
33 88 24 9
33 89 10 31
33 90 35 23
33 91 30 19
33 92 14 20
33 93 14 28
33 94 15 9
33 95 22 37
33 96 37 23
33 97 21 37
33 98 39 21
33 99 8 15
34 35 31 24
34 36 39 37
34 37 24 10
34 38 20 12
34 39 16 16
34 40 32 38
34 41 30 9
34 42 25 29
34 43 15 14
34 44 7 33
34 45 26 37
34 46 15 18
34 47 21 13
34 48 12 25
34 49 22 35
34 50 29 22
34 51 23 36
34 52 25 38
34 53 10 9
34 54 12 28
34 55 13 20
34 56 19 22
34 57 19 32
34 58 28 31
34 59 26 12
34 60 23 39
34 61 29 15
34 62 26 37
34 63 36 13
34 64 13 29
34 65 26 10
34 66 21 19
34 67 12 9
34 68 26 26
34 69 26 11
34 70 16 38
34 71 21 7
34 72 17 36
34 73 36 20
34 74 36 27
34 75 15 27
34 76 31 17
34 77 27 31
34 78 39 26
34 79 38 38
34 80 27 37
34 81 22 17
34 82 9 31
34 83 22 35
34 84 37 12
34 85 19 14
34 86 24 33
34 87 8 24
34 88 16 28
34 89 29 33
34 90 17 22
34 91 16 16
34 92 22 13
34 93 14 30
34 94 39 25
34 95 23 34
34 96 16 10
34 97 26 24
34 98 39 31
34 99 12 38
35 36 35 11
35 37 33 39
35 38 15 9
35 39 33 37
35 40 12 21
35 41 8 23
35 42 7 11
35 43 35 18
35 44 27 10
35 45 19 33
35 46 38 32
35 47 20 13
35 48 15 29
35 49 8 39
35 50 14 39
35 51 16 17
35 52 25 35
35 53 22 38
35 54 26 23
35 55 11 34
35 56 24 28
35 57 30 8
35 58 20 37
35 59 22 10
35 60 18 27
35 61 29 8
35 62 33 22
35 63 23 35
35 64 31 7
35 65 30 36
35 66 24 30
35 67 22 10
35 68 15 22
35 69 23 29
35 70 12 24
35 71 30 28
35 72 26 19
35 73 22 16
35 74 22 18
35 75 30 10
35 76 15 7
35 77 30 31
35 78 20 32
35 79 36 9
35 80 22 24
35 81 19 26
35 82 32 7
35 83 14 13
35 84 39 24
35 85 24 33
35 86 26 28
35 87 12 31
35 88 17 13
35 89 34 32
35 90 12 10
35 91 13 10
35 92 7 33
35 93 31 13
35 94 21 7
35 95 9 31
35 96 33 15
35 97 19 34
35 98 30 39
35 99 39 37
36 37 27 39
36 38 14 17
36 39 38 32
36 40 25 15
36 41 22 8
36 42 29 29
36 43 32 30
36 44 19 25
36 45 36 29
36 46 11 31
36 47 17 27
36 48 15 15
36 49 28 28
36 50 25 11
36 51 27 38
36 52 19 32
36 53 15 16
36 54 18 18
36 55 32 35
36 56 38 13
36 57 38 20
36 58 16 20
36 59 21 27
36 60 20 33
36 61 13 13
36 62 39 7
36 63 27 38
36 64 19 29
36 65 25 9
36 66 35 35
36 67 11 10
36 68 10 29
36 69 36 36
36 70 38 8
36 71 10 37
36 72 23 13
36 73 27 24
36 74 14 32
36 75 30 7
36 76 37 28
36 77 11 35
36 78 34 22
36 79 15 31
36 80 19 25
36 81 12 22
36 82 9 17
36 83 16 19
36 84 12 34
36 85 33 18
36 86 25 8
36 87 35 19
36 88 35 21
36 89 11 29
36 90 37 16
36 91 17 16
36 92 13 21
36 93 35 11
36 94 13 16
36 95 23 31
36 96 15 24
36 97 13 30
36 98 15 34
36 99 23 18
37 38 34 9
37 39 10 22
37 40 30 32
37 41 16 30
37 42 22 10
37 43 30 35
37 44 17 13
37 45 37 33
37 46 8 13
37 47 29 16
37 48 32 35
37 49 18 39
37 50 30 17
37 51 10 34
37 52 22 20
37 53 17 28
37 54 18 30
37 55 37 32
37 56 36 35
37 57 35 22
37 58 39 22
37 59 26 24
37 60 23 28
37 61 31 24
37 62 30 22
37 63 25 19
37 64 9 29
37 65 17 13
37 66 16 35
37 67 22 29
37 68 26 26
37 69 29 19
37 70 15 7
37 71 35 10
37 72 35 11
37 73 27 30
37 74 31 9
37 75 16 29
37 76 21 21
37 77 26 37
37 78 25 16
37 79 13 36
37 80 8 34
37 81 34 14
37 82 13 13
37 83 38 12
37 84 31 7
37 85 14 13
37 86 36 8
37 87 23 26
37 88 37 7
37 89 7 29
37 90 17 17
37 91 24 13
37 92 35 18
37 93 19 29
37 94 28 21
37 95 36 21
37 96 29 14
37 97 9 34
37 98 12 17
37 99 16 20
38 39 38 32
38 40 35 20
38 41 30 23
38 42 22 25
38 43 39 18
38 44 23 29
38 45 26 32
38 46 17 17
38 47 16 7
38 48 37 19
38 49 12 16
38 50 33 20
38 51 22 33
38 52 33 17
38 53 22 36
38 54 36 34
38 55 28 18
38 56 35 30
38 57 28 19
38 58 19 10
38 59 26 38
38 60 39 7
38 61 29 30
38 62 8 31
38 63 34 35
38 64 30 33
38 65 27 11
38 66 13 7
38 67 21 9
38 68 15 32
38 69 18 37
38 70 22 13
38 71 18 31
38 72 25 36
38 73 33 14
38 74 27 34
38 75 36 26
38 76 30 27
38 77 38 7
38 78 12 7
38 79 29 35
38 80 13 39
38 81 39 30
38 82 28 33
38 83 22 14
38 84 27 26
38 85 12 15
38 86 35 7
38 87 31 16
38 88 29 37
38 89 27 18
38 90 7 32
38 91 29 30
38 92 36 30
38 93 29 38
38 94 31 21
38 95 30 9
38 96 8 25
38 97 37 25
38 98 20 26
38 99 30 29
39 40 14 8
39 41 39 39
39 42 38 30
39 43 23 14
39 44 18 35
39 45 20 13
39 46 36 15
39 47 19 25
39 48 14 25
39 49 28 14
39 50 23 24
39 51 15 26
39 52 20 24
39 53 11 12
39 54 25 22
39 55 16 13
39 56 38 20
39 57 32 10
39 58 39 30
39 59 30 22
39 60 20 31
39 61 39 39
39 62 21 25
39 63 34 39
39 64 29 7
39 65 20 10
39 66 13 30
39 67 7 10
39 68 38 11
39 69 30 18
39 70 27 25
39 71 34 37
39 72 21 9
39 73 8 10
39 74 35 39
39 75 22 9
39 76 14 7
39 77 38 39
39 78 36 24
39 79 14 29
39 80 35 27
39 81 28 34
39 82 14 16
39 83 33 35
39 84 16 30
39 85 18 9
39 86 34 33
39 87 8 15
39 88 38 35
39 89 14 19
39 90 38 13
39 91 32 21
39 92 12 24
39 93 23 17
39 94 31 35
39 95 34 7
39 96 18 24
39 97 8 30
39 98 31 20
39 99 26 24
40 41 35 17
40 42 21 36
40 43 10 35
40 44 39 20
40 45 34 34
40 46 19 24
40 47 39 20
40 48 15 15
40 49 28 24
40 50 28 35
40 51 8 34
40 52 7 28
40 53 20 7
40 54 11 24
40 55 9 20
40 56 24 19
40 57 38 18
40 58 14 37
40 59 12 33
40 60 21 17
40 61 24 36
40 62 36 7
40 63 19 35
40 64 12 11
40 65 24 39
40 66 37 17
40 67 37 39
40 68 17 19
40 69 21 23
40 70 7 14
40 71 31 9
40 72 13 34
40 73 29 23
40 74 36 23
40 75 24 19
40 76 12 20
40 77 8 37
40 78 19 20
40 79 35 16
40 80 32 14
40 81 12 30
40 82 7 27
40 83 32 14
40 84 38 15
40 85 32 19
40 86 23 23
40 87 29 19
40 88 30 20
40 89 11 34
40 90 21 36
40 91 17 18
40 92 29 32
40 93 7 19
40 94 16 30
40 95 39 17
40 96 17 36
40 97 16 13
40 98 14 21
40 99 28 23
41 42 31 23
41 43 13 16
41 44 12 19
41 45 37 34
41 46 18 23
41 47 14 28
41 48 11 33
41 49 30 33
41 50 33 19
41 51 30 11
41 52 36 7
41 53 24 9
41 54 21 18
41 55 31 28
41 56 11 27
41 57 31 20
41 58 29 21
41 59 16 15
41 60 15 37
41 61 24 32
41 62 18 15
41 63 32 30
41 64 8 32
41 65 31 11
41 66 11 37
41 67 15 14
41 68 33 26
41 69 10 30
41 70 29 30
41 71 25 38
41 72 18 31
41 73 20 17
41 74 15 24
41 75 33 35
41 76 8 35
41 77 28 32
41 78 30 24
41 79 31 11
41 80 13 16
41 81 35 16
41 82 39 17
41 83 14 17
41 84 38 13
41 85 13 27
41 86 9 17
41 87 15 26
41 88 8 30
41 89 35 23
41 90 25 7
41 91 13 17
41 92 13 28
41 93 20 23
41 94 29 39
41 95 39 30
41 96 32 20
41 97 33 36
41 98 23 18
41 99 22 33
42 43 19 8
42 44 12 26
42 45 36 37
42 46 35 15
42 47 11 26
42 48 25 16
42 49 39 38
42 50 12 28
42 51 22 32
42 52 36 35
42 53 20 20
42 54 18 38
42 55 35 39
42 56 17 35
42 57 14 16
42 58 30 36
42 59 12 28
42 60 17 18
42 61 14 25
42 62 13 37
42 63 9 31
42 64 36 35
42 65 15 17
42 66 10 17
42 67 34 19
42 68 11 38
42 69 25 19
42 70 28 21
42 71 15 29
42 72 39 32
42 73 14 22
42 74 11 39
42 75 26 8
42 76 37 13
42 77 23 39
42 78 38 33
42 79 19 31
42 80 25 11
42 81 8 15
42 82 20 24
42 83 31 28
42 84 16 37
42 85 8 23
42 86 26 12
42 87 32 29
42 88 22 15
42 89 26 30
42 90 32 39
42 91 21 21
42 92 34 8
42 93 22 13
42 94 32 15
42 95 8 30
42 96 32 24
42 97 19 27
42 98 25 34
42 99 32 14
43 44 19 15
43 45 16 23
43 46 26 26
43 47 7 11
43 48 17 20
43 49 26 33
43 50 18 30
43 51 11 11
43 52 9 28
43 53 37 35
43 54 17 20
43 55 12 20
43 56 20 36
43 57 13 32
43 58 22 20
43 59 9 15
43 60 8 37
43 61 24 8
43 62 39 7
43 63 27 28
43 64 33 18
43 65 16 38
43 66 32 22
43 67 24 12
43 68 29 8
43 69 19 25
43 70 30 20
43 71 16 17
43 72 8 13
43 73 37 13
43 74 21 38
43 75 10 12
43 76 35 9
43 77 24 18
43 78 33 22
43 79 20 19
43 80 29 37
43 81 21 32
43 82 7 14
43 83 19 11
43 84 30 30
43 85 33 28
43 86 18 15
43 87 7 16
43 88 36 39
43 89 20 19
43 90 13 37
43 91 12 10
43 92 18 23
43 93 38 26
43 94 11 33
43 95 20 11
43 96 33 30
43 97 27 33
43 98 8 16
43 99 22 38
44 45 25 23
44 46 15 19
44 47 18 13
44 48 14 13
44 49 14 25
44 50 8 11
44 51 8 25
44 52 16 28
44 53 22 29
44 54 10 14
44 55 8 7
44 56 26 23
44 57 35 39
44 58 29 20
44 59 24 9
44 60 11 29
44 61 15 29
44 62 14 19
44 63 32 8
44 64 25 23
44 65 34 7
44 66 25 21
44 67 39 16
44 68 25 34
44 69 10 35
44 70 23 22
44 71 25 38
44 72 23 36
44 73 36 12
44 74 10 13
44 75 11 35
44 76 18 31
44 77 38 26
44 78 19 13
44 79 11 13
44 80 11 29
44 81 20 39
44 82 11 11
44 83 23 35
44 84 35 26
44 85 37 14
44 86 26 34
44 87 33 9
44 88 21 31
44 89 19 18
44 90 28 30
44 91 34 11
44 92 38 19
44 93 19 19
44 94 20 27
44 95 9 33
44 96 32 17
44 97 34 9
44 98 33 10
44 99 7 25
45 46 31 38
45 47 39 36
45 48 12 17
45 49 16 16
45 50 38 7
45 51 27 18
45 52 34 7
45 53 11 18
45 54 35 33
45 55 16 8
45 56 39 39
45 57 26 28
45 58 29 29
45 59 29 31
45 60 20 33
45 61 35 28
45 62 36 9
45 63 36 16
45 64 23 15
45 65 26 9
45 66 22 10
45 67 31 23
45 68 20 27
45 69 16 25
45 70 32 32
45 71 39 23
45 72 29 12
45 73 10 22
45 74 14 21
45 75 28 28
45 76 31 30
45 77 17 32
45 78 12 24
45 79 34 13
45 80 31 11
45 81 7 17
45 82 19 27
45 83 32 14
45 84 30 20
45 85 24 33
45 86 11 17
45 87 35 36
45 88 19 17
45 89 9 36
45 90 11 32
45 91 12 26
45 92 11 27
45 93 10 8
45 94 38 20
45 95 17 21
45 96 33 7
45 97 12 26
45 98 15 28
45 99 20 29
46 47 19 34
46 48 16 39
46 49 38 34
46 50 12 21
46 51 14 32
46 52 9 38
46 53 26 27
46 54 23 31
46 55 28 20
46 56 35 11
46 57 23 7
46 58 15 31
46 59 23 8
46 60 10 11
46 61 28 12
46 62 30 34
46 63 24 9
46 64 14 24
46 65 39 31
46 66 37 14
46 67 36 39
46 68 9 22
46 69 39 9
46 70 20 30
46 71 30 31
46 72 8 30
46 73 37 11
46 74 22 23
46 75 32 38
46 76 19 34
46 77 24 21
46 78 22 12
46 79 33 21
46 80 8 30
46 81 23 7
46 82 10 21
46 83 15 32
46 84 38 31
46 85 8 37
46 86 21 22
46 87 28 27
46 88 15 10
46 89 34 15
46 90 27 27
46 91 18 22
46 92 23 19
46 93 16 23
46 94 24 7
46 95 29 24
46 96 20 26
46 97 7 15
46 98 39 15
46 99 27 10
47 48 25 34
47 49 10 34
47 50 34 17
47 51 9 33
47 52 33 30
47 53 14 39
47 54 29 23
47 55 12 13
47 56 24 20
47 57 10 24
47 58 35 37
47 59 35 12
47 60 25 15
47 61 18 17
47 62 26 16
47 63 33 16
47 64 8 22
47 65 31 37
47 66 17 11
47 67 13 11
47 68 26 39
47 69 20 27
47 70 12 13
47 71 23 28
47 72 11 21
47 73 34 33
47 74 31 28
47 75 22 34
47 76 38 22
47 77 14 24
47 78 30 22
47 79 36 32
47 80 19 29
47 81 9 17
47 82 36 16
47 83 29 29
47 84 7 17
47 85 7 7
47 86 24 14
47 87 30 20
47 88 11 21
47 89 27 38
47 90 35 25
47 91 16 38
47 92 21 30
47 93 33 31
47 94 35 25
47 95 16 9
47 96 14 22
47 97 13 21
47 98 28 25
47 99 33 22
48 49 14 12
48 50 7 16
48 51 33 21
48 52 16 17
48 53 15 31
48 54 13 39
48 55 33 12
48 56 29 30
48 57 30 8
48 58 39 25
48 59 15 7
48 60 37 33
48 61 12 18
48 62 34 24
48 63 18 14
48 64 8 25
48 65 39 17
48 66 14 37
48 67 26 19
48 68 7 23
48 69 35 18
48 70 29 32
48 71 13 26
48 72 30 26
48 73 16 21
48 74 9 22
48 75 19 33
48 76 36 36
48 77 35 33
48 78 17 34
48 79 21 25
48 80 19 21
48 81 31 24
48 82 16 33
48 83 8 20
48 84 28 23
48 85 28 15
48 86 39 27
48 87 38 20
48 88 39 12
48 89 29 37
48 90 18 23
48 91 11 17
48 92 37 7
48 93 16 28
48 94 26 13
48 95 27 19
48 96 30 13
48 97 29 7
48 98 24 39
48 99 39 17
49 50 10 28
49 51 27 13
49 52 18 38
49 53 31 18
49 54 39 31
49 55 10 21
49 56 36 23
49 57 31 31
49 58 11 8
49 59 28 11
49 60 15 23
49 61 10 12
49 62 37 15
49 63 33 22
49 64 35 31
49 65 26 26
49 66 7 33
49 67 32 36
49 68 19 21
49 69 25 11
49 70 26 13
49 71 37 30
49 72 26 24
49 73 8 36
49 74 20 19
49 75 12 28
49 76 39 18
49 77 18 20
49 78 30 19
49 79 36 24
49 80 33 13
49 81 22 34
49 82 20 38
49 83 39 26
49 84 17 37
49 85 21 33
49 86 23 14
49 87 12 29
49 88 12 25
49 89 32 24
49 90 36 33
49 91 21 32
49 92 21 38
49 93 17 16
49 94 22 20
49 95 9 33
49 96 24 37
49 97 31 28
49 98 20 19
49 99 29 19
50 51 30 17
50 52 14 30
50 53 22 18
50 54 28 38
50 55 34 24
50 56 33 38
50 57 35 15
50 58 30 11
50 59 28 27
50 60 9 27
50 61 10 23
50 62 13 27
50 63 26 19
50 64 20 7
50 65 14 36
50 66 18 30
50 67 7 38
50 68 20 20
50 69 20 14
50 70 9 15
50 71 11 38
50 72 38 18
50 73 28 33
50 74 21 15
50 75 31 24
50 76 22 16
50 77 16 32
50 78 8 24
50 79 8 18
50 80 13 39
50 81 24 16
50 82 23 38
50 83 37 14
50 84 12 19
50 85 10 32
50 86 36 29
50 87 30 33
50 88 19 34
50 89 14 37
50 90 16 8
50 91 22 26
50 92 33 39
50 93 15 28
50 94 18 32
50 95 34 15
50 96 12 19
50 97 15 21
50 98 16 23
50 99 26 23
51 52 33 20
51 53 22 23
51 54 14 19
51 55 32 8
51 56 9 21
51 57 36 33
51 58 20 7
51 59 23 38
51 60 17 37
51 61 10 7
51 62 39 30
51 63 36 8
51 64 31 37
51 65 35 13
51 66 31 13
51 67 32 21
51 68 37 23
51 69 30 29
51 70 33 15
51 71 32 37
51 72 31 14
51 73 38 21
51 74 21 33
51 75 30 10
51 76 15 30
51 77 27 17
51 78 12 38
51 79 7 13
51 80 19 24
51 81 13 13
51 82 31 29
51 83 35 9
51 84 32 36
51 85 22 12
51 86 14 23
51 87 22 12
51 88 17 20
51 89 10 13
51 90 14 35
51 91 37 28
51 92 13 39
51 93 37 9
51 94 19 16
51 95 18 22
51 96 26 13
51 97 28 13
51 98 37 24
51 99 21 32
52 53 16 34
52 54 32 35
52 55 25 26
52 56 37 31
52 57 34 21
52 58 12 21
52 59 15 18
52 60 27 8
52 61 7 11
52 62 17 17
52 63 31 18
52 64 27 39
52 65 27 31
52 66 26 13
52 67 27 31
52 68 35 23
52 69 32 35
52 70 34 23
52 71 26 24
52 72 25 34
52 73 37 15
52 74 31 8
52 75 8 7
52 76 39 22
52 77 23 22
52 78 33 19
52 79 12 29
52 80 8 34
52 81 38 7
52 82 18 19
52 83 14 34
52 84 9 20
52 85 18 14
52 86 23 37
52 87 35 35
52 88 9 27
52 89 16 35
52 90 16 18
52 91 35 33
52 92 25 12
52 93 39 37
52 94 13 8
52 95 7 18
52 96 8 17
52 97 39 9
52 98 16 25
52 99 12 11
53 54 26 38
53 55 30 25
53 56 37 20
53 57 29 25
53 58 11 9
53 59 30 23
53 60 37 11
53 61 26 21
53 62 34 23
53 63 25 13
53 64 15 19
53 65 18 36
53 66 14 11
53 67 39 27
53 68 35 7
53 69 25 13
53 70 32 38
53 71 25 12
53 72 37 34
53 73 25 37
53 74 9 35
53 75 7 7
53 76 20 32
53 77 13 20
53 78 36 34
53 79 13 39
53 80 13 32
53 81 37 7
53 82 13 20
53 83 18 24
53 84 19 14
53 85 23 32
53 86 28 18
53 87 23 38
53 88 13 23
53 89 25 10
53 90 29 26
53 91 31 14
53 92 18 23
53 93 28 25
53 94 38 17
53 95 18 26
53 96 37 21
53 97 39 14
53 98 8 38
53 99 25 34
54 55 10 33
54 56 24 14
54 57 32 11
54 58 22 32
54 59 17 21
54 60 30 17
54 61 9 39
54 62 33 18
54 63 31 9
54 64 27 16
54 65 20 12
54 66 28 22
54 67 36 34
54 68 35 20
54 69 17 12
54 70 30 38
54 71 14 12
54 72 34 32
54 73 38 12
54 74 36 25
54 75 20 29
54 76 30 11
54 77 13 17
54 78 8 16
54 79 8 39
54 80 21 25
54 81 20 15
54 82 38 17
54 83 7 15
54 84 30 21
54 85 15 26
54 86 31 20
54 87 26 9
54 88 34 32
54 89 8 15
54 90 21 17
54 91 38 10
54 92 35 18
54 93 8 31
54 94 31 24
54 95 36 18
54 96 23 12
54 97 12 37
54 98 9 23
54 99 18 31
55 56 26 11
55 57 23 8
55 58 19 32
55 59 20 38
55 60 28 18
55 61 7 18
55 62 10 7
55 63 34 18
55 64 27 14
55 65 17 18
55 66 20 25
55 67 37 9
55 68 33 31
55 69 31 26
55 70 16 36
55 71 26 32
55 72 12 23
55 73 35 26
55 74 32 27
55 75 7 19
55 76 17 8
55 77 39 37
55 78 8 25
55 79 9 20
55 80 7 9
55 81 26 17
55 82 7 11
55 83 15 14
55 84 16 38
55 85 8 31
55 86 38 35
55 87 26 36
55 88 14 14
55 89 31 34
55 90 19 15
55 91 39 22
55 92 34 11
55 93 19 29
55 94 22 28
55 95 20 10
55 96 18 24
55 97 31 7
55 98 38 31
55 99 11 18
56 57 26 24
56 58 11 27
56 59 32 17
56 60 22 35
56 61 27 9
56 62 33 36
56 63 14 25
56 64 9 38
56 65 31 14
56 66 27 28
56 67 28 22
56 68 37 34
56 69 35 18
56 70 28 24
56 71 23 15
56 72 18 21
56 73 39 27
56 74 10 15
56 75 38 23
56 76 35 31
56 77 26 33
56 78 30 24
56 79 28 29
56 80 28 15
56 81 28 12
56 82 25 31
56 83 12 26
56 84 31 11
56 85 37 10
56 86 22 15
56 87 12 31
56 88 24 38
56 89 17 24
56 90 12 27
56 91 9 28
56 92 22 18
56 93 15 10
56 94 33 24
56 95 39 13
56 96 31 32
56 97 21 24
56 98 34 20
56 99 32 12
57 58 39 37
57 59 14 9
57 60 39 23
57 61 8 37
57 62 33 25
57 63 11 22
57 64 34 32
57 65 22 27
57 66 11 12
57 67 24 7
57 68 26 14
57 69 10 24
57 70 18 35
57 71 24 35
57 72 15 22
57 73 16 32
57 74 38 22
57 75 20 20
57 76 14 28
57 77 8 34
57 78 35 11
57 79 12 14
57 80 18 8
57 81 26 24
57 82 12 29
57 83 19 31
57 84 29 39
57 85 31 31
57 86 19 20
57 87 36 10
57 88 28 35
57 89 28 17
57 90 22 18
57 91 8 13
57 92 33 24
57 93 24 37
57 94 33 36
57 95 38 27
57 96 36 21
57 97 11 34
57 98 14 39
57 99 31 24
58 59 39 8
58 60 22 24
58 61 29 12
58 62 32 35
58 63 11 22
58 64 27 11
58 65 35 17
58 66 35 31
58 67 36 13
58 68 15 12
58 69 39 34
58 70 27 19
58 71 39 30
58 72 10 31
58 73 36 37
58 74 20 11
58 75 22 11
58 76 36 15
58 77 38 10
58 78 39 8
58 79 28 15
58 80 14 12
58 81 31 27
58 82 33 14
58 83 9 38
58 84 25 21
58 85 8 15
58 86 17 37
58 87 22 10
58 88 36 18
58 89 15 11
58 90 12 8
58 91 9 10
58 92 10 14
58 93 39 16
58 94 26 38
58 95 37 17
58 96 18 29
58 97 36 17
58 98 18 18
58 99 18 30
59 60 26 8
59 61 36 29
59 62 22 39
59 63 18 23
59 64 17 36
59 65 36 13
59 66 21 11
59 67 19 37
59 68 39 12
59 69 18 23
59 70 23 28
59 71 18 26
59 72 24 19
59 73 9 23
59 74 32 20
59 75 27 39
59 76 34 9
59 77 11 13
59 78 21 9
59 79 36 11
59 80 12 16
59 81 18 20
59 82 32 9
59 83 22 37
59 84 37 33
59 85 28 13
59 86 27 38
59 87 30 20
59 88 11 9
59 89 17 26
59 90 20 39
59 91 7 28
59 92 12 12
59 93 29 16
59 94 15 21
59 95 20 8
59 96 37 24
59 97 34 12
59 98 24 16
59 99 29 30
60 61 19 32
60 62 30 20
60 63 28 27
60 64 29 31
60 65 37 33
60 66 21 23
60 67 32 35
60 68 22 38
60 69 11 12
60 70 24 26
60 71 35 32
60 72 28 26
60 73 25 29
60 74 17 9
60 75 27 23
60 76 19 39
60 77 13 32
60 78 15 36
60 79 24 12
60 80 26 9
60 81 27 31
60 82 36 19
60 83 22 32
60 84 35 31
60 85 20 11
60 86 28 7
60 87 22 38
60 88 22 28
60 89 32 39
60 90 19 38
60 91 12 28
60 92 17 27
60 93 28 11
60 94 16 22
60 95 20 18
60 96 28 28
60 97 8 14
60 98 19 18
60 99 38 27
61 62 32 33
61 63 11 36
61 64 12 18
61 65 27 29
61 66 11 14
61 67 33 24
61 68 29 34
61 69 7 16
61 70 18 39
61 71 37 15
61 72 38 36
61 73 28 10
61 74 30 11
61 75 7 20
61 76 13 39
61 77 36 32
61 78 13 14
61 79 35 18
61 80 32 20
61 81 30 28
61 82 20 35
61 83 38 30
61 84 32 25
61 85 31 30
61 86 20 30
61 87 18 30
61 88 25 21
61 89 28 9
61 90 13 8
61 91 14 30
61 92 20 20
61 93 17 20
61 94 31 10
61 95 7 32
61 96 31 8
61 97 28 11
61 98 20 15
61 99 34 27
62 63 36 15
62 64 38 11
62 65 18 34
62 66 35 16
62 67 30 17
62 68 24 11
62 69 22 32
62 70 34 20
62 71 28 11
62 72 11 13
62 73 22 9
62 74 39 24
62 75 34 33
62 76 15 12
62 77 21 22
62 78 9 29
62 79 7 11
62 80 31 38
62 81 17 22
62 82 22 30
62 83 13 31
62 84 34 23
62 85 26 38
62 86 30 13
62 87 38 28
62 88 28 38
62 89 15 14
62 90 30 33
62 91 32 28
62 92 17 12
62 93 29 24
62 94 17 8
62 95 33 21
62 96 21 34
62 97 38 29
62 98 37 7
62 99 35 38
63 64 8 26
63 65 37 9
63 66 9 37
63 67 31 37
63 68 23 37
63 69 38 16
63 70 10 36
63 71 12 30
63 72 35 15
63 73 22 29
63 74 35 7
63 75 33 33
63 76 13 29
63 77 17 12
63 78 23 8
63 79 19 7
63 80 24 31
63 81 15 16
63 82 34 17
63 83 30 18
63 84 29 26
63 85 26 31
63 86 15 28
63 87 33 11
63 88 34 10
63 89 31 35
63 90 26 20
63 91 14 35
63 92 21 22
63 93 38 36
63 94 7 15
63 95 11 20
63 96 15 38
63 97 28 36
63 98 27 31
63 99 39 15
64 65 37 35
64 66 38 14
64 67 38 21
64 68 14 29
64 69 21 39
64 70 21 17
64 71 38 7
64 72 9 26
64 73 31 16
64 74 28 27
64 75 21 26
64 76 21 16
64 77 7 17
64 78 33 39
64 79 12 34
64 80 16 38
64 81 8 36
64 82 8 19
64 83 7 16
64 84 9 13
64 85 11 24
64 86 20 18
64 87 8 38
64 88 14 22
64 89 39 21
64 90 11 9
64 91 38 29
64 92 24 9
64 93 11 23
64 94 14 9
64 95 36 36
64 96 22 22
64 97 31 17
64 98 22 22
64 99 31 16
65 66 23 36
65 67 17 21
65 68 11 29
65 69 33 17
65 70 7 20
65 71 33 20
65 72 36 31
65 73 26 23
65 74 26 29
65 75 19 19
65 76 25 27
65 77 9 38
65 78 10 26
65 79 11 32
65 80 29 13
65 81 20 37
65 82 32 29
65 83 33 31
65 84 38 22
65 85 10 14
65 86 33 38
65 87 21 28
65 88 10 9
65 89 22 13
65 90 39 26
65 91 11 19
65 92 11 25
65 93 30 34
65 94 15 28
65 95 38 33
65 96 33 24
65 97 32 36
65 98 35 23
65 99 9 15
66 67 13 37
66 68 12 35
66 69 34 17
66 70 10 24
66 71 30 32
66 72 27 15
66 73 29 39
66 74 26 29
66 75 7 8
66 76 31 24
66 77 38 34
66 78 10 12
66 79 20 10
66 80 32 24
66 81 37 10
66 82 9 25
66 83 38 35
66 84 18 38
66 85 7 35
66 86 10 31
66 87 26 21
66 88 27 38
66 89 15 27
66 90 36 26
66 91 26 31
66 92 28 24
66 93 20 33
66 94 22 36
66 95 29 18
66 96 16 14
66 97 14 21
66 98 24 16
66 99 22 24
67 68 12 22
67 69 31 21
67 70 29 35
67 71 29 31
67 72 23 9
67 73 21 17
67 74 28 26
67 75 18 8
67 76 13 16
67 77 24 20
67 78 15 34
67 79 37 12
67 80 13 33
67 81 39 26
67 82 37 16
67 83 23 17
67 84 26 9
67 85 27 31
67 86 31 17
67 87 36 32
67 88 17 20
67 89 32 21
67 90 30 24
67 91 19 18
67 92 26 17
67 93 20 21
67 94 33 12
67 95 13 18
67 96 17 20
67 97 35 39
67 98 36 14
67 99 29 39
68 69 36 24
68 70 33 35
68 71 24 36
68 72 30 22
68 73 7 11
68 74 26 38
68 75 30 33
68 76 32 8
68 77 30 11
68 78 7 39
68 79 11 9
68 80 37 26
68 81 11 19
68 82 16 28
68 83 31 25
68 84 19 39
68 85 22 7
68 86 13 9
68 87 25 11
68 88 38 26
68 89 16 32
68 90 9 32
68 91 38 14
68 92 13 29
68 93 8 20
68 94 32 17
68 95 39 25
68 96 18 10
68 97 37 16
68 98 38 35
68 99 16 25
69 70 37 34
69 71 28 22
69 72 30 13
69 73 18 38
69 74 19 32
69 75 20 24
69 76 23 37
69 77 33 17
69 78 16 17
69 79 35 25
69 80 28 23
69 81 7 23
69 82 14 32
69 83 37 18
69 84 10 13
69 85 29 21
69 86 35 22
69 87 9 12
69 88 37 31
69 89 36 23
69 90 39 21
69 91 35 21
69 92 30 12
69 93 38 25
69 94 28 23
69 95 33 7
69 96 27 21
69 97 18 26
69 98 13 39
69 99 14 29
70 71 13 20
70 72 21 19
70 73 29 7
70 74 24 36
70 75 8 28
70 76 12 14
70 77 7 17
70 78 28 17
70 79 28 30
70 80 30 33
70 81 20 37
70 82 13 8
70 83 22 27
70 84 32 22
70 85 33 32
70 86 15 35
70 87 28 31
70 88 22 24
70 89 9 26
70 90 39 10
70 91 35 25
70 92 30 12
70 93 36 35
70 94 34 23
70 95 10 29
70 96 18 14
70 97 22 7
70 98 20 13
70 99 39 17
71 72 25 8
71 73 35 36
71 74 26 17
71 75 7 7
71 76 39 26
71 77 13 27
71 78 35 8
71 79 31 32
71 80 19 12
71 81 39 33
71 82 30 37
71 83 18 36
71 84 29 9
71 85 17 33
71 86 24 19
71 87 11 16
71 88 36 20
71 89 33 14
71 90 16 12
71 91 7 16
71 92 12 37
71 93 8 37
71 94 24 31
71 95 31 29
71 96 17 24
71 97 8 14
71 98 23 29
71 99 24 16
72 73 16 33
72 74 31 34
72 75 24 21
72 76 36 39
72 77 37 18
72 78 9 8
72 79 34 16
72 80 24 34
72 81 23 16
72 82 39 9
72 83 23 18
72 84 17 19
72 85 11 16
72 86 23 31
72 87 30 20
72 88 15 23
72 89 10 36
72 90 12 24
72 91 9 23
72 92 10 11
72 93 32 10
72 94 23 7
72 95 30 11
72 96 36 18
72 97 15 24
72 98 27 19
72 99 13 20
73 74 20 28
73 75 17 11
73 76 37 33
73 77 20 14
73 78 7 34
73 79 8 25
73 80 12 25
73 81 19 15
73 82 29 28
73 83 8 36
73 84 15 38
73 85 35 19
73 86 37 29
73 87 19 28
73 88 7 22
73 89 16 10
73 90 36 38
73 91 18 26
73 92 19 11
73 93 25 37
73 94 25 9
73 95 19 15
73 96 13 8
73 97 32 9
73 98 22 19
73 99 20 29
74 75 8 22
74 76 35 21
74 77 8 38
74 78 21 24
74 79 26 23
74 80 15 28
74 81 39 20
74 82 18 27
74 83 20 37
74 84 20 18
74 85 30 24
74 86 36 16
74 87 35 32
74 88 31 26
74 89 7 18
74 90 20 19
74 91 24 11
74 92 22 31
74 93 33 10
74 94 9 16
74 95 19 39
74 96 33 13
74 97 11 17
74 98 13 21
74 99 29 26
75 76 22 29
75 77 27 9
75 78 10 36
75 79 17 15
75 80 19 36
75 81 7 8
75 82 25 18
75 83 16 8
75 84 9 21
75 85 12 33
75 86 13 26
75 87 12 10
75 88 16 38
75 89 14 36
75 90 27 25
75 91 8 14
75 92 36 20
75 93 7 12
75 94 17 7
75 95 31 18
75 96 33 26
75 97 15 25
75 98 17 9
75 99 38 18
76 77 16 29
76 78 34 18
76 79 22 11
76 80 11 10
76 81 28 8
76 82 24 35
76 83 20 11
76 84 14 21
76 85 12 9
76 86 31 18
76 87 39 9
76 88 12 32
76 89 36 10
76 90 31 23
76 91 39 8
76 92 32 30
76 93 8 29
76 94 20 30
76 95 36 39
76 96 10 24
76 97 36 27
76 98 11 37
76 99 14 28
77 78 37 38
77 79 18 39
77 80 31 33
77 81 38 25
77 82 16 15
77 83 32 28
77 84 22 27
77 85 15 22
77 86 32 11
77 87 29 35
77 88 29 31
77 89 36 15
77 90 31 32
77 91 38 14
77 92 8 34
77 93 18 39
77 94 10 37
77 95 34 8
77 96 8 25
77 97 12 13
77 98 38 37
77 99 36 9
78 79 34 9
78 80 36 35
78 81 20 26
78 82 15 13
78 83 19 12
78 84 18 25
78 85 8 35
78 86 36 21
78 87 36 32
78 88 23 33
78 89 14 11
78 90 9 7
78 91 20 24
78 92 25 15
78 93 35 12
78 94 16 30
78 95 19 27
78 96 28 15
78 97 14 33
78 98 16 23
78 99 15 30
79 80 8 34
79 81 24 9
79 82 38 9
79 83 31 38
79 84 18 16
79 85 10 26
79 86 27 25
79 87 17 29
79 88 33 22
79 89 9 14
79 90 37 26
79 91 24 27
79 92 29 23
79 93 14 9
79 94 7 28
79 95 11 25
79 96 35 30
79 97 16 19
79 98 16 34
79 99 20 36
80 81 12 23
80 82 27 8
80 83 8 10
80 84 38 39
80 85 20 22
80 86 24 27
80 87 28 33
80 88 25 22
80 89 34 27
80 90 11 35
80 91 38 12
80 92 19 14
80 93 34 23
80 94 19 12
80 95 36 36
80 96 22 22
80 97 32 38
80 98 35 39
80 99 25 33
81 82 7 33
81 83 17 10
81 84 38 10
81 85 22 36
81 86 32 27
81 87 16 37
81 88 8 20
81 89 9 11
81 90 32 27
81 91 31 26
81 92 33 8
81 93 13 14
81 94 15 31
81 95 24 39
81 96 29 33
81 97 12 29
81 98 25 23
81 99 14 9
82 83 7 11
82 84 8 39
82 85 22 32
82 86 30 22
82 87 33 23
82 88 13 26
82 89 29 15
82 90 11 18
82 91 9 20
82 92 27 22
82 93 39 13
82 94 37 23
82 95 19 34
82 96 27 11
82 97 21 10
82 98 16 38
82 99 9 16
83 84 13 36
83 85 27 24
83 86 9 21
83 87 31 25
83 88 18 8
83 89 13 13
83 90 32 39
83 91 29 27
83 92 25 35
83 93 24 32
83 94 14 16
83 95 38 17
83 96 38 14
83 97 8 19
83 98 9 35
83 99 8 23
84 85 34 26
84 86 33 36
84 87 9 12
84 88 7 22
84 89 35 37
84 90 12 9
84 91 26 26
84 92 28 20
84 93 11 30
84 94 31 21
84 95 26 36
84 96 36 26
84 97 10 10
84 98 17 11
84 99 33 11
85 86 23 19
85 87 12 37
85 88 31 23
85 89 13 13
85 90 7 35
85 91 32 19
85 92 13 15
85 93 7 39
85 94 11 24
85 95 11 13
85 96 21 24
85 97 19 10
85 98 11 33
85 99 7 28
86 87 23 20
86 88 34 21
86 89 37 16
86 90 17 27
86 91 12 18
86 92 31 34
86 93 22 38
86 94 10 7
86 95 27 15
86 96 30 32
86 97 25 27
86 98 16 13
86 99 15 21
87 88 26 21
87 89 19 14
87 90 7 23
87 91 37 16
87 92 14 38
87 93 15 7
87 94 25 17
87 95 33 29
87 96 29 33
87 97 25 14
87 98 18 18
87 99 37 16
88 89 7 29
88 90 13 30
88 91 33 14
88 92 13 11
88 93 37 31
88 94 19 31
88 95 21 22
88 96 23 36
88 97 27 35
88 98 27 16
88 99 14 26
89 90 11 34
89 91 11 27
89 92 24 8
89 93 34 20
89 94 27 13
89 95 31 31
89 96 20 26
89 97 8 30
89 98 34 25
89 99 13 18
90 91 24 35
90 92 35 20
90 93 29 38
90 94 32 31
90 95 24 30
90 96 24 13
90 97 29 28
90 98 15 8
90 99 7 26
91 92 7 31
91 93 10 19
91 94 33 21
91 95 15 20
91 96 21 30
91 97 26 24
91 98 10 23
91 99 12 30
92 93 32 25
92 94 38 37
92 95 7 24
92 96 32 11
92 97 8 26
92 98 23 12
92 99 7 32
93 94 19 21
93 95 34 38
93 96 38 14
93 97 34 15
93 98 13 26
93 99 11 17
94 95 29 25
94 96 36 22
94 97 37 23
94 98 24 11
94 99 26 27
95 96 20 13
95 97 9 8
95 98 14 17
95 99 22 36
96 97 25 28
96 98 38 9
96 99 31 8
97 98 17 7
97 99 15 12
98 99 38 26
