100
0 1 10 10
0 2 0 990
0 3 992 994
0 4 996 996
0 5 991 996
0 6 995 991
0 7 990 991
0 8 992 996
0 9 997 995
0 10 996 994
0 11 996 994
0 12 993 995
0 13 995 993
0 14 994 990
0 15 994 999
0 16 992 996
0 17 990 991
0 18 990 998
0 19 993 995
0 20 990 990
0 21 999 993
0 22 990 995
0 23 995 995
0 24 993 990
0 25 996 998
0 26 996 997
0 27 994 991
0 28 992 994
0 29 997 998
0 30 990 996
0 31 996 993
0 32 999 997
0 33 991 994
0 34 999 994
0 35 996 990
0 36 996 992
0 37 996 997
0 38 990 991
0 39 993 999
0 40 998 990
0 41 994 996
0 42 990 999
0 43 999 993
0 44 997 996
0 45 990 996
0 46 994 996
0 47 994 990
0 48 999 990
0 49 990 995
0 50 995 990
0 51 999 992
0 52 999 991
0 53 993 998
0 54 998 993
0 55 996 999
0 56 995 991
0 57 996 993
0 58 999 998
0 59 996 991
0 60 993 990
0 61 994 991
0 62 993 993
0 63 991 991
0 64 997 995
0 65 997 998
0 66 991 995
0 67 999 993
0 68 992 990
0 69 990 990
0 70 991 991
0 71 993 992
0 72 992 995
0 73 995 999
0 74 992 998
0 75 995 997
0 76 998 999
0 77 995 994
0 78 998 990
0 79 994 995
0 80 999 997
0 81 999 991
0 82 994 991
0 83 990 998
0 84 994 992
0 85 999 993
0 86 997 990
0 87 990 995
0 88 997 990
0 89 996 996
0 90 997 990
0 91 991 996
0 92 991 993
0 93 992 991
0 94 998 992
0 95 996 998
0 96 992 994
0 97 993 992
0 98 996 990
0 99 993 997
1 2 990 0
1 3 990 990
1 4 996 994
1 5 999 996
1 6 999 996
1 7 994 993
1 8 996 998
1 9 996 994
1 10 998 995
1 11 993 997
1 12 997 995
1 13 994 994
1 14 997 993
1 15 997 997
1 16 990 990
1 17 996 998
1 18 990 996
1 19 992 999
1 20 991 999
1 21 995 997
1 22 995 992
1 23 990 993
1 24 990 991
1 25 997 997
1 26 996 990
1 27 997 990
1 28 996 993
1 29 999 994
1 30 993 994
1 31 994 995
1 32 997 992
1 33 994 991
1 34 991 993
1 35 995 994
1 36 991 995
1 37 999 996
1 38 992 998
1 39 990 992
1 40 991 997
1 41 993 997
1 42 995 996
1 43 999 991
1 44 992 993
1 45 997 999
1 46 998 992
1 47 990 992
1 48 998 997
1 49 994 997
1 50 991 991
1 51 992 995
1 52 992 996
1 53 993 998
1 54 994 998
1 55 997 997
1 56 996 999
1 57 992 998
1 58 991 994
1 59 994 994
1 60 999 991
1 61 992 997
1 62 993 999
1 63 990 991
1 64 998 997
1 65 993 995
1 66 1000 990
1 67 991 999
1 68 999 997
1 69 991 993
1 70 999 992
1 71 997 999
1 72 995 999
1 73 997 991
1 74 993 993
1 75 992 993
1 76 990 990
1 77 992 998
1 78 998 999
1 79 998 990
1 80 993 991
1 81 990 993
1 82 996 997
1 83 997 997
1 84 994 991
1 85 992 991
1 86 993 995
1 87 990 994
1 88 993 991
1 89 996 997
1 90 998 992
1 91 992 999
1 92 995 994
1 93 992 994
1 94 998 994
1 95 995 994
1 96 999 992
1 97 994 996
1 98 995 993
1 99 991 995
2 3 994 998
2 4 994 996
2 5 996 999
2 6 997 997
2 7 996 994
2 8 996 993
2 9 994 990
2 10 990 999
2 11 995 990
2 12 999 992
2 13 990 993
2 14 996 994
2 15 994 990
2 16 999 994
2 17 993 992
2 18 997 998
2 19 997 998
2 20 992 990
2 21 998 995
2 22 996 995
2 23 993 996
2 24 995 995
2 25 998 999
2 26 990 993
2 27 998 993
2 28 997 990
2 29 990 990
2 30 992 991
2 31 992 992
2 32 998 991
2 33 991 992
2 34 993 995
2 35 993 990
2 36 996 995
2 37 997 995
2 38 996 993
2 39 994 994
2 40 990 994
2 41 991 996
2 42 997 999
2 43 999 996
2 44 990 991
2 45 997 997
2 46 990 991
2 47 991 990
2 48 995 992
2 49 996 998
2 50 992 994
2 51 998 991
2 52 991 990
2 53 998 992
2 54 991 991
2 55 994 997
2 56 991 990
2 57 991 991
2 58 995 997
2 59 990 994
2 60 996 995
2 61 993 992
2 62 995 994
2 63 992 991
2 64 991 996
2 65 991 991
2 66 990 995
2 67 996 992
2 68 996 991
2 69 992 995
2 70 998 999
2 71 997 991
2 72 995 994
2 73 997 990
2 74 993 998
2 75 993 994
2 76 990 995
2 77 998 996
2 78 999 990
2 79 993 998
2 80 995 995
2 81 998 995
2 82 999 990
2 83 998 998
2 84 999 993
2 85 992 991
2 86 992 999
2 87 998 994
2 88 994 990
2 89 993 990
2 90 994 995
2 91 997 998
2 92 996 998
2 93 999 995
2 94 998 997
2 95 997 998
2 96 995 998
2 97 997 997
2 98 990 994
2 99 996 990
3 4 28 12
3 5 69 14
3 6 16 69
3 7 53 13
3 8 56 24
3 9 28 28
3 10 28 50
3 11 49 10
3 12 19 61
3 13 35 32
3 14 31 38
3 15 64 69
3 16 50 25
3 17 53 42
3 18 57 24
3 19 58 11
3 20 35 31
3 21 69 38
3 22 20 59
3 23 62 33
3 24 64 14
3 25 17 67
3 26 38 50
3 27 27 39
3 28 69 60
3 29 20 39
3 30 60 14
3 31 19 58
3 32 24 53
3 33 32 50
3 34 33 42
3 35 25 40
3 36 13 43
3 37 41 13
3 38 44 50
3 39 11 27
3 40 38 63
3 41 65 48
3 42 51 54
3 43 17 25
3 44 66 12
3 45 34 67
3 46 54 19
3 47 49 11
3 48 35 51
3 49 30 45
3 50 44 15
3 51 13 54
3 52 18 59
3 53 19 32
3 54 42 29
3 55 20 16
3 56 68 68
3 57 16 64
3 58 50 60
3 59 62 46
3 60 31 57
3 61 20 20
3 62 58 16
3 63 18 17
3 64 21 48
3 65 59 58
3 66 43 12
3 67 57 43
3 68 68 49
3 69 46 54
3 70 19 59
3 71 66 33
3 72 69 38
3 73 60 38
3 74 66 37
3 75 20 22
3 76 44 70
3 77 49 34
3 78 25 37
3 79 37 41
3 80 53 26
3 81 37 25
3 82 57 37
3 83 58 11
3 84 23 63
3 85 20 20
3 86 63 15
3 87 35 62
3 88 62 23
3 89 51 48
3 90 64 30
3 91 34 13
3 92 29 47
3 93 51 25
3 94 44 30
3 95 69 18
3 96 13 39
3 97 17 46
3 98 48 65
3 99 12 10
4 5 55 28
4 6 25 51
4 7 20 64
4 8 41 19
4 9 34 20
4 10 20 54
4 11 23 46
4 12 26 33
4 13 68 33
4 14 36 17
4 15 56 52
4 16 11 49
4 17 39 49
4 18 53 36
4 19 39 46
4 20 54 15
4 21 13 50
4 22 45 20
4 23 49 41
4 24 56 34
4 25 41 20
4 26 34 34
4 27 11 60
4 28 14 69
4 29 14 67
4 30 19 67
4 31 41 58
4 32 30 18
4 33 54 10
4 34 50 17
4 35 63 53
4 36 11 13
4 37 56 68
4 38 13 37
4 39 17 43
4 40 21 15
4 41 28 52
4 42 26 31
4 43 29 36
4 44 23 59
4 45 57 24
4 46 55 42
4 47 12 64
4 48 12 29
4 49 12 35
4 50 33 47
4 51 41 68
4 52 57 25
4 53 56 63
4 54 11 68
4 55 51 41
4 56 28 62
4 57 39 31
4 58 17 51
4 59 61 54
4 60 55 36
4 61 45 69
4 62 40 54
4 63 23 41
4 64 50 60
4 65 22 35
4 66 54 51
4 67 53 50
4 68 67 13
4 69 51 42
4 70 54 22
4 71 44 56
4 72 36 33
4 73 38 67
4 74 26 32
4 75 64 67
4 76 60 48
4 77 18 54
4 78 48 27
4 79 28 17
4 80 63 26
4 81 20 35
4 82 66 37
4 83 48 21
4 84 52 38
4 85 42 54
4 86 30 64
4 87 58 20
4 88 23 42
4 89 47 19
4 90 59 30
4 91 42 25
4 92 15 68
4 93 28 28
4 94 23 31
4 95 43 16
4 96 67 53
4 97 61 10
4 98 61 65
4 99 22 30
5 6 47 68
5 7 22 35
5 8 63 25
5 9 20 61
5 10 69 12
5 11 63 56
5 12 57 10
5 13 18 18
5 14 59 27
5 15 49 22
5 16 20 44
5 17 56 29
5 18 52 12
5 19 35 37
5 20 55 12
5 21 49 25
5 22 63 60
5 23 62 56
5 24 57 30
5 25 43 40
5 26 10 65
5 27 36 41
5 28 23 43
5 29 34 47
5 30 47 38
5 31 26 15
5 32 28 54
5 33 61 36
5 34 58 17
5 35 22 29
5 36 61 68
5 37 63 13
5 38 11 68
5 39 63 46
5 40 27 28
5 41 27 34
5 42 68 23
5 43 66 40
5 44 52 65
5 45 50 31
5 46 18 14
5 47 18 35
5 48 40 42
5 49 36 48
5 50 54 47
5 51 46 34
5 52 60 65
5 53 37 38
5 54 25 27
5 55 65 56
5 56 25 13
5 57 39 36
5 58 34 26
5 59 38 66
5 60 44 10
5 61 29 23
5 62 33 10
5 63 55 22
5 64 12 68
5 65 15 35
5 66 21 26
5 67 23 30
5 68 47 58
5 69 27 32
5 70 41 49
5 71 30 18
5 72 60 26
5 73 14 41
5 74 17 49
5 75 56 53
5 76 46 53
5 77 19 50
5 78 62 40
5 79 46 61
5 80 60 12
5 81 58 55
5 82 41 25
5 83 46 58
5 84 11 48
5 85 21 69
5 86 31 27
5 87 45 35
5 88 14 59
5 89 44 21
5 90 64 39
5 91 48 67
5 92 55 57
5 93 60 21
5 94 16 34
5 95 54 36
5 96 47 52
5 97 57 46
5 98 38 68
5 99 34 14
6 7 14 22
6 8 69 33
6 9 31 34
6 10 45 12
6 11 23 14
6 12 63 32
6 13 64 19
6 14 68 46
6 15 61 52
6 16 57 40
6 17 49 20
6 18 41 66
6 19 51 23
6 20 25 51
6 21 28 15
6 22 20 60
6 23 66 42
6 24 57 58
6 25 43 59
6 26 65 37
6 27 62 27
6 28 61 35
6 29 67 29
6 30 34 36
6 31 32 13
6 32 63 49
6 33 55 55
6 34 59 68
6 35 16 12
6 36 63 14
6 37 42 67
6 38 66 37
6 39 56 52
6 40 24 30
6 41 43 27
6 42 58 57
6 43 37 64
6 44 30 16
6 45 34 62
6 46 34 17
6 47 45 38
6 48 11 65
6 49 34 65
6 50 32 65
6 51 53 59
6 52 51 25
6 53 51 11
6 54 36 64
6 55 48 69
6 56 63 65
6 57 18 35
6 58 56 22
6 59 28 46
6 60 54 23
6 61 64 69
6 62 22 26
6 63 49 18
6 64 40 46
6 65 17 22
6 66 31 19
6 67 55 31
6 68 69 21
6 69 69 55
6 70 67 54
6 71 37 26
6 72 61 57
6 73 44 43
6 74 52 66
6 75 67 22
6 76 31 64
6 77 62 23
6 78 17 51
6 79 30 54
6 80 31 23
6 81 41 12
6 82 67 55
6 83 33 64
6 84 27 46
6 85 34 66
6 86 68 60
6 87 47 28
6 88 31 35
6 89 60 42
6 90 26 44
6 91 56 27
6 92 42 21
6 93 46 37
6 94 35 44
6 95 61 17
6 96 30 64
6 97 13 28
6 98 45 33
6 99 43 19
7 8 63 34
7 9 52 14
7 10 20 41
7 11 58 21
7 12 54 39
7 13 62 40
7 14 14 32
7 15 15 14
7 16 55 37
7 17 43 26
7 18 37 48
7 19 60 68
7 20 67 23
7 21 15 31
7 22 17 51
7 23 20 37
7 24 27 53
7 25 45 54
7 26 36 62
7 27 68 66
7 28 52 51
7 29 60 64
7 30 13 58
7 31 42 22
7 32 65 15
7 33 64 69
7 34 61 49
7 35 18 35
7 36 28 12
7 37 35 42
7 38 60 34
7 39 62 49
7 40 28 38
7 41 62 22
7 42 11 61
7 43 10 69
7 44 20 62
7 45 66 29
7 46 24 45
7 47 42 68
7 48 28 40
7 49 11 24
7 50 56 18
7 51 34 53
7 52 63 45
7 53 54 39
7 54 10 16
7 55 27 61
7 56 12 33
7 57 24 52
7 58 65 17
7 59 38 25
7 60 38 47
7 61 27 44
7 62 15 68
7 63 40 22
7 64 12 37
7 65 53 43
7 66 61 55
7 67 68 49
7 68 23 45
7 69 39 27
7 70 67 53
7 71 38 47
7 72 58 13
7 73 38 41
7 74 31 49
7 75 38 69
7 76 35 36
7 77 18 45
7 78 63 48
7 79 53 44
7 80 68 66
7 81 64 38
7 82 13 19
7 83 30 13
7 84 57 39
7 85 37 47
7 86 38 45
7 87 14 16
7 88 19 59
7 89 12 45
7 90 34 21
7 91 11 65
7 92 60 22
7 93 67 36
7 94 56 17
7 95 28 42
7 96 19 62
7 97 20 27
7 98 56 57
7 99 16 61
8 9 50 69
8 10 57 50
8 11 33 17
8 12 43 32
8 13 29 34
8 14 38 30
8 15 64 27
8 16 52 64
8 17 33 60
8 18 28 57
8 19 11 64
8 20 17 16
8 21 66 20
8 22 22 66
8 23 12 32
8 24 66 39
8 25 10 30
8 26 23 44
8 27 25 12
8 28 11 62
8 29 45 15
8 30 50 58
8 31 24 45
8 32 21 15
8 33 25 65
8 34 47 15
8 35 33 24
8 36 24 33
8 37 59 21
8 38 27 22
8 39 45 51
8 40 44 12
8 41 32 47
8 42 12 24
8 43 23 64
8 44 15 33
8 45 68 37
8 46 54 61
8 47 56 39
8 48 37 18
8 49 40 23
8 50 18 32
8 51 50 53
8 52 23 28
8 53 56 30
8 54 69 62
8 55 60 57
8 56 26 63
8 57 43 34
8 58 42 58
8 59 48 63
8 60 15 51
8 61 58 29
8 62 47 54
8 63 14 36
8 64 40 23
8 65 58 49
8 66 18 29
8 67 55 41
8 68 26 59
8 69 54 40
8 70 18 43
8 71 42 65
8 72 39 48
8 73 16 65
8 74 68 65
8 75 56 21
8 76 59 48
8 77 54 56
8 78 37 47
8 79 13 22
8 80 21 42
8 81 33 19
8 82 35 10
8 83 18 34
8 84 35 18
8 85 42 27
8 86 14 64
8 87 44 65
8 88 41 42
8 89 61 62
8 90 12 48
8 91 32 54
8 92 23 32
8 93 53 31
8 94 19 39
8 95 20 28
8 96 26 54
8 97 15 42
8 98 49 13
8 99 62 51
9 10 32 38
9 11 60 51
9 12 56 42
9 13 53 19
9 14 30 15
9 15 32 62
9 16 22 30
9 17 14 11
9 18 55 38
9 19 45 64
9 20 11 18
9 21 57 61
9 22 59 15
9 23 18 42
9 24 37 45
9 25 45 12
9 26 36 17
9 27 61 51
9 28 30 19
9 29 16 26
9 30 64 49
9 31 69 42
9 32 48 64
9 33 67 56
9 34 58 58
9 35 20 36
9 36 54 34
9 37 14 22
9 38 31 40
9 39 15 56
9 40 64 43
9 41 67 33
9 42 38 36
9 43 37 33
9 44 67 39
9 45 37 54
9 46 21 58
9 47 18 37
9 48 45 45
9 49 52 41
9 50 19 39
9 51 64 25
9 52 12 35
9 53 44 43
9 54 17 11
9 55 60 56
9 56 39 18
9 57 67 13
9 58 26 45
9 59 16 15
9 60 63 68
9 61 13 58
9 62 59 44
9 63 11 64
9 64 60 51
9 65 46 57
9 66 32 47
9 67 37 44
9 68 47 44
9 69 12 41
9 70 59 32
9 71 23 32
9 72 48 28
9 73 50 58
9 74 22 65
9 75 28 11
9 76 59 36
9 77 16 39
9 78 63 28
9 79 54 65
9 80 29 29
9 81 23 50
9 82 66 20
9 83 22 24
9 84 20 18
9 85 41 53
9 86 35 19
9 87 27 54
9 88 67 45
9 89 46 55
9 90 33 33
9 91 14 35
9 92 43 13
9 93 12 53
9 94 63 27
9 95 19 55
9 96 15 27
9 97 53 54
9 98 62 56
9 99 33 37
10 11 52 27
10 12 34 10
10 13 42 11
10 14 66 57
10 15 23 41
10 16 62 32
10 17 22 33
10 18 46 31
10 19 41 40
10 20 65 58
10 21 18 39
10 22 45 69
10 23 10 38
10 24 51 15
10 25 40 18
10 26 50 16
10 27 45 16
10 28 23 54
10 29 24 46
10 30 32 30
10 31 40 50
10 32 68 17
10 33 24 31
10 34 68 38
10 35 18 31
10 36 21 25
10 37 44 10
10 38 59 25
10 39 10 49
10 40 23 37
10 41 14 31
10 42 49 30
10 43 69 58
10 44 46 45
10 45 64 17
10 46 57 52
10 47 45 25
10 48 15 10
10 49 27 67
10 50 41 66
10 51 27 33
10 52 49 20
10 53 62 10
10 54 47 32
10 55 42 48
10 56 12 62
10 57 21 51
10 58 61 10
10 59 67 65
10 60 36 17
10 61 30 15
10 62 65 11
10 63 31 61
10 64 52 31
10 65 16 67
10 66 27 32
10 67 59 27
10 68 35 23
10 69 39 41
10 70 48 28
10 71 47 23
10 72 48 40
10 73 39 19
10 74 69 26
10 75 52 34
10 76 49 24
10 77 53 24
10 78 58 17
10 79 47 49
10 80 27 59
10 81 47 63
10 82 49 34
10 83 17 38
10 84 28 17
10 85 61 30
10 86 20 25
10 87 45 67
10 88 24 26
10 89 68 61
10 90 21 30
10 91 68 19
10 92 67 25
10 93 37 41
10 94 50 35
10 95 10 39
10 96 65 57
10 97 67 10
10 98 31 31
10 99 40 16
11 12 52 17
11 13 29 69
11 14 49 20
11 15 40 20
11 16 12 42
11 17 13 30
11 18 43 31
11 19 20 68
11 20 30 49
11 21 50 19
11 22 67 40
11 23 40 57
11 24 39 58
11 25 11 47
11 26 12 35
11 27 52 10
11 28 20 40
11 29 49 25
11 30 61 43
11 31 57 18
11 32 33 23
11 33 53 19
11 34 10 61
11 35 53 16
11 36 56 15
11 37 14 29
11 38 26 49
11 39 58 51
11 40 54 30
11 41 47 32
11 42 30 58
11 43 63 26
11 44 53 32
11 45 68 40
11 46 34 63
11 47 67 67
11 48 24 20
11 49 31 62
11 50 69 26
11 51 57 61
11 52 63 14
11 53 49 23
11 54 10 66
11 55 12 26
11 56 65 34
11 57 64 47
11 58 59 10
11 59 25 16
11 60 49 19
11 61 54 13
11 62 53 54
11 63 38 43
11 64 35 47
11 65 36 41
11 66 51 43
11 67 36 54
11 68 11 52
11 69 52 39
11 70 21 22
11 71 55 17
11 72 66 69
11 73 39 55
11 74 34 24
11 75 24 15
11 76 64 12
11 77 57 37
11 78 49 63
11 79 59 47
11 80 12 39
11 81 65 15
11 82 39 29
11 83 36 69
11 84 60 59
11 85 36 62
11 86 20 13
11 87 42 66
11 88 35 26
11 89 19 38
11 90 65 41
11 91 63 23
11 92 38 44
11 93 18 66
11 94 14 35
11 95 59 67
11 96 11 31
11 97 65 19
11 98 31 59
11 99 45 66
12 13 46 40
12 14 42 68
12 15 66 26
12 16 13 11
12 17 35 35
12 18 48 13
12 19 62 40
12 20 25 43
12 21 37 34
12 22 58 56
12 23 44 58
12 24 30 10
12 25 12 34
12 26 38 51
12 27 50 66
12 28 35 18
12 29 24 31
12 30 63 41
12 31 39 57
12 32 57 22
12 33 62 22
12 34 63 49
12 35 18 60
12 36 52 34
12 37 35 43
12 38 20 49
12 39 59 22
12 40 62 28
12 41 48 53
12 42 14 18
12 43 46 57
12 44 55 67
12 45 14 46
12 46 23 32
12 47 49 58
12 48 11 30
12 49 25 67
12 50 53 53
12 51 29 56
12 52 36 56
12 53 37 19
12 54 48 10
12 55 45 20
12 56 33 10
12 57 29 33
12 58 35 59
12 59 66 59
12 60 17 24
12 61 38 64
12 62 14 59
12 63 27 52
12 64 59 58
12 65 57 10
12 66 41 62
12 67 36 11
12 68 30 39
12 69 57 11
12 70 46 17
12 71 22 20
12 72 44 20
12 73 43 49
12 74 58 68
12 75 38 65
12 76 52 51
12 77 63 34
12 78 45 38
12 79 32 62
12 80 45 67
12 81 46 67
12 82 28 18
12 83 62 50
12 84 63 34
12 85 66 33
12 86 46 68
12 87 62 43
12 88 61 58
12 89 38 68
12 90 42 31
12 91 23 15
12 92 56 63
12 93 32 39
12 94 27 34
12 95 39 37
12 96 29 53
12 97 55 42
12 98 63 36
12 99 32 44
13 14 39 56
13 15 20 49
13 16 38 35
13 17 62 56
13 18 58 31
13 19 13 17
13 20 23 54
13 21 50 55
13 22 12 18
13 23 49 33
13 24 46 18
13 25 46 33
13 26 64 60
13 27 52 65
13 28 51 41
13 29 62 14
13 30 13 35
13 31 48 26
13 32 30 37
13 33 58 56
13 34 51 25
13 35 19 60
13 36 56 53
13 37 10 67
13 38 17 65
13 39 49 36
13 40 17 49
13 41 17 40
13 42 46 51
13 43 48 24
13 44 11 35
13 45 24 58
13 46 27 27
13 47 50 59
13 48 31 51
13 49 35 62
13 50 18 15
13 51 62 40
13 52 50 63
13 53 50 21
13 54 37 11
13 55 37 59
13 56 41 68
13 57 25 42
13 58 10 38
13 59 41 25
13 60 57 36
13 61 36 14
13 62 63 29
13 63 40 34
13 64 49 66
13 65 44 33
13 66 48 47
13 67 59 59
13 68 40 11
13 69 37 32
13 70 51 68
13 71 22 10
13 72 29 67
13 73 25 43
13 74 25 50
13 75 60 33
13 76 30 58
13 77 14 21
13 78 44 39
13 79 44 45
13 80 10 40
13 81 57 61
13 82 49 29
13 83 54 20
13 84 66 43
13 85 64 30
13 86 32 34
13 87 46 62
13 88 39 56
13 89 52 55
13 90 20 52
13 91 53 64
13 92 59 38
13 93 51 13
13 94 14 54
13 95 68 28
13 96 54 61
13 97 67 45
13 98 21 15
13 99 33 26
14 15 28 67
14 16 41 20
14 17 36 52
14 18 46 65
14 19 21 56
14 20 29 11
14 21 20 31
14 22 51 66
14 23 12 22
14 24 17 25
14 25 20 49
14 26 13 44
14 27 35 18
14 28 10 65
14 29 32 24
14 30 23 20
14 31 54 66
14 32 18 11
14 33 14 69
14 34 34 53
14 35 28 42
14 36 31 55
14 37 35 44
14 38 22 60
14 39 51 62
14 40 42 39
14 41 25 26
14 42 26 23
14 43 20 47
14 44 42 67
14 45 60 26
14 46 15 28
14 47 28 60
14 48 17 67
14 49 11 56
14 50 39 44
14 51 36 10
14 52 39 62
14 53 19 55
14 54 18 22
14 55 25 62
14 56 44 18
14 57 47 21
14 58 43 59
14 59 68 14
14 60 55 56
14 61 58 41
14 62 56 65
14 63 69 61
14 64 31 25
14 65 47 26
14 66 29 69
14 67 44 17
14 68 32 14
14 69 15 48
14 70 62 30
14 71 57 39
14 72 40 51
14 73 58 57
14 74 54 48
14 75 24 17
14 76 66 48
14 77 64 27
14 78 37 23
14 79 26 37
14 80 68 66
14 81 40 41
14 82 63 62
14 83 51 13
14 84 18 14
14 85 50 18
14 86 63 17
14 87 16 45
14 88 66 39
14 89 62 15
14 90 27 66
14 91 55 24
14 92 29 31
14 93 15 64
14 94 69 18
14 95 32 14
14 96 50 51
14 97 47 49
14 98 18 40
14 99 16 65
15 16 40 45
15 17 21 21
15 18 42 63
15 19 54 15
15 20 41 52
15 21 18 69
15 22 45 22
15 23 52 15
15 24 68 31
15 25 24 66
15 26 22 54
15 27 15 57
15 28 24 34
15 29 21 14
15 30 38 11
15 31 24 46
15 32 32 12
15 33 39 49
15 34 14 49
15 35 27 10
15 36 22 64
15 37 18 12
15 38 67 52
15 39 23 57
15 40 26 26
15 41 13 50
15 42 68 16
15 43 31 56
15 44 59 22
15 45 38 40
15 46 26 47
15 47 36 27
15 48 26 35
15 49 55 64
15 50 69 56
15 51 56 34
15 52 53 33
15 53 16 67
15 54 31 19
15 55 26 66
15 56 51 14
15 57 37 64
15 58 62 63
15 59 17 31
15 60 67 15
15 61 58 68
15 62 31 65
15 63 27 58
15 64 13 67
15 65 23 43
15 66 61 24
15 67 16 26
15 68 10 68
15 69 12 51
15 70 60 68
15 71 59 58
15 72 65 47
15 73 31 18
15 74 20 59
15 75 53 44
15 76 66 68
15 77 36 12
15 78 17 60
15 79 20 51
15 80 28 44
15 81 28 57
15 82 22 49
15 83 51 30
15 84 22 51
15 85 50 36
15 86 15 55
15 87 61 43
15 88 64 68
15 89 45 24
15 90 19 61
15 91 15 53
15 92 67 42
15 93 42 11
15 94 47 63
15 95 65 49
15 96 47 67
15 97 41 69
15 98 31 63
15 99 46 68
16 17 51 61
16 18 57 34
16 19 12 10
16 20 51 49
16 21 57 12
16 22 63 58
16 23 28 19
16 24 22 62
16 25 30 58
16 26 17 20
16 27 22 66
16 28 10 64
16 29 68 56
16 30 11 43
16 31 67 56
16 32 48 18
16 33 45 32
16 34 43 14
16 35 57 18
16 36 15 16
16 37 20 21
16 38 30 58
16 39 10 10
16 40 32 66
16 41 37 39
16 42 60 17
16 43 67 47
16 44 28 49
16 45 62 44
16 46 45 55
16 47 21 22
16 48 36 32
16 49 66 20
16 50 57 47
16 51 23 20
16 52 35 56
16 53 45 60
16 54 68 18
16 55 22 52
16 56 48 18
16 57 63 16
16 58 16 12
16 59 62 36
16 60 10 10
16 61 41 54
16 62 40 69
16 63 34 42
16 64 48 47
16 65 21 28
16 66 67 49
16 67 29 69
16 68 20 60
16 69 45 56
16 70 36 25
16 71 65 64
16 72 69 67
16 73 15 25
16 74 66 69
16 75 60 24
16 76 60 48
16 77 16 52
16 78 38 16
16 79 42 27
16 80 43 21
16 81 52 41
16 82 59 22
16 83 16 55
16 84 19 29
16 85 14 33
16 86 22 56
16 87 59 57
16 88 37 17
16 89 65 35
16 90 33 39
16 91 24 22
16 92 63 34
16 93 21 37
16 94 67 28
16 95 36 68
16 96 37 53
16 97 66 39
16 98 45 40
16 99 59 18
17 18 31 46
17 19 40 69
17 20 44 68
17 21 28 66
17 22 39 30
17 23 54 46
17 24 14 68
17 25 54 20
17 26 40 66
17 27 56 51
17 28 15 65
17 29 28 27
17 30 45 26
17 31 60 35
17 32 21 37
17 33 35 39
17 34 30 25
17 35 48 50
17 36 20 13
17 37 13 14
17 38 62 65
17 39 53 26
17 40 28 60
17 41 47 18
17 42 21 37
17 43 13 28
17 44 35 49
17 45 28 27
17 46 10 18
17 47 62 41
17 48 15 58
17 49 46 25
17 50 20 66
17 51 35 23
17 52 23 30
17 53 47 51
17 54 42 40
17 55 42 12
17 56 44 34
17 57 14 21
17 58 31 62
17 59 62 27
17 60 56 62
17 61 18 36
17 62 19 40
17 63 64 38
17 64 65 60
17 65 65 62
17 66 32 10
17 67 47 51
17 68 22 10
17 69 26 52
17 70 62 10
17 71 57 28
17 72 13 47
17 73 46 50
17 74 39 39
17 75 56 20
17 76 20 33
17 77 27 56
17 78 45 54
17 79 23 34
17 80 32 41
17 81 22 55
17 82 68 48
17 83 58 47
17 84 53 43
17 85 18 30
17 86 66 32
17 87 34 26
17 88 33 43
17 89 11 30
17 90 48 31
17 91 21 37
17 92 39 17
17 93 61 34
17 94 61 67
17 95 11 10
17 96 34 63
17 97 44 46
17 98 41 61
17 99 42 55
18 19 39 31
18 20 53 50
18 21 43 18
18 22 33 14
18 23 54 43
18 24 52 34
18 25 26 53
18 26 15 51
18 27 47 18
18 28 49 49
18 29 47 53
18 30 31 22
18 31 23 41
18 32 37 32
18 33 15 40
18 34 53 34
18 35 14 11
18 36 67 20
18 37 52 69
18 38 25 28
18 39 62 27
18 40 21 33
18 41 16 67
18 42 14 43
18 43 13 52
18 44 59 49
18 45 40 25
18 46 18 34
18 47 33 44
18 48 22 41
18 49 48 69
18 50 28 59
18 51 35 27
18 52 62 69
18 53 34 10
18 54 25 38
18 55 68 63
18 56 50 56
18 57 24 30
18 58 67 20
18 59 51 10
18 60 31 41
18 61 65 68
18 62 65 11
18 63 54 61
18 64 29 18
18 65 37 68
18 66 52 65
18 67 24 39
18 68 61 21
18 69 24 40
18 70 29 57
18 71 33 28
18 72 19 32
18 73 17 60
18 74 31 20
18 75 45 19
18 76 31 12
18 77 49 54
18 78 61 62
18 79 11 11
18 80 61 14
18 81 34 54
18 82 67 66
18 83 49 37
18 84 22 22
18 85 47 33
18 86 39 36
18 87 49 11
18 88 10 46
18 89 42 41
18 90 56 39
18 91 11 63
18 92 50 29
18 93 33 31
18 94 56 68
18 95 49 22
18 96 21 16
18 97 10 55
18 98 60 24
18 99 56 43
19 20 22 15
19 21 25 25
19 22 25 32
19 23 22 19
19 24 34 46
19 25 59 10
19 26 44 48
19 27 25 31
19 28 15 38
19 29 42 19
19 30 33 28
19 31 49 15
19 32 23 26
19 33 31 63
19 34 13 53
19 35 19 60
19 36 16 26
19 37 29 33
19 38 64 24
19 39 24 14
19 40 68 37
19 41 59 17
19 42 63 18
19 43 13 61
19 44 17 18
19 45 25 12
19 46 63 53
19 47 47 49
19 48 69 65
19 49 53 57
19 50 10 66
19 51 63 64
19 52 62 15
19 53 60 34
19 54 38 30
19 55 36 60
19 56 13 10
19 57 18 48
19 58 14 63
19 59 32 66
19 60 13 24
19 61 28 18
19 62 59 38
19 63 11 12
19 64 37 59
19 65 59 21
19 66 40 56
19 67 36 40
19 68 55 27
19 69 16 58
19 70 62 31
19 71 42 44
19 72 56 10
19 73 25 15
19 74 52 17
19 75 51 29
19 76 47 30
19 77 65 15
19 78 15 43
19 79 30 37
19 80 30 25
19 81 50 44
19 82 34 40
19 83 30 35
19 84 67 54
19 85 21 53
19 86 29 42
19 87 30 36
19 88 24 31
19 89 12 48
19 90 53 19
19 91 16 39
19 92 35 12
19 93 55 22
19 94 67 50
19 95 19 35
19 96 16 32
19 97 40 30
19 98 63 14
19 99 36 14
20 21 66 69
20 22 37 33
20 23 35 45
20 24 69 24
20 25 69 12
20 26 39 69
20 27 21 12
20 28 44 15
20 29 39 61
20 30 35 65
20 31 41 49
20 32 40 24
20 33 50 61
20 34 52 41
20 35 37 19
20 36 30 15
20 37 28 20
20 38 30 11
20 39 52 24
20 40 66 25
20 41 56 56
20 42 66 17
20 43 39 30
20 44 42 45
20 45 60 55
20 46 10 53
20 47 66 62
20 48 21 28
20 49 26 15
20 50 51 20
20 51 30 26
20 52 61 34
20 53 28 27
20 54 46 69
20 55 44 14
20 56 25 17
20 57 13 18
20 58 63 60
20 59 32 30
20 60 41 30
20 61 60 25
20 62 27 38
20 63 26 33
20 64 28 26
20 65 17 27
20 66 24 59
20 67 28 24
20 68 47 67
20 69 70 42
20 70 19 60
20 71 30 44
20 72 56 43
20 73 28 12
20 74 46 39
20 75 13 32
20 76 56 60
20 77 17 66
20 78 48 43
20 79 14 30
20 80 60 56
20 81 59 33
20 82 44 22
20 83 11 64
20 84 23 54
20 85 41 64
20 86 35 39
20 87 20 25
20 88 53 45
20 89 23 64
20 90 56 68
20 91 26 25
20 92 62 52
20 93 43 15
20 94 59 28
20 95 67 23
20 96 40 18
20 97 24 65
20 98 60 51
20 99 58 32
21 22 11 66
21 23 59 50
21 24 45 39
21 25 65 68
21 26 46 47
21 27 65 24
21 28 35 40
21 29 18 15
21 30 13 62
21 31 26 20
21 32 55 33
21 33 61 13
21 34 45 24
21 35 69 23
21 36 31 34
21 37 22 23
21 38 33 41
21 39 62 60
21 40 55 60
21 41 46 56
21 42 19 42
21 43 47 33
21 44 36 36
21 45 43 46
21 46 67 51
21 47 65 67
21 48 44 13
21 49 52 23
21 50 26 33
21 51 32 26
21 52 40 43
21 53 57 35
21 54 46 30
21 55 10 42
21 56 18 44
21 57 14 34
21 58 53 59
21 59 31 33
21 60 69 16
21 61 49 33
21 62 54 48
21 63 62 51
21 64 59 58
21 65 16 29
21 66 64 33
21 67 53 43
21 68 17 18
21 69 62 28
21 70 65 54
21 71 49 60
21 72 66 69
21 73 56 59
21 74 17 17
21 75 39 24
21 76 58 37
21 77 17 12
21 78 66 23
21 79 30 38
21 80 32 38
21 81 31 58
21 82 62 25
21 83 69 35
21 84 65 52
21 85 55 44
21 86 59 11
21 87 54 16
21 88 17 54
21 89 50 29
21 90 42 26
21 91 31 40
21 92 58 16
21 93 57 29
21 94 30 62
21 95 41 16
21 96 14 42
21 97 28 20
21 98 65 37
21 99 57 60
22 23 19 49
22 24 53 18
22 25 63 58
22 26 20 16
22 27 28 33
22 28 41 23
22 29 57 43
22 30 26 10
22 31 41 50
22 32 39 43
22 33 62 65
22 34 31 49
22 35 64 21
22 36 57 37
22 37 60 63
22 38 27 20
22 39 51 49
22 40 58 27
22 41 43 13
22 42 33 66
22 43 60 38
22 44 25 59
22 45 57 48
22 46 30 22
22 47 61 69
22 48 12 45
22 49 38 26
22 50 50 69
22 51 16 30
22 52 42 22
22 53 37 43
22 54 19 11
22 55 54 59
22 56 60 66
22 57 58 44
22 58 31 24
22 59 18 66
22 60 34 17
22 61 27 40
22 62 17 19
22 63 28 25
22 64 40 63
22 65 32 56
22 66 13 30
22 67 17 12
22 68 56 58
22 69 16 50
22 70 28 11
22 71 20 35
22 72 23 28
22 73 46 10
22 74 45 23
22 75 44 20
22 76 69 50
22 77 21 40
22 78 32 25
22 79 23 64
22 80 63 17
22 81 58 64
22 82 14 14
22 83 66 50
22 84 43 54
22 85 40 52
22 86 42 57
22 87 43 43
22 88 62 51
22 89 22 41
22 90 44 40
22 91 10 26
22 92 12 60
22 93 32 41
22 94 61 13
22 95 49 13
22 96 24 36
22 97 26 47
22 98 33 23
22 99 46 50
23 24 49 25
23 25 62 27
23 26 54 39
23 27 29 28
23 28 26 43
23 29 51 37
23 30 24 41
23 31 67 69
23 32 57 49
23 33 54 57
23 34 29 65
23 35 41 46
23 36 62 65
23 37 69 32
23 38 56 30
23 39 29 35
23 40 48 67
23 41 32 46
23 42 43 40
23 43 10 64
23 44 14 69
23 45 59 59
23 46 56 37
23 47 25 27
23 48 16 12
23 49 39 48
23 50 57 28
23 51 61 29
23 52 21 54
23 53 10 31
23 54 46 33
23 55 39 19
23 56 65 26
23 57 56 58
23 58 11 64
23 59 19 35
23 60 20 58
23 61 20 20
23 62 14 37
23 63 35 36
23 64 22 35
23 65 67 55
23 66 15 65
23 67 63 37
23 68 67 48
23 69 35 26
23 70 50 11
23 71 57 38
23 72 42 24
23 73 41 61
23 74 22 14
23 75 59 59
23 76 33 19
23 77 18 43
23 78 49 32
23 79 13 42
23 80 49 58
23 81 35 28
23 82 26 47
23 83 55 21
23 84 68 45
23 85 64 25
23 86 49 23
23 87 56 62
23 88 64 19
23 89 52 56
23 90 42 25
23 91 65 52
23 92 59 56
23 93 67 61
23 94 58 51
23 95 31 18
23 96 62 49
23 97 58 49
23 98 46 68
23 99 38 18
24 25 42 61
24 26 11 47
24 27 46 34
24 28 68 65
24 29 39 68
24 30 30 60
24 31 22 27
24 32 27 65
24 33 12 19
24 34 57 10
24 35 43 43
24 36 16 32
24 37 20 61
24 38 43 60
24 39 18 64
24 40 53 56
24 41 18 54
24 42 37 22
24 43 68 56
24 44 18 27
24 45 15 50
24 46 44 18
24 47 48 33
24 48 32 35
24 49 65 22
24 50 58 13
24 51 46 31
24 52 43 29
24 53 63 43
24 54 58 41
24 55 50 33
24 56 33 10
24 57 37 24
24 58 27 45
24 59 65 47
24 60 33 20
24 61 36 26
24 62 21 34
24 63 25 58
24 64 23 38
24 65 53 38
24 66 46 49
24 67 29 68
24 68 20 57
24 69 51 28
24 70 63 12
24 71 58 16
24 72 15 43
24 73 63 19
24 74 53 57
24 75 14 32
24 76 24 13
24 77 16 46
24 78 33 48
24 79 55 39
24 80 18 27
24 81 17 19
24 82 46 18
24 83 68 56
24 84 17 54
24 85 44 33
24 86 27 49
24 87 66 66
24 88 62 31
24 89 34 62
24 90 50 27
24 91 41 33
24 92 30 38
24 93 38 35
24 94 31 10
24 95 47 44
24 96 62 16
24 97 28 26
24 98 59 38
24 99 57 22
25 26 26 23
25 27 17 37
25 28 21 62
25 29 12 10
25 30 59 69
25 31 18 19
25 32 24 53
25 33 10 62
25 34 39 24
25 35 50 25
25 36 48 57
25 37 26 30
25 38 58 25
25 39 10 39
25 40 43 69
25 41 35 37
25 42 37 18
25 43 54 13
25 44 52 56
25 45 30 52
25 46 47 44
25 47 31 42
25 48 58 64
25 49 55 33
25 50 45 29
25 51 20 64
25 52 64 63
25 53 48 48
25 54 10 58
25 55 11 69
25 56 11 20
25 57 30 43
25 58 17 17
25 59 51 34
25 60 13 14
25 61 51 27
25 62 25 31
25 63 17 12
25 64 32 61
25 65 14 31
25 66 53 54
25 67 37 65
25 68 42 34
25 69 65 17
25 70 38 15
25 71 52 67
25 72 11 22
25 73 21 58
25 74 17 33
25 75 51 67
25 76 53 33
25 77 39 44
25 78 38 62
25 79 57 40
25 80 55 47
25 81 69 33
25 82 11 27
25 83 51 52
25 84 68 51
25 85 50 51
25 86 50 46
25 87 43 28
25 88 41 50
25 89 51 22
25 90 17 14
25 91 57 16
25 92 48 24
25 93 26 49
25 94 56 18
25 95 29 25
25 96 26 59
25 97 62 14
25 98 25 66
25 99 52 39
26 27 62 39
26 28 39 64
26 29 13 29
26 30 64 39
26 31 67 55
26 32 11 23
26 33 23 55
26 34 15 57
26 35 10 11
26 36 44 10
26 37 14 37
26 38 58 39
26 39 69 42
26 40 30 24
26 41 12 28
26 42 12 33
26 43 17 25
26 44 14 17
26 45 45 54
26 46 27 54
26 47 59 19
26 48 22 30
26 49 45 30
26 50 64 28
26 51 39 49
26 52 28 18
26 53 47 32
26 54 13 45
26 55 16 23
26 56 14 40
26 57 31 26
26 58 39 66
26 59 22 42
26 60 38 45
26 61 15 47
26 62 66 39
26 63 30 56
26 64 30 19
26 65 46 29
26 66 54 55
26 67 39 19
26 68 63 42
26 69 30 58
26 70 26 46
26 71 15 68
26 72 11 50
26 73 27 50
26 74 16 45
26 75 67 39
26 76 29 10
26 77 40 43
26 78 46 39
26 79 60 63
26 80 21 25
26 81 28 14
26 82 21 10
26 83 55 27
26 84 30 63
26 85 21 58
26 86 67 55
26 87 11 44
26 88 52 44
26 89 51 66
26 90 39 50
26 91 51 60
26 92 29 30
26 93 31 43
26 94 44 48
26 95 18 53
26 96 24 67
26 97 63 30
26 98 24 33
26 99 17 53
27 28 22 51
27 29 28 15
27 30 40 34
27 31 21 52
27 32 25 57
27 33 34 46
27 34 54 43
27 35 42 15
27 36 21 53
27 37 49 68
27 38 42 31
27 39 14 15
27 40 17 47
27 41 18 36
27 42 57 55
27 43 45 17
27 44 56 35
27 45 39 30
27 46 49 25
27 47 22 67
27 48 25 10
27 49 27 56
27 50 67 51
27 51 25 20
27 52 63 55
27 53 67 29
27 54 46 10
27 55 50 33
27 56 65 20
27 57 10 26
27 58 49 46
27 59 13 38
27 60 53 36
27 61 58 24
27 62 57 29
27 63 41 10
27 64 33 16
27 65 63 21
27 66 28 51
27 67 67 68
27 68 52 38
27 69 27 54
27 70 27 31
27 71 39 45
27 72 48 25
27 73 40 19
27 74 17 57
27 75 27 53
27 76 14 51
27 77 40 33
27 78 67 23
27 79 25 62
27 80 27 31
27 81 50 11
27 82 50 16
27 83 30 34
27 84 33 21
27 85 69 20
27 86 44 14
27 87 15 17
27 88 32 22
27 89 46 40
27 90 42 10
27 91 68 45
27 92 48 14
27 93 49 69
27 94 16 67
27 95 37 19
27 96 32 50
27 97 28 66
27 98 14 64
27 99 61 30
28 29 34 27
28 30 21 61
28 31 49 48
28 32 66 33
28 33 36 44
28 34 64 32
28 35 14 35
28 36 23 53
28 37 16 18
28 38 39 47
28 39 11 13
28 40 44 24
28 41 48 39
28 42 31 47
28 43 16 45
28 44 16 46
28 45 34 26
28 46 53 61
28 47 21 23
28 48 22 14
28 49 59 58
28 50 43 37
28 51 58 54
28 52 58 45
28 53 15 40
28 54 34 61
28 55 41 52
28 56 63 42
28 57 20 33
28 58 39 51
28 59 21 48
28 60 60 54
28 61 37 69
28 62 11 14
28 63 53 46
28 64 17 59
28 65 17 18
28 66 37 46
28 67 63 47
28 68 55 62
28 69 17 37
28 70 45 69
28 71 57 61
28 72 32 55
28 73 34 53
28 74 11 68
28 75 27 24
28 76 18 25
28 77 48 25
28 78 66 37
28 79 45 55
28 80 68 43
28 81 25 58
28 82 43 24
28 83 17 43
28 84 30 11
28 85 49 20
28 86 55 60
28 87 64 19
28 88 10 23
28 89 45 35
28 90 49 60
28 91 30 46
28 92 22 18
28 93 68 22
28 94 54 34
28 95 55 67
28 96 44 53
28 97 41 48
28 98 61 27
28 99 48 16
29 30 24 46
29 31 59 57
29 32 48 13
29 33 12 10
29 34 50 41
29 35 49 41
29 36 61 44
29 37 21 12
29 38 10 57
29 39 12 41
29 40 36 35
29 41 69 64
29 42 57 56
29 43 12 68
29 44 54 66
29 45 49 30
29 46 58 61
29 47 30 56
29 48 19 25
29 49 59 16
29 50 65 38
29 51 30 35
29 52 63 30
29 53 60 23
29 54 37 62
29 55 57 36
29 56 48 48
29 57 61 64
29 58 61 51
29 59 66 23
29 60 56 41
29 61 52 61
29 62 55 15
29 63 43 53
29 64 11 40
29 65 38 52
29 66 18 26
29 67 22 48
29 68 66 66
29 69 24 45
29 70 11 17
29 71 59 23
29 72 59 33
29 73 52 18
29 74 12 24
29 75 44 55
29 76 35 35
29 77 11 56
29 78 33 11
29 79 30 20
29 80 51 26
29 81 35 48
29 82 57 44
29 83 20 49
29 84 48 37
29 85 56 57
29 86 61 56
29 87 62 50
29 88 57 66
29 89 22 15
29 90 10 45
29 91 30 38
29 92 29 51
29 93 12 23
29 94 27 42
29 95 63 11
29 96 24 35
29 97 64 41
29 98 38 61
29 99 66 54
30 31 64 39
30 32 59 44
30 33 27 55
30 34 48 38
30 35 20 62
30 36 60 47
30 37 58 47
30 38 29 68
30 39 50 64
30 40 59 35
30 41 46 61
30 42 13 24
30 43 37 36
30 44 64 42
30 45 32 60
30 46 18 27
30 47 14 11
30 48 51 61
30 49 61 55
30 50 52 69
30 51 37 10
30 52 54 55
30 53 29 41
30 54 55 19
30 55 49 53
30 56 69 57
30 57 16 32
30 58 52 56
30 59 21 10
30 60 59 62
30 61 24 33
30 62 21 16
30 63 54 52
30 64 46 56
30 65 64 41
30 66 55 26
30 67 16 34
30 68 34 21
30 69 30 15
30 70 43 45
30 71 47 50
30 72 35 45
30 73 44 54
30 74 21 46
30 75 40 38
30 76 68 28
30 77 68 58
30 78 26 16
30 79 32 54
30 80 45 17
30 81 59 61
30 82 43 50
30 83 18 67
30 84 61 25
30 85 59 32
30 86 65 66
30 87 27 40
30 88 48 31
30 89 54 38
30 90 12 16
30 91 31 13
30 92 55 50
30 93 65 43
30 94 25 21
30 95 64 47
30 96 58 13
30 97 13 38
30 98 19 34
30 99 50 38
31 32 65 56
31 33 68 36
31 34 22 24
31 35 21 29
31 36 35 19
31 37 50 20
31 38 30 23
31 39 52 59
31 40 23 56
31 41 58 12
31 42 60 12
31 43 33 42
31 44 53 19
31 45 17 11
31 46 32 39
31 47 12 18
31 48 41 49
31 49 26 64
31 50 59 30
31 51 25 53
31 52 13 19
31 53 21 25
31 54 23 14
31 55 26 41
31 56 64 27
31 57 56 55
31 58 37 46
31 59 26 34
31 60 41 40
31 61 44 49
31 62 48 10
31 63 40 19
31 64 63 10
31 65 37 47
31 66 27 34
31 67 56 62
31 68 42 51
31 69 38 37
31 70 62 53
31 71 11 58
31 72 61 10
31 73 53 56
31 74 44 46
31 75 15 60
31 76 62 40
31 77 31 17
31 78 19 61
31 79 65 23
31 80 53 68
31 81 40 11
31 82 29 38
31 83 18 38
31 84 57 59
31 85 45 49
31 86 27 36
31 87 33 15
31 88 17 33
31 89 69 30
31 90 27 63
31 91 30 42
31 92 45 60
31 93 23 16
31 94 58 64
31 95 41 27
31 96 68 25
31 97 22 53
31 98 11 14
31 99 61 46
32 33 68 11
32 34 53 10
32 35 62 39
32 36 69 42
32 37 34 42
32 38 50 66
32 39 63 19
32 40 26 31
32 41 19 60
32 42 55 30
32 43 41 57
32 44 35 50
32 45 47 24
32 46 53 46
32 47 42 14
32 48 42 54
32 49 20 40
32 50 26 21
32 51 52 67
32 52 38 33
32 53 51 20
32 54 28 15
32 55 11 56
32 56 37 52
32 57 64 49
32 58 31 52
32 59 21 63
32 60 55 51
32 61 31 48
32 62 36 12
32 63 34 40
32 64 39 56
32 65 51 14
32 66 24 46
32 67 26 59
32 68 17 13
32 69 57 68
32 70 53 65
32 71 27 26
32 72 13 18
32 73 26 20
32 74 23 61
32 75 56 34
32 76 41 58
32 77 57 29
32 78 57 12
32 79 61 20
32 80 30 32
32 81 16 37
32 82 23 37
32 83 42 31
32 84 24 12
32 85 43 42
32 86 64 14
32 87 33 52
32 88 31 57
32 89 42 44
32 90 38 61
32 91 24 39
32 92 15 11
32 93 63 40
32 94 33 69
32 95 22 38
32 96 38 33
32 97 65 44
32 98 12 66
32 99 53 55
33 34 22 39
33 35 27 48
33 36 36 47
33 37 14 43
33 38 16 24
33 39 67 19
33 40 31 21
33 41 43 25
33 42 53 42
33 43 69 46
33 44 65 45
33 45 14 64
33 46 56 17
33 47 23 29
33 48 54 38
33 49 43 22
33 50 49 61
33 51 50 57
33 52 15 17
33 53 37 27
33 54 20 41
33 55 29 46
33 56 62 21
33 57 14 69
33 58 33 61
33 59 43 60
33 60 32 14
33 61 52 26
33 62 64 12
33 63 35 16
33 64 10 57
33 65 53 43
33 66 36 18
33 67 26 45
33 68 45 69
33 69 16 67
33 70 42 53
33 71 63 23
33 72 63 59
33 73 24 11
33 74 18 44
33 75 28 67
33 76 38 22
33 77 60 45
33 78 34 53
33 79 40 15
33 80 28 56
33 81 50 51
33 82 44 51
33 83 33 55
33 84 33 63
33 85 38 56
33 86 34 56
33 87 40 25
33 88 57 48
33 89 63 52
33 90 38 13
33 91 32 61
33 92 44 61
33 93 66 18
33 94 32 16
33 95 41 33
33 96 23 63
33 97 21 30
33 98 53 36
33 99 15 14
34 35 49 59
34 36 66 47
34 37 44 69
34 38 34 36
34 39 48 68
34 40 28 42
34 41 26 66
34 42 30 56
34 43 36 50
34 44 36 69
34 45 61 18
34 46 67 64
34 47 51 64
34 48 24 57
34 49 21 43
34 50 26 43
34 51 57 22
34 52 26 50
34 53 47 50
34 54 50 62
34 55 56 24
34 56 68 19
34 57 54 63
34 58 23 26
34 59 63 31
34 60 62 63
34 61 31 33
34 62 64 29
34 63 65 12
34 64 20 29
34 65 11 33
34 66 47 24
34 67 26 27
34 68 10 28
34 69 14 59
34 70 44 27
34 71 59 36
34 72 57 69
34 73 15 68
34 74 53 19
34 75 46 20
34 76 46 21
34 77 36 60
34 78 41 26
34 79 29 55
34 80 41 48
34 81 20 16
34 82 42 59
34 83 45 52
34 84 35 14
34 85 42 49
34 86 63 45
34 87 37 52
34 88 34 60
34 89 28 57
34 90 46 65
34 91 58 48
34 92 27 51
34 93 28 67
34 94 44 22
34 95 23 24
34 96 29 22
34 97 37 20
34 98 57 62
34 99 28 51
35 36 28 13
35 37 48 35
35 38 57 34
35 39 37 56
35 40 54 34
35 41 25 54
35 42 12 42
35 43 21 31
35 44 20 52
35 45 33 42
35 46 43 42
35 47 52 32
35 48 30 18
35 49 12 60
35 50 14 46
35 51 50 24
35 52 26 57
35 53 15 58
35 54 17 64
35 55 12 20
35 56 44 60
35 57 51 65
35 58 59 28
35 59 48 20
35 60 48 48
35 61 26 28
35 62 36 50
35 63 56 10
35 64 26 19
35 65 24 40
35 66 57 17
35 67 32 65
35 68 59 42
35 69 67 62
35 70 35 46
35 71 37 41
35 72 16 46
35 73 62 33
35 74 27 41
35 75 43 51
35 76 25 62
35 77 50 12
35 78 39 26
35 79 32 54
35 80 60 40
35 81 69 65
35 82 34 11
35 83 31 30
35 84 51 49
35 85 63 46
35 86 13 27
35 87 67 20
35 88 63 17
35 89 61 55
35 90 48 58
35 91 11 17
35 92 42 55
35 93 55 22
35 94 39 12
35 95 54 25
35 96 35 28
35 97 12 31
35 98 60 54
35 99 52 23
36 37 20 53
36 38 28 42
36 39 11 54
36 40 11 20
36 41 48 33
36 42 34 41
36 43 38 51
36 44 16 31
36 45 47 12
36 46 27 57
36 47 32 16
36 48 26 27
36 49 26 26
36 50 19 34
36 51 56 43
36 52 67 13
36 53 48 12
36 54 66 68
36 55 29 39
36 56 23 54
36 57 64 39
36 58 33 59
36 59 52 53
36 60 29 41
36 61 55 53
36 62 32 24
36 63 31 17
36 64 43 36
36 65 58 44
36 66 15 38
36 67 36 49
36 68 55 32
36 69 69 24
36 70 16 57
36 71 40 35
36 72 67 29
36 73 29 67
36 74 14 29
36 75 12 37
36 76 45 21
36 77 66 38
36 78 53 24
36 79 51 22
36 80 61 65
36 81 64 19
36 82 48 59
36 83 52 36
36 84 63 69
36 85 64 29
36 86 38 45
36 87 63 25
36 88 42 22
36 89 46 68
36 90 69 58
36 91 37 39
36 92 50 43
36 93 43 58
36 94 69 37
36 95 67 69
36 96 21 28
36 97 13 56
36 98 51 53
36 99 23 21
37 38 65 57
37 39 17 55
37 40 22 23
37 41 19 59
37 42 65 66
37 43 43 47
37 44 27 16
37 45 63 34
37 46 45 22
37 47 37 33
37 48 14 51
37 49 69 66
37 50 42 44
37 51 27 13
37 52 57 47
37 53 12 55
37 54 57 39
37 55 38 12
37 56 51 34
37 57 31 59
37 58 68 44
37 59 21 44
37 60 53 49
37 61 18 62
37 62 47 64
37 63 22 10
37 64 38 48
37 65 64 64
37 66 11 13
37 67 28 50
37 68 24 55
37 69 39 32
37 70 31 17
37 71 57 38
37 72 66 24
37 73 21 25
37 74 58 52
37 75 36 20
37 76 64 56
37 77 36 19
37 78 45 32
37 79 36 56
37 80 64 50
37 81 19 35
37 82 22 35
37 83 41 27
37 84 16 25
37 85 65 50
37 86 54 17
37 87 64 20
37 88 56 31
37 89 17 51
37 90 25 56
37 91 14 14
37 92 36 54
37 93 25 56
37 94 26 11
37 95 49 28
37 96 56 26
37 97 51 19
37 98 12 50
37 99 55 55
38 39 16 65
38 40 68 26
38 41 59 48
38 42 25 54
38 43 33 15
38 44 39 17
38 45 34 17
38 46 48 14
38 47 32 47
38 48 44 29
38 49 31 11
38 50 55 32
38 51 21 40
38 52 59 27
38 53 66 57
38 54 30 51
38 55 35 48
38 56 47 49
38 57 15 19
38 58 22 60
38 59 41 31
38 60 45 45
38 61 22 54
38 62 22 63
38 63 15 18
38 64 28 65
38 65 58 20
38 66 31 38
38 67 49 55
38 68 26 32
38 69 13 33
38 70 46 23
38 71 69 43
38 72 59 44
38 73 22 17
38 74 25 28
38 75 11 29
38 76 38 69
38 77 66 24
38 78 38 15
38 79 60 62
38 80 21 63
38 81 10 34
38 82 52 49
38 83 10 62
38 84 53 32
38 85 11 57
38 86 25 24
38 87 44 40
38 88 22 51
38 89 40 37
38 90 11 49
38 91 51 22
38 92 18 34
38 93 28 55
38 94 64 47
38 95 41 57
38 96 32 48
38 97 39 34
38 98 57 41
38 99 38 10
39 40 31 19
39 41 16 25
39 42 43 13
39 43 25 39
39 44 52 40
39 45 30 53
39 46 13 32
39 47 13 60
39 48 36 36
39 49 11 42
39 50 49 67
39 51 48 29
39 52 19 18
39 53 57 45
39 54 28 58
39 55 61 40
39 56 57 60
39 57 49 17
39 58 43 28
39 59 48 18
39 60 16 11
39 61 27 31
39 62 35 41
39 63 29 69
39 64 67 27
39 65 58 20
39 66 13 60
39 67 29 45
39 68 47 40
39 69 39 24
39 70 45 67
39 71 59 18
39 72 63 25
39 73 24 44
39 74 30 62
39 75 46 20
39 76 64 54
39 77 22 51
39 78 33 48
39 79 50 23
39 80 56 61
39 81 28 61
39 82 48 48
39 83 31 22
39 84 67 22
39 85 60 37
39 86 66 60
39 87 51 25
39 88 65 23
39 89 43 38
39 90 45 25
39 91 45 23
39 92 63 43
39 93 16 50
39 94 23 63
39 95 22 37
39 96 59 48
39 97 24 16
39 98 52 64
39 99 29 34
40 41 32 12
40 42 30 47
40 43 42 30
40 44 20 19
40 45 32 37
40 46 21 13
40 47 55 24
40 48 54 32
40 49 32 23
40 50 67 36
40 51 29 64
40 52 55 68
40 53 14 56
40 54 60 53
40 55 58 36
40 56 41 28
40 57 65 47
40 58 54 20
40 59 66 39
40 60 62 46
40 61 59 39
40 62 27 35
40 63 52 11
40 64 66 27
40 65 59 53
40 66 36 34
40 67 35 60
40 68 40 61
40 69 12 42
40 70 27 40
40 71 38 26
40 72 55 34
40 73 44 16
40 74 18 18
40 75 13 18
40 76 49 46
40 77 38 47
40 78 56 56
40 79 67 54
40 80 37 52
40 81 61 66
40 82 17 53
40 83 69 33
40 84 47 24
40 85 64 18
40 86 29 47
40 87 16 24
40 88 35 24
40 89 43 46
40 90 47 24
40 91 18 15
40 92 47 42
40 93 13 26
40 94 24 43
40 95 52 67
40 96 18 56
40 97 23 57
40 98 63 46
40 99 53 23
41 42 56 22
41 43 35 46
41 44 63 65
41 45 39 47
41 46 63 37
41 47 35 69
41 48 11 56
41 49 26 45
41 50 19 57
41 51 60 38
41 52 24 58
41 53 34 50
41 54 47 18
41 55 61 28
41 56 55 11
41 57 57 32
41 58 48 26
41 59 61 27
41 60 18 49
41 61 35 66
41 62 65 62
41 63 36 69
41 64 13 42
41 65 38 24
41 66 17 21
41 67 67 57
41 68 55 18
41 69 50 43
41 70 31 32
41 71 50 12
41 72 44 44
41 73 28 55
41 74 38 25
41 75 23 59
41 76 49 35
41 77 24 37
41 78 43 62
41 79 50 48
41 80 41 48
41 81 68 64
41 82 34 35
41 83 39 54
41 84 42 24
41 85 21 21
41 86 63 13
41 87 59 63
41 88 66 32
41 89 46 15
41 90 24 34
41 91 52 67
41 92 46 58
41 93 28 54
41 94 19 13
41 95 68 14
41 96 32 30
41 97 65 54
41 98 46 36
41 99 43 61
42 43 32 21
42 44 47 23
42 45 61 59
42 46 29 20
42 47 19 35
42 48 38 46
42 49 63 31
42 50 11 11
42 51 62 31
42 52 11 25
42 53 60 16
42 54 49 50
42 55 61 17
42 56 55 37
42 57 30 29
42 58 11 66
42 59 15 66
42 60 58 44
42 61 69 65
42 62 61 37
42 63 51 44
42 64 65 61
42 65 21 24
42 66 40 69
42 67 52 67
42 68 16 16
42 69 59 56
42 70 68 19
42 71 60 29
42 72 41 50
42 73 54 26
42 74 62 63
42 75 32 52
42 76 35 21
42 77 59 39
42 78 44 46
42 79 54 42
42 80 63 56
42 81 69 35
42 82 35 14
42 83 33 35
42 84 18 64
42 85 16 15
42 86 23 64
42 87 21 21
42 88 12 53
42 89 17 62
42 90 40 65
42 91 18 55
42 92 57 44
42 93 65 23
42 94 40 62
42 95 65 60
42 96 46 29
42 97 52 15
42 98 13 15
42 99 19 25
43 44 45 49
43 45 59 57
43 46 40 16
43 47 18 10
43 48 54 29
43 49 26 10
43 50 58 54
43 51 59 30
43 52 59 61
43 53 68 58
43 54 36 40
43 55 37 29
43 56 10 26
43 57 50 14
43 58 47 44
43 59 19 50
43 60 55 16
43 61 23 38
43 62 28 57
43 63 69 63
43 64 49 28
43 65 67 42
43 66 35 45
43 67 68 13
43 68 10 64
43 69 38 55
43 70 62 35
43 71 29 46
43 72 38 35
43 73 18 35
43 74 16 62
43 75 62 47
43 76 34 18
43 77 66 40
43 78 68 14
43 79 37 18
43 80 67 31
43 81 66 17
43 82 34 23
43 83 57 50
43 84 41 16
43 85 56 39
43 86 12 67
43 87 46 38
43 88 42 51
43 89 67 31
43 90 65 67
43 91 11 15
43 92 49 52
43 93 39 22
43 94 31 49
43 95 26 25
43 96 33 21
43 97 65 24
43 98 57 53
43 99 15 43
44 45 18 35
44 46 68 32
44 47 58 31
44 48 43 26
44 49 18 66
44 50 12 37
44 51 66 69
44 52 19 16
44 53 37 41
44 54 42 65
44 55 21 11
44 56 11 46
44 57 51 26
44 58 64 40
44 59 48 30
44 60 36 60
44 61 11 22
44 62 42 21
44 63 52 36
44 64 38 30
44 65 22 39
44 66 54 22
44 67 13 48
44 68 34 53
44 69 21 61
44 70 47 14
44 71 41 12
44 72 20 27
44 73 12 17
44 74 62 22
44 75 41 36
44 76 42 42
44 77 25 27
44 78 45 47
44 79 17 22
44 80 40 55
44 81 40 44
44 82 51 62
44 83 17 64
44 84 24 52
44 85 13 18
44 86 24 31
44 87 29 33
44 88 15 10
44 89 47 47
44 90 18 39
44 91 29 23
44 92 28 55
44 93 11 62
44 94 69 32
44 95 15 67
44 96 29 63
44 97 42 40
44 98 26 63
44 99 20 62
45 46 25 58
45 47 25 11
45 48 60 13
45 49 11 34
45 50 12 25
45 51 59 15
45 52 11 61
45 53 42 10
45 54 52 28
45 55 27 16
45 56 53 27
45 57 47 11
45 58 49 27
45 59 68 45
45 60 33 19
45 61 59 28
45 62 34 66
45 63 11 14
45 64 48 67
45 65 44 24
45 66 32 57
45 67 49 12
45 68 33 54
45 69 48 22
45 70 41 13
45 71 14 50
45 72 65 32
45 73 24 24
45 74 45 40
45 75 59 62
45 76 59 45
45 77 62 54
45 78 12 10
45 79 55 13
45 80 59 30
45 81 59 57
45 82 30 62
45 83 44 40
45 84 25 27
45 85 54 15
45 86 45 51
45 87 44 42
45 88 67 32
45 89 53 36
45 90 14 65
45 91 50 11
45 92 56 25
45 93 38 24
45 94 16 65
45 95 22 62
45 96 26 15
45 97 69 38
45 98 36 11
45 99 46 63
46 47 60 66
46 48 47 36
46 49 13 54
46 50 60 64
46 51 12 62
46 52 50 29
46 53 58 37
46 54 34 39
46 55 19 29
46 56 10 34
46 57 37 37
46 58 50 68
46 59 57 65
46 60 40 47
46 61 10 36
46 62 35 62
46 63 21 34
46 64 29 13
46 65 13 26
46 66 62 64
46 67 43 23
46 68 33 64
46 69 57 37
46 70 29 53
46 71 12 54
46 72 65 18
46 73 15 13
46 74 12 56
46 75 16 21
46 76 52 51
46 77 13 14
46 78 12 57
46 79 20 64
46 80 56 66
46 81 29 33
46 82 25 23
46 83 63 55
46 84 69 34
46 85 30 51
46 86 61 66
46 87 53 30
46 88 28 20
46 89 12 45
46 90 30 34
46 91 47 65
46 92 56 63
46 93 60 49
46 94 55 40
46 95 21 60
46 96 17 39
46 97 36 30
46 98 34 22
46 99 65 15
47 48 58 54
47 49 60 32
47 50 55 45
47 51 26 59
47 52 64 23
47 53 46 69
47 54 24 20
47 55 67 27
47 56 57 65
47 57 54 13
47 58 44 32
47 59 24 57
47 60 32 68
47 61 27 60
47 62 62 58
47 63 63 32
47 64 54 48
47 65 19 48
47 66 17 34
47 67 20 13
47 68 36 13
47 69 47 22
47 70 33 24
47 71 62 11
47 72 69 60
47 73 67 16
47 74 54 47
47 75 22 26
47 76 24 43
47 77 11 21
47 78 55 42
47 79 47 30
47 80 64 27
47 81 59 62
47 82 42 34
47 83 23 41
47 84 58 30
47 85 28 66
47 86 48 30
47 87 40 10
47 88 22 30
47 89 46 69
47 90 36 52
47 91 38 43
47 92 36 62
47 93 40 19
47 94 30 40
47 95 55 40
47 96 64 51
47 97 37 36
47 98 34 32
47 99 38 57
48 49 15 13
48 50 68 34
48 51 44 15
48 52 11 25
48 53 38 47
48 54 52 53
48 55 42 10
48 56 14 37
48 57 10 54
48 58 24 56
48 59 27 10
48 60 31 51
48 61 37 42
48 62 57 19
48 63 64 61
48 64 18 49
48 65 61 63
48 66 36 51
48 67 31 60
48 68 50 62
48 69 15 56
48 70 47 11
48 71 32 33
48 72 28 24
48 73 64 23
48 74 57 62
48 75 20 25
48 76 34 53
48 77 21 59
48 78 57 23
48 79 29 69
48 80 14 53
48 81 20 41
48 82 66 52
48 83 32 32
48 84 57 50
48 85 10 69
48 86 45 50
48 87 13 22
48 88 23 49
48 89 36 22
48 90 64 16
48 91 26 20
48 92 68 22
48 93 52 15
48 94 62 42
48 95 32 17
48 96 48 66
48 97 30 17
48 98 26 14
48 99 45 34
49 50 14 52
49 51 38 46
49 52 39 37
49 53 30 26
49 54 57 67
49 55 41 64
49 56 43 48
49 57 60 41
49 58 21 47
49 59 42 11
49 60 42 34
49 61 47 36
49 62 51 21
49 63 15 52
49 64 47 50
49 65 58 60
49 66 18 13
49 67 52 26
49 68 61 38
49 69 23 69
49 70 65 64
49 71 42 16
49 72 35 47
49 73 48 22
49 74 38 10
49 75 32 38
49 76 60 62
49 77 19 52
49 78 16 58
49 79 65 48
49 80 51 34
49 81 44 50
49 82 18 12
49 83 62 51
49 84 23 18
49 85 46 10
49 86 22 10
49 87 47 55
49 88 44 42
49 89 23 31
49 90 63 16
49 91 16 67
49 92 51 38
49 93 65 20
49 94 57 25
49 95 44 37
49 96 67 45
49 97 56 31
49 98 26 16
49 99 40 48
50 51 33 66
50 52 24 68
50 53 65 48
50 54 60 34
50 55 10 30
50 56 10 60
50 57 14 15
50 58 29 41
50 59 11 36
50 60 19 18
50 61 33 48
50 62 33 65
50 63 67 29
50 64 44 34
50 65 50 40
50 66 40 36
50 67 47 44
50 68 34 20
50 69 13 60
50 70 66 46
50 71 27 69
50 72 68 13
50 73 38 41
50 74 42 31
50 75 22 27
50 76 10 55
50 77 24 37
50 78 42 39
50 79 27 43
50 80 67 60
50 81 29 51
50 82 23 15
50 83 63 19
50 84 65 21
50 85 11 26
50 86 44 29
50 87 27 51
50 88 65 30
50 89 42 11
50 90 39 20
50 91 42 45
50 92 62 62
50 93 60 11
50 94 33 21
50 95 14 58
50 96 31 64
50 97 37 30
50 98 62 54
50 99 27 63
51 52 66 32
51 53 18 37
51 54 52 26
51 55 40 18
51 56 45 25
51 57 11 16
51 58 61 12
51 59 25 26
51 60 35 24
51 61 10 30
51 62 16 57
51 63 61 67
51 64 66 41
51 65 16 58
51 66 49 22
51 67 50 23
51 68 46 26
51 69 45 15
51 70 33 47
51 71 45 53
51 72 21 69
51 73 60 25
51 74 43 29
51 75 62 13
51 76 33 40
51 77 51 66
51 78 28 36
51 79 30 52
51 80 33 52
51 81 26 67
51 82 21 64
51 83 61 58
51 84 12 52
51 85 28 38
51 86 63 65
51 87 43 13
51 88 46 28
51 89 27 66
51 90 56 67
51 91 14 15
51 92 31 59
51 93 54 18
51 94 21 46
51 95 22 27
51 96 22 48
51 97 29 60
51 98 68 57
51 99 58 45
52 53 15 21
52 54 21 21
52 55 61 13
52 56 59 15
52 57 55 48
52 58 65 20
52 59 58 57
52 60 39 14
52 61 37 63
52 62 67 27
52 63 52 66
52 64 20 31
52 65 51 11
52 66 13 69
52 67 51 48
52 68 62 53
52 69 28 31
52 70 46 21
52 71 60 61
52 72 26 34
52 73 50 66
52 74 49 50
52 75 16 49
52 76 45 33
52 77 56 61
52 78 40 63
52 79 41 43
52 80 59 52
52 81 57 25
52 82 31 60
52 83 10 41
52 84 10 59
52 85 36 43
52 86 57 45
52 87 45 12
52 88 23 10
52 89 42 55
52 90 43 50
52 91 63 62
52 92 13 60
52 93 32 57
52 94 19 62
52 95 40 60
52 96 20 64
52 97 24 29
52 98 55 21
52 99 63 19
53 54 64 59
53 55 63 46
53 56 14 69
53 57 49 50
53 58 40 16
53 59 15 67
53 60 11 37
53 61 64 26
53 62 69 61
53 63 60 17
53 64 64 28
53 65 22 10
53 66 37 31
53 67 51 50
53 68 19 23
53 69 56 59
53 70 64 60
53 71 38 53
53 72 36 69
53 73 55 31
53 74 39 17
53 75 65 29
53 76 20 47
53 77 12 29
53 78 21 13
53 79 67 33
53 80 37 12
53 81 49 64
53 82 43 48
53 83 29 62
53 84 46 39
53 85 36 33
53 86 28 39
53 87 54 36
53 88 18 38
53 89 30 57
53 90 11 24
53 91 61 47
53 92 58 65
53 93 38 48
53 94 14 10
53 95 48 18
53 96 51 14
53 97 24 14
53 98 26 64
53 99 56 64
54 55 52 69
54 56 64 56
54 57 15 65
54 58 37 42
54 59 33 15
54 60 12 61
54 61 51 33
54 62 54 65
54 63 36 18
54 64 26 13
54 65 25 20
54 66 46 65
54 67 36 55
54 68 61 63
54 69 40 13
54 70 20 33
54 71 18 31
54 72 60 44
54 73 54 51
54 74 41 38
54 75 65 20
54 76 30 32
54 77 44 69
54 78 16 36
54 79 69 10
54 80 46 10
54 81 25 53
54 82 12 65
54 83 65 40
54 84 14 44
54 85 22 20
54 86 28 23
54 87 14 26
54 88 40 23
54 89 47 60
54 90 55 31
54 91 44 10
54 92 19 49
54 93 21 30
54 94 53 53
54 95 34 61
54 96 39 49
54 97 59 54
54 98 16 12
54 99 14 48
55 56 67 23
55 57 23 44
55 58 24 49
55 59 16 23
55 60 54 35
55 61 55 23
55 62 34 39
55 63 28 63
55 64 53 22
55 65 59 44
55 66 33 64
55 67 37 52
55 68 14 66
55 69 32 17
55 70 14 24
55 71 11 60
55 72 36 12
55 73 49 11
55 74 52 28
55 75 19 40
55 76 14 38
55 77 58 20
55 78 18 57
55 79 18 51
55 80 67 69
55 81 32 42
55 82 12 58
55 83 31 57
55 84 36 61
55 85 18 54
55 86 29 40
55 87 28 19
55 88 37 19
55 89 52 14
55 90 15 33
55 91 52 10
55 92 52 44
55 93 34 52
55 94 55 62
55 95 20 32
55 96 56 36
55 97 22 53
55 98 58 26
55 99 37 15
56 57 22 12
56 58 40 54
56 59 60 35
56 60 45 53
56 61 43 15
56 62 63 63
56 63 32 18
56 64 11 35
56 65 29 58
56 66 36 57
56 67 12 29
56 68 50 60
56 69 48 51
56 70 53 60
56 71 61 34
56 72 28 43
56 73 66 11
56 74 27 53
56 75 66 42
56 76 35 21
56 77 62 53
56 78 25 18
56 79 66 53
56 80 68 30
56 81 38 32
56 82 13 42
56 83 27 63
56 84 20 41
56 85 61 55
56 86 64 40
56 87 10 25
56 88 29 27
56 89 40 38
56 90 44 56
56 91 41 19
56 92 59 36
56 93 30 35
56 94 12 22
56 95 27 17
56 96 66 23
56 97 19 12
56 98 15 20
56 99 32 38
57 58 68 18
57 59 44 37
57 60 55 15
57 61 42 18
57 62 65 57
57 63 57 40
57 64 56 66
57 65 43 31
57 66 45 14
57 67 19 50
57 68 37 26
57 69 61 35
57 70 28 22
57 71 40 45
57 72 66 68
57 73 33 28
57 74 50 11
57 75 10 30
57 76 28 36
57 77 29 52
57 78 21 27
57 79 34 37
57 80 19 48
57 81 16 15
57 82 30 53
57 83 39 22
57 84 25 56
57 85 18 18
57 86 62 68
57 87 46 49
57 88 23 56
57 89 47 50
57 90 49 39
57 91 58 69
57 92 12 14
57 93 46 32
57 94 59 31
57 95 14 42
57 96 66 28
57 97 68 13
57 98 12 57
57 99 11 52
58 59 54 35
58 60 16 19
58 61 52 42
58 62 64 31
58 63 52 38
58 64 39 51
58 65 68 32
58 66 17 20
58 67 50 46
58 68 15 11
58 69 50 44
58 70 50 17
58 71 67 41
58 72 16 13
58 73 21 57
58 74 33 56
58 75 15 24
58 76 42 46
58 77 58 21
58 78 22 14
58 79 36 10
58 80 69 44
58 81 12 58
58 82 38 48
58 83 18 29
58 84 25 60
58 85 26 45
58 86 57 48
58 87 41 42
58 88 37 26
58 89 42 21
58 90 31 28
58 91 27 13
58 92 34 25
58 93 64 23
58 94 66 63
58 95 61 10
58 96 52 64
58 97 14 47
58 98 24 69
58 99 26 25
59 60 40 68
59 61 62 11
59 62 53 66
59 63 36 30
59 64 45 47
59 65 19 40
59 66 65 68
59 67 16 43
59 68 22 30
59 69 65 17
59 70 23 24
59 71 68 65
59 72 11 68
59 73 26 29
59 74 24 45
59 75 61 24
59 76 16 61
59 77 34 18
59 78 55 68
59 79 61 33
59 80 64 58
59 81 40 55
59 82 41 36
59 83 67 65
59 84 24 46
59 85 25 23
59 86 56 65
59 87 28 35
59 88 22 65
59 89 46 45
59 90 47 10
59 91 51 31
59 92 33 11
59 93 27 25
59 94 58 53
59 95 50 58
59 96 56 18
59 97 26 63
59 98 17 30
59 99 57 46
60 61 16 24
60 62 32 49
60 63 42 35
60 64 46 54
60 65 42 40
60 66 34 35
60 67 21 12
60 68 19 17
60 69 64 52
60 70 69 50
60 71 26 13
60 72 46 62
60 73 29 27
60 74 22 63
60 75 20 55
60 76 52 35
60 77 29 18
60 78 65 60
60 79 42 69
60 80 65 59
60 81 50 39
60 82 59 38
60 83 66 18
60 84 53 36
60 85 44 60
60 86 36 28
60 87 20 25
60 88 65 40
60 89 64 64
60 90 15 62
60 91 36 52
60 92 51 16
60 93 29 53
60 94 52 24
60 95 32 54
60 96 68 47
60 97 22 61
60 98 41 36
60 99 27 67
61 62 41 37
61 63 39 30
61 64 29 41
61 65 29 15
61 66 43 36
61 67 62 52
61 68 37 24
61 69 24 57
61 70 44 21
61 71 12 59
61 72 53 46
61 73 11 69
61 74 19 44
61 75 42 45
61 76 56 41
61 77 28 13
61 78 36 18
61 79 19 21
61 80 54 67
61 81 41 57
61 82 15 50
61 83 66 64
61 84 55 10
61 85 62 45
61 86 55 19
61 87 22 54
61 88 29 15
61 89 66 42
61 90 27 38
61 91 68 41
61 92 10 18
61 93 58 35
61 94 51 21
61 95 49 23
61 96 50 14
61 97 14 61
61 98 66 60
61 99 48 43
62 63 25 23
62 64 69 24
62 65 32 23
62 66 63 42
62 67 43 53
62 68 56 50
62 69 55 58
62 70 42 35
62 71 49 65
62 72 56 67
62 73 52 44
62 74 12 40
62 75 69 65
62 76 66 28
62 77 69 24
62 78 26 10
62 79 41 37
62 80 47 29
62 81 11 66
62 82 49 58
62 83 24 24
62 84 42 25
62 85 68 34
62 86 64 28
62 87 25 60
62 88 28 38
62 89 43 34
62 90 45 57
62 91 17 62
62 92 60 60
62 93 54 60
62 94 63 55
62 95 30 53
62 96 38 35
62 97 43 30
62 98 13 66
62 99 12 12
63 64 33 10
63 65 62 42
63 66 61 46
63 67 47 56
63 68 52 13
63 69 42 42
63 70 39 12
63 71 16 65
63 72 61 22
63 73 14 38
63 74 15 62
63 75 49 29
63 76 24 55
63 77 50 32
63 78 35 12
63 79 33 43
63 80 25 39
63 81 55 37
63 82 59 32
63 83 55 64
63 84 28 62
63 85 15 18
63 86 65 13
63 87 17 24
63 88 60 64
63 89 59 19
63 90 68 68
63 91 15 34
63 92 45 69
63 93 38 49
63 94 12 34
63 95 24 51
63 96 51 33
63 97 14 12
63 98 59 60
63 99 26 40
64 65 21 14
64 66 64 53
64 67 32 56
64 68 54 66
64 69 36 57
64 70 25 50
64 71 60 61
64 72 59 40
64 73 26 62
64 74 21 24
64 75 35 44
64 76 49 31
64 77 35 15
64 78 50 58
64 79 19 67
64 80 58 58
64 81 60 32
64 82 11 17
64 83 31 13
64 84 46 50
64 85 26 60
64 86 11 18
64 87 30 57
64 88 42 49
64 89 53 20
64 90 50 50
64 91 32 44
64 92 16 31
64 93 68 43
64 94 37 10
64 95 27 39
64 96 25 55
64 97 23 41
64 98 46 32
64 99 53 54
65 66 17 69
65 67 28 61
65 68 15 57
65 69 55 64
65 70 65 52
65 71 25 29
65 72 37 53
65 73 61 22
65 74 20 58
65 75 37 58
65 76 35 32
65 77 14 37
65 78 50 41
65 79 19 60
65 80 44 21
65 81 16 23
65 82 19 47
65 83 24 22
65 84 15 61
65 85 24 48
65 86 15 26
65 87 34 15
65 88 45 49
65 89 47 21
65 90 27 66
65 91 59 18
65 92 51 10
65 93 39 62
65 94 10 21
65 95 47 21
65 96 13 68
65 97 53 15
65 98 61 52
65 99 55 19
66 67 13 21
66 68 49 13
66 69 34 21
66 70 51 46
66 71 50 51
66 72 23 11
66 73 12 32
66 74 12 39
66 75 23 15
66 76 29 27
66 77 37 43
66 78 35 31
66 79 22 16
66 80 69 18
66 81 31 59
66 82 39 57
66 83 11 11
66 84 66 20
66 85 51 23
66 86 25 62
66 87 56 22
66 88 68 59
66 89 31 57
66 90 19 14
66 91 60 34
66 92 25 45
66 93 35 54
66 94 34 36
66 95 42 47
66 96 29 61
66 97 37 10
66 98 48 61
66 99 68 31
67 68 50 69
67 69 21 10
67 70 46 20
67 71 20 36
67 72 32 35
67 73 13 47
67 74 45 50
67 75 31 21
67 76 59 13
67 77 43 11
67 78 64 60
67 79 44 44
67 80 57 20
67 81 11 57
67 82 30 64
67 83 15 42
67 84 56 50
67 85 52 17
67 86 30 21
67 87 64 28
67 88 41 12
67 89 14 12
67 90 50 28
67 91 69 63
67 92 52 25
67 93 69 49
67 94 21 34
67 95 55 15
67 96 13 39
67 97 18 16
67 98 13 52
67 99 53 57
68 69 29 37
68 70 57 37
68 71 16 66
68 72 28 65
68 73 66 31
68 74 62 45
68 75 51 46
68 76 12 42
68 77 46 55
68 78 66 33
68 79 20 42
68 80 41 27
68 81 47 63
68 82 14 64
68 83 45 56
68 84 67 66
68 85 47 27
68 86 56 21
68 87 25 59
68 88 20 30
68 89 42 55
68 90 35 36
68 91 31 28
68 92 28 58
68 93 64 12
68 94 42 17
68 95 58 31
68 96 68 19
68 97 11 60
68 98 65 16
68 99 64 45
69 70 23 47
69 71 31 55
69 72 34 69
69 73 33 66
69 74 49 40
69 75 42 22
69 76 11 23
69 77 62 47
69 78 65 33
69 79 12 23
69 80 52 14
69 81 13 53
69 82 15 13
69 83 61 30
69 84 26 13
69 85 36 41
69 86 65 36
69 87 37 43
69 88 21 60
69 89 30 57
69 90 55 49
69 91 43 53
69 92 62 17
69 93 12 27
69 94 42 53
69 95 11 58
69 96 55 17
69 97 36 29
69 98 38 36
69 99 67 21
70 71 49 34
70 72 33 63
70 73 58 25
70 74 50 52
70 75 66 25
70 76 28 33
70 77 36 50
70 78 23 33
70 79 47 31
70 80 48 35
70 81 23 48
70 82 37 17
70 83 31 47
70 84 42 48
70 85 25 44
70 86 29 60
70 87 63 47
70 88 26 18
70 89 12 59
70 90 32 33
70 91 11 56
70 92 62 13
70 93 36 14
70 94 45 53
70 95 48 10
70 96 60 29
70 97 48 51
70 98 55 68
70 99 36 46
71 72 14 54
71 73 66 48
71 74 46 22
71 75 23 14
71 76 68 67
71 77 21 45
71 78 19 44
71 79 45 49
71 80 41 58
71 81 33 23
71 82 30 53
71 83 51 51
71 84 40 38
71 85 11 28
71 86 30 64
71 87 67 12
71 88 18 14
71 89 51 56
71 90 21 21
71 91 20 44
71 92 14 66
71 93 27 27
71 94 35 27
71 95 44 69
71 96 14 23
71 97 11 42
71 98 15 34
71 99 46 19
72 73 30 11
72 74 34 55
72 75 24 54
72 76 53 30
72 77 49 51
72 78 19 53
72 79 48 66
72 80 17 50
72 81 14 16
72 82 33 65
72 83 63 69
72 84 17 41
72 85 68 35
72 86 12 47
72 87 15 41
72 88 47 53
72 89 56 55
72 90 15 48
72 91 54 17
72 92 36 50
72 93 69 29
72 94 69 34
72 95 24 31
72 96 59 36
72 97 58 63
72 98 36 11
72 99 47 16
73 74 32 19
73 75 50 29
73 76 40 30
73 77 38 64
73 78 38 67
73 79 23 26
73 80 27 46
73 81 14 46
73 82 23 58
73 83 59 13
73 84 29 12
73 85 64 32
73 86 51 25
73 87 42 60
73 88 19 55
73 89 62 57
73 90 52 13
73 91 23 62
73 92 16 24
73 93 42 50
73 94 23 53
73 95 51 10
73 96 27 18
73 97 11 38
73 98 68 29
73 99 17 15
74 75 59 14
74 76 49 18
74 77 55 14
74 78 25 48
74 79 37 40
74 80 65 19
74 81 29 63
74 82 21 68
74 83 21 52
74 84 60 51
74 85 62 42
74 86 22 32
74 87 38 12
74 88 54 30
74 89 18 67
74 90 34 68
74 91 69 62
74 92 36 61
74 93 56 28
74 94 40 53
74 95 13 57
74 96 27 25
74 97 56 26
74 98 39 10
74 99 55 18
75 76 67 67
75 77 10 43
75 78 10 10
75 79 13 45
75 80 59 53
75 81 57 38
75 82 61 48
75 83 32 22
75 84 52 26
75 85 65 61
75 86 46 41
75 87 64 60
75 88 13 60
75 89 46 28
75 90 57 15
75 91 24 54
75 92 18 47
75 93 53 54
75 94 39 55
75 95 68 39
75 96 28 43
75 97 42 55
75 98 13 32
75 99 32 12
76 77 17 50
76 78 35 36
76 79 24 44
76 80 45 30
76 81 62 51
76 82 48 66
76 83 38 25
76 84 11 45
76 85 27 35
76 86 62 26
76 87 65 36
76 88 35 52
76 89 63 14
76 90 13 49
76 91 18 67
76 92 40 27
76 93 69 57
76 94 31 24
76 95 56 33
76 96 58 63
76 97 33 43
76 98 40 16
76 99 14 49
77 78 35 68
77 79 60 34
77 80 11 62
77 81 38 67
77 82 53 67
77 83 40 65
77 84 50 55
77 85 69 33
77 86 36 23
77 87 53 62
77 88 25 16
77 89 18 61
77 90 34 60
77 91 29 19
77 92 67 25
77 93 53 26
77 94 57 55
77 95 11 46
77 96 49 44
77 97 62 35
77 98 28 45
77 99 66 69
78 79 64 54
78 80 58 32
78 81 49 68
78 82 10 48
78 83 27 47
78 84 47 34
78 85 21 44
78 86 46 67
78 87 55 63
78 88 19 37
78 89 20 12
78 90 26 10
78 91 49 23
78 92 69 66
78 93 60 41
78 94 57 37
78 95 63 60
78 96 25 11
78 97 25 45
78 98 19 59
78 99 10 29
79 80 34 54
79 81 18 37
79 82 32 22
79 83 34 35
79 84 15 13
79 85 59 11
79 86 44 54
79 87 38 30
79 88 55 38
79 89 27 67
79 90 19 22
79 91 46 10
79 92 25 42
79 93 30 21
79 94 60 33
79 95 48 17
79 96 39 57
79 97 13 32
79 98 38 64
79 99 19 14
80 81 23 14
80 82 63 54
80 83 31 24
80 84 11 51
80 85 23 37
80 86 40 33
80 87 28 23
80 88 59 59
80 89 48 17
80 90 56 29
80 91 34 45
80 92 62 43
80 93 42 12
80 94 47 60
80 95 60 57
80 96 64 44
80 97 52 63
80 98 30 28
80 99 59 13
81 82 51 15
81 83 17 57
81 84 64 31
81 85 25 11
81 86 58 12
81 87 44 45
81 88 66 26
81 89 40 63
81 90 41 61
81 91 57 44
81 92 53 23
81 93 10 60
81 94 37 40
81 95 10 37
81 96 69 21
81 97 55 13
81 98 52 66
81 99 28 40
82 83 12 57
82 84 56 54
82 85 43 28
82 86 67 23
82 87 49 21
82 88 55 15
82 89 63 11
82 90 18 23
82 91 20 58
82 92 23 45
82 93 64 66
82 94 34 42
82 95 62 14
82 96 24 39
82 97 19 52
82 98 37 15
82 99 28 21
83 84 43 52
83 85 18 25
83 86 18 67
83 87 43 40
83 88 61 60
83 89 44 17
83 90 56 53
83 91 66 68
83 92 45 12
83 93 64 23
83 94 58 69
83 95 22 12
83 96 11 62
83 97 61 52
83 98 47 69
83 99 49 46
84 85 69 11
84 86 28 32
84 87 59 41
84 88 55 24
84 89 19 60
84 90 45 16
84 91 32 46
84 92 24 48
84 93 31 31
84 94 34 51
84 95 13 36
84 96 48 28
84 97 38 60
84 98 24 42
84 99 69 66
85 86 18 48
85 87 57 65
85 88 61 17
85 89 54 54
85 90 22 45
85 91 60 67
85 92 58 59
85 93 69 62
85 94 50 53
85 95 26 53
85 96 18 47
85 97 52 56
85 98 64 23
85 99 18 10
86 87 47 23
86 88 31 13
86 89 15 10
86 90 62 16
86 91 14 45
86 92 56 19
86 93 27 48
86 94 22 36
86 95 33 41
86 96 19 24
86 97 12 67
86 98 34 59
86 99 20 67
87 88 51 66
87 89 17 21
87 90 16 23
87 91 11 41
87 92 14 31
87 93 14 34
87 94 58 12
87 95 31 42
87 96 56 11
87 97 17 63
87 98 50 65
87 99 26 67
88 89 65 37
88 90 47 46
88 91 68 20
88 92 16 69
88 93 65 14
88 94 19 30
88 95 17 24
88 96 30 61
88 97 58 42
88 98 43 17
88 99 19 41
89 90 45 15
89 91 18 12
89 92 52 38
89 93 50 57
89 94 18 42
89 95 28 37
89 96 65 65
89 97 53 15
89 98 18 22
89 99 48 49
90 91 31 28
90 92 47 49
90 93 65 61
90 94 57 17
90 95 52 16
90 96 64 16
90 97 43 38
90 98 44 35
90 99 31 42
91 92 16 58
91 93 30 29
91 94 53 23
91 95 13 43
91 96 16 37
91 97 18 42
91 98 12 39
91 99 56 11
92 93 56 63
92 94 25 48
92 95 14 23
92 96 64 31
92 97 52 18
92 98 53 47
92 99 12 27
93 94 68 41
93 95 37 62
93 96 19 49
93 97 25 51
93 98 28 32
93 99 36 65
94 95 20 64
94 96 39 47
94 97 64 11
94 98 15 61
94 99 52 67
95 96 67 40
95 97 39 51
95 98 10 11
95 99 65 21
96 97 35 34
96 98 58 34
96 99 32 15
97 98 41 16
97 99 22 39
98 99 61 25
