100
0 1 30 30
0 2 0 970
0 3 983 981
0 4 995 992
0 5 975 983
0 6 994 980
0 7 977 990
0 8 994 990
0 9 971 973
0 10 991 994
0 11 993 977
0 12 988 999
0 13 985 988
0 14 987 973
0 15 984 971
0 16 973 991
0 17 999 994
0 18 996 989
0 19 982 999
0 20 972 986
0 21 988 981
0 22 997 978
0 23 973 981
0 24 995 985
0 25 981 980
0 26 983 998
0 27 992 980
0 28 985 985
0 29 978 973
0 30 976 983
0 31 992 970
0 32 982 999
0 33 976 994
0 34 988 977
0 35 994 983
0 36 976 986
0 37 987 990
0 38 971 989
0 39 971 977
0 40 992 978
0 41 971 983
0 42 993 976
0 43 988 978
0 44 997 996
0 45 971 996
0 46 989 981
0 47 988 983
0 48 997 993
0 49 986 998
0 50 999 980
0 51 975 999
0 52 991 971
0 53 975 999
0 54 999 974
0 55 990 981
0 56 979 975
0 57 984 995
0 58 971 976
0 59 997 979
0 60 990 983
0 61 977 982
0 62 975 977
0 63 977 975
0 64 979 997
0 65 978 999
0 66 996 977
0 67 984 984
0 68 998 989
0 69 978 970
0 70 986 983
0 71 974 974
0 72 972 971
0 73 977 991
0 74 986 971
0 75 989 999
0 76 993 983
0 77 988 979
0 78 978 999
0 79 980 985
0 80 986 990
0 81 972 973
0 82 990 998
0 83 999 984
0 84 973 970
0 85 992 981
0 86 974 985
0 87 991 980
0 88 974 990
0 89 988 971
0 90 978 999
0 91 999 990
0 92 992 995
0 93 981 971
0 94 980 999
0 95 981 971
0 96 970 986
0 97 978 981
0 98 972 993
0 99 971 976
1 2 970 0
1 3 979 986
1 4 988 985
1 5 995 976
1 6 976 994
1 7 997 994
1 8 993 989
1 9 974 996
1 10 984 996
1 11 986 974
1 12 992 977
1 13 976 993
1 14 977 991
1 15 999 992
1 16 986 998
1 17 990 996
1 18 971 975
1 19 997 974
1 20 988 970
1 21 997 980
1 22 992 993
1 23 997 977
1 24 996 974
1 25 991 972
1 26 995 971
1 27 976 973
1 28 974 983
1 29 991 975
1 30 976 975
1 31 990 999
1 32 998 986
1 33 984 997
1 34 983 998
1 35 997 977
1 36 981 999
1 37 992 987
1 38 973 995
1 39 977 973
1 40 989 978
1 41 975 973
1 42 994 972
1 43 973 998
1 44 997 991
1 45 976 976
1 46 979 995
1 47 972 985
1 48 993 991
1 49 977 976
1 50 982 987
1 51 998 991
1 52 974 984
1 53 970 999
1 54 984 988
1 55 973 973
1 56 987 978
1 57 995 999
1 58 989 976
1 59 971 985
1 60 976 978
1 61 995 990
1 62 999 983
1 63 987 989
1 64 994 980
1 65 997 985
1 66 999 999
1 67 975 999
1 68 981 995
1 69 971 979
1 70 984 988
1 71 995 973
1 72 985 994
1 73 991 980
1 74 971 981
1 75 980 982
1 76 997 991
1 77 973 990
1 78 972 983
1 79 984 984
1 80 972 983
1 81 983 994
1 82 983 996
1 83 984 982
1 84 996 976
1 85 990 994
1 86 973 996
1 87 999 988
1 88 981 991
1 89 999 985
1 90 971 983
1 91 973 993
1 92 986 991
1 93 988 990
1 94 991 995
1 95 995 997
1 96 982 989
1 97 981 982
1 98 991 975
1 99 974 972
2 3 998 994
2 4 973 998
2 5 975 992
2 6 991 974
2 7 974 976
2 8 988 977
2 9 996 972
2 10 995 986
2 11 975 975
2 12 978 972
2 13 994 984
2 14 984 983
2 15 979 982
2 16 980 972
2 17 981 997
2 18 980 970
2 19 981 992
2 20 988 978
2 21 996 975
2 22 987 977
2 23 975 992
2 24 996 972
2 25 994 992
2 26 991 986
2 27 992 992
2 28 976 994
2 29 999 981
2 30 975 980
2 31 981 980
2 32 974 994
2 33 989 979
2 34 978 973
2 35 976 976
2 36 993 977
2 37 971 972
2 38 999 972
2 39 980 980
2 40 984 973
2 41 972 971
2 42 975 980
2 43 994 980
2 44 973 973
2 45 988 988
2 46 972 985
2 47 999 991
2 48 993 989
2 49 981 972
2 50 987 974
2 51 970 993
2 52 978 971
2 53 992 980
2 54 976 982
2 55 995 999
2 56 980 973
2 57 978 992
2 58 987 991
2 59 996 980
2 60 987 970
2 61 998 996
2 62 979 977
2 63 980 989
2 64 992 975
2 65 975 996
2 66 988 993
2 67 986 970
2 68 980 998
2 69 972 970
2 70 999 993
2 71 994 990
2 72 987 981
2 73 986 971
2 74 979 975
2 75 970 998
2 76 991 973
2 77 977 994
2 78 983 993
2 79 985 971
2 80 998 993
2 81 984 983
2 82 980 988
2 83 980 990
2 84 997 984
2 85 973 992
2 86 988 988
2 87 990 974
2 88 987 988
2 89 997 989
2 90 998 971
2 91 971 980
2 92 981 972
2 93 991 982
2 94 973 981
2 95 998 993
2 96 994 974
2 97 997 983
2 98 981 978
2 99 993 998
3 4 61 61
3 5 150 53
3 6 165 180
3 7 89 100
3 8 92 103
3 9 188 71
3 10 123 119
3 11 95 106
3 12 63 161
3 13 130 37
3 14 32 140
3 15 174 127
3 16 44 97
3 17 46 189
3 18 174 112
3 19 147 112
3 20 185 147
3 21 30 64
3 22 52 98
3 23 135 175
3 24 87 136
3 25 103 157
3 26 135 195
3 27 199 54
3 28 82 107
3 29 116 54
3 30 181 103
3 31 185 48
3 32 172 164
3 33 115 159
3 34 174 146
3 35 124 60
3 36 36 142
3 37 116 136
3 38 87 172
3 39 67 53
3 40 97 91
3 41 92 165
3 42 106 34
3 43 172 143
3 44 97 63
3 45 188 147
3 46 42 102
3 47 121 135
3 48 46 143
3 49 129 128
3 50 36 147
3 51 142 121
3 52 168 109
3 53 129 198
3 54 40 149
3 55 178 111
3 56 73 76
3 57 191 92
3 58 187 167
3 59 161 81
3 60 72 57
3 61 154 92
3 62 167 135
3 63 186 126
3 64 141 151
3 65 129 103
3 66 124 121
3 67 75 196
3 68 132 136
3 69 82 158
3 70 56 61
3 71 113 188
3 72 62 136
3 73 48 85
3 74 188 112
3 75 175 186
3 76 76 61
3 77 115 60
3 78 151 54
3 79 105 85
3 80 62 107
3 81 147 146
3 82 191 55
3 83 198 41
3 84 49 185
3 85 197 108
3 86 146 107
3 87 140 131
3 88 48 172
3 89 111 185
3 90 198 152
3 91 157 155
3 92 42 96
3 93 175 58
3 94 59 147
3 95 170 73
3 96 97 67
3 97 85 102
3 98 166 168
3 99 98 185
4 5 49 45
4 6 139 190
4 7 181 192
4 8 152 35
4 9 171 152
4 10 90 183
4 11 177 124
4 12 31 53
4 13 35 92
4 14 58 195
4 15 64 43
4 16 109 106
4 17 44 131
4 18 82 109
4 19 176 154
4 20 150 186
4 21 98 69
4 22 88 90
4 23 168 104
4 24 158 187
4 25 182 92
4 26 68 102
4 27 54 50
4 28 171 163
4 29 101 101
4 30 184 160
4 31 84 131
4 32 85 138
4 33 110 100
4 34 129 115
4 35 107 183
4 36 57 109
4 37 100 138
4 38 182 41
4 39 189 195
4 40 64 130
4 41 172 190
4 42 173 132
4 43 55 182
4 44 52 57
4 45 155 103
4 46 39 63
4 47 163 199
4 48 71 169
4 49 195 98
4 50 137 67
4 51 59 116
4 52 88 196
4 53 151 47
4 54 49 156
4 55 192 52
4 56 97 194
4 57 73 186
4 58 73 94
4 59 136 110
4 60 60 173
4 61 55 95
4 62 123 119
4 63 188 102
4 64 193 63
4 65 78 193
4 66 66 198
4 67 181 171
4 68 127 170
4 69 84 128
4 70 185 168
4 71 160 179
4 72 124 51
4 73 155 106
4 74 66 63
4 75 129 165
4 76 127 103
4 77 64 98
4 78 181 79
4 79 68 138
4 80 98 129
4 81 159 165
4 82 69 198
4 83 77 174
4 84 120 188
4 85 157 78
4 86 131 165
4 87 140 188
4 88 98 183
4 89 74 83
4 90 198 184
4 91 115 139
4 92 81 132
4 93 30 85
4 94 152 35
4 95 72 197
4 96 127 136
4 97 106 109
4 98 54 177
4 99 54 179
5 6 59 190
5 7 193 150
5 8 172 89
5 9 64 51
5 10 120 184
5 11 63 99
5 12 150 155
5 13 32 183
5 14 92 60
5 15 77 183
5 16 142 72
5 17 122 69
5 18 124 80
5 19 102 151
5 20 94 41
5 21 59 125
5 22 193 180
5 23 72 79
5 24 30 67
5 25 115 42
5 26 170 192
5 27 183 36
5 28 180 81
5 29 90 199
5 30 194 51
5 31 77 191
5 32 41 176
5 33 174 196
5 34 36 92
5 35 162 100
5 36 180 38
5 37 87 98
5 38 119 115
5 39 163 161
5 40 58 47
5 41 138 99
5 42 132 140
5 43 123 88
5 44 164 80
5 45 105 89
5 46 84 195
5 47 130 113
5 48 43 87
5 49 74 36
5 50 110 177
5 51 59 165
5 52 145 113
5 53 194 156
5 54 72 151
5 55 168 95
5 56 35 114
5 57 140 79
5 58 72 67
5 59 31 120
5 60 39 99
5 61 118 111
5 62 190 189
5 63 116 115
5 64 39 139
5 65 86 137
5 66 49 189
5 67 186 185
5 68 61 174
5 69 103 53
5 70 194 110
5 71 89 63
5 72 70 169
5 73 57 159
5 74 141 115
5 75 97 130
5 76 105 39
5 77 197 136
5 78 139 42
5 79 138 85
5 80 36 131
5 81 57 105
5 82 35 97
5 83 104 179
5 84 55 199
5 85 97 158
5 86 165 63
5 87 99 69
5 88 48 168
5 89 123 69
5 90 74 157
5 91 198 36
5 92 53 142
5 93 152 174
5 94 173 130
5 95 185 120
5 96 182 168
5 97 146 34
5 98 100 69
5 99 148 167
6 7 144 175
6 8 105 68
6 9 41 179
6 10 34 165
6 11 154 165
6 12 130 197
6 13 36 195
6 14 164 92
6 15 120 97
6 16 100 44
6 17 131 122
6 18 50 125
6 19 102 152
6 20 73 125
6 21 75 79
6 22 195 158
6 23 79 95
6 24 156 173
6 25 196 59
6 26 135 37
6 27 191 135
6 28 33 198
6 29 185 176
6 30 151 102
6 31 150 195
6 32 120 42
6 33 101 182
6 34 42 39
6 35 141 133
6 36 97 142
6 37 53 104
6 38 193 151
6 39 96 107
6 40 111 143
6 41 117 164
6 42 81 115
6 43 197 76
6 44 43 43
6 45 73 104
6 46 158 197
6 47 70 97
6 48 88 101
6 49 135 63
6 50 151 82
6 51 69 149
6 52 139 163
6 53 39 131
6 54 41 193
6 55 51 74
6 56 148 33
6 57 172 143
6 58 185 30
6 59 69 133
6 60 96 188
6 61 170 128
6 62 59 90
6 63 184 176
6 64 59 30
6 65 110 157
6 66 144 162
6 67 191 96
6 68 136 151
6 69 168 121
6 70 71 125
6 71 90 153
6 72 183 136
6 73 130 171
6 74 136 185
6 75 178 37
6 76 131 47
6 77 75 199
6 78 138 114
6 79 148 96
6 80 142 139
6 81 181 121
6 82 197 81
6 83 87 186
6 84 152 84
6 85 150 133
6 86 152 150
6 87 110 156
6 88 180 94
6 89 171 166
6 90 179 81
6 91 40 170
6 92 46 32
6 93 134 57
6 94 178 92
6 95 56 114
6 96 125 34
6 97 184 39
6 98 131 173
6 99 44 87
7 8 142 133
7 9 138 48
7 10 82 150
7 11 188 91
7 12 158 152
7 13 74 77
7 14 188 62
7 15 171 135
7 16 131 128
7 17 155 159
7 18 70 72
7 19 143 111
7 20 41 134
7 21 76 74
7 22 186 76
7 23 42 144
7 24 173 131
7 25 161 199
7 26 143 94
7 27 97 135
7 28 62 44
7 29 59 98
7 30 141 129
7 31 54 152
7 32 101 113
7 33 151 192
7 34 69 127
7 35 55 50
7 36 147 47
7 37 74 114
7 38 82 118
7 39 95 116
7 40 197 171
7 41 46 33
7 42 170 107
7 43 86 153
7 44 154 81
7 45 133 146
7 46 173 83
7 47 168 87
7 48 43 36
7 49 39 194
7 50 33 113
7 51 113 105
7 52 75 102
7 53 112 162
7 54 102 103
7 55 179 50
7 56 121 166
7 57 43 155
7 58 144 46
7 59 145 184
7 60 169 47
7 61 69 103
7 62 172 184
7 63 77 65
7 64 146 197
7 65 107 65
7 66 129 170
7 67 156 90
7 68 198 157
7 69 87 45
7 70 95 90
7 71 98 161
7 72 34 77
7 73 84 121
7 74 31 161
7 75 53 193
7 76 57 57
7 77 169 46
7 78 158 122
7 79 108 111
7 80 191 56
7 81 148 64
7 82 186 189
7 83 74 144
7 84 47 181
7 85 155 139
7 86 98 83
7 87 176 34
7 88 181 166
7 89 83 112
7 90 48 155
7 91 110 174
7 92 106 44
7 93 69 167
7 94 167 161
7 95 113 78
7 96 155 102
7 97 102 173
7 98 134 143
7 99 178 81
8 9 116 162
8 10 48 120
8 11 141 97
8 12 69 114
8 13 169 99
8 14 148 157
8 15 150 73
8 16 160 119
8 17 102 58
8 18 196 156
8 19 105 176
8 20 121 78
8 21 100 137
8 22 106 120
8 23 105 67
8 24 124 117
8 25 99 85
8 26 93 167
8 27 54 56
8 28 107 58
8 29 44 48
8 30 109 196
8 31 160 157
8 32 118 135
8 33 199 43
8 34 121 64
8 35 172 128
8 36 122 101
8 37 103 37
8 38 180 180
8 39 114 157
8 40 141 121
8 41 75 57
8 42 66 145
8 43 121 130
8 44 50 115
8 45 40 142
8 46 195 128
8 47 129 167
8 48 121 144
8 49 199 143
8 50 44 125
8 51 170 48
8 52 123 178
8 53 172 179
8 54 80 56
8 55 31 186
8 56 128 129
8 57 165 107
8 58 183 127
8 59 71 170
8 60 105 148
8 61 129 135
8 62 88 31
8 63 44 43
8 64 155 172
8 65 130 179
8 66 151 135
8 67 173 172
8 68 147 91
8 69 89 35
8 70 81 41
8 71 116 45
8 72 121 61
8 73 115 128
8 74 170 101
8 75 88 164
8 76 76 100
8 77 85 63
8 78 56 94
8 79 76 36
8 80 168 35
8 81 80 178
8 82 48 165
8 83 75 108
8 84 129 187
8 85 125 138
8 86 115 174
8 87 47 33
8 88 51 175
8 89 193 149
8 90 111 79
8 91 55 178
8 92 176 133
8 93 143 176
8 94 78 84
8 95 59 160
8 96 105 150
8 97 47 44
8 98 98 40
8 99 112 77
9 10 156 80
9 11 161 145
9 12 161 166
9 13 188 115
9 14 172 198
9 15 79 97
9 16 49 127
9 17 199 146
9 18 95 193
9 19 45 189
9 20 131 172
9 21 104 98
9 22 197 49
9 23 100 172
9 24 136 81
9 25 122 178
9 26 127 71
9 27 195 192
9 28 155 192
9 29 68 69
9 30 108 100
9 31 136 77
9 32 157 141
9 33 130 86
9 34 134 198
9 35 188 35
9 36 184 73
9 37 194 80
9 38 49 180
9 39 151 128
9 40 140 173
9 41 48 42
9 42 93 188
9 43 45 60
9 44 51 154
9 45 142 31
9 46 191 147
9 47 172 44
9 48 101 36
9 49 49 85
9 50 129 151
9 51 84 37
9 52 32 158
9 53 34 127
9 54 153 67
9 55 177 123
9 56 116 161
9 57 97 66
9 58 174 38
9 59 112 108
9 60 163 153
9 61 30 186
9 62 145 108
9 63 120 34
9 64 129 68
9 65 162 108
9 66 147 37
9 67 84 90
9 68 90 105
9 69 193 180
9 70 58 91
9 71 69 189
9 72 197 152
9 73 194 48
9 74 125 177
9 75 65 66
9 76 43 97
9 77 167 75
9 78 92 132
9 79 193 134
9 80 65 122
9 81 115 184
9 82 153 38
9 83 195 116
9 84 84 128
9 85 37 128
9 86 74 105
9 87 76 122
9 88 138 155
9 89 87 194
9 90 79 174
9 91 167 67
9 92 93 94
9 93 169 191
9 94 36 114
9 95 165 112
9 96 115 187
9 97 196 67
9 98 156 162
9 99 33 185
10 11 78 121
10 12 154 87
10 13 170 151
10 14 48 43
10 15 51 59
10 16 100 182
10 17 114 67
10 18 138 41
10 19 36 155
10 20 142 160
10 21 151 66
10 22 86 81
10 23 63 97
10 24 182 57
10 25 181 147
10 26 182 153
10 27 78 127
10 28 45 139
10 29 79 158
10 30 181 82
10 31 190 153
10 32 89 95
10 33 36 49
10 34 136 156
10 35 112 199
10 36 85 192
10 37 45 120
10 38 179 92
10 39 163 40
10 40 90 126
10 41 35 187
10 42 132 121
10 43 57 146
10 44 89 122
10 45 60 178
10 46 111 72
10 47 151 149
10 48 105 172
10 49 187 141
10 50 89 143
10 51 59 154
10 52 55 100
10 53 37 72
10 54 166 168
10 55 59 119
10 56 67 160
10 57 127 37
10 58 100 121
10 59 120 82
10 60 139 89
10 61 85 187
10 62 38 47
10 63 50 114
10 64 179 70
10 65 32 58
10 66 85 87
10 67 194 77
10 68 61 134
10 69 72 53
10 70 174 171
10 71 85 151
10 72 104 121
10 73 161 119
10 74 120 188
10 75 39 150
10 76 78 68
10 77 122 174
10 78 38 71
10 79 167 50
10 80 154 127
10 81 110 125
10 82 197 42
10 83 161 57
10 84 33 196
10 85 156 135
10 86 115 175
10 87 78 115
10 88 105 173
10 89 79 163
10 90 99 182
10 91 36 101
10 92 41 111
10 93 188 121
10 94 98 184
10 95 175 94
10 96 155 104
10 97 158 131
10 98 88 79
10 99 182 111
11 12 142 198
11 13 135 30
11 14 148 60
11 15 52 133
11 16 86 192
11 17 117 41
11 18 60 151
11 19 172 144
11 20 89 76
11 21 135 83
11 22 62 73
11 23 48 123
11 24 138 197
11 25 149 80
11 26 73 63
11 27 139 119
11 28 189 126
11 29 178 34
11 30 185 45
11 31 170 40
11 32 147 99
11 33 108 86
11 34 172 94
11 35 121 183
11 36 149 127
11 37 101 100
11 38 67 90
11 39 86 170
11 40 133 42
11 41 112 137
11 42 111 128
11 43 79 138
11 44 43 95
11 45 67 158
11 46 191 133
11 47 102 160
11 48 167 54
11 49 195 153
11 50 180 84
11 51 170 190
11 52 181 171
11 53 53 145
11 54 161 81
11 55 95 199
11 56 47 188
11 57 39 69
11 58 171 94
11 59 141 93
11 60 55 174
11 61 173 173
11 62 50 75
11 63 98 162
11 64 67 40
11 65 98 68
11 66 161 134
11 67 124 171
11 68 172 149
11 69 62 173
11 70 176 131
11 71 123 147
11 72 186 34
11 73 109 74
11 74 104 161
11 75 170 185
11 76 161 197
11 77 161 191
11 78 192 159
11 79 159 101
11 80 196 114
11 81 85 147
11 82 155 136
11 83 98 141
11 84 155 58
11 85 124 198
11 86 82 79
11 87 83 98
11 88 86 180
11 89 45 86
11 90 120 70
11 91 55 77
11 92 103 56
11 93 174 81
11 94 192 80
11 95 167 74
11 96 161 148
11 97 196 114
11 98 99 96
11 99 195 152
12 13 85 127
12 14 181 193
12 15 184 96
12 16 113 160
12 17 156 144
12 18 79 150
12 19 152 176
12 20 94 77
12 21 34 187
12 22 133 142
12 23 84 133
12 24 54 31
12 25 100 141
12 26 47 176
12 27 79 62
12 28 70 75
12 29 54 57
12 30 71 78
12 31 198 46
12 32 165 57
12 33 68 130
12 34 82 195
12 35 96 57
12 36 183 35
12 37 123 96
12 38 104 72
12 39 120 58
12 40 58 63
12 41 75 197
12 42 110 34
12 43 186 188
12 44 93 179
12 45 166 65
12 46 153 77
12 47 63 104
12 48 45 70
12 49 51 153
12 50 103 138
12 51 138 34
12 52 62 113
12 53 88 65
12 54 168 116
12 55 195 46
12 56 57 36
12 57 72 59
12 58 168 75
12 59 47 193
12 60 54 31
12 61 73 86
12 62 154 104
12 63 76 70
12 64 76 77
12 65 112 60
12 66 171 99
12 67 44 48
12 68 109 187
12 69 187 143
12 70 176 30
12 71 187 164
12 72 68 148
12 73 102 140
12 74 163 115
12 75 123 181
12 76 75 93
12 77 182 85
12 78 160 117
12 79 142 169
12 80 53 62
12 81 48 140
12 82 131 80
12 83 103 46
12 84 145 132
12 85 156 73
12 86 46 173
12 87 57 193
12 88 88 186
12 89 125 115
12 90 98 101
12 91 142 159
12 92 157 191
12 93 162 147
12 94 112 102
12 95 81 163
12 96 115 149
12 97 106 184
12 98 63 195
12 99 67 144
13 14 42 33
13 15 155 126
13 16 155 61
13 17 72 143
13 18 186 120
13 19 182 139
13 20 33 65
13 21 40 74
13 22 142 104
13 23 104 155
13 24 112 112
13 25 31 127
13 26 117 103
13 27 153 107
13 28 114 136
13 29 108 99
13 30 117 130
13 31 91 100
13 32 86 147
13 33 157 172
13 34 118 149
13 35 55 36
13 36 92 51
13 37 42 49
13 38 49 101
13 39 106 143
13 40 89 75
13 41 32 88
13 42 169 144
13 43 32 99
13 44 31 168
13 45 71 158
13 46 156 150
13 47 37 129
13 48 166 88
13 49 81 91
13 50 98 119
13 51 110 126
13 52 100 159
13 53 174 192
13 54 126 83
13 55 167 151
13 56 169 38
13 57 140 125
13 58 73 46
13 59 104 169
13 60 88 120
13 61 170 80
13 62 174 127
13 63 122 71
13 64 92 37
13 65 35 99
13 66 128 50
13 67 53 184
13 68 78 191
13 69 76 57
13 70 81 93
13 71 84 191
13 72 73 183
13 73 106 191
13 74 95 151
13 75 190 164
13 76 48 85
13 77 40 43
13 78 140 146
13 79 49 54
13 80 61 37
13 81 180 169
13 82 92 50
13 83 47 178
13 84 183 39
13 85 122 108
13 86 80 45
13 87 64 92
13 88 145 36
13 89 123 143
13 90 197 186
13 91 69 76
13 92 118 63
13 93 108 138
13 94 47 191
13 95 66 79
13 96 196 49
13 97 126 50
13 98 181 74
13 99 77 36
14 15 96 41
14 16 90 170
14 17 64 82
14 18 128 189
14 19 59 199
14 20 128 88
14 21 125 46
14 22 48 35
14 23 95 184
14 24 157 165
14 25 64 61
14 26 183 193
14 27 158 161
14 28 70 142
14 29 176 125
14 30 91 106
14 31 65 60
14 32 57 96
14 33 39 194
14 34 55 55
14 35 101 170
14 36 92 106
14 37 30 107
14 38 69 39
14 39 77 99
14 40 144 35
14 41 67 123
14 42 79 184
14 43 131 116
14 44 106 71
14 45 92 62
14 46 118 157
14 47 127 81
14 48 113 198
14 49 197 190
14 50 72 110
14 51 53 80
14 52 113 43
14 53 162 72
14 54 104 142
14 55 112 64
14 56 82 151
14 57 187 121
14 58 39 46
14 59 77 43
14 60 157 41
14 61 159 142
14 62 49 52
14 63 66 158
14 64 64 127
14 65 179 170
14 66 87 76
14 67 130 41
14 68 41 149
14 69 111 151
14 70 191 170
14 71 77 93
14 72 33 184
14 73 41 141
14 74 86 194
14 75 157 180
14 76 154 57
14 77 173 179
14 78 104 65
14 79 67 64
14 80 131 60
14 81 69 64
14 82 149 42
14 83 100 60
14 84 67 67
14 85 149 89
14 86 173 141
14 87 186 121
14 88 63 98
14 89 102 93
14 90 140 196
14 91 163 67
14 92 102 85
14 93 49 39
14 94 68 49
14 95 138 110
14 96 189 138
14 97 106 78
14 98 158 50
14 99 133 158
15 16 145 36
15 17 166 140
15 18 166 47
15 19 124 169
15 20 139 129
15 21 91 65
15 22 109 159
15 23 48 119
15 24 172 188
15 25 36 176
15 26 54 123
15 27 140 142
15 28 143 191
15 29 103 48
15 30 198 196
15 31 125 198
15 32 55 58
15 33 72 171
15 34 135 191
15 35 187 42
15 36 179 194
15 37 61 153
15 38 142 103
15 39 95 169
15 40 161 154
15 41 106 82
15 42 72 54
15 43 86 70
15 44 127 63
15 45 55 62
15 46 113 198
15 47 116 165
15 48 191 88
15 49 55 140
15 50 188 92
15 51 150 88
15 52 157 64
15 53 193 119
15 54 46 98
15 55 32 71
15 56 171 120
15 57 70 80
15 58 126 157
15 59 138 95
15 60 113 36
15 61 72 47
15 62 150 124
15 63 83 115
15 64 94 46
15 65 58 82
15 66 77 37
15 67 65 193
15 68 50 74
15 69 84 166
15 70 99 57
15 71 104 168
15 72 196 180
15 73 148 56
15 74 67 36
15 75 38 76
15 76 132 113
15 77 178 60
15 78 112 146
15 79 120 71
15 80 70 90
15 81 58 78
15 82 181 69
15 83 66 113
15 84 117 67
15 85 109 58
15 86 173 66
15 87 130 99
15 88 89 42
15 89 70 115
15 90 117 138
15 91 153 52
15 92 88 77
15 93 194 72
15 94 68 59
15 95 95 55
15 96 108 124
15 97 156 52
15 98 178 59
15 99 43 68
16 17 108 170
16 18 183 51
16 19 155 35
16 20 151 173
16 21 156 184
16 22 67 74
16 23 47 95
16 24 94 132
16 25 193 140
16 26 131 38
16 27 165 138
16 28 151 126
16 29 68 110
16 30 131 70
16 31 125 98
16 32 191 111
16 33 35 133
16 34 77 177
16 35 75 177
16 36 125 88
16 37 75 186
16 38 190 114
16 39 180 184
16 40 194 138
16 41 75 134
16 42 176 124
16 43 100 179
16 44 126 154
16 45 149 62
16 46 85 107
16 47 129 172
16 48 120 54
16 49 81 139
16 50 99 178
16 51 163 143
16 52 37 37
16 53 193 127
16 54 83 116
16 55 49 147
16 56 106 95
16 57 134 84
16 58 104 136
16 59 130 115
16 60 88 178
16 61 104 84
16 62 52 178
16 63 168 101
16 64 39 115
16 65 101 180
16 66 37 143
16 67 40 88
16 68 115 80
16 69 99 49
16 70 196 75
16 71 123 91
16 72 51 162
16 73 129 126
16 74 70 119
16 75 151 132
16 76 165 142
16 77 177 88
16 78 116 86
16 79 35 145
16 80 137 145
16 81 76 118
16 82 100 105
16 83 180 33
16 84 61 97
16 85 82 112
16 86 141 132
16 87 86 84
16 88 58 158
16 89 98 36
16 90 45 199
16 91 198 158
16 92 153 138
16 93 30 31
16 94 35 92
16 95 57 44
16 96 142 147
16 97 187 61
16 98 46 97
16 99 36 48
17 18 95 42
17 19 133 163
17 20 59 66
17 21 149 133
17 22 115 135
17 23 126 121
17 24 59 146
17 25 83 42
17 26 59 43
17 27 110 174
17 28 44 125
17 29 196 179
17 30 81 135
17 31 191 135
17 32 98 180
17 33 155 185
17 34 109 186
17 35 184 168
17 36 61 134
17 37 60 59
17 38 133 191
17 39 129 30
17 40 186 71
17 41 68 30
17 42 184 49
17 43 85 154
17 44 58 81
17 45 93 99
17 46 108 40
17 47 123 118
17 48 194 199
17 49 176 170
17 50 162 100
17 51 74 81
17 52 175 125
17 53 50 186
17 54 121 96
17 55 103 198
17 56 108 172
17 57 84 198
17 58 42 32
17 59 164 147
17 60 146 138
17 61 33 193
17 62 181 32
17 63 165 112
17 64 152 72
17 65 53 79
17 66 61 176
17 67 123 89
17 68 146 104
17 69 164 104
17 70 176 187
17 71 41 170
17 72 102 160
17 73 79 125
17 74 136 113
17 75 177 156
17 76 50 73
17 77 50 187
17 78 118 94
17 79 71 71
17 80 110 155
17 81 128 47
17 82 56 69
17 83 138 173
17 84 129 70
17 85 189 164
17 86 62 82
17 87 59 57
17 88 157 82
17 89 136 97
17 90 148 87
17 91 163 106
17 92 143 80
17 93 63 54
17 94 178 177
17 95 176 69
17 96 147 42
17 97 170 174
17 98 82 59
17 99 192 40
18 19 50 187
18 20 34 126
18 21 36 195
18 22 193 174
18 23 59 194
18 24 175 37
18 25 84 41
18 26 128 109
18 27 91 97
18 28 175 140
18 29 97 132
18 30 190 179
18 31 58 97
18 32 71 110
18 33 166 186
18 34 154 172
18 35 139 107
18 36 95 41
18 37 156 126
18 38 168 90
18 39 63 121
18 40 58 41
18 41 93 76
18 42 31 137
18 43 30 165
18 44 60 104
18 45 114 36
18 46 192 53
18 47 55 128
18 48 171 66
18 49 198 103
18 50 68 192
18 51 128 110
18 52 73 61
18 53 42 171
18 54 134 157
18 55 101 177
18 56 139 77
18 57 98 107
18 58 106 155
18 59 40 172
18 60 112 110
18 61 106 168
18 62 168 169
18 63 63 57
18 64 168 137
18 65 141 102
18 66 172 82
18 67 31 154
18 68 108 189
18 69 111 116
18 70 73 180
18 71 193 118
18 72 30 152
18 73 116 32
18 74 53 135
18 75 43 138
18 76 150 34
18 77 138 169
18 78 62 31
18 79 146 38
18 80 118 98
18 81 146 30
18 82 134 192
18 83 112 150
18 84 190 125
18 85 65 182
18 86 61 57
18 87 54 75
18 88 120 108
18 89 160 170
18 90 110 91
18 91 112 174
18 92 162 48
18 93 32 155
18 94 134 52
18 95 63 50
18 96 77 79
18 97 69 124
18 98 98 198
18 99 103 74
19 20 132 144
19 21 75 91
19 22 120 133
19 23 172 61
19 24 112 41
19 25 190 96
19 26 145 97
19 27 118 122
19 28 31 199
19 29 186 35
19 30 90 34
19 31 159 74
19 32 74 94
19 33 67 176
19 34 182 68
19 35 121 175
19 36 172 169
19 37 186 159
19 38 186 107
19 39 190 71
19 40 126 63
19 41 123 48
19 42 139 127
19 43 75 108
19 44 88 195
19 45 122 115
19 46 183 59
19 47 130 57
19 48 82 93
19 49 75 45
19 50 182 161
19 51 194 138
19 52 133 185
19 53 137 72
19 54 107 117
19 55 142 85
19 56 144 189
19 57 75 129
19 58 45 82
19 59 191 63
19 60 149 51
19 61 137 160
19 62 143 175
19 63 192 191
19 64 152 147
19 65 76 113
19 66 91 190
19 67 161 165
19 68 135 43
19 69 31 67
19 70 96 72
19 71 170 126
19 72 127 168
19 73 41 126
19 74 74 89
19 75 111 119
19 76 82 51
19 77 175 194
19 78 107 165
19 79 40 115
19 80 167 116
19 81 53 128
19 82 94 119
19 83 74 98
19 84 60 112
19 85 172 59
19 86 119 82
19 87 79 77
19 88 69 135
19 89 181 164
19 90 194 194
19 91 109 76
19 92 33 31
19 93 104 183
19 94 101 153
19 95 47 129
19 96 137 129
19 97 195 44
19 98 193 183
19 99 34 43
20 21 144 145
20 22 46 190
20 23 108 105
20 24 42 89
20 25 135 183
20 26 122 166
20 27 163 187
20 28 100 197
20 29 97 176
20 30 32 124
20 31 66 61
20 32 161 199
20 33 79 36
20 34 96 148
20 35 91 98
20 36 120 187
20 37 178 81
20 38 177 142
20 39 162 143
20 40 140 94
20 41 35 197
20 42 111 79
20 43 101 82
20 44 164 138
20 45 34 171
20 46 195 139
20 47 40 169
20 48 58 138
20 49 120 71
20 50 106 138
20 51 89 53
20 52 143 199
20 53 169 95
20 54 193 40
20 55 131 117
20 56 137 72
20 57 85 47
20 58 148 69
20 59 81 140
20 60 117 126
20 61 193 100
20 62 187 119
20 63 140 123
20 64 115 43
20 65 111 65
20 66 115 56
20 67 160 198
20 68 40 30
20 69 113 165
20 70 111 162
20 71 177 193
20 72 166 173
20 73 158 35
20 74 118 101
20 75 71 144
20 76 108 36
20 77 198 73
20 78 150 196
20 79 183 74
20 80 99 148
20 81 43 58
20 82 116 71
20 83 40 71
20 84 73 108
20 85 94 171
20 86 159 108
20 87 34 190
20 88 91 198
20 89 199 173
20 90 53 97
20 91 118 34
20 92 46 137
20 93 135 138
20 94 115 187
20 95 128 100
20 96 196 80
20 97 192 155
20 98 195 42
20 99 74 123
21 22 59 115
21 23 124 121
21 24 172 32
21 25 30 47
21 26 174 186
21 27 60 33
21 28 184 146
21 29 92 140
21 30 155 199
21 31 124 90
21 32 118 77
21 33 77 138
21 34 158 50
21 35 99 144
21 36 161 49
21 37 131 169
21 38 86 66
21 39 78 96
21 40 104 154
21 41 71 155
21 42 171 41
21 43 143 155
21 44 106 71
21 45 107 32
21 46 189 64
21 47 163 155
21 48 68 71
21 49 192 101
21 50 71 75
21 51 190 152
21 52 120 132
21 53 182 146
21 54 194 127
21 55 69 45
21 56 67 140
21 57 43 36
21 58 117 48
21 59 140 95
21 60 64 76
21 61 95 38
21 62 157 91
21 63 112 106
21 64 183 46
21 65 147 73
21 66 137 38
21 67 32 116
21 68 76 174
21 69 76 82
21 70 99 135
21 71 151 187
21 72 186 136
21 73 78 154
21 74 148 129
21 75 177 150
21 76 179 190
21 77 156 68
21 78 79 155
21 79 51 129
21 80 161 94
21 81 109 94
21 82 121 173
21 83 74 60
21 84 43 79
21 85 141 134
21 86 106 112
21 87 45 141
21 88 88 53
21 89 70 49
21 90 140 74
21 91 106 64
21 92 74 165
21 93 137 63
21 94 165 197
21 95 49 86
21 96 143 65
21 97 183 92
21 98 31 63
21 99 41 138
22 23 91 199
22 24 148 190
22 25 163 37
22 26 63 91
22 27 164 74
22 28 103 170
22 29 73 157
22 30 147 84
22 31 128 187
22 32 116 89
22 33 126 91
22 34 86 72
22 35 63 75
22 36 72 113
22 37 97 95
22 38 61 160
22 39 53 166
22 40 144 168
22 41 83 68
22 42 104 50
22 43 31 64
22 44 51 35
22 45 38 111
22 46 101 68
22 47 81 119
22 48 183 48
22 49 187 34
22 50 181 51
22 51 161 52
22 52 65 167
22 53 64 113
22 54 95 35
22 55 87 140
22 56 63 188
22 57 60 134
22 58 127 103
22 59 131 111
22 60 176 133
22 61 187 48
22 62 153 79
22 63 103 198
22 64 51 173
22 65 87 112
22 66 140 177
22 67 30 184
22 68 131 75
22 69 185 79
22 70 69 76
22 71 61 88
22 72 73 160
22 73 173 112
22 74 150 52
22 75 112 138
22 76 125 192
22 77 111 78
22 78 62 192
22 79 58 130
22 80 43 86
22 81 121 80
22 82 57 110
22 83 104 56
22 84 159 196
22 85 84 141
22 86 133 97
22 87 178 87
22 88 79 192
22 89 142 167
22 90 94 36
22 91 104 147
22 92 197 135
22 93 186 41
22 94 30 91
22 95 86 46
22 96 51 141
22 97 41 146
22 98 126 167
22 99 193 46
23 24 33 147
23 25 75 181
23 26 132 120
23 27 118 151
23 28 50 77
23 29 90 163
23 30 172 64
23 31 134 196
23 32 94 103
23 33 115 143
23 34 119 81
23 35 95 76
23 36 33 146
23 37 45 169
23 38 86 89
23 39 46 192
23 40 122 82
23 41 152 174
23 42 89 69
23 43 154 148
23 44 113 33
23 45 43 124
23 46 68 67
23 47 75 186
23 48 181 171
23 49 101 197
23 50 115 102
23 51 116 39
23 52 56 34
23 53 127 171
23 54 123 144
23 55 140 77
23 56 109 61
23 57 141 59
23 58 174 52
23 59 108 87
23 60 176 184
23 61 157 61
23 62 153 198
23 63 143 49
23 64 34 108
23 65 114 111
23 66 155 186
23 67 44 131
23 68 50 35
23 69 97 192
23 70 199 104
23 71 33 130
23 72 195 133
23 73 178 70
23 74 77 198
23 75 91 130
23 76 97 84
23 77 146 132
23 78 114 115
23 79 102 48
23 80 172 175
23 81 113 79
23 82 96 134
23 83 77 97
23 84 138 64
23 85 182 81
23 86 75 191
23 87 121 45
23 88 91 107
23 89 131 141
23 90 119 112
23 91 136 74
23 92 174 33
23 93 127 123
23 94 132 197
23 95 122 38
23 96 56 81
23 97 180 191
23 98 138 136
23 99 90 197
24 25 166 133
24 26 126 182
24 27 134 60
24 28 65 51
24 29 130 113
24 30 141 131
24 31 114 112
24 32 138 192
24 33 83 188
24 34 189 143
24 35 116 190
24 36 123 113
24 37 152 118
24 38 91 100
24 39 56 46
24 40 35 154
24 41 44 40
24 42 70 159
24 43 155 125
24 44 90 189
24 45 137 57
24 46 110 140
24 47 55 99
24 48 175 177
24 49 123 94
24 50 145 181
24 51 143 30
24 52 37 95
24 53 72 145
24 54 40 172
24 55 181 49
24 56 50 84
24 57 123 196
24 58 76 198
24 59 86 60
24 60 106 94
24 61 64 135
24 62 71 144
24 63 32 79
24 64 180 38
24 65 111 93
24 66 160 190
24 67 149 179
24 68 44 39
24 69 58 177
24 70 166 129
24 71 73 38
24 72 44 40
24 73 75 36
24 74 61 114
24 75 125 39
24 76 106 62
24 77 36 69
24 78 116 102
24 79 123 186
24 80 81 178
24 81 97 106
24 82 144 144
24 83 71 47
24 84 182 132
24 85 148 61
24 86 106 107
24 87 107 157
24 88 36 44
24 89 68 92
24 90 68 197
24 91 173 104
24 92 36 137
24 93 82 188
24 94 124 123
24 95 163 129
24 96 72 44
24 97 150 143
24 98 67 47
24 99 72 103
25 26 85 57
25 27 96 157
25 28 119 41
25 29 124 43
25 30 72 49
25 31 160 171
25 32 62 81
25 33 128 93
25 34 187 111
25 35 46 47
25 36 36 39
25 37 66 190
25 38 62 141
25 39 73 150
25 40 117 114
25 41 120 40
25 42 30 98
25 43 48 51
25 44 44 146
25 45 104 50
25 46 129 149
25 47 44 59
25 48 115 164
25 49 49 173
25 50 159 161
25 51 124 110
25 52 80 112
25 53 185 124
25 54 153 166
25 55 77 134
25 56 71 96
25 57 112 158
25 58 109 148
25 59 187 84
25 60 35 66
25 61 30 58
25 62 118 177
25 63 186 150
25 64 114 67
25 65 144 157
25 66 196 136
25 67 93 48
25 68 143 103
25 69 180 151
25 70 163 35
25 71 115 105
25 72 165 94
25 73 167 194
25 74 118 151
25 75 65 84
25 76 100 150
25 77 93 151
25 78 160 99
25 79 43 44
25 80 179 31
25 81 119 86
25 82 58 199
25 83 123 160
25 84 68 81
25 85 115 167
25 86 55 88
25 87 83 95
25 88 198 170
25 89 144 95
25 90 199 74
25 91 134 167
25 92 54 42
25 93 161 134
25 94 119 97
25 95 123 122
25 96 168 48
25 97 64 76
25 98 78 69
25 99 168 104
26 27 53 42
26 28 77 189
26 29 161 139
26 30 144 158
26 31 49 85
26 32 120 122
26 33 91 96
26 34 83 110
26 35 34 142
26 36 35 48
26 37 41 98
26 38 93 118
26 39 66 91
26 40 84 100
26 41 156 116
26 42 173 92
26 43 131 147
26 44 71 35
26 45 73 189
26 46 89 57
26 47 108 87
26 48 83 192
26 49 41 60
26 50 174 126
26 51 199 39
26 52 111 43
26 53 47 86
26 54 75 57
26 55 114 179
26 56 159 55
26 57 82 52
26 58 129 31
26 59 42 194
26 60 73 80
26 61 96 139
26 62 99 139
26 63 80 193
26 64 175 105
26 65 89 97
26 66 148 38
26 67 95 83
26 68 103 163
26 69 178 76
26 70 125 169
26 71 100 194
26 72 184 36
26 73 55 70
26 74 50 121
26 75 147 54
26 76 152 58
26 77 197 43
26 78 77 191
26 79 104 187
26 80 56 100
26 81 179 156
26 82 155 74
26 83 117 60
26 84 58 77
26 85 89 157
26 86 131 45
26 87 153 122
26 88 182 33
26 89 177 55
26 90 107 128
26 91 48 132
26 92 92 106
26 93 146 31
26 94 189 183
26 95 124 55
26 96 129 183
26 97 156 103
26 98 102 37
26 99 196 78
27 28 92 164
27 29 92 101
27 30 113 134
27 31 38 69
27 32 104 196
27 33 173 114
27 34 133 170
27 35 117 60
27 36 64 160
27 37 186 73
27 38 134 160
27 39 91 91
27 40 128 115
27 41 110 58
27 42 59 176
27 43 144 59
27 44 137 99
27 45 188 77
27 46 91 100
27 47 126 88
27 48 98 96
27 49 161 127
27 50 153 32
27 51 81 143
27 52 61 149
27 53 60 101
27 54 125 58
27 55 63 106
27 56 124 185
27 57 102 154
27 58 56 63
27 59 131 134
27 60 124 36
27 61 31 155
27 62 32 110
27 63 185 90
27 64 111 49
27 65 146 61
27 66 155 69
27 67 145 64
27 68 149 194
27 69 69 51
27 70 172 94
27 71 111 187
27 72 137 78
27 73 110 112
27 74 80 176
27 75 116 53
27 76 127 141
27 77 45 118
27 78 161 199
27 79 136 136
27 80 63 188
27 81 68 39
27 82 182 171
27 83 78 154
27 84 64 109
27 85 175 39
27 86 50 175
27 87 99 152
27 88 151 89
27 89 155 88
27 90 174 32
27 91 71 157
27 92 130 124
27 93 122 40
27 94 61 130
27 95 81 155
27 96 63 171
27 97 139 193
27 98 104 39
27 99 135 198
28 29 171 68
28 30 45 190
28 31 56 95
28 32 35 34
28 33 71 165
28 34 71 119
28 35 39 92
28 36 60 182
28 37 177 178
28 38 97 184
28 39 76 40
28 40 132 117
28 41 37 84
28 42 167 161
28 43 193 168
28 44 63 145
28 45 48 103
28 46 179 155
28 47 52 97
28 48 104 173
28 49 152 125
28 50 63 120
28 51 41 105
28 52 177 146
28 53 192 146
28 54 48 172
28 55 113 110
28 56 113 98
28 57 120 149
28 58 95 92
28 59 40 175
28 60 105 91
28 61 110 175
28 62 68 154
28 63 75 193
28 64 129 138
28 65 40 114
28 66 129 199
28 67 115 46
28 68 100 44
28 69 193 150
28 70 75 177
28 71 58 120
28 72 78 130
28 73 34 104
28 74 97 164
28 75 41 32
28 76 197 160
28 77 185 199
28 78 91 87
28 79 33 38
28 80 110 135
28 81 137 104
28 82 188 89
28 83 174 82
28 84 66 124
28 85 102 62
28 86 107 75
28 87 165 90
28 88 136 72
28 89 50 122
28 90 80 44
28 91 157 142
28 92 154 60
28 93 148 70
28 94 134 79
28 95 51 186
28 96 124 150
28 97 193 108
28 98 159 120
28 99 69 141
29 30 72 46
29 31 74 112
29 32 125 105
29 33 142 39
29 34 30 157
29 35 137 78
29 36 91 81
29 37 35 160
29 38 50 156
29 39 166 91
29 40 175 62
29 41 178 188
29 42 195 157
29 43 38 76
29 44 44 141
29 45 108 77
29 46 108 36
29 47 44 33
29 48 127 188
29 49 199 180
29 50 127 196
29 51 80 54
29 52 71 61
29 53 150 76
29 54 48 125
29 55 35 113
29 56 76 36
29 57 154 128
29 58 86 137
29 59 98 107
29 60 44 184
29 61 91 37
29 62 112 134
29 63 128 134
29 64 42 140
29 65 48 33
29 66 189 160
29 67 196 142
29 68 156 143
29 69 151 175
29 70 183 166
29 71 51 151
29 72 134 95
29 73 84 121
29 74 39 96
29 75 74 176
29 76 129 118
29 77 123 70
29 78 173 80
29 79 180 65
29 80 38 93
29 81 153 37
29 82 104 134
29 83 122 64
29 84 60 110
29 85 60 127
29 86 169 118
29 87 179 170
29 88 194 104
29 89 178 151
29 90 186 143
29 91 141 147
29 92 114 42
29 93 75 105
29 94 99 162
29 95 87 62
29 96 133 97
29 97 193 97
29 98 46 66
29 99 168 188
30 31 95 30
30 32 76 80
30 33 43 55
30 34 36 122
30 35 117 149
30 36 142 152
30 37 75 142
30 38 177 119
30 39 44 113
30 40 58 39
30 41 63 173
30 42 199 156
30 43 196 199
30 44 108 62
30 45 115 110
30 46 52 45
30 47 132 186
30 48 132 94
30 49 150 189
30 50 74 62
30 51 79 111
30 52 54 150
30 53 141 199
30 54 187 68
30 55 119 194
30 56 91 52
30 57 199 137
30 58 160 94
30 59 101 93
30 60 92 73
30 61 44 115
30 62 148 128
30 63 75 188
30 64 119 194
30 65 173 40
30 66 134 160
30 67 93 181
30 68 167 123
30 69 31 131
30 70 166 83
30 71 193 181
30 72 85 69
30 73 47 151
30 74 35 36
30 75 193 124
30 76 100 69
30 77 67 51
30 78 87 166
30 79 149 102
30 80 190 35
30 81 132 108
30 82 59 154
30 83 178 119
30 84 74 84
30 85 133 78
30 86 179 161
30 87 156 149
30 88 146 194
30 89 72 162
30 90 118 45
30 91 51 123
30 92 194 119
30 93 140 171
30 94 72 188
30 95 125 184
30 96 194 55
30 97 35 135
30 98 137 125
30 99 179 189
31 32 69 136
31 33 44 113
31 34 166 147
31 35 122 134
31 36 123 84
31 37 124 48
31 38 71 88
31 39 43 177
31 40 147 197
31 41 177 68
31 42 147 115
31 43 179 116
31 44 174 136
31 45 175 68
31 46 159 49
31 47 159 105
31 48 90 97
31 49 52 154
31 50 189 94
31 51 135 49
31 52 92 89
31 53 120 108
31 54 132 50
31 55 137 122
31 56 111 198
31 57 160 35
31 58 151 61
31 59 190 112
31 60 117 122
31 61 71 86
31 62 190 71
31 63 127 149
31 64 93 94
31 65 112 92
31 66 174 67
31 67 48 70
31 68 79 182
31 69 86 131
31 70 101 40
31 71 103 114
31 72 38 78
31 73 72 58
31 74 168 32
31 75 38 152
31 76 134 109
31 77 171 36
31 78 195 194
31 79 30 62
31 80 46 154
31 81 141 97
31 82 109 76
31 83 114 124
31 84 183 68
31 85 180 44
31 86 181 136
31 87 117 166
31 88 132 102
31 89 101 76
31 90 146 123
31 91 116 153
31 92 143 132
31 93 122 57
31 94 70 35
31 95 107 41
31 96 110 79
31 97 148 107
31 98 183 93
31 99 152 95
32 33 172 160
32 34 131 148
32 35 137 87
32 36 51 198
32 37 190 153
32 38 100 30
32 39 78 39
32 40 142 79
32 41 175 185
32 42 40 52
32 43 96 117
32 44 69 91
32 45 117 50
32 46 102 161
32 47 85 44
32 48 92 135
32 49 125 47
32 50 135 143
32 51 123 181
32 52 146 30
32 53 175 112
32 54 43 119
32 55 198 159
32 56 92 44
32 57 120 35
32 58 139 192
32 59 118 32
32 60 172 121
32 61 32 55
32 62 38 86
32 63 188 89
32 64 131 46
32 65 66 146
32 66 127 31
32 67 36 155
32 68 170 126
32 69 131 131
32 70 167 61
32 71 101 48
32 72 47 105
32 73 170 192
32 74 183 124
32 75 98 85
32 76 185 157
32 77 117 176
32 78 65 184
32 79 168 150
32 80 135 86
32 81 38 134
32 82 89 31
32 83 179 64
32 84 138 57
32 85 142 67
32 86 103 120
32 87 76 51
32 88 139 108
32 89 167 76
32 90 84 155
32 91 86 135
32 92 188 48
32 93 78 89
32 94 95 159
32 95 75 129
32 96 96 172
32 97 163 155
32 98 98 103
32 99 184 73
33 34 131 101
33 35 179 35
33 36 152 34
33 37 185 83
33 38 97 197
33 39 190 137
33 40 70 150
33 41 33 167
33 42 103 138
33 43 77 55
33 44 186 198
33 45 151 164
33 46 42 145
33 47 45 142
33 48 121 63
33 49 176 115
33 50 166 128
33 51 145 130
33 52 193 136
33 53 65 173
33 54 121 171
33 55 169 125
33 56 96 79
33 57 43 55
33 58 51 153
33 59 59 184
33 60 127 96
33 61 164 148
33 62 155 93
33 63 37 129
33 64 144 156
33 65 49 53
33 66 99 56
33 67 142 54
33 68 155 57
33 69 80 151
33 70 71 39
33 71 58 93
33 72 38 131
33 73 170 174
33 74 143 38
33 75 59 165
33 76 57 193
33 77 61 31
33 78 125 112
33 79 163 95
33 80 87 48
33 81 95 195
33 82 76 66
33 83 59 146
33 84 186 156
33 85 47 49
33 86 176 104
33 87 96 100
33 88 115 136
33 89 134 169
33 90 71 107
33 91 170 144
33 92 51 57
33 93 185 89
33 94 47 69
33 95 35 79
33 96 32 73
33 97 178 56
33 98 120 144
33 99 40 180
34 35 174 185
34 36 198 196
34 37 129 104
34 38 126 129
34 39 61 147
34 40 139 74
34 41 123 68
34 42 146 105
34 43 57 126
34 44 114 167
34 45 179 128
34 46 119 139
34 47 158 91
34 48 164 49
34 49 37 107
34 50 49 35
34 51 37 149
34 52 36 165
34 53 63 123
34 54 186 52
34 55 54 34
34 56 118 61
34 57 111 70
34 58 163 62
34 59 188 128
34 60 112 160
34 61 40 135
34 62 146 68
34 63 32 189
34 64 139 40
34 65 97 153
34 66 190 52
34 67 199 138
34 68 164 135
34 69 57 181
34 70 42 41
34 71 186 187
34 72 66 115
34 73 71 175
34 74 48 129
34 75 52 65
34 76 116 114
34 77 122 44
34 78 113 48
34 79 83 111
34 80 145 159
34 81 161 190
34 82 94 54
34 83 64 131
34 84 107 110
34 85 58 83
34 86 59 198
34 87 62 149
34 88 40 70
34 89 38 184
34 90 100 31
34 91 48 199
34 92 199 63
34 93 100 116
34 94 65 133
34 95 190 38
34 96 130 78
34 97 171 101
34 98 39 31
34 99 185 66
35 36 112 87
35 37 44 189
35 38 33 155
35 39 143 107
35 40 80 188
35 41 169 173
35 42 31 140
35 43 106 196
35 44 130 194
35 45 186 143
35 46 66 171
35 47 165 47
35 48 146 155
35 49 176 107
35 50 68 160
35 51 106 77
35 52 125 134
35 53 155 155
35 54 51 97
35 55 183 45
35 56 90 179
35 57 129 71
35 58 52 198
35 59 171 109
35 60 146 66
35 61 47 67
35 62 44 133
35 63 113 160
35 64 103 151
35 65 184 134
35 66 161 174
35 67 33 164
35 68 174 71
35 69 123 172
35 70 70 155
35 71 43 195
35 72 124 171
35 73 99 45
35 74 55 98
35 75 178 142
35 76 160 64
35 77 177 179
35 78 33 57
35 79 149 41
35 80 41 45
35 81 72 37
35 82 149 58
35 83 124 103
35 84 158 195
35 85 82 173
35 86 155 145
35 87 186 125
35 88 165 47
35 89 130 122
35 90 115 114
35 91 143 76
35 92 50 187
35 93 129 50
35 94 91 109
35 95 189 172
35 96 149 182
35 97 70 165
35 98 73 78
35 99 160 86
36 37 194 163
36 38 57 121
36 39 87 35
36 40 174 67
36 41 60 199
36 42 152 102
36 43 131 156
36 44 152 30
36 45 141 78
36 46 197 76
36 47 151 48
36 48 123 75
36 49 175 166
36 50 47 84
36 51 88 194
36 52 63 44
36 53 66 156
36 54 51 118
36 55 131 83
36 56 149 102
36 57 155 161
36 58 65 178
36 59 117 78
36 60 107 140
36 61 129 116
36 62 145 174
36 63 152 171
36 64 69 137
36 65 67 91
36 66 154 174
36 67 38 174
36 68 50 106
36 69 65 41
36 70 98 170
36 71 150 109
36 72 60 43
36 73 145 91
36 74 194 165
36 75 146 44
36 76 135 84
36 77 101 183
36 78 168 76
36 79 41 164
36 80 172 85
36 81 150 129
36 82 185 174
36 83 125 91
36 84 155 102
36 85 44 194
36 86 124 152
36 87 127 57
36 88 169 36
36 89 178 71
36 90 192 80
36 91 170 55
36 92 81 125
36 93 165 166
36 94 35 51
36 95 78 31
36 96 34 64
36 97 90 107
36 98 124 43
36 99 182 51
37 38 125 164
37 39 198 66
37 40 74 181
37 41 161 137
37 42 44 51
37 43 74 141
37 44 35 41
37 45 137 94
37 46 133 129
37 47 136 121
37 48 102 133
37 49 34 182
37 50 99 64
37 51 32 46
37 52 42 81
37 53 60 150
37 54 67 86
37 55 34 108
37 56 72 49
37 57 86 135
37 58 186 87
37 59 100 135
37 60 131 177
37 61 101 154
37 62 130 144
37 63 146 161
37 64 102 176
37 65 177 189
37 66 92 189
37 67 165 164
37 68 133 192
37 69 77 191
37 70 145 65
37 71 116 153
37 72 162 100
37 73 175 46
37 74 85 152
37 75 77 113
37 76 100 195
37 77 87 131
37 78 120 49
37 79 121 78
37 80 66 120
37 81 127 32
37 82 39 194
37 83 84 49
37 84 91 51
37 85 190 93
37 86 142 41
37 87 93 36
37 88 197 148
37 89 64 49
37 90 109 146
37 91 174 123
37 92 144 158
37 93 186 156
37 94 55 166
37 95 61 99
37 96 145 155
37 97 110 116
37 98 94 158
37 99 96 52
38 39 78 95
38 40 44 114
38 41 83 155
38 42 124 138
38 43 62 134
38 44 46 187
38 45 139 186
38 46 190 152
38 47 58 42
38 48 31 105
38 49 197 85
38 50 47 135
38 51 122 32
38 52 92 83
38 53 126 62
38 54 70 86
38 55 158 120
38 56 194 173
38 57 149 109
38 58 171 36
38 59 46 66
38 60 118 141
38 61 123 179
38 62 35 97
38 63 74 70
38 64 124 111
38 65 198 64
38 66 112 35
38 67 90 90
38 68 134 191
38 69 122 71
38 70 160 75
38 71 167 41
38 72 186 89
38 73 51 136
38 74 149 43
38 75 92 115
38 76 114 148
38 77 178 89
38 78 99 161
38 79 137 62
38 80 103 46
38 81 95 129
38 82 145 159
38 83 137 86
38 84 79 53
38 85 136 85
38 86 82 140
38 87 153 34
38 88 84 162
38 89 81 73
38 90 91 144
38 91 85 80
38 92 82 195
38 93 173 82
38 94 123 93
38 95 102 58
38 96 157 157
38 97 81 64
38 98 44 36
38 99 52 101
39 40 196 138
39 41 155 148
39 42 105 83
39 43 62 138
39 44 87 114
39 45 84 41
39 46 42 123
39 47 64 163
39 48 165 66
39 49 113 116
39 50 157 179
39 51 55 179
39 52 47 154
39 53 52 136
39 54 191 107
39 55 172 89
39 56 176 191
39 57 70 122
39 58 137 34
39 59 185 93
39 60 151 64
39 61 110 44
39 62 185 183
39 63 130 178
39 64 71 30
39 65 74 57
39 66 41 138
39 67 89 129
39 68 59 191
39 69 70 179
39 70 83 197
39 71 41 63
39 72 115 39
39 73 92 197
39 74 52 74
39 75 30 130
39 76 151 152
39 77 186 115
39 78 142 175
39 79 74 30
39 80 169 91
39 81 34 89
39 82 177 153
39 83 172 185
39 84 140 102
39 85 48 136
39 86 140 186
39 87 58 42
39 88 111 85
39 89 177 33
39 90 66 79
39 91 182 58
39 92 119 170
39 93 45 184
39 94 100 91
39 95 59 158
39 96 79 65
39 97 47 143
39 98 121 73
39 99 80 66
40 41 139 147
40 42 81 37
40 43 152 149
40 44 126 148
40 45 173 181
40 46 181 35
40 47 100 70
40 48 169 77
40 49 139 128
40 50 31 143
40 51 76 125
40 52 184 58
40 53 175 199
40 54 44 84
40 55 164 91
40 56 148 174
40 57 94 141
40 58 160 108
40 59 162 179
40 60 151 167
40 61 95 159
40 62 41 74
40 63 120 61
40 64 35 142
40 65 178 86
40 66 69 101
40 67 99 55
40 68 121 92
40 69 106 110
40 70 92 193
40 71 191 59
40 72 85 152
40 73 106 176
40 74 54 119
40 75 160 75
40 76 90 48
40 77 135 120
40 78 162 168
40 79 164 106
40 80 83 32
40 81 61 66
40 82 63 103
40 83 76 39
40 84 168 135
40 85 143 119
40 86 42 34
40 87 42 34
40 88 98 192
40 89 65 192
40 90 90 69
40 91 113 135
40 92 170 196
40 93 33 139
40 94 145 30
40 95 116 80
40 96 138 73
40 97 181 132
40 98 114 64
40 99 72 110
41 42 70 74
41 43 108 111
41 44 46 190
41 45 177 184
41 46 149 181
41 47 187 167
41 48 107 192
41 49 170 105
41 50 161 143
41 51 34 191
41 52 82 50
41 53 88 57
41 54 148 61
41 55 109 63
41 56 104 142
41 57 134 159
41 58 34 130
41 59 60 124
41 60 103 125
41 61 139 73
41 62 130 67
41 63 155 47
41 64 158 88
41 65 179 64
41 66 161 67
41 67 197 123
41 68 172 163
41 69 157 77
41 70 85 134
41 71 36 30
41 72 43 183
41 73 126 93
41 74 125 118
41 75 36 91
41 76 140 151
41 77 101 166
41 78 158 80
41 79 104 112
41 80 177 36
41 81 74 101
41 82 43 73
41 83 147 132
41 84 124 143
41 85 189 64
41 86 52 63
41 87 198 102
41 88 51 71
41 89 166 102
41 90 155 143
41 91 108 140
41 92 115 198
41 93 41 66
41 94 92 135
41 95 132 166
41 96 180 195
41 97 89 149
41 98 95 84
41 99 189 139
42 43 35 193
42 44 118 101
42 45 194 136
42 46 56 89
42 47 132 60
42 48 199 128
42 49 127 39
42 50 176 54
42 51 103 184
42 52 175 199
42 53 173 173
42 54 89 192
42 55 142 195
42 56 48 164
42 57 144 92
42 58 101 122
42 59 58 37
42 60 76 40
42 61 113 83
42 62 53 119
42 63 174 78
42 64 136 164
42 65 157 174
42 66 188 37
42 67 89 87
42 68 77 69
42 69 176 108
42 70 47 142
42 71 39 191
42 72 156 70
42 73 147 49
42 74 36 116
42 75 54 113
42 76 172 178
42 77 60 141
42 78 127 175
42 79 196 171
42 80 54 136
42 81 71 62
42 82 156 157
42 83 70 154
42 84 94 143
42 85 122 155
42 86 199 67
42 87 103 156
42 88 98 145
42 89 158 152
42 90 91 46
42 91 124 154
42 92 99 36
42 93 118 94
42 94 33 185
42 95 190 155
42 96 187 128
42 97 87 43
42 98 45 113
42 99 43 169
43 44 71 132
43 45 81 190
43 46 158 106
43 47 135 189
43 48 151 134
43 49 136 158
43 50 134 97
43 51 165 158
43 52 168 74
43 53 66 123
43 54 142 136
43 55 118 140
43 56 172 110
43 57 182 82
43 58 157 87
43 59 130 91
43 60 112 78
43 61 195 32
43 62 101 181
43 63 116 128
43 64 100 81
43 65 178 177
43 66 178 72
43 67 37 42
43 68 57 127
43 69 176 75
43 70 84 134
43 71 73 120
43 72 44 91
43 73 53 97
43 74 97 156
43 75 143 73
43 76 32 100
43 77 168 68
43 78 182 39
43 79 66 195
43 80 114 78
43 81 56 131
43 82 75 186
43 83 170 103
43 84 60 136
43 85 75 79
43 86 90 96
43 87 96 191
43 88 103 111
43 89 195 125
43 90 60 95
43 91 158 129
43 92 139 175
43 93 135 113
43 94 133 56
43 95 126 79
43 96 120 105
43 97 171 157
43 98 102 138
43 99 77 144
44 45 157 62
44 46 174 31
44 47 76 57
44 48 70 182
44 49 129 176
44 50 31 177
44 51 91 145
44 52 46 131
44 53 101 43
44 54 145 189
44 55 177 178
44 56 120 194
44 57 101 109
44 58 160 103
44 59 138 158
44 60 186 144
44 61 90 118
44 62 122 192
44 63 137 120
44 64 157 45
44 65 115 153
44 66 119 133
44 67 50 153
44 68 62 154
44 69 176 81
44 70 126 106
44 71 53 46
44 72 75 67
44 73 49 93
44 74 61 134
44 75 148 101
44 76 82 136
44 77 164 143
44 78 172 41
44 79 65 65
44 80 149 167
44 81 180 105
44 82 69 154
44 83 188 59
44 84 148 87
44 85 151 53
44 86 67 46
44 87 181 162
44 88 31 106
44 89 98 170
44 90 152 72
44 91 95 160
44 92 67 176
44 93 81 119
44 94 142 99
44 95 196 114
44 96 140 107
44 97 140 194
44 98 128 182
44 99 161 55
45 46 106 80
45 47 93 124
45 48 64 36
45 49 153 79
45 50 62 170
45 51 165 53
45 52 172 70
45 53 107 191
45 54 116 109
45 55 36 175
45 56 85 84
45 57 184 151
45 58 52 77
45 59 175 111
45 60 153 73
45 61 190 36
45 62 60 167
45 63 56 37
45 64 158 166
45 65 134 69
45 66 108 52
45 67 162 168
45 68 67 77
45 69 119 132
45 70 109 40
45 71 66 156
45 72 31 72
45 73 128 109
45 74 189 57
45 75 165 32
45 76 32 99
45 77 123 44
45 78 163 80
45 79 80 51
45 80 44 176
45 81 124 78
45 82 116 190
45 83 119 93
45 84 159 108
45 85 176 63
45 86 175 41
45 87 40 57
45 88 183 81
45 89 97 190
45 90 158 94
45 91 119 158
45 92 81 115
45 93 73 94
45 94 59 36
45 95 186 72
45 96 112 70
45 97 134 104
45 98 99 110
45 99 47 139
46 47 140 34
46 48 104 50
46 49 162 138
46 50 131 112
46 51 136 133
46 52 103 115
46 53 104 169
46 54 130 147
46 55 198 197
46 56 168 160
46 57 98 65
46 58 119 181
46 59 118 185
46 60 117 161
46 61 54 156
46 62 175 70
46 63 105 195
46 64 34 143
46 65 148 57
46 66 58 119
46 67 54 76
46 68 102 116
46 69 165 37
46 70 85 196
46 71 37 99
46 72 150 41
46 73 131 135
46 74 199 71
46 75 93 188
46 76 146 85
46 77 95 109
46 78 153 155
46 79 30 82
46 80 122 187
46 81 175 48
46 82 157 42
46 83 191 32
46 84 135 68
46 85 152 127
46 86 139 42
46 87 198 68
46 88 143 170
46 89 129 32
46 90 178 115
46 91 178 91
46 92 100 69
46 93 36 39
46 94 138 55
46 95 38 173
46 96 110 33
46 97 84 110
46 98 92 86
46 99 185 98
47 48 66 176
47 49 178 151
47 50 182 117
47 51 137 112
47 52 172 100
47 53 30 89
47 54 130 115
47 55 166 102
47 56 100 170
47 57 109 106
47 58 98 192
47 59 147 128
47 60 184 118
47 61 122 194
47 62 178 42
47 63 139 179
47 64 76 185
47 65 130 194
47 66 36 81
47 67 173 77
47 68 159 199
47 69 116 75
47 70 181 157
47 71 105 163
47 72 115 39
47 73 196 112
47 74 165 143
47 75 112 91
47 76 67 166
47 77 58 145
47 78 79 75
47 79 88 149
47 80 112 72
47 81 97 166
47 82 65 147
47 83 67 156
47 84 191 105
47 85 103 94
47 86 173 161
47 87 55 182
47 88 71 157
47 89 48 91
47 90 111 96
47 91 71 196
47 92 80 177
47 93 129 103
47 94 126 83
47 95 58 47
47 96 189 37
47 97 73 46
47 98 172 107
47 99 157 197
48 49 122 73
48 50 34 134
48 51 163 87
48 52 112 149
48 53 62 108
48 54 53 148
48 55 193 38
48 56 133 130
48 57 103 91
48 58 114 186
48 59 124 42
48 60 187 50
48 61 167 101
48 62 71 114
48 63 134 84
48 64 169 132
48 65 188 64
48 66 95 144
48 67 88 139
48 68 129 100
48 69 183 89
48 70 45 94
48 71 55 113
48 72 130 193
48 73 191 132
48 74 145 41
48 75 191 179
48 76 123 111
48 77 116 152
48 78 155 152
48 79 156 188
48 80 107 51
48 81 195 117
48 82 160 130
48 83 70 135
48 84 179 174
48 85 132 131
48 86 150 133
48 87 175 116
48 88 164 47
48 89 93 95
48 90 133 114
48 91 54 51
48 92 192 59
48 93 139 105
48 94 172 130
48 95 177 44
48 96 99 185
48 97 119 38
48 98 111 136
48 99 88 131
49 50 70 144
49 51 193 83
49 52 161 77
49 53 89 68
49 54 189 197
49 55 30 130
49 56 166 117
49 57 111 196
49 58 146 96
49 59 69 86
49 60 85 158
49 61 164 98
49 62 111 188
49 63 192 164
49 64 168 113
49 65 123 97
49 66 129 147
49 67 164 79
49 68 53 173
49 69 167 64
49 70 100 183
49 71 189 169
49 72 128 71
49 73 118 118
49 74 159 162
49 75 137 137
49 76 143 119
49 77 153 175
49 78 119 104
49 79 171 37
49 80 139 186
49 81 90 111
49 82 151 179
49 83 162 60
49 84 132 146
49 85 50 156
49 86 74 62
49 87 186 103
49 88 180 89
49 89 105 75
49 90 115 193
49 91 43 118
49 92 180 84
49 93 94 106
49 94 164 197
49 95 86 151
49 96 108 131
49 97 90 154
49 98 122 153
49 99 199 54
50 51 35 35
50 52 157 127
50 53 167 94
50 54 197 58
50 55 99 181
50 56 109 76
50 57 163 159
50 58 119 129
50 59 58 129
50 60 169 94
50 61 67 158
50 62 40 172
50 63 90 118
50 64 189 183
50 65 142 76
50 66 133 174
50 67 199 136
50 68 84 65
50 69 176 161
50 70 139 115
50 71 115 82
50 72 197 123
50 73 66 107
50 74 48 109
50 75 144 42
50 76 137 55
50 77 31 178
50 78 192 52
50 79 111 127
50 80 90 175
50 81 129 59
50 82 99 189
50 83 190 125
50 84 143 84
50 85 96 52
50 86 106 80
50 87 111 112
50 88 50 56
50 89 152 116
50 90 133 125
50 91 198 198
50 92 184 134
50 93 141 180
50 94 62 87
50 95 46 54
50 96 167 152
50 97 198 161
50 98 96 149
50 99 172 91
51 52 72 63
51 53 185 160
51 54 181 142
51 55 40 157
51 56 104 168
51 57 39 161
51 58 132 73
51 59 46 191
51 60 191 95
51 61 101 194
51 62 150 167
51 63 46 57
51 64 52 199
51 65 54 79
51 66 147 36
51 67 76 189
51 68 67 35
51 69 35 154
51 70 32 97
51 71 188 48
51 72 32 156
51 73 100 93
51 74 75 166
51 75 180 107
51 76 108 142
51 77 198 163
51 78 109 98
51 79 65 92
51 80 128 120
51 81 147 123
51 82 166 123
51 83 184 106
51 84 151 146
51 85 39 189
51 86 144 117
51 87 116 117
51 88 170 55
51 89 102 51
51 90 158 99
51 91 182 36
51 92 86 57
51 93 184 131
51 94 118 63
51 95 76 191
51 96 163 111
51 97 169 126
51 98 111 98
51 99 114 91
52 53 145 76
52 54 59 68
52 55 54 166
52 56 93 77
52 57 167 109
52 58 170 64
52 59 69 44
52 60 195 37
52 61 164 180
52 62 89 145
52 63 99 108
52 64 34 187
52 65 144 58
52 66 190 52
52 67 180 117
52 68 132 82
52 69 174 154
52 70 50 98
52 71 137 121
52 72 160 86
52 73 146 50
52 74 68 106
52 75 107 163
52 76 48 34
52 77 140 199
52 78 125 81
52 79 70 75
52 80 75 32
52 81 125 160
52 82 164 153
52 83 56 181
52 84 78 97
52 85 76 102
52 86 178 195
52 87 66 52
52 88 161 47
52 89 63 109
52 90 161 152
52 91 103 41
52 92 111 197
52 93 91 79
52 94 148 35
52 95 90 84
52 96 79 138
52 97 77 63
52 98 131 80
52 99 184 86
53 54 138 172
53 55 174 139
53 56 92 129
53 57 116 62
53 58 175 43
53 59 49 167
53 60 166 196
53 61 55 96
53 62 163 146
53 63 62 115
53 64 118 130
53 65 128 66
53 66 174 134
53 67 146 198
53 68 55 113
53 69 34 192
53 70 34 173
53 71 184 42
53 72 151 73
53 73 56 157
53 74 78 173
53 75 64 179
53 76 39 123
53 77 109 160
53 78 155 139
53 79 112 61
53 80 179 64
53 81 48 146
53 82 133 144
53 83 152 161
53 84 193 184
53 85 38 136
53 86 50 170
53 87 198 75
53 88 168 102
53 89 135 134
53 90 75 113
53 91 72 101
53 92 190 70
53 93 37 107
53 94 164 38
53 95 90 101
53 96 111 126
53 97 36 149
53 98 165 86
53 99 58 89
54 55 30 160
54 56 49 129
54 57 166 152
54 58 148 62
54 59 85 186
54 60 181 115
54 61 58 110
54 62 128 159
54 63 110 147
54 64 129 53
54 65 52 172
54 66 46 41
54 67 184 40
54 68 165 147
54 69 178 133
54 70 43 45
54 71 179 75
54 72 76 198
54 73 131 179
54 74 107 123
54 75 93 142
54 76 168 84
54 77 163 131
54 78 186 104
54 79 193 148
54 80 62 151
54 81 56 193
54 82 131 63
54 83 51 123
54 84 180 167
54 85 118 177
54 86 46 126
54 87 132 193
54 88 196 65
54 89 99 42
54 90 112 42
54 91 154 103
54 92 174 42
54 93 149 68
54 94 40 66
54 95 186 172
54 96 191 110
54 97 98 148
54 98 108 113
54 99 140 55
55 56 114 172
55 57 100 137
55 58 152 104
55 59 68 135
55 60 141 129
55 61 46 172
55 62 151 108
55 63 150 53
55 64 47 108
55 65 31 152
55 66 118 184
55 67 170 192
55 68 103 161
55 69 158 134
55 70 120 42
55 71 103 154
55 72 121 170
55 73 138 92
55 74 136 139
55 75 97 40
55 76 48 126
55 77 30 145
55 78 153 162
55 79 190 159
55 80 190 113
55 81 52 45
55 82 107 120
55 83 49 54
55 84 144 118
55 85 188 190
55 86 190 197
55 87 102 59
55 88 154 107
55 89 136 102
55 90 187 50
55 91 105 161
55 92 133 85
55 93 37 135
55 94 164 181
55 95 106 122
55 96 152 111
55 97 103 196
55 98 193 111
55 99 82 68
56 57 58 83
56 58 192 170
56 59 87 95
56 60 125 145
56 61 182 42
56 62 148 101
56 63 180 152
56 64 135 142
56 65 129 42
56 66 54 186
56 67 198 90
56 68 154 149
56 69 173 70
56 70 96 116
56 71 102 127
56 72 42 75
56 73 171 170
56 74 46 159
56 75 188 123
56 76 110 128
56 77 80 184
56 78 43 178
56 79 112 158
56 80 67 157
56 81 87 147
56 82 70 87
56 83 150 81
56 84 49 150
56 85 86 36
56 86 103 152
56 87 151 146
56 88 33 159
56 89 92 81
56 90 66 130
56 91 69 95
56 92 173 181
56 93 47 149
56 94 109 172
56 95 72 85
56 96 114 75
56 97 63 197
56 98 79 60
56 99 119 83
57 58 175 111
57 59 87 113
57 60 49 184
57 61 104 195
57 62 147 110
57 63 127 108
57 64 72 157
57 65 192 178
57 66 109 47
57 67 181 163
57 68 71 30
57 69 102 127
57 70 86 186
57 71 51 110
57 72 103 101
57 73 125 46
57 74 95 143
57 75 150 123
57 76 98 88
57 77 110 192
57 78 59 187
57 79 32 78
57 80 87 63
57 81 199 144
57 82 131 53
57 83 197 54
57 84 69 49
57 85 120 186
57 86 183 120
57 87 115 153
57 88 96 90
57 89 169 47
57 90 73 124
57 91 109 50
57 92 82 74
57 93 79 153
57 94 169 196
57 95 81 45
57 96 56 94
57 97 145 89
57 98 182 87
57 99 106 158
58 59 100 66
58 60 80 125
58 61 194 131
58 62 132 126
58 63 35 87
58 64 92 67
58 65 39 114
58 66 160 170
58 67 105 144
58 68 50 42
58 69 198 85
58 70 145 104
58 71 177 183
58 72 116 164
58 73 80 188
58 74 152 155
58 75 63 108
58 76 187 35
58 77 157 90
58 78 196 79
58 79 98 72
58 80 81 54
58 81 166 173
58 82 110 73
58 83 142 157
58 84 195 145
58 85 68 50
58 86 67 129
58 87 129 186
58 88 128 54
58 89 111 68
58 90 71 104
58 91 178 77
58 92 122 198
58 93 103 170
58 94 163 169
58 95 161 89
58 96 193 109
58 97 163 41
58 98 100 48
58 99 184 39
59 60 199 89
59 61 154 49
59 62 174 116
59 63 125 153
59 64 82 75
59 65 149 141
59 66 97 104
59 67 192 123
59 68 120 34
59 69 168 58
59 70 147 166
59 71 134 162
59 72 51 152
59 73 191 132
59 74 189 125
59 75 111 181
59 76 68 191
59 77 195 99
59 78 149 143
59 79 145 73
59 80 77 34
59 81 140 68
59 82 63 190
59 83 88 180
59 84 128 58
59 85 67 169
59 86 40 152
59 87 83 94
59 88 35 102
59 89 85 133
59 90 68 123
59 91 38 96
59 92 116 89
59 93 42 114
59 94 150 123
59 95 164 178
59 96 62 144
59 97 127 122
59 98 79 164
59 99 88 145
60 61 142 193
60 62 145 56
60 63 81 163
60 64 186 40
60 65 70 139
60 66 158 100
60 67 147 81
60 68 63 108
60 69 66 37
60 70 195 195
60 71 195 90
60 72 181 147
60 73 136 38
60 74 154 143
60 75 155 51
60 76 170 126
60 77 181 119
60 78 83 48
60 79 140 35
60 80 94 75
60 81 182 110
60 82 91 189
60 83 187 192
60 84 177 86
60 85 61 120
60 86 138 101
60 87 46 129
60 88 34 120
60 89 142 101
60 90 134 197
60 91 172 38
60 92 145 99
60 93 183 136
60 94 160 57
60 95 109 147
60 96 75 179
60 97 71 117
60 98 118 198
60 99 59 116
61 62 189 101
61 63 40 101
61 64 103 37
61 65 173 119
61 66 152 123
61 67 69 63
61 68 84 182
61 69 89 164
61 70 99 173
61 71 134 31
61 72 89 159
61 73 85 172
61 74 176 192
61 75 83 48
61 76 122 191
61 77 183 126
61 78 33 100
61 79 154 119
61 80 187 102
61 81 94 123
61 82 168 36
61 83 77 116
61 84 88 41
61 85 181 44
61 86 112 59
61 87 117 94
61 88 46 188
61 89 32 182
61 90 90 43
61 91 153 44
61 92 177 182
61 93 194 175
61 94 109 39
61 95 46 162
61 96 105 152
61 97 92 152
61 98 170 94
61 99 170 181
62 63 68 189
62 64 115 132
62 65 192 61
62 66 123 104
62 67 172 136
62 68 136 62
62 69 144 89
62 70 198 104
62 71 93 72
62 72 137 97
62 73 105 159
62 74 129 55
62 75 49 86
62 76 173 126
62 77 195 46
62 78 135 172
62 79 71 163
62 80 129 178
62 81 118 40
62 82 143 31
62 83 81 135
62 84 46 83
62 85 72 65
62 86 78 73
62 87 107 118
62 88 49 33
62 89 123 196
62 90 92 107
62 91 134 169
62 92 62 163
62 93 89 62
62 94 134 108
62 95 131 133
62 96 198 71
62 97 166 186
62 98 30 178
62 99 105 196
63 64 114 187
63 65 153 119
63 66 119 120
63 67 193 185
63 68 46 99
63 69 181 145
63 70 50 71
63 71 83 185
63 72 100 107
63 73 138 47
63 74 195 101
63 75 122 38
63 76 156 199
63 77 35 54
63 78 125 115
63 79 90 104
63 80 156 177
63 81 110 86
63 82 164 37
63 83 111 132
63 84 188 34
63 85 71 41
63 86 186 89
63 87 142 145
63 88 187 90
63 89 47 62
63 90 109 86
63 91 43 43
63 92 157 113
63 93 109 35
63 94 146 166
63 95 181 72
63 96 75 150
63 97 163 79
63 98 169 192
63 99 61 115
64 65 45 138
64 66 88 147
64 67 184 179
64 68 174 56
64 69 181 76
64 70 87 121
64 71 176 118
64 72 150 186
64 73 74 55
64 74 33 95
64 75 199 118
64 76 97 195
64 77 155 188
64 78 159 42
64 79 132 148
64 80 127 179
64 81 156 77
64 82 137 48
64 83 115 161
64 84 126 160
64 85 32 65
64 86 171 81
64 87 128 63
64 88 82 195
64 89 43 139
64 90 149 71
64 91 90 137
64 92 166 156
64 93 69 101
64 94 152 97
64 95 137 197
64 96 105 62
64 97 102 172
64 98 129 88
64 99 51 52
65 66 194 98
65 67 44 124
65 68 82 85
65 69 194 83
65 70 92 176
65 71 82 53
65 72 151 51
65 73 76 102
65 74 162 91
65 75 170 117
65 76 33 40
65 77 143 173
65 78 52 188
65 79 58 157
65 80 86 122
65 81 106 42
65 82 116 105
65 83 98 177
65 84 107 173
65 85 178 64
65 86 143 194
65 87 178 141
65 88 87 54
65 89 55 38
65 90 105 127
65 91 100 137
65 92 187 77
65 93 51 57
65 94 185 52
65 95 150 111
65 96 157 164
65 97 34 199
65 98 77 62
65 99 43 192
66 67 180 133
66 68 178 153
66 69 35 80
66 70 30 73
66 71 139 134
66 72 181 154
66 73 144 60
66 74 163 79
66 75 68 144
66 76 87 162
66 77 199 50
66 78 92 182
66 79 103 190
66 80 53 176
66 81 138 173
66 82 82 98
66 83 71 182
66 84 134 46
66 85 40 188
66 86 147 143
66 87 146 145
66 88 35 31
66 89 145 181
66 90 195 170
66 91 63 188
66 92 67 119
66 93 171 90
66 94 56 155
66 95 180 121
66 96 148 169
66 97 39 83
66 98 43 128
66 99 191 49
67 68 56 54
67 69 52 67
67 70 98 145
67 71 47 76
67 72 97 159
67 73 32 78
67 74 96 175
67 75 144 112
67 76 60 78
67 77 165 149
67 78 37 55
67 79 174 71
67 80 131 132
67 81 175 46
67 82 187 30
67 83 31 37
67 84 194 58
67 85 39 47
67 86 139 153
67 87 179 194
67 88 50 123
67 89 83 34
67 90 186 168
67 91 116 62
67 92 172 187
67 93 125 49
67 94 138 87
67 95 42 104
67 96 145 62
67 97 180 54
67 98 88 153
67 99 129 67
68 69 161 173
68 70 34 145
68 71 122 142
68 72 191 152
68 73 98 100
68 74 98 171
68 75 197 119
68 76 195 43
68 77 120 136
68 78 98 143
68 79 62 188
68 80 147 143
68 81 43 105
68 82 152 193
68 83 31 186
68 84 155 97
68 85 109 72
68 86 133 122
68 87 52 70
68 88 74 178
68 89 156 55
68 90 126 127
68 91 82 141
68 92 178 114
68 93 87 75
68 94 131 171
68 95 30 111
68 96 51 166
68 97 183 176
68 98 129 130
68 99 123 48
69 70 89 145
69 71 45 61
69 72 96 190
69 73 137 47
69 74 98 131
69 75 89 179
69 76 49 155
69 77 186 122
69 78 72 46
69 79 52 50
69 80 83 118
69 81 168 107
69 82 112 136
69 83 30 184
69 84 199 64
69 85 54 189
69 86 158 44
69 87 91 112
69 88 31 129
69 89 90 70
69 90 162 192
69 91 89 97
69 92 118 142
69 93 133 96
69 94 131 74
69 95 146 108
69 96 102 175
69 97 126 100
69 98 80 72
69 99 170 99
70 71 109 177
70 72 134 161
70 73 68 112
70 74 136 118
70 75 179 149
70 76 169 149
70 77 144 83
70 78 187 138
70 79 157 117
70 80 152 161
70 81 120 40
70 82 127 80
70 83 134 135
70 84 111 170
70 85 45 88
70 86 120 130
70 87 149 35
70 88 51 172
70 89 71 161
70 90 143 166
70 91 187 194
70 92 78 61
70 93 53 111
70 94 60 163
70 95 169 39
70 96 141 80
70 97 194 94
70 98 66 39
70 99 158 50
71 72 189 184
71 73 37 82
71 74 154 127
71 75 168 148
71 76 78 107
71 77 129 194
71 78 139 30
71 79 108 110
71 80 146 92
71 81 97 181
71 82 120 181
71 83 124 104
71 84 66 64
71 85 149 48
71 86 186 132
71 87 153 165
71 88 43 128
71 89 53 172
71 90 107 140
71 91 182 128
71 92 157 165
71 93 57 88
71 94 198 78
71 95 183 43
71 96 169 134
71 97 76 150
71 98 138 51
71 99 111 152
72 73 140 184
72 74 87 173
72 75 112 57
72 76 93 50
72 77 106 103
72 78 188 108
72 79 45 90
72 80 167 187
72 81 144 135
72 82 36 72
72 83 68 108
72 84 168 168
72 85 71 172
72 86 160 106
72 87 116 126
72 88 164 149
72 89 148 37
72 90 58 165
72 91 199 135
72 92 113 43
72 93 131 85
72 94 34 65
72 95 149 94
72 96 154 87
72 97 60 192
72 98 80 161
72 99 70 177
73 74 88 155
73 75 175 140
73 76 60 183
73 77 110 168
73 78 122 97
73 79 157 113
73 80 37 133
73 81 146 58
73 82 61 114
73 83 159 138
73 84 107 99
73 85 70 38
73 86 126 157
73 87 150 55
73 88 48 82
73 89 183 184
73 90 127 179
73 91 34 186
73 92 96 187
73 93 44 36
73 94 137 187
73 95 192 90
73 96 197 88
73 97 179 146
73 98 102 99
73 99 107 54
74 75 93 62
74 76 71 77
74 77 75 81
74 78 192 183
74 79 102 72
74 80 128 90
74 81 44 124
74 82 97 182
74 83 161 189
74 84 102 46
74 85 140 129
74 86 126 197
74 87 76 69
74 88 171 194
74 89 142 91
74 90 90 107
74 91 118 40
74 92 156 110
74 93 98 116
74 94 36 44
74 95 63 57
74 96 83 174
74 97 121 124
74 98 194 94
74 99 132 85
75 76 42 172
75 77 185 168
75 78 156 71
75 79 184 91
75 80 77 77
75 81 183 184
75 82 182 136
75 83 138 151
75 84 100 91
75 85 196 42
75 86 196 117
75 87 81 75
75 88 44 45
75 89 91 77
75 90 76 73
75 91 83 91
75 92 117 136
75 93 61 86
75 94 147 54
75 95 181 184
75 96 61 153
75 97 137 40
75 98 53 66
75 99 98 39
76 77 113 188
76 78 177 140
76 79 195 64
76 80 92 119
76 81 121 97
76 82 118 80
76 83 148 51
76 84 185 131
76 85 180 100
76 86 44 49
76 87 95 170
76 88 117 148
76 89 127 192
76 90 191 192
76 91 194 82
76 92 143 143
76 93 187 168
76 94 178 125
76 95 179 179
76 96 55 95
76 97 171 143
76 98 123 64
76 99 134 198
77 78 58 174
77 79 124 172
77 80 183 110
77 81 154 179
77 82 38 183
77 83 150 144
77 84 45 121
77 85 180 122
77 86 196 124
77 87 128 93
77 88 37 108
77 89 154 55
77 90 110 192
77 91 196 93
77 92 135 136
77 93 151 131
77 94 195 101
77 95 37 185
77 96 160 129
77 97 165 67
77 98 44 156
77 99 196 177
78 79 121 41
78 80 143 40
78 81 166 140
78 82 118 121
78 83 41 177
78 84 102 63
78 85 100 90
78 86 71 181
78 87 43 173
78 88 194 176
78 89 149 79
78 90 63 90
78 91 83 187
78 92 175 76
78 93 106 86
78 94 151 136
78 95 108 36
78 96 90 33
78 97 142 113
78 98 62 118
78 99 108 102
79 80 94 95
79 81 33 159
79 82 161 60
79 83 198 190
79 84 40 90
79 85 174 85
79 86 148 90
79 87 69 136
79 88 172 193
79 89 78 60
79 90 37 45
79 91 144 127
79 92 127 76
79 93 171 50
79 94 45 192
79 95 145 30
79 96 75 94
79 97 179 116
79 98 33 128
79 99 198 91
80 81 164 187
80 82 38 175
80 83 87 49
80 84 47 66
80 85 64 106
80 86 186 119
80 87 128 99
80 88 33 73
80 89 165 68
80 90 133 194
80 91 125 60
80 92 164 141
80 93 142 148
80 94 62 136
80 95 59 84
80 96 48 55
80 97 42 159
80 98 193 49
80 99 186 177
81 82 183 130
81 83 59 145
81 84 57 71
81 85 140 61
81 86 100 89
81 87 147 49
81 88 58 193
81 89 143 171
81 90 62 97
81 91 97 45
81 92 111 158
81 93 166 161
81 94 190 102
81 95 64 112
81 96 166 107
81 97 111 60
81 98 197 195
81 99 109 145
82 83 50 128
82 84 157 105
82 85 51 124
82 86 175 115
82 87 108 73
82 88 85 101
82 89 99 190
82 90 111 104
82 91 158 65
82 92 110 101
82 93 48 91
82 94 198 163
82 95 116 74
82 96 70 82
82 97 43 151
82 98 150 123
82 99 91 80
83 84 144 165
83 85 154 79
83 86 72 90
83 87 123 186
83 88 181 152
83 89 75 197
83 90 183 153
83 91 115 84
83 92 193 96
83 93 63 36
83 94 142 74
83 95 42 68
83 96 190 55
83 97 86 176
83 98 156 49
83 99 174 58
84 85 131 129
84 86 63 161
84 87 110 96
84 88 142 136
84 89 54 134
84 90 173 86
84 91 72 192
84 92 61 173
84 93 122 77
84 94 93 109
84 95 66 39
84 96 143 147
84 97 36 103
84 98 155 114
84 99 107 56
85 86 77 77
85 87 169 66
85 88 161 93
85 89 129 104
85 90 33 189
85 91 133 42
85 92 35 142
85 93 73 50
85 94 169 194
85 95 129 155
85 96 141 108
85 97 178 101
85 98 68 136
85 99 72 187
86 87 142 169
86 88 137 139
86 89 90 149
86 90 187 43
86 91 51 85
86 92 183 65
86 93 144 59
86 94 97 161
86 95 183 47
86 96 65 47
86 97 88 125
86 98 138 140
86 99 154 82
87 88 141 199
87 89 87 68
87 90 33 151
87 91 188 175
87 92 187 180
87 93 84 61
87 94 126 185
87 95 194 125
87 96 141 84
87 97 91 80
87 98 160 58
87 99 47 70
88 89 38 117
88 90 54 85
88 91 64 131
88 92 105 111
88 93 196 172
88 94 63 91
88 95 110 34
88 96 77 127
88 97 168 53
88 98 44 89
88 99 83 141
89 90 115 160
89 91 111 161
89 92 37 121
89 93 35 72
89 94 124 128
89 95 115 187
89 96 95 50
89 97 44 79
89 98 175 87
89 99 141 185
90 91 179 192
90 92 83 30
90 93 140 65
90 94 106 136
90 95 172 59
90 96 49 77
90 97 30 92
90 98 108 79
90 99 197 141
91 92 78 30
91 93 123 181
91 94 54 98
91 95 47 147
91 96 94 31
91 97 57 121
91 98 118 142
91 99 121 151
92 93 105 170
92 94 40 85
92 95 156 88
92 96 115 184
92 97 89 138
92 98 143 63
92 99 104 147
93 94 70 56
93 95 97 47
93 96 122 141
93 97 48 119
93 98 81 106
93 99 77 103
94 95 75 105
94 96 104 118
94 97 111 159
94 98 175 66
94 99 193 59
95 96 31 183
95 97 170 44
95 98 102 77
95 99 170 176
96 97 99 197
96 98 46 90
96 99 119 129
97 98 156 39
97 99 70 162
98 99 56 34
