50
0 1 10 10
0 2 0 990
0 3 999 993
0 4 994 999
0 5 999 997
0 6 995 991
0 7 997 994
0 8 996 994
0 9 993 998
0 10 996 997
0 11 993 997
0 12 999 998
0 13 995 994
0 14 997 997
0 15 992 995
0 16 997 999
0 17 991 996
0 18 999 995
0 19 992 990
0 20 995 999
0 21 994 990
0 22 997 991
0 23 993 995
0 24 998 998
0 25 990 997
0 26 999 991
0 27 999 992
0 28 991 993
0 29 996 993
0 30 995 997
0 31 998 994
0 32 996 992
0 33 997 993
0 34 998 996
0 35 991 994
0 36 992 994
0 37 991 990
0 38 994 991
0 39 993 996
0 40 994 999
0 41 991 999
0 42 991 992
0 43 997 995
0 44 990 992
0 45 995 992
0 46 990 993
0 47 996 991
0 48 990 990
0 49 992 998
1 2 990 0
1 3 991 990
1 4 995 990
1 5 992 994
1 6 991 996
1 7 998 996
1 8 994 994
1 9 997 995
1 10 991 996
1 11 991 995
1 12 993 994
1 13 998 994
1 14 999 990
1 15 998 998
1 16 990 992
1 17 994 991
1 18 998 994
1 19 996 994
1 20 998 994
1 21 990 998
1 22 991 998
1 23 995 992
1 24 999 999
1 25 991 998
1 26 992 991
1 27 995 994
1 28 992 992
1 29 990 992
1 30 996 998
1 31 993 997
1 32 990 999
1 33 991 994
1 34 996 998
1 35 996 999
1 36 993 999
1 37 998 990
1 38 990 998
1 39 997 990
1 40 997 995
1 41 998 991
1 42 990 991
1 43 996 994
1 44 995 995
1 45 990 999
1 46 995 993
1 47 995 991
1 48 992 996
1 49 995 990
2 3 998 997
2 4 998 991
2 5 990 991
2 6 991 993
2 7 998 994
2 8 995 996
2 9 995 996
2 10 994 999
2 11 993 994
2 12 996 995
2 13 990 991
2 14 991 997
2 15 993 991
2 16 992 999
2 17 996 992
2 18 994 996
2 19 992 998
2 20 998 998
2 21 999 999
2 22 999 999
2 23 999 996
2 24 995 995
2 25 999 996
2 26 994 996
2 27 994 998
2 28 999 997
2 29 993 995
2 30 992 995
2 31 999 998
2 32 995 994
2 33 997 996
2 34 999 995
2 35 999 991
2 36 991 995
2 37 998 993
2 38 994 994
2 39 992 993
2 40 996 990
2 41 990 997
2 42 994 998
2 43 997 995
2 44 996 994
2 45 998 996
2 46 994 997
2 47 993 991
2 48 991 999
2 49 993 991
3 4 24 20
3 5 28 37
3 6 27 33
3 7 16 16
3 8 28 26
3 9 30 30
3 10 13 12
3 11 39 19
3 12 23 33
3 13 28 20
3 14 36 13
3 15 28 33
3 16 29 10
3 17 38 23
3 18 22 18
3 19 13 25
3 20 12 32
3 21 36 10
3 22 21 15
3 23 38 26
3 24 38 15
3 25 33 24
3 26 35 28
3 27 28 12
3 28 19 31
3 29 33 24
3 30 23 35
3 31 23 26
3 32 39 19
3 33 25 32
3 34 37 28
3 35 32 20
3 36 33 34
3 37 21 37
3 38 32 32
3 39 21 32
3 40 38 23
3 41 25 23
3 42 24 17
3 43 22 16
3 44 10 18
3 45 33 20
3 46 24 13
3 47 39 22
3 48 13 29
3 49 16 23
4 5 17 26
4 6 26 10
4 7 23 20
4 8 13 15
4 9 15 30
4 10 16 26
4 11 20 20
4 12 39 36
4 13 25 38
4 14 38 18
4 15 36 25
4 16 30 31
4 17 15 35
4 18 19 39
4 19 35 31
4 20 13 15
4 21 22 10
4 22 11 29
4 23 28 24
4 24 18 16
4 25 28 38
4 26 13 25
4 27 28 24
4 28 28 30
4 29 26 33
4 30 22 16
4 31 21 24
4 32 24 10
4 33 38 33
4 34 17 31
4 35 16 17
4 36 31 11
4 37 14 14
4 38 31 16
4 39 22 16
4 40 26 22
4 41 39 39
4 42 15 38
4 43 33 29
4 44 30 22
4 45 11 19
4 46 27 14
4 47 39 14
4 48 14 35
4 49 28 16
5 6 39 15
5 7 34 27
5 8 15 24
5 9 24 26
5 10 18 17
5 11 34 17
5 12 19 19
5 13 20 21
5 14 35 34
5 15 27 21
5 16 35 29
5 17 35 17
5 18 11 35
5 19 35 24
5 20 28 20
5 21 20 19
5 22 13 32
5 23 39 35
5 24 32 22
5 25 35 17
5 26 38 34
5 27 24 35
5 28 38 10
5 29 28 36
5 30 12 37
5 31 19 31
5 32 13 37
5 33 15 27
5 34 28 31
5 35 29 18
5 36 12 30
5 37 38 39
5 38 19 28
5 39 24 28
5 40 18 15
5 41 22 17
5 42 40 25
5 43 10 22
5 44 26 37
5 45 27 32
5 46 33 38
5 47 31 12
5 48 33 15
5 49 30 20
6 7 38 27
6 8 20 14
6 9 22 19
6 10 36 35
6 11 32 13
6 12 13 14
6 13 21 33
6 14 14 36
6 15 38 29
6 16 25 22
6 17 34 18
6 18 19 13
6 19 29 30
6 20 20 24
6 21 13 36
6 22 29 31
6 23 15 33
6 24 37 34
6 25 19 23
6 26 37 16
6 27 14 34
6 28 10 27
6 29 38 14
6 30 37 37
6 31 14 11
6 32 24 26
6 33 24 33
6 34 15 35
6 35 27 18
6 36 33 38
6 37 28 36
6 38 17 22
6 39 15 20
6 40 35 21
6 41 33 39
6 42 34 35
6 43 12 16
6 44 16 23
6 45 19 24
6 46 36 18
6 47 28 13
6 48 32 18
6 49 30 29
7 8 23 28
7 9 11 34
7 10 37 14
7 11 22 19
7 12 21 34
7 13 31 24
7 14 37 11
7 15 37 17
7 16 20 30
7 17 15 27
7 18 24 27
7 19 38 14
7 20 29 14
7 21 15 25
7 22 23 38
7 23 19 39
7 24 12 16
7 25 27 36
7 26 23 15
7 27 10 25
7 28 36 16
7 29 25 36
7 30 16 34
7 31 18 22
7 32 31 23
7 33 35 35
7 34 16 32
7 35 17 35
7 36 17 17
7 37 25 10
7 38 32 32
7 39 10 39
7 40 19 21
7 41 37 34
7 42 26 35
7 43 19 37
7 44 11 34
7 45 33 13
7 46 34 39
7 47 11 26
7 48 15 26
7 49 30 38
8 9 33 11
8 10 27 12
8 11 29 28
8 12 33 20
8 13 31 23
8 14 29 24
8 15 38 23
8 16 12 21
8 17 31 39
8 18 27 14
8 19 36 16
8 20 26 24
8 21 23 33
8 22 11 23
8 23 11 31
8 24 31 15
8 25 14 33
8 26 29 35
8 27 31 10
8 28 36 31
8 29 25 27
8 30 22 28
8 31 23 27
8 32 39 39
8 33 34 34
8 34 29 15
8 35 23 35
8 36 30 36
8 37 21 34
8 38 15 26
8 39 37 36
8 40 17 21
8 41 34 16
8 42 20 22
8 43 16 25
8 44 10 23
8 45 11 28
8 46 26 29
8 47 25 13
8 48 13 18
8 49 16 38
9 10 23 19
9 11 39 23
9 12 28 22
9 13 13 18
9 14 39 30
9 15 27 22
9 16 18 35
9 17 14 10
9 18 38 19
9 19 19 35
9 20 10 35
9 21 37 36
9 22 36 11
9 23 19 34
9 24 12 25
9 25 12 30
9 26 28 17
9 27 26 38
9 28 29 24
9 29 28 16
9 30 10 20
9 31 11 15
9 32 27 34
9 33 29 34
9 34 39 35
9 35 28 14
9 36 35 17
9 37 23 18
9 38 24 27
9 39 32 30
9 40 38 38
9 41 26 17
9 42 27 13
9 43 27 38
9 44 32 23
9 45 11 36
9 46 35 33
9 47 35 19
9 48 13 39
9 49 14 36
10 11 21 36
10 12 29 18
10 13 13 33
10 14 38 27
10 15 10 30
10 16 33 14
10 17 23 28
10 18 15 37
10 19 10 12
10 20 35 37
10 21 15 33
10 22 33 27
10 23 11 26
10 24 33 35
10 25 35 36
10 26 30 15
10 27 24 20
10 28 19 26
10 29 20 39
10 30 28 24
10 31 33 27
10 32 34 14
10 33 36 30
10 34 38 33
10 35 37 27
10 36 23 17
10 37 21 11
10 38 29 19
10 39 25 37
10 40 10 33
10 41 39 11
10 42 22 36
10 43 24 32
10 44 17 15
10 45 25 25
10 46 37 37
10 47 23 13
10 48 36 13
10 49 39 29
11 12 37 29
11 13 36 14
11 14 23 28
11 15 22 26
11 16 27 18
11 17 36 28
11 18 32 20
11 19 23 35
11 20 38 21
11 21 12 16
11 22 32 29
11 23 15 30
11 24 15 13
11 25 36 16
11 26 24 18
11 27 20 21
11 28 18 29
11 29 17 18
11 30 32 19
11 31 11 23
11 32 36 33
11 33 10 29
11 34 24 12
11 35 13 39
11 36 33 34
11 37 17 18
11 38 21 23
11 39 30 35
11 40 14 33
11 41 23 26
11 42 24 24
11 43 19 37
11 44 32 39
11 45 28 20
11 46 14 22
11 47 23 12
11 48 10 33
11 49 24 27
12 13 28 12
12 14 39 22
12 15 20 15
12 16 28 24
12 17 11 11
12 18 27 26
12 19 36 21
12 20 18 10
12 21 36 17
12 22 28 23
12 23 16 24
12 24 33 17
12 25 15 26
12 26 15 12
12 27 29 14
12 28 16 20
12 29 33 23
12 30 31 15
12 31 14 31
12 32 11 31
12 33 31 31
12 34 15 11
12 35 27 24
12 36 18 28
12 37 37 11
12 38 28 24
12 39 10 20
12 40 12 22
12 41 10 12
12 42 32 18
12 43 28 28
12 44 22 34
12 45 24 21
12 46 24 37
12 47 13 13
12 48 22 21
12 49 30 18
13 14 22 36
13 15 16 17
13 16 12 28
13 17 26 29
13 18 10 21
13 19 16 26
13 20 20 38
13 21 23 13
13 22 32 23
13 23 37 25
13 24 22 36
13 25 11 10
13 26 32 12
13 27 37 17
13 28 20 22
13 29 18 21
13 30 32 10
13 31 31 22
13 32 29 35
13 33 18 36
13 34 27 22
13 35 27 33
13 36 36 34
13 37 19 39
13 38 26 30
13 39 11 13
13 40 27 25
13 41 21 24
13 42 26 32
13 43 33 11
13 44 23 26
13 45 37 23
13 46 16 20
13 47 26 32
13 48 20 17
13 49 31 13
14 15 28 24
14 16 33 25
14 17 16 22
14 18 22 13
14 19 26 32
14 20 27 25
14 21 38 29
14 22 28 12
14 23 22 13
14 24 35 21
14 25 33 24
14 26 18 29
14 27 39 11
14 28 21 29
14 29 15 37
14 30 21 12
14 31 16 20
14 32 10 36
14 33 31 26
14 34 28 16
14 35 29 12
14 36 19 19
14 37 11 31
14 38 35 28
14 39 37 19
14 40 32 12
14 41 26 25
14 42 11 36
14 43 26 36
14 44 38 15
14 45 14 11
14 46 14 18
14 47 35 17
14 48 28 19
14 49 21 16
15 16 19 39
15 17 18 26
15 18 27 18
15 19 11 37
15 20 23 37
15 21 28 20
15 22 27 31
15 23 11 24
15 24 24 20
15 25 23 22
15 26 15 24
15 27 35 13
15 28 19 17
15 29 39 27
15 30 20 12
15 31 23 14
15 32 21 34
15 33 16 10
15 34 30 10
15 35 21 15
15 36 36 30
15 37 30 12
15 38 11 34
15 39 29 35
15 40 11 14
15 41 15 20
15 42 27 22
15 43 27 38
15 44 26 22
15 45 24 19
15 46 24 39
15 47 12 30
15 48 15 29
15 49 22 39
16 17 28 27
16 18 27 33
16 19 29 23
16 20 11 20
16 21 38 14
16 22 12 24
16 23 26 28
16 24 37 19
16 25 26 19
16 26 27 12
16 27 30 26
16 28 12 17
16 29 27 19
16 30 19 18
16 31 36 38
16 32 36 10
16 33 16 11
16 34 20 19
16 35 23 39
16 36 20 21
16 37 14 35
16 38 29 35
16 39 38 29
16 40 17 23
16 41 24 24
16 42 19 28
16 43 39 20
16 44 36 30
16 45 11 12
16 46 20 17
16 47 38 31
16 48 11 15
16 49 18 19
17 18 24 12
17 19 24 25
17 20 27 24
17 21 33 14
17 22 24 25
17 23 33 39
17 24 16 21
17 25 24 17
17 26 20 19
17 27 20 33
17 28 11 36
17 29 14 36
17 30 27 15
17 31 20 36
17 32 16 15
17 33 33 22
17 34 16 26
17 35 16 10
17 36 37 33
17 37 24 15
17 38 24 38
17 39 27 29
17 40 18 20
17 41 14 39
17 42 25 19
17 43 15 16
17 44 28 24
17 45 12 36
17 46 11 37
17 47 30 18
17 48 17 22
17 49 10 33
18 19 10 12
18 20 25 33
18 21 10 25
18 22 12 30
18 23 18 27
18 24 24 34
18 25 32 29
18 26 26 10
18 27 15 10
18 28 39 17
18 29 29 24
18 30 39 22
18 31 21 37
18 32 20 30
18 33 10 11
18 34 15 21
18 35 16 34
18 36 39 10
18 37 38 23
18 38 13 37
18 39 15 36
18 40 39 37
18 41 25 36
18 42 27 23
18 43 39 15
18 44 29 20
18 45 26 15
18 46 13 22
18 47 38 36
18 48 18 13
18 49 16 21
19 20 10 30
19 21 11 20
19 22 17 11
19 23 18 10
19 24 19 19
19 25 26 12
19 26 18 14
19 27 33 32
19 28 19 17
19 29 26 13
19 30 34 20
19 31 32 13
19 32 20 17
19 33 39 15
19 34 38 19
19 35 18 30
19 36 37 23
19 37 24 10
19 38 39 15
19 39 19 10
19 40 13 38
19 41 25 22
19 42 36 24
19 43 14 25
19 44 35 12
19 45 19 27
19 46 10 27
19 47 11 22
19 48 25 10
19 49 30 14
20 21 26 15
20 22 34 27
20 23 32 11
20 24 31 34
20 25 32 23
20 26 34 38
20 27 28 26
20 28 25 10
20 29 25 23
20 30 33 19
20 31 37 24
20 32 22 14
20 33 14 32
20 34 16 10
20 35 18 34
20 36 27 25
20 37 21 14
20 38 38 22
20 39 38 37
20 40 21 38
20 41 25 38
20 42 37 13
20 43 10 37
20 44 27 34
20 45 18 35
20 46 26 18
20 47 16 30
20 48 22 31
20 49 24 37
21 22 29 28
21 23 38 31
21 24 22 18
21 25 29 36
21 26 14 30
21 27 29 10
21 28 14 19
21 29 34 32
21 30 36 29
21 31 18 10
21 32 35 34
21 33 37 29
21 34 23 25
21 35 15 15
21 36 36 31
21 37 10 31
21 38 11 10
21 39 27 10
21 40 28 32
21 41 10 36
21 42 30 26
21 43 33 26
21 44 22 24
21 45 30 13
21 46 13 12
21 47 20 30
21 48 35 34
21 49 36 35
22 23 19 26
22 24 37 39
22 25 28 21
22 26 34 21
22 27 24 29
22 28 30 27
22 29 24 11
22 30 38 13
22 31 19 24
22 32 38 17
22 33 24 17
22 34 32 26
22 35 28 13
22 36 37 30
22 37 26 17
22 38 29 33
22 39 11 13
22 40 11 10
22 41 21 30
22 42 34 38
22 43 39 23
22 44 32 35
22 45 10 17
22 46 12 31
22 47 22 27
22 48 16 37
22 49 18 14
23 24 27 17
23 25 39 15
23 26 30 25
23 27 26 20
23 28 22 29
23 29 13 19
23 30 26 33
23 31 26 31
23 32 22 33
23 33 20 22
23 34 15 10
23 35 20 34
23 36 35 30
23 37 36 29
23 38 33 36
23 39 13 33
23 40 16 20
23 41 23 14
23 42 20 27
23 43 31 25
23 44 29 25
23 45 28 21
23 46 17 25
23 47 10 19
23 48 36 19
23 49 33 14
24 25 23 39
24 26 13 33
24 27 35 18
24 28 25 20
24 29 30 21
24 30 28 33
24 31 19 22
24 32 23 18
24 33 22 32
24 34 25 28
24 35 25 22
24 36 30 31
24 37 37 12
24 38 35 20
24 39 23 14
24 40 35 29
24 41 16 35
24 42 16 39
24 43 32 37
24 44 16 34
24 45 11 35
24 46 19 35
24 47 28 31
24 48 37 15
24 49 26 29
25 26 12 16
25 27 19 16
25 28 18 21
25 29 20 11
25 30 25 13
25 31 39 35
25 32 13 11
25 33 37 11
25 34 20 17
25 35 13 35
25 36 19 28
25 37 39 19
25 38 25 11
25 39 26 12
25 40 22 31
25 41 30 25
25 42 21 17
25 43 38 11
25 44 22 33
25 45 32 11
25 46 35 35
25 47 25 36
25 48 33 37
25 49 29 38
26 27 39 31
26 28 25 19
26 29 31 18
26 30 33 30
26 31 36 39
26 32 11 27
26 33 19 26
26 34 37 35
26 35 22 16
26 36 37 18
26 37 10 13
26 38 34 10
26 39 31 25
26 40 38 37
26 41 16 23
26 42 22 13
26 43 12 38
26 44 28 39
26 45 24 13
26 46 34 18
26 47 14 19
26 48 26 12
26 49 13 33
27 28 12 26
27 29 33 28
27 30 36 15
27 31 20 32
27 32 33 18
27 33 38 35
27 34 18 24
27 35 37 39
27 36 27 37
27 37 28 16
27 38 20 27
27 39 24 36
27 40 33 17
27 41 27 11
27 42 35 27
27 43 36 37
27 44 37 24
27 45 37 17
27 46 14 12
27 47 39 22
27 48 16 30
27 49 39 20
28 29 35 19
28 30 38 23
28 31 10 37
28 32 26 27
28 33 32 19
28 34 28 38
28 35 26 36
28 36 19 25
28 37 15 30
28 38 39 27
28 39 18 37
28 40 31 35
28 41 20 39
28 42 30 12
28 43 35 25
28 44 15 33
28 45 23 32
28 46 27 38
28 47 20 35
28 48 27 14
28 49 17 17
29 30 12 37
29 31 29 11
29 32 19 18
29 33 15 17
29 34 35 11
29 35 36 25
29 36 35 38
29 37 14 37
29 38 10 18
29 39 32 18
29 40 10 12
29 41 14 34
29 42 36 33
29 43 31 21
29 44 17 31
29 45 21 10
29 46 18 27
29 47 30 33
29 48 30 23
29 49 25 39
30 31 33 31
30 32 31 12
30 33 30 15
30 34 36 32
30 35 12 21
30 36 15 21
30 37 36 22
30 38 24 28
30 39 29 17
30 40 33 35
30 41 37 31
30 42 25 39
30 43 24 23
30 44 22 36
30 45 25 28
30 46 15 26
30 47 30 13
30 48 13 28
30 49 16 30
31 32 15 17
31 33 10 33
31 34 16 27
31 35 27 12
31 36 12 39
31 37 27 28
31 38 22 10
31 39 29 32
31 40 27 14
31 41 19 32
31 42 26 38
31 43 22 25
31 44 11 32
31 45 26 26
31 46 11 17
31 47 25 35
31 48 23 32
31 49 11 36
32 33 34 15
32 34 12 30
32 35 18 38
32 36 12 14
32 37 27 32
32 38 17 29
32 39 15 19
32 40 24 12
32 41 16 19
32 42 33 20
32 43 23 10
32 44 24 39
32 45 31 23
32 46 38 27
32 47 28 32
32 48 37 32
32 49 33 34
33 34 22 14
33 35 32 14
33 36 28 35
33 37 34 11
33 38 35 30
33 39 36 19
33 40 18 19
33 41 21 15
33 42 20 19
33 43 14 25
33 44 28 37
33 45 22 19
33 46 12 36
33 47 36 37
33 48 13 34
33 49 30 32
34 35 37 33
34 36 32 33
34 37 13 36
34 38 23 23
34 39 37 17
34 40 33 35
34 41 15 35
34 42 36 20
34 43 37 13
34 44 17 39
34 45 25 17
34 46 29 21
34 47 32 31
34 48 34 18
34 49 28 10
35 36 15 32
35 37 18 34
35 38 22 37
35 39 10 17
35 40 10 19
35 41 10 18
35 42 18 15
35 43 13 10
35 44 18 14
35 45 14 30
35 46 33 39
35 47 31 39
35 48 22 37
35 49 36 28
36 37 15 31
36 38 15 12
36 39 37 30
36 40 22 38
36 41 13 32
36 42 15 27
36 43 34 35
36 44 15 12
36 45 14 26
36 46 29 14
36 47 30 29
36 48 10 24
36 49 25 26
37 38 24 18
37 39 10 16
37 40 17 33
37 41 16 14
37 42 24 33
37 43 11 33
37 44 23 22
37 45 28 27
37 46 12 21
37 47 31 33
37 48 38 14
37 49 32 21
38 39 30 20
38 40 23 14
38 41 28 19
38 42 29 28
38 43 17 21
38 44 29 39
38 45 24 14
38 46 21 20
38 47 39 28
38 48 38 13
38 49 14 13
39 40 16 21
39 41 27 31
39 42 24 36
39 43 38 28
39 44 26 22
39 45 37 18
39 46 29 19
39 47 35 14
39 48 14 21
39 49 18 39
40 41 13 32
40 42 37 16
40 43 24 38
40 44 14 31
40 45 33 29
40 46 13 33
40 47 31 16
40 48 38 33
40 49 17 39
41 42 33 17
41 43 25 29
41 44 29 19
41 45 12 17
41 46 17 33
41 47 11 20
41 48 29 12
41 49 14 29
42 43 22 38
42 44 23 25
42 45 14 34
42 46 38 32
42 47 13 25
42 48 22 37
42 49 31 18
43 44 22 16
43 45 13 17
43 46 18 18
43 47 28 11
43 48 27 26
43 49 18 36
44 45 16 18
44 46 17 37
44 47 14 32
44 48 31 27
44 49 23 13
45 46 37 35
45 47 23 19
45 48 19 25
45 49 21 11
46 47 30 34
46 48 24 27
46 49 21 17
47 48 14 26
47 49 28 31
48 49 11 23
