50
0 1 20 20
0 2 0 980
0 3 987 989
0 4 986 986
0 5 999 991
0 6 996 981
0 7 996 986
0 8 998 992
0 9 995 985
0 10 986 983
0 11 990 990
0 12 994 995
0 13 989 981
0 14 998 987
0 15 980 980
0 16 998 992
0 17 993 993
0 18 993 995
0 19 996 997
0 20 987 991
0 21 992 981
0 22 986 990
0 23 990 988
0 24 993 997
0 25 999 991
0 26 987 995
0 27 991 992
0 28 993 998
0 29 989 997
0 30 995 992
0 31 982 983
0 32 986 980
0 33 998 989
0 34 995 998
0 35 993 984
0 36 986 994
0 37 986 998
0 38 995 988
0 39 990 997
0 40 985 997
0 41 994 980
0 42 995 981
0 43 982 988
0 44 986 982
0 45 982 994
0 46 997 982
0 47 996 994
0 48 983 992
0 49 998 987
1 2 980 0
1 3 993 987
1 4 983 998
1 5 984 995
1 6 983 985
1 7 999 994
1 8 996 992
1 9 986 997
1 10 998 980
1 11 996 992
1 12 982 999
1 13 995 996
1 14 993 991
1 15 995 998
1 16 991 992
1 17 999 991
1 18 999 985
1 19 997 991
1 20 980 988
1 21 999 995
1 22 983 993
1 23 993 995
1 24 990 987
1 25 980 991
1 26 997 996
1 27 993 997
1 28 995 998
1 29 982 995
1 30 989 993
1 31 997 999
1 32 986 990
1 33 995 982
1 34 997 999
1 35 997 993
1 36 988 982
1 37 996 988
1 38 982 990
1 39 994 994
1 40 994 987
1 41 995 990
1 42 996 982
1 43 992 984
1 44 988 981
1 45 980 997
1 46 999 993
1 47 999 982
1 48 997 991
1 49 988 988
2 3 982 995
2 4 989 989
2 5 986 980
2 6 998 981
2 7 986 981
2 8 985 981
2 9 997 986
2 10 980 980
2 11 989 981
2 12 998 986
2 13 982 982
2 14 998 984
2 15 998 998
2 16 980 996
2 17 998 997
2 18 986 988
2 19 990 989
2 20 980 980
2 21 985 997
2 22 990 983
2 23 992 987
2 24 994 990
2 25 996 987
2 26 994 981
2 27 995 997
2 28 999 993
2 29 990 992
2 30 987 985
2 31 996 999
2 32 997 983
2 33 986 996
2 34 986 998
2 35 983 982
2 36 995 989
2 37 998 990
2 38 985 996
2 39 998 992
2 40 998 988
2 41 990 994
2 42 996 995
2 43 988 991
2 44 997 982
2 45 982 985
2 46 992 981
2 47 992 985
2 48 984 981
2 49 991 990
3 4 45 34
3 5 91 118
3 6 118 57
3 7 78 116
3 8 109 65
3 9 100 117
3 10 31 100
3 11 105 92
3 12 105 79
3 13 53 51
3 14 116 68
3 15 98 121
3 16 82 124
3 17 113 30
3 18 43 45
3 19 24 79
3 20 66 113
3 21 85 42
3 22 98 79
3 23 67 78
3 24 91 120
3 25 71 109
3 26 30 21
3 27 108 38
3 28 64 74
3 29 76 32
3 30 36 75
3 31 101 54
3 32 55 48
3 33 22 86
3 34 63 21
3 35 31 78
3 36 98 85
3 37 85 83
3 38 41 120
3 39 75 23
3 40 92 73
3 41 33 82
3 42 74 79
3 43 65 80
3 44 104 90
3 45 74 63
3 46 88 97
3 47 97 21
3 48 105 51
3 49 107 85
4 5 94 57
4 6 73 37
4 7 36 86
4 8 108 100
4 9 85 88
4 10 21 67
4 11 42 29
4 12 90 33
4 13 122 115
4 14 64 37
4 15 67 32
4 16 109 95
4 17 65 68
4 18 38 32
4 19 103 70
4 20 81 112
4 21 72 94
4 22 48 79
4 23 25 124
4 24 64 91
4 25 119 68
4 26 102 55
4 27 82 48
4 28 106 34
4 29 119 83
4 30 63 94
4 31 91 29
4 32 67 66
4 33 35 103
4 34 61 69
4 35 50 33
4 36 122 97
4 37 56 59
4 38 87 67
4 39 33 72
4 40 54 100
4 41 118 39
4 42 45 97
4 43 36 92
4 44 37 94
4 45 32 65
4 46 79 118
4 47 51 35
4 48 89 115
4 49 66 54
5 6 87 124
5 7 110 110
5 8 112 38
5 9 65 110
5 10 73 91
5 11 108 50
5 12 110 69
5 13 78 80
5 14 118 89
5 15 76 46
5 16 121 91
5 17 79 98
5 18 23 74
5 19 60 101
5 20 97 71
5 21 57 93
5 22 39 95
5 23 54 89
5 24 69 38
5 25 29 88
5 26 33 27
5 27 51 32
5 28 114 109
5 29 26 33
5 30 95 96
5 31 109 62
5 32 35 121
5 33 70 46
5 34 45 32
5 35 38 32
5 36 71 86
5 37 105 71
5 38 80 40
5 39 92 42
5 40 94 120
5 41 114 77
5 42 89 51
5 43 26 37
5 44 89 20
5 45 108 23
5 46 100 39
5 47 27 121
5 48 44 75
5 49 48 87
6 7 84 55
6 8 58 34
6 9 70 102
6 10 30 43
6 11 50 48
6 12 75 124
6 13 24 50
6 14 94 30
6 15 26 101
6 16 110 53
6 17 57 107
6 18 120 71
6 19 56 73
6 20 99 71
6 21 72 82
6 22 122 90
6 23 29 95
6 24 62 68
6 25 30 94
6 26 29 108
6 27 58 96
6 28 65 82
6 29 26 108
6 30 21 71
6 31 43 85
6 32 78 105
6 33 40 115
6 34 109 49
6 35 110 72
6 36 103 70
6 37 72 116
6 38 74 115
6 39 113 109
6 40 21 108
6 41 55 95
6 42 65 107
6 43 123 120
6 44 47 121
6 45 59 51
6 46 108 65
6 47 65 29
6 48 30 116
6 49 118 121
7 8 59 93
7 9 123 41
7 10 43 101
7 11 71 29
7 12 85 103
7 13 29 66
7 14 86 45
7 15 103 55
7 16 62 79
7 17 24 78
7 18 119 100
7 19 28 104
7 20 83 25
7 21 33 99
7 22 57 77
7 23 95 54
7 24 108 69
7 25 49 119
7 26 48 105
7 27 28 63
7 28 59 46
7 29 38 115
7 30 64 76
7 31 27 75
7 32 118 72
7 33 106 60
7 34 89 47
7 35 97 92
7 36 113 51
7 37 96 74
7 38 75 81
7 39 35 104
7 40 95 48
7 41 31 44
7 42 104 108
7 43 70 20
7 44 119 74
7 45 76 102
7 46 33 77
7 47 50 55
7 48 78 78
7 49 27 75
8 9 40 81
8 10 79 39
8 11 85 25
8 12 90 99
8 13 99 42
8 14 24 94
8 15 36 97
8 16 57 73
8 17 51 60
8 18 118 86
8 19 112 21
8 20 28 87
8 21 94 27
8 22 98 85
8 23 71 85
8 24 24 44
8 25 83 21
8 26 67 69
8 27 43 124
8 28 122 60
8 29 104 48
8 30 36 50
8 31 28 113
8 32 79 59
8 33 74 101
8 34 106 23
8 35 75 89
8 36 33 48
8 37 116 84
8 38 99 78
8 39 109 92
8 40 65 66
8 41 50 118
8 42 62 39
8 43 51 103
8 44 90 97
8 45 44 65
8 46 122 39
8 47 25 22
8 48 34 39
8 49 102 48
9 10 52 119
9 11 66 96
9 12 21 90
9 13 35 85
9 14 55 44
9 15 72 79
9 16 115 77
9 17 117 46
9 18 44 23
9 19 22 32
9 20 55 117
9 21 88 21
9 22 111 46
9 23 41 69
9 24 124 20
9 25 62 65
9 26 123 49
9 27 103 66
9 28 36 38
9 29 79 35
9 30 119 67
9 31 55 39
9 32 30 110
9 33 95 115
9 34 37 40
9 35 108 100
9 36 59 81
9 37 73 115
9 38 72 34
9 39 84 31
9 40 94 21
9 41 69 109
9 42 21 99
9 43 75 83
9 44 32 90
9 45 77 73
9 46 117 42
9 47 62 119
9 48 86 26
9 49 81 51
10 11 85 58
10 12 34 70
10 13 62 20
10 14 111 98
10 15 42 74
10 16 123 86
10 17 55 67
10 18 37 21
10 19 88 66
10 20 50 114
10 21 26 97
10 22 28 43
10 23 21 43
10 24 27 30
10 25 74 84
10 26 87 40
10 27 80 61
10 28 39 43
10 29 123 37
10 30 34 29
10 31 65 74
10 32 122 82
10 33 121 84
10 34 121 97
10 35 96 51
10 36 77 61
10 37 85 92
10 38 92 20
10 39 92 104
10 40 62 45
10 41 54 117
10 42 108 73
10 43 84 46
10 44 75 33
10 45 99 40
10 46 34 23
10 47 28 53
10 48 110 29
10 49 104 20
11 12 115 118
11 13 66 75
11 14 89 57
11 15 78 27
11 16 116 46
11 17 24 79
11 18 82 114
11 19 68 43
11 20 37 59
11 21 124 76
11 22 57 107
11 23 45 68
11 24 39 117
11 25 25 88
11 26 40 112
11 27 43 99
11 28 60 57
11 29 119 113
11 30 88 39
11 31 58 80
11 32 93 96
11 33 102 102
11 34 40 121
11 35 52 122
11 36 61 101
11 37 92 119
11 38 25 117
11 39 71 67
11 40 27 75
11 41 109 108
11 42 89 110
11 43 98 109
11 44 88 55
11 45 106 61
11 46 27 31
11 47 44 80
11 48 59 40
11 49 111 35
12 13 51 32
12 14 83 38
12 15 87 74
12 16 55 76
12 17 110 33
12 18 54 119
12 19 30 94
12 20 60 57
12 21 58 58
12 22 102 70
12 23 79 98
12 24 50 63
12 25 72 72
12 26 57 32
12 27 54 63
12 28 52 100
12 29 67 30
12 30 122 89
12 31 31 29
12 32 90 40
12 33 89 20
12 34 33 100
12 35 63 96
12 36 47 120
12 37 70 110
12 38 47 76
12 39 55 47
12 40 81 48
12 41 111 73
12 42 118 98
12 43 123 50
12 44 74 69
12 45 108 51
12 46 88 80
12 47 50 115
12 48 23 71
12 49 85 60
13 14 89 110
13 15 68 21
13 16 25 55
13 17 113 48
13 18 27 105
13 19 31 97
13 20 26 72
13 21 59 31
13 22 48 49
13 23 20 58
13 24 76 72
13 25 54 62
13 26 72 119
13 27 112 84
13 28 26 77
13 29 37 107
13 30 57 106
13 31 81 40
13 32 29 70
13 33 79 91
13 34 51 72
13 35 64 109
13 36 71 114
13 37 121 35
13 38 67 115
13 39 79 35
13 40 92 107
13 41 79 43
13 42 103 27
13 43 28 76
13 44 115 31
13 45 37 122
13 46 88 76
13 47 34 117
13 48 73 85
13 49 52 87
14 15 89 50
14 16 112 53
14 17 108 87
14 18 34 84
14 19 57 106
14 20 90 50
14 21 37 68
14 22 92 64
14 23 68 42
14 24 22 75
14 25 108 115
14 26 119 54
14 27 47 32
14 28 121 105
14 29 68 31
14 30 46 61
14 31 30 77
14 32 40 115
14 33 55 38
14 34 38 117
14 35 25 101
14 36 113 113
14 37 28 55
14 38 31 27
14 39 91 100
14 40 96 43
14 41 120 73
14 42 67 43
14 43 75 50
14 44 86 60
14 45 105 43
14 46 30 23
14 47 21 64
14 48 104 30
14 49 77 43
15 16 89 106
15 17 121 30
15 18 108 36
15 19 121 72
15 20 103 120
15 21 90 62
15 22 121 78
15 23 104 110
15 24 84 104
15 25 25 36
15 26 65 102
15 27 79 86
15 28 124 90
15 29 107 39
15 30 104 107
15 31 37 48
15 32 120 84
15 33 67 99
15 34 42 122
15 35 38 106
15 36 113 103
15 37 37 121
15 38 61 46
15 39 70 51
15 40 70 37
15 41 55 34
15 42 107 82
15 43 31 50
15 44 118 95
15 45 34 68
15 46 69 122
15 47 64 33
15 48 122 92
15 49 78 25
16 17 121 106
16 18 21 21
16 19 114 54
16 20 51 73
16 21 79 57
16 22 104 44
16 23 79 108
16 24 40 66
16 25 27 106
16 26 81 89
16 27 62 72
16 28 95 45
16 29 112 31
16 30 57 122
16 31 83 80
16 32 34 76
16 33 24 106
16 34 117 65
16 35 27 55
16 36 79 82
16 37 44 118
16 38 112 75
16 39 21 116
16 40 47 73
16 41 82 52
16 42 97 96
16 43 102 59
16 44 89 59
16 45 90 79
16 46 90 73
16 47 20 98
16 48 53 82
16 49 55 124
17 18 121 34
17 19 119 119
17 20 122 67
17 21 32 48
17 22 111 63
17 23 88 71
17 24 37 69
17 25 38 115
17 26 48 81
17 27 55 26
17 28 42 52
17 29 30 105
17 30 65 37
17 31 48 41
17 32 55 63
17 33 104 27
17 34 112 98
17 35 71 108
17 36 59 99
17 37 27 68
17 38 50 67
17 39 71 90
17 40 122 91
17 41 100 117
17 42 80 91
17 43 67 54
17 44 109 90
17 45 66 50
17 46 60 122
17 47 54 123
17 48 36 20
17 49 45 28
18 19 63 24
18 20 72 87
18 21 100 119
18 22 65 97
18 23 34 60
18 24 37 48
18 25 111 54
18 26 26 102
18 27 119 124
18 28 124 93
18 29 90 70
18 30 108 42
18 31 83 102
18 32 72 89
18 33 32 58
18 34 54 30
18 35 118 52
18 36 40 46
18 37 41 118
18 38 87 116
18 39 94 99
18 40 93 90
18 41 59 85
18 42 22 48
18 43 102 53
18 44 96 93
18 45 120 102
18 46 89 24
18 47 51 36
18 48 22 78
18 49 49 64
19 20 111 93
19 21 98 106
19 22 27 46
19 23 66 63
19 24 35 86
19 25 77 25
19 26 121 21
19 27 62 24
19 28 108 66
19 29 35 30
19 30 48 57
19 31 63 74
19 32 27 106
19 33 38 45
19 34 69 91
19 35 30 95
19 36 58 60
19 37 81 36
19 38 123 115
19 39 58 42
19 40 58 96
19 41 63 36
19 42 28 87
19 43 45 106
19 44 44 118
19 45 124 96
19 46 30 38
19 47 120 20
19 48 101 24
19 49 22 117
20 21 87 76
20 22 96 67
20 23 99 54
20 24 20 42
20 25 61 20
20 26 116 105
20 27 79 56
20 28 55 97
20 29 82 111
20 30 38 91
20 31 55 74
20 32 84 79
20 33 55 55
20 34 123 47
20 35 118 77
20 36 73 116
20 37 115 119
20 38 41 52
20 39 100 102
20 40 118 119
20 41 48 72
20 42 100 25
20 43 27 97
20 44 120 75
20 45 80 31
20 46 37 115
20 47 99 84
20 48 55 24
20 49 32 40
21 22 115 61
21 23 20 89
21 24 68 73
21 25 99 92
21 26 45 83
21 27 120 65
21 28 109 53
21 29 31 39
21 30 93 62
21 31 98 75
21 32 52 55
21 33 77 23
21 34 35 67
21 35 22 109
21 36 92 69
21 37 31 37
21 38 89 118
21 39 59 71
21 40 101 65
21 41 71 60
21 42 73 68
21 43 40 87
21 44 104 103
21 45 78 63
21 46 97 113
21 47 68 90
21 48 121 24
21 49 34 35
22 23 76 50
22 24 55 71
22 25 119 24
22 26 39 107
22 27 44 30
22 28 65 72
22 29 64 30
22 30 27 24
22 31 115 119
22 32 103 82
22 33 119 100
22 34 94 91
22 35 124 83
22 36 120 67
22 37 116 95
22 38 61 116
22 39 96 87
22 40 107 27
22 41 91 61
22 42 44 88
22 43 40 107
22 44 106 105
22 45 65 35
22 46 59 88
22 47 121 99
22 48 24 107
22 49 58 90
23 24 123 63
23 25 33 59
23 26 67 46
23 27 82 32
23 28 67 20
23 29 26 91
23 30 115 24
23 31 112 57
23 32 113 108
23 33 75 96
23 34 120 104
23 35 96 44
23 36 27 34
23 37 122 65
23 38 54 63
23 39 98 45
23 40 66 90
23 41 66 116
23 42 49 76
23 43 124 34
23 44 112 24
23 45 89 42
23 46 21 78
23 47 94 67
23 48 52 38
23 49 99 27
24 25 49 107
24 26 71 100
24 27 38 57
24 28 40 92
24 29 31 104
24 30 29 104
24 31 89 32
24 32 94 109
24 33 27 109
24 34 31 42
24 35 43 62
24 36 118 42
24 37 78 64
24 38 79 48
24 39 122 116
24 40 51 70
24 41 115 109
24 42 25 67
24 43 91 113
24 44 121 111
24 45 46 58
24 46 90 37
24 47 45 43
24 48 112 121
24 49 53 66
25 26 113 53
25 27 76 90
25 28 45 55
25 29 98 89
25 30 87 111
25 31 96 33
25 32 33 27
25 33 95 43
25 34 29 63
25 35 85 117
25 36 76 29
25 37 105 63
25 38 100 91
25 39 62 37
25 40 93 37
25 41 93 114
25 42 48 123
25 43 46 95
25 44 83 96
25 45 98 84
25 46 57 59
25 47 51 59
25 48 116 112
25 49 87 94
26 27 117 117
26 28 21 88
26 29 109 33
26 30 61 89
26 31 86 63
26 32 34 50
26 33 62 47
26 34 90 67
26 35 68 59
26 36 92 111
26 37 44 90
26 38 24 69
26 39 76 107
26 40 58 68
26 41 118 53
26 42 85 108
26 43 94 99
26 44 59 78
26 45 122 108
26 46 101 114
26 47 75 107
26 48 103 66
26 49 114 72
27 28 33 83
27 29 109 114
27 30 61 89
27 31 112 105
27 32 82 86
27 33 107 118
27 34 66 100
27 35 107 112
27 36 48 116
27 37 82 95
27 38 34 67
27 39 110 102
27 40 99 30
27 41 116 35
27 42 55 66
27 43 42 33
27 44 84 41
27 45 67 56
27 46 25 84
27 47 30 23
27 48 112 69
27 49 81 21
28 29 120 70
28 30 92 111
28 31 98 69
28 32 113 103
28 33 104 69
28 34 122 23
28 35 38 23
28 36 36 90
28 37 81 117
28 38 47 67
28 39 89 114
28 40 65 88
28 41 118 67
28 42 42 30
28 43 43 61
28 44 122 116
28 45 80 101
28 46 97 89
28 47 34 86
28 48 103 26
28 49 110 84
29 30 78 42
29 31 52 77
29 32 60 118
29 33 104 97
29 34 74 98
29 35 41 121
29 36 64 70
29 37 41 103
29 38 39 36
29 39 62 48
29 40 52 23
29 41 25 115
29 42 118 105
29 43 31 80
29 44 32 65
29 45 43 25
29 46 81 109
29 47 124 89
29 48 53 113
29 49 73 58
30 31 61 80
30 32 110 28
30 33 120 114
30 34 111 100
30 35 114 98
30 36 52 74
30 37 46 107
30 38 45 42
30 39 46 113
30 40 23 74
30 41 115 33
30 42 84 49
30 43 32 92
30 44 116 113
30 45 87 60
30 46 79 115
30 47 78 97
30 48 81 66
30 49 62 85
31 32 109 77
31 33 27 23
31 34 117 80
31 35 50 64
31 36 124 95
31 37 114 113
31 38 102 112
31 39 20 114
31 40 120 30
31 41 95 98
31 42 101 39
31 43 110 108
31 44 87 44
31 45 89 110
31 46 86 48
31 47 65 22
31 48 124 94
31 49 25 75
32 33 27 102
32 34 95 65
32 35 64 124
32 36 106 101
32 37 57 109
32 38 87 63
32 39 82 87
32 40 26 47
32 41 63 30
32 42 43 25
32 43 50 120
32 44 86 28
32 45 28 32
32 46 117 57
32 47 80 26
32 48 35 62
32 49 39 90
33 34 52 60
33 35 42 119
33 36 113 102
33 37 29 32
33 38 70 105
33 39 122 98
33 40 75 109
33 41 57 103
33 42 32 121
33 43 102 97
33 44 54 123
33 45 29 101
33 46 26 54
33 47 90 20
33 48 78 71
33 49 108 38
34 35 93 60
34 36 33 67
34 37 76 83
34 38 25 45
34 39 46 74
34 40 46 106
34 41 41 110
34 42 69 21
34 43 114 41
34 44 87 64
34 45 121 84
34 46 109 119
34 47 44 106
34 48 29 24
34 49 72 35
35 36 122 69
35 37 29 65
35 38 22 24
35 39 55 72
35 40 88 84
35 41 35 110
35 42 38 55
35 43 77 116
35 44 26 70
35 45 71 58
35 46 85 122
35 47 36 82
35 48 51 28
35 49 28 25
36 37 44 29
36 38 119 95
36 39 35 106
36 40 100 20
36 41 102 21
36 42 47 40
36 43 117 32
36 44 85 121
36 45 36 77
36 46 103 111
36 47 38 87
36 48 106 116
36 49 85 99
37 38 102 28
37 39 110 54
37 40 62 71
37 41 92 65
37 42 80 31
37 43 65 65
37 44 72 23
37 45 63 101
37 46 42 43
37 47 110 24
37 48 45 49
37 49 59 78
38 39 82 84
38 40 66 107
38 41 92 49
38 42 112 93
38 43 24 119
38 44 51 30
38 45 111 90
38 46 80 95
38 47 77 111
38 48 84 54
38 49 90 45
39 40 21 96
39 41 51 63
39 42 82 63
39 43 68 50
39 44 110 88
39 45 111 52
39 46 101 26
39 47 22 118
39 48 69 121
39 49 111 56
40 41 70 96
40 42 57 98
40 43 73 61
40 44 73 28
40 45 21 30
40 46 45 67
40 47 117 28
40 48 42 96
40 49 97 109
41 42 107 22
41 43 27 36
41 44 68 33
41 45 106 52
41 46 83 77
41 47 97 97
41 48 23 46
41 49 123 108
42 43 29 69
42 44 100 112
42 45 22 115
42 46 109 123
42 47 102 26
42 48 81 91
42 49 47 69
43 44 24 86
43 45 82 83
43 46 68 74
43 47 51 78
43 48 78 110
43 49 44 59
44 45 45 84
44 46 60 111
44 47 124 112
44 48 100 88
44 49 77 118
45 46 79 123
45 47 65 58
45 48 74 120
45 49 24 106
46 47 30 45
46 48 94 84
46 49 87 23
47 48 105 30
47 49 27 28
48 49 85 94
