50
0 1 10 10
0 2 0 990
0 3 997 993
0 4 991 996
0 5 995 992
0 6 991 993
0 7 990 996
0 8 993 999
0 9 991 997
0 10 999 995
0 11 998 999
0 12 999 990
0 13 998 999
0 14 996 997
0 15 995 997
0 16 995 990
0 17 991 993
0 18 998 998
0 19 997 994
0 20 999 994
0 21 999 991
0 22 999 998
0 23 999 999
0 24 995 996
0 25 995 995
0 26 991 999
0 27 990 993
0 28 994 995
0 29 992 991
0 30 991 999
0 31 992 995
0 32 992 992
0 33 997 992
0 34 997 999
0 35 999 995
0 36 992 992
0 37 997 997
0 38 992 997
0 39 995 998
0 40 994 993
0 41 992 990
0 42 995 996
0 43 996 996
0 44 996 994
0 45 994 995
0 46 994 991
0 47 996 998
0 48 999 999
0 49 994 996
1 2 990 0
1 3 997 993
1 4 999 990
1 5 999 991
1 6 999 993
1 7 995 998
1 8 994 993
1 9 992 990
1 10 998 998
1 11 998 994
1 12 990 993
1 13 996 990
1 14 993 996
1 15 991 994
1 16 991 994
1 17 996 990
1 18 996 992
1 19 993 992
1 20 998 991
1 21 998 999
1 22 994 996
1 23 996 999
1 24 992 991
1 25 998 993
1 26 995 999
1 27 991 996
1 28 990 997
1 29 994 997
1 30 990 998
1 31 998 996
1 32 997 997
1 33 997 996
1 34 991 991
1 35 996 999
1 36 997 990
1 37 991 997
1 38 993 992
1 39 990 992
1 40 991 995
1 41 996 992
1 42 996 998
1 43 990 992
1 44 992 998
1 45 995 991
1 46 990 999
1 47 990 996
1 48 995 999
1 49 997 997
2 3 995 990
2 4 996 996
2 5 997 998
2 6 999 999
2 7 995 999
2 8 996 992
2 9 994 991
2 10 992 995
2 11 994 995
2 12 996 999
2 13 998 992
2 14 994 994
2 15 991 994
2 16 997 995
2 17 996 995
2 18 996 990
2 19 994 991
2 20 995 994
2 21 999 991
2 22 994 997
2 23 993 994
2 24 995 994
2 25 998 990
2 26 997 995
2 27 991 990
2 28 998 994
2 29 996 993
2 30 990 991
2 31 995 995
2 32 994 997
2 33 994 996
2 34 995 992
2 35 996 994
2 36 997 992
2 37 995 990
2 38 996 997
2 39 998 999
2 40 997 999
2 41 999 993
2 42 994 999
2 43 996 999
2 44 999 998
2 45 993 993
2 46 997 990
2 47 990 998
2 48 990 997
2 49 992 993
3 4 15 149
3 5 51 101
3 6 37 93
3 7 39 137
3 8 137 81
3 9 34 31
3 10 86 54
3 11 107 98
3 12 113 34
3 13 129 78
3 14 23 117
3 15 123 90
3 16 68 54
3 17 98 132
3 18 101 18
3 19 94 15
3 20 106 67
3 21 48 54
3 22 36 77
3 23 129 98
3 24 65 130
3 25 97 26
3 26 56 94
3 27 102 60
3 28 116 76
3 29 84 67
3 30 57 27
3 31 26 89
3 32 18 52
3 33 141 88
3 34 96 114
3 35 70 145
3 36 57 36
3 37 76 14
3 38 83 13
3 39 123 128
3 40 55 88
3 41 16 125
3 42 79 110
3 43 96 132
3 44 131 74
3 45 31 38
3 46 133 55
3 47 102 22
3 48 89 28
3 49 146 82
4 5 19 13
4 6 24 79
4 7 89 128
4 8 10 93
4 9 124 58
4 10 44 85
4 11 86 105
4 12 100 127
4 13 93 124
4 14 146 92
4 15 89 107
4 16 53 124
4 17 127 69
4 18 36 11
4 19 126 44
4 20 87 43
4 21 93 136
4 22 108 16
4 23 147 46
4 24 132 20
4 25 71 106
4 26 41 115
4 27 91 86
4 28 134 118
4 29 69 96
4 30 114 65
4 31 63 52
4 32 148 147
4 33 67 33
4 34 75 71
4 35 124 90
4 36 85 30
4 37 17 102
4 38 110 71
4 39 86 14
4 40 88 58
4 41 73 114
4 42 58 42
4 43 30 53
4 44 129 67
4 45 145 126
4 46 87 45
4 47 124 67
4 48 61 119
4 49 20 85
5 6 113 97
5 7 105 127
5 8 24 133
5 9 111 50
5 10 120 39
5 11 35 117
5 12 112 33
5 13 78 145
5 14 143 113
5 15 17 93
5 16 43 44
5 17 16 143
5 18 114 26
5 19 109 17
5 20 67 111
5 21 20 86
5 22 76 71
5 23 56 109
5 24 135 94
5 25 130 64
5 26 138 105
5 27 130 15
5 28 13 106
5 29 58 106
5 30 75 18
5 31 11 50
5 32 100 149
5 33 85 130
5 34 36 62
5 35 109 70
5 36 96 10
5 37 112 15
5 38 34 101
5 39 12 133
5 40 91 117
5 41 19 35
5 42 46 91
5 43 89 108
5 44 14 48
5 45 82 141
5 46 75 147
5 47 10 80
5 48 82 18
5 49 95 59
6 7 81 112
6 8 25 125
6 9 95 23
6 10 130 116
6 11 128 40
6 12 113 72
6 13 111 13
6 14 114 139
6 15 120 136
6 16 79 145
6 17 97 32
6 18 23 22
6 19 128 32
6 20 139 10
6 21 84 74
6 22 129 17
6 23 18 127
6 24 72 113
6 25 72 135
6 26 120 146
6 27 130 22
6 28 77 102
6 29 58 130
6 30 121 140
6 31 62 108
6 32 70 129
6 33 57 14
6 34 37 73
6 35 108 112
6 36 99 138
6 37 42 45
6 38 48 42
6 39 122 55
6 40 82 139
6 41 129 107
6 42 120 16
6 43 115 144
6 44 104 41
6 45 93 31
6 46 30 50
6 47 68 63
6 48 39 93
6 49 72 109
7 8 64 33
7 9 44 102
7 10 71 57
7 11 96 46
7 12 103 60
7 13 110 96
7 14 46 126
7 15 17 148
7 16 27 72
7 17 114 13
7 18 78 50
7 19 33 149
7 20 19 140
7 21 148 14
7 22 33 148
7 23 18 32
7 24 39 86
7 25 114 73
7 26 125 54
7 27 20 116
7 28 95 21
7 29 89 65
7 30 122 38
7 31 70 125
7 32 70 32
7 33 140 79
7 34 86 71
7 35 56 34
7 36 50 26
7 37 38 78
7 38 101 91
7 39 80 131
7 40 80 20
7 41 36 116
7 42 113 72
7 43 17 43
7 44 93 37
7 45 38 145
7 46 92 94
7 47 86 57
7 48 84 57
7 49 29 36
8 9 37 49
8 10 72 41
8 11 90 135
8 12 35 29
8 13 59 60
8 14 39 133
8 15 62 46
8 16 14 141
8 17 142 143
8 18 142 39
8 19 25 58
8 20 64 14
8 21 111 121
8 22 54 142
8 23 89 53
8 24 123 31
8 25 101 141
8 26 112 28
8 27 85 63
8 28 100 20
8 29 19 16
8 30 71 135
8 31 70 65
8 32 109 59
8 33 105 131
8 34 139 77
8 35 27 145
8 36 20 92
8 37 101 65
8 38 107 131
8 39 86 127
8 40 126 60
8 41 56 44
8 42 142 95
8 43 118 65
8 44 55 91
8 45 88 143
8 46 116 80
8 47 70 108
8 48 15 69
8 49 83 119
9 10 125 30
9 11 55 132
9 12 91 134
9 13 94 75
9 14 109 43
9 15 30 39
9 16 130 131
9 17 84 103
9 18 40 31
9 19 27 97
9 20 37 132
9 21 10 119
9 22 115 71
9 23 63 24
9 24 50 45
9 25 16 101
9 26 38 32
9 27 29 108
9 28 97 61
9 29 112 73
9 30 34 67
9 31 84 39
9 32 68 45
9 33 148 145
9 34 51 115
9 35 86 148
9 36 38 52
9 37 32 93
9 38 77 111
9 39 70 15
9 40 111 63
9 41 92 61
9 42 27 69
9 43 113 14
9 44 106 64
9 45 142 46
9 46 104 139
9 47 33 25
9 48 107 18
9 49 139 99
10 11 96 86
10 12 54 56
10 13 24 129
10 14 57 51
10 15 80 96
10 16 50 12
10 17 131 57
10 18 139 98
10 19 21 82
10 20 30 112
10 21 51 108
10 22 130 90
10 23 81 73
10 24 104 22
10 25 99 134
10 26 39 73
10 27 98 15
10 28 118 125
10 29 124 94
10 30 86 102
10 31 37 35
10 32 75 42
10 33 141 18
10 34 72 93
10 35 22 18
10 36 28 149
10 37 148 40
10 38 95 89
10 39 104 32
10 40 128 71
10 41 119 73
10 42 62 19
10 43 77 69
10 44 117 118
10 45 140 18
10 46 58 33
10 47 66 83
10 48 132 78
10 49 61 91
11 12 130 31
11 13 89 88
11 14 109 23
11 15 40 131
11 16 96 146
11 17 49 105
11 18 61 42
11 19 101 43
11 20 37 136
11 21 37 52
11 22 85 54
11 23 135 88
11 24 63 116
11 25 123 98
11 26 131 120
11 27 131 32
11 28 40 138
11 29 75 14
11 30 34 21
11 31 111 56
11 32 13 101
11 33 46 15
11 34 84 144
11 35 18 120
11 36 80 40
11 37 88 144
11 38 64 134
11 39 96 126
11 40 137 130
11 41 104 103
11 42 88 124
11 43 123 110
11 44 127 125
11 45 13 13
11 46 26 67
11 47 123 29
11 48 108 135
11 49 133 81
12 13 70 140
12 14 38 51
12 15 101 132
12 16 93 34
12 17 99 28
12 18 61 94
12 19 140 106
12 20 42 54
12 21 78 137
12 22 61 127
12 23 134 91
12 24 87 46
12 25 141 74
12 26 93 90
12 27 89 69
12 28 142 120
12 29 23 11
12 30 114 45
12 31 34 63
12 32 83 22
12 33 147 119
12 34 135 14
12 35 53 140
12 36 54 147
12 37 84 122
12 38 83 101
12 39 27 21
12 40 102 42
12 41 43 144
12 42 112 81
12 43 76 79
12 44 10 55
12 45 82 117
12 46 64 17
12 47 65 101
12 48 93 37
12 49 22 44
13 14 60 131
13 15 24 58
13 16 123 139
13 17 124 88
13 18 128 132
13 19 57 13
13 20 29 17
13 21 129 107
13 22 81 113
13 23 108 59
13 24 97 147
13 25 147 30
13 26 64 145
13 27 75 61
13 28 115 87
13 29 27 85
13 30 38 109
13 31 148 36
13 32 13 130
13 33 89 142
13 34 48 105
13 35 59 85
13 36 45 120
13 37 71 10
13 38 63 129
13 39 61 110
13 40 105 50
13 41 135 137
13 42 80 71
13 43 84 114
13 44 79 87
13 45 77 84
13 46 28 24
13 47 143 29
13 48 130 54
13 49 83 23
14 15 125 116
14 16 55 40
14 17 25 64
14 18 119 49
14 19 72 57
14 20 121 114
14 21 138 13
14 22 24 106
14 23 43 62
14 24 48 137
14 25 46 44
14 26 90 142
14 27 121 129
14 28 126 128
14 29 138 113
14 30 144 45
14 31 44 117
14 32 102 34
14 33 130 143
14 34 82 142
14 35 38 45
14 36 122 132
14 37 64 38
14 38 21 144
14 39 84 90
14 40 50 60
14 41 88 68
14 42 59 70
14 43 125 120
14 44 111 68
14 45 41 39
14 46 19 134
14 47 143 20
14 48 73 134
14 49 96 88
15 16 47 112
15 17 54 51
15 18 86 10
15 19 55 33
15 20 54 144
15 21 115 11
15 22 26 142
15 23 31 54
15 24 106 90
15 25 144 18
15 26 25 84
15 27 76 71
15 28 44 42
15 29 140 92
15 30 26 140
15 31 132 39
15 32 43 28
15 33 146 130
15 34 74 40
15 35 133 31
15 36 89 107
15 37 56 121
15 38 99 11
15 39 44 19
15 40 63 17
15 41 44 73
15 42 144 118
15 43 101 138
15 44 140 103
15 45 31 17
15 46 88 55
15 47 32 34
15 48 135 106
15 49 133 15
16 17 13 54
16 18 54 41
16 19 110 139
16 20 17 125
16 21 55 19
16 22 13 13
16 23 144 125
16 24 90 58
16 25 87 51
16 26 16 11
16 27 117 78
16 28 26 18
16 29 132 70
16 30 25 116
16 31 117 18
16 32 70 44
16 33 82 144
16 34 40 122
16 35 46 138
16 36 53 71
16 37 113 147
16 38 134 41
16 39 147 93
16 40 54 36
16 41 78 31
16 42 78 123
16 43 96 36
16 44 39 79
16 45 97 143
16 46 32 90
16 47 22 130
16 48 110 134
16 49 58 99
17 18 68 25
17 19 120 94
17 20 39 145
17 21 68 145
17 22 31 128
17 23 96 118
17 24 45 113
17 25 46 57
17 26 29 31
17 27 53 72
17 28 81 56
17 29 134 138
17 30 97 30
17 31 112 14
17 32 21 137
17 33 43 68
17 34 142 24
17 35 82 90
17 36 130 81
17 37 100 15
17 38 11 61
17 39 42 89
17 40 145 67
17 41 23 24
17 42 51 103
17 43 36 121
17 44 16 143
17 45 50 59
17 46 114 74
17 47 148 142
17 48 116 112
17 49 145 111
18 19 141 90
18 20 103 30
18 21 88 95
18 22 15 69
18 23 133 47
18 24 45 113
18 25 102 71
18 26 53 106
18 27 137 76
18 28 93 79
18 29 112 63
18 30 145 146
18 31 111 21
18 32 112 85
18 33 103 103
18 34 103 42
18 35 133 56
18 36 54 105
18 37 98 83
18 38 35 42
18 39 125 77
18 40 89 67
18 41 130 13
18 42 116 94
18 43 24 73
18 44 101 62
18 45 144 42
18 46 31 23
18 47 30 103
18 48 108 113
18 49 57 83
19 20 27 65
19 21 77 143
19 22 131 140
19 23 93 99
19 24 59 31
19 25 85 143
19 26 19 103
19 27 133 121
19 28 128 89
19 29 42 78
19 30 103 79
19 31 111 122
19 32 77 62
19 33 70 47
19 34 89 72
19 35 54 86
19 36 93 109
19 37 105 19
19 38 149 98
19 39 20 67
19 40 54 43
19 41 69 85
19 42 98 26
19 43 59 102
19 44 130 104
19 45 100 48
19 46 107 127
19 47 39 58
19 48 34 74
19 49 52 86
20 21 97 68
20 22 21 24
20 23 58 49
20 24 81 91
20 25 99 52
20 26 54 49
20 27 24 129
20 28 135 147
20 29 88 52
20 30 93 143
20 31 107 106
20 32 140 139
20 33 34 60
20 34 105 104
20 35 138 17
20 36 118 91
20 37 70 80
20 38 31 75
20 39 66 47
20 40 85 99
20 41 11 93
20 42 13 62
20 43 124 43
20 44 122 91
20 45 64 45
20 46 31 92
20 47 135 38
20 48 28 110
20 49 32 130
21 22 116 137
21 23 56 111
21 24 54 16
21 25 45 143
21 26 57 94
21 27 22 36
21 28 147 107
21 29 98 57
21 30 19 16
21 31 47 16
21 32 54 134
21 33 52 133
21 34 100 47
21 35 110 147
21 36 93 58
21 37 57 99
21 38 95 97
21 39 134 90
21 40 125 67
21 41 33 85
21 42 46 71
21 43 47 75
21 44 48 139
21 45 127 125
21 46 131 98
21 47 146 141
21 48 65 137
21 49 35 47
22 23 125 139
22 24 23 116
22 25 88 50
22 26 86 16
22 27 39 78
22 28 108 68
22 29 130 25
22 30 40 140
22 31 112 99
22 32 102 42
22 33 51 99
22 34 27 90
22 35 126 65
22 36 99 117
22 37 44 99
22 38 139 74
22 39 136 66
22 40 119 68
22 41 10 95
22 42 135 144
22 43 88 84
22 44 130 91
22 45 36 137
22 46 109 45
22 47 37 98
22 48 86 63
22 49 97 74
23 24 74 56
23 25 23 79
23 26 142 54
23 27 62 27
23 28 93 16
23 29 140 79
23 30 125 90
23 31 62 27
23 32 84 99
23 33 46 47
23 34 75 113
23 35 74 111
23 36 131 103
23 37 47 54
23 38 104 67
23 39 120 23
23 40 134 148
23 41 79 94
23 42 43 64
23 43 138 42
23 44 140 128
23 45 73 12
23 46 117 120
23 47 125 149
23 48 81 11
23 49 50 106
24 25 16 38
24 26 99 123
24 27 141 73
24 28 73 59
24 29 20 97
24 30 83 149
24 31 117 114
24 32 116 95
24 33 30 19
24 34 53 132
24 35 69 136
24 36 146 147
24 37 91 114
24 38 86 57
24 39 52 136
24 40 113 61
24 41 71 146
24 42 58 11
24 43 42 38
24 44 105 68
24 45 40 11
24 46 48 144
24 47 115 78
24 48 46 36
24 49 92 54
25 26 63 12
25 27 10 77
25 28 117 78
25 29 76 24
25 30 117 86
25 31 99 84
25 32 12 133
25 33 118 50
25 34 62 20
25 35 32 36
25 36 64 71
25 37 130 149
25 38 73 85
25 39 19 51
25 40 66 36
25 41 76 21
25 42 91 108
25 43 73 69
25 44 17 87
25 45 64 34
25 46 33 100
25 47 84 97
25 48 78 69
25 49 63 19
26 27 74 33
26 28 62 19
26 29 11 81
26 30 14 144
26 31 82 32
26 32 36 96
26 33 14 128
26 34 81 128
26 35 125 97
26 36 80 125
26 37 84 116
26 38 81 49
26 39 28 72
26 40 31 71
26 41 115 94
26 42 58 21
26 43 102 89
26 44 102 139
26 45 103 39
26 46 29 27
26 47 41 13
26 48 111 135
26 49 111 118
27 28 17 23
27 29 14 125
27 30 46 139
27 31 32 137
27 32 45 25
27 33 55 33
27 34 10 51
27 35 94 30
27 36 139 69
27 37 123 148
27 38 28 40
27 39 107 55
27 40 112 64
27 41 129 122
27 42 130 61
27 43 32 144
27 44 146 46
27 45 10 47
27 46 126 99
27 47 119 78
27 48 98 123
27 49 21 17
28 29 70 130
28 30 47 129
28 31 61 134
28 32 81 92
28 33 38 148
28 34 138 141
28 35 116 77
28 36 119 69
28 37 113 15
28 38 138 95
28 39 118 127
28 40 85 37
28 41 149 11
28 42 39 135
28 43 27 98
28 44 64 120
28 45 131 25
28 46 66 68
28 47 115 91
28 48 130 104
28 49 21 128
29 30 83 122
29 31 45 104
29 32 128 125
29 33 141 74
29 34 90 126
29 35 67 106
29 36 43 57
29 37 53 95
29 38 89 116
29 39 21 69
29 40 77 76
29 41 12 103
29 42 44 123
29 43 104 126
29 44 106 149
29 45 99 46
29 46 95 83
29 47 51 72
29 48 78 76
29 49 40 126
30 31 129 144
30 32 148 118
30 33 97 144
30 34 106 121
30 35 63 90
30 36 90 46
30 37 59 13
30 38 77 93
30 39 125 102
30 40 36 45
30 41 92 140
30 42 34 148
30 43 136 131
30 44 84 80
30 45 39 46
30 46 30 80
30 47 95 107
30 48 37 69
30 49 21 144
31 32 49 89
31 33 93 59
31 34 118 39
31 35 85 118
31 36 87 87
31 37 122 114
31 38 57 109
31 39 80 146
31 40 11 71
31 41 108 141
31 42 121 121
31 43 39 139
31 44 24 79
31 45 27 126
31 46 57 81
31 47 119 95
31 48 55 144
31 49 21 38
32 33 52 148
32 34 84 65
32 35 59 128
32 36 44 68
32 37 37 104
32 38 129 82
32 39 51 39
32 40 98 133
32 41 125 50
32 42 36 132
32 43 148 37
32 44 75 56
32 45 31 13
32 46 117 34
32 47 107 88
32 48 116 97
32 49 55 15
33 34 25 58
33 35 16 14
33 36 22 59
33 37 120 16
33 38 94 133
33 39 68 55
33 40 68 67
33 41 136 105
33 42 41 129
33 43 22 110
33 44 116 110
33 45 47 100
33 46 97 95
33 47 94 138
33 48 78 123
33 49 54 46
34 35 137 56
34 36 29 57
34 37 65 80
34 38 31 112
34 39 101 105
34 40 113 90
34 41 33 133
34 42 108 140
34 43 78 12
34 44 107 53
34 45 89 131
34 46 56 67
34 47 119 108
34 48 114 29
34 49 70 37
35 36 61 32
35 37 28 67
35 38 67 36
35 39 111 29
35 40 99 105
35 41 121 100
35 42 101 83
35 43 83 129
35 44 85 54
35 45 134 89
35 46 62 63
35 47 147 70
35 48 113 54
35 49 53 67
36 37 34 125
36 38 119 96
36 39 14 107
36 40 25 141
36 41 136 14
36 42 89 140
36 43 115 111
36 44 148 41
36 45 115 135
36 46 65 78
36 47 87 147
36 48 41 133
36 49 53 68
37 38 142 55
37 39 38 69
37 40 32 47
37 41 104 129
37 42 39 103
37 43 56 143
37 44 27 110
37 45 24 130
37 46 38 37
37 47 106 28
37 48 144 14
37 49 104 54
38 39 136 93
38 40 94 148
38 41 63 27
38 42 74 32
38 43 100 71
38 44 50 73
38 45 69 66
38 46 19 104
38 47 19 16
38 48 93 96
38 49 111 81
39 40 19 54
39 41 83 96
39 42 97 142
39 43 42 115
39 44 83 121
39 45 129 139
39 46 71 16
39 47 128 49
39 48 143 29
39 49 106 66
40 41 138 26
40 42 96 26
40 43 144 12
40 44 83 55
40 45 24 67
40 46 96 126
40 47 17 24
40 48 135 48
40 49 109 23
41 42 137 69
41 43 54 131
41 44 117 28
41 45 97 71
41 46 14 34
41 47 10 139
41 48 73 54
41 49 34 59
42 43 87 121
42 44 41 52
42 45 12 104
42 46 104 52
42 47 62 16
42 48 79 81
42 49 120 113
43 44 71 42
43 45 130 63
43 46 83 132
43 47 41 71
43 48 130 90
43 49 68 76
44 45 33 107
44 46 136 66
44 47 143 58
44 48 21 90
44 49 98 72
45 46 146 45
45 47 103 141
45 48 100 82
45 49 146 136
46 47 74 130
46 48 23 64
46 49 10 53
47 48 56 74
47 49 33 73
48 49 77 64
