50
0 1 3 3
0 2 0 996
0 3 999 999
0 4 997 997
0 5 999 997
0 6 996 999
0 7 998 996
0 8 997 998
0 9 997 997
0 10 996 997
0 11 996 999
0 12 998 997
0 13 999 997
0 14 999 997
0 15 999 998
0 16 999 998
0 17 999 997
0 18 998 998
0 19 997 996
0 20 997 997
0 21 999 996
0 22 999 997
0 23 999 997
0 24 998 998
0 25 997 996
0 26 996 999
0 27 998 998
0 28 998 999
0 29 997 997
0 30 996 998
0 31 998 998
0 32 996 996
0 33 996 999
0 34 997 998
0 35 997 999
0 36 996 999
0 37 998 997
0 38 997 998
0 39 999 998
0 40 999 999
0 41 998 999
0 42 998 998
0 43 998 998
0 44 998 996
0 45 997 998
0 46 997 997
0 47 999 997
0 48 996 997
0 49 997 998
1 2 996 0
1 3 998 996
1 4 997 997
1 5 996 998
1 6 996 997
1 7 999 997
1 8 996 998
1 9 997 999
1 10 998 997
1 11 998 996
1 12 998 999
1 13 997 999
1 14 997 999
1 15 998 999
1 16 998 997
1 17 998 998
1 18 996 999
1 19 997 999
1 20 998 998
1 21 999 998
1 22 998 999
1 23 997 996
1 24 999 997
1 25 997 997
1 26 998 999
1 27 996 999
1 28 999 999
1 29 997 998
1 30 996 996
1 31 998 999
1 32 999 997
1 33 998 997
1 34 999 998
1 35 996 996
1 36 999 996
1 37 996 999
1 38 997 999
1 39 998 999
1 40 997 999
1 41 998 997
1 42 997 999
1 43 999 998
1 44 999 998
1 45 999 997
1 46 996 999
1 47 996 998
1 48 996 999
1 49 999 996
2 3 998 998
2 4 998 998
2 5 998 998
2 6 997 997
2 7 999 999
2 8 997 997
2 9 999 997
2 10 998 999
2 11 998 999
2 12 999 998
2 13 998 997
2 14 998 996
2 15 996 997
2 16 997 999
2 17 997 996
2 18 997 996
2 19 998 998
2 20 998 996
2 21 998 997
2 22 997 998
2 23 997 997
2 24 998 998
2 25 999 999
2 26 997 999
2 27 999 999
2 28 996 998
2 29 997 999
2 30 999 996
2 31 997 998
2 32 996 999
2 33 998 998
2 34 997 997
2 35 998 997
2 36 998 997
2 37 998 998
2 38 996 999
2 39 997 998
2 40 996 998
2 41 999 997
2 42 997 998
2 43 998 996
2 44 997 997
2 45 998 997
2 46 996 998
2 47 997 998
2 48 998 999
2 49 999 999
3 4 97 86
3 5 91 22
3 6 46 141
3 7 94 79
3 8 25 14
3 9 114 45
3 10 42 80
3 11 45 60
3 12 49 26
3 13 132 45
3 14 100 17
3 15 137 106
3 16 126 66
3 17 18 45
3 18 107 120
3 19 74 17
3 20 144 91
3 21 133 35
3 22 21 7
3 23 146 42
3 24 24 137
3 25 84 7
3 26 65 16
3 27 17 62
3 28 96 14
3 29 30 92
3 30 44 104
3 31 29 94
3 32 115 83
3 33 72 41
3 34 38 136
3 35 89 19
3 36 29 93
3 37 67 11
3 38 36 67
3 39 14 96
3 40 63 25
3 41 70 126
3 42 16 86
3 43 142 146
3 44 77 34
3 45 124 146
3 46 116 40
3 47 124 21
3 48 64 149
3 49 85 56
4 5 137 130
4 6 75 28
4 7 116 114
4 8 42 106
4 9 43 47
4 10 89 130
4 11 146 109
4 12 29 109
4 13 118 133
4 14 7 112
4 15 64 34
4 16 128 94
4 17 12 90
4 18 124 97
4 19 52 5
4 20 131 117
4 21 29 96
4 22 126 115
4 23 123 49
4 24 91 94
4 25 15 83
4 26 66 125
4 27 30 44
4 28 88 107
4 29 110 63
4 30 141 51
4 31 142 145
4 32 57 12
4 33 21 132
4 34 103 67
4 35 102 140
4 36 88 33
4 37 145 15
4 38 48 123
4 39 10 103
4 40 5 8
4 41 138 39
4 42 101 53
4 43 81 82
4 44 113 12
4 45 149 26
4 46 13 28
4 47 71 97
4 48 22 71
4 49 123 93
5 6 134 116
5 7 133 29
5 8 70 22
5 9 123 140
5 10 13 46
5 11 96 110
5 12 26 108
5 13 89 48
5 14 144 121
5 15 147 60
5 16 113 50
5 17 90 17
5 18 9 64
5 19 20 147
5 20 51 82
5 21 58 76
5 22 32 141
5 23 95 70
5 24 10 130
5 25 148 123
5 26 134 8
5 27 98 19
5 28 9 71
5 29 139 75
5 30 35 96
5 31 111 60
5 32 113 88
5 33 83 24
5 34 9 71
5 35 36 102
5 36 87 4
5 37 51 105
5 38 126 59
5 39 111 51
5 40 65 29
5 41 43 94
5 42 125 22
5 43 31 4
5 44 35 126
5 45 56 149
5 46 66 81
5 47 52 145
5 48 135 95
5 49 60 124
6 7 129 57
6 8 140 64
6 9 54 80
6 10 92 111
6 11 91 85
6 12 149 44
6 13 133 25
6 14 106 78
6 15 79 31
6 16 84 132
6 17 46 85
6 18 148 32
6 19 132 68
6 20 17 16
6 21 142 73
6 22 71 137
6 23 117 33
6 24 146 62
6 25 42 29
6 26 26 47
6 27 61 95
6 28 145 6
6 29 53 116
6 30 36 121
6 31 83 82
6 32 65 128
6 33 145 113
6 34 99 117
6 35 54 72
6 36 96 67
6 37 122 101
6 38 10 118
6 39 141 80
6 40 6 4
6 41 28 108
6 42 138 46
6 43 62 100
6 44 124 144
6 45 122 106
6 46 128 10
6 47 107 62
6 48 103 14
6 49 114 97
7 8 106 7
7 9 112 82
7 10 124 101
7 11 58 48
7 12 110 122
7 13 7 18
7 14 92 25
7 15 143 121
7 16 132 15
7 17 45 116
7 18 47 109
7 19 144 137
7 20 58 107
7 21 4 118
7 22 117 13
7 23 24 36
7 24 62 38
7 25 62 43
7 26 65 94
7 27 71 78
7 28 132 134
7 29 80 79
7 30 127 37
7 31 129 110
7 32 4 59
7 33 35 18
7 34 117 88
7 35 13 66
7 36 120 45
7 37 90 26
7 38 116 65
7 39 139 50
7 40 66 119
7 41 5 48
7 42 105 67
7 43 126 21
7 44 98 113
7 45 42 101
7 46 77 96
7 47 12 39
7 48 21 79
7 49 112 130
8 9 55 111
8 10 102 38
8 11 118 56
8 12 51 89
8 13 49 110
8 14 65 34
8 15 103 89
8 16 132 129
8 17 21 18
8 18 48 48
8 19 118 59
8 20 146 27
8 21 94 123
8 22 80 141
8 23 12 46
8 24 120 15
8 25 98 20
8 26 90 26
8 27 5 24
8 28 143 146
8 29 120 44
8 30 83 4
8 31 78 51
8 32 7 82
8 33 99 149
8 34 114 91
8 35 96 123
8 36 29 104
8 37 63 98
8 38 53 73
8 39 32 80
8 40 141 41
8 41 15 101
8 42 147 103
8 43 148 88
8 44 40 117
8 45 113 58
8 46 146 145
8 47 83 79
8 48 61 124
8 49 102 79
9 10 116 135
9 11 65 80
9 12 125 89
9 13 40 52
9 14 136 123
9 15 88 49
9 16 147 58
9 17 78 93
9 18 52 41
9 19 20 148
9 20 40 74
9 21 142 147
9 22 104 133
9 23 86 138
9 24 11 32
9 25 69 141
9 26 106 113
9 27 27 65
9 28 147 141
9 29 11 48
9 30 44 61
9 31 129 91
9 32 120 16
9 33 118 94
9 34 83 15
9 35 111 88
9 36 102 139
9 37 66 41
9 38 130 6
9 39 32 9
9 40 11 73
9 41 145 122
9 42 17 14
9 43 88 61
9 44 78 108
9 45 40 74
9 46 128 112
9 47 38 136
9 48 130 88
9 49 15 51
10 11 110 48
10 12 65 120
10 13 31 116
10 14 16 34
10 15 134 134
10 16 42 122
10 17 79 23
10 18 134 86
10 19 83 110
10 20 17 74
10 21 125 70
10 22 17 7
10 23 45 104
10 24 119 90
10 25 96 46
10 26 4 75
10 27 63 143
10 28 89 91
10 29 45 8
10 30 135 18
10 31 18 14
10 32 83 43
10 33 80 141
10 34 97 91
10 35 29 72
10 36 117 45
10 37 118 70
10 38 100 10
10 39 38 104
10 40 16 117
10 41 69 55
10 42 73 3
10 43 147 142
10 44 8 52
10 45 117 23
10 46 125 47
10 47 18 50
10 48 114 35
10 49 48 119
11 12 90 43
11 13 119 22
11 14 23 32
11 15 121 138
11 16 17 144
11 17 41 139
11 18 32 91
11 19 121 50
11 20 149 125
11 21 137 52
11 22 118 142
11 23 41 98
11 24 93 86
11 25 131 65
11 26 145 21
11 27 146 57
11 28 89 8
11 29 18 123
11 30 83 34
11 31 146 105
11 32 73 87
11 33 137 54
11 34 147 127
11 35 17 11
11 36 15 35
11 37 16 59
11 38 42 127
11 39 105 110
11 40 122 125
11 41 10 60
11 42 89 33
11 43 21 19
11 44 59 67
11 45 98 98
11 46 82 127
11 47 63 106
11 48 23 28
11 49 79 50
12 13 68 140
12 14 135 38
12 15 90 33
12 16 84 78
12 17 92 149
12 18 102 140
12 19 93 73
12 20 32 139
12 21 9 115
12 22 26 83
12 23 25 81
12 24 89 71
12 25 22 7
12 26 86 142
12 27 107 91
12 28 73 116
12 29 49 6
12 30 136 119
12 31 7 147
12 32 24 124
12 33 34 46
12 34 142 112
12 35 138 144
12 36 128 55
12 37 91 115
12 38 49 32
12 39 101 17
12 40 48 38
12 41 118 78
12 42 145 50
12 43 148 94
12 44 69 89
12 45 89 141
12 46 70 44
12 47 10 12
12 48 107 111
12 49 47 62
13 14 116 66
13 15 50 62
13 16 91 19
13 17 80 127
13 18 136 66
13 19 13 137
13 20 40 16
13 21 42 17
13 22 97 64
13 23 106 78
13 24 99 126
13 25 105 53
13 26 49 130
13 27 123 79
13 28 46 27
13 29 97 32
13 30 86 144
13 31 142 142
13 32 122 73
13 33 32 105
13 34 103 38
13 35 139 40
13 36 112 25
13 37 142 89
13 38 75 75
13 39 77 61
13 40 90 20
13 41 76 10
13 42 49 55
13 43 19 100
13 44 72 29
13 45 24 97
13 46 146 115
13 47 83 44
13 48 73 114
13 49 56 71
14 15 70 23
14 16 76 85
14 17 29 145
14 18 114 110
14 19 109 46
14 20 21 50
14 21 86 69
14 22 64 59
14 23 39 149
14 24 138 49
14 25 111 106
14 26 142 27
14 27 89 87
14 28 126 90
14 29 69 70
14 30 37 9
14 31 88 57
14 32 40 132
14 33 125 72
14 34 9 43
14 35 87 132
14 36 105 47
14 37 113 25
14 38 12 53
14 39 112 120
14 40 15 11
14 41 110 79
14 42 71 105
14 43 17 148
14 44 42 137
14 45 67 132
14 46 86 40
14 47 36 78
14 48 96 100
14 49 129 45
15 16 58 72
15 17 72 46
15 18 58 118
15 19 118 75
15 20 50 18
15 21 81 11
15 22 28 96
15 23 100 101
15 24 122 22
15 25 92 11
15 26 75 129
15 27 99 128
15 28 24 38
15 29 67 97
15 30 23 45
15 31 105 91
15 32 48 98
15 33 93 53
15 34 27 87
15 35 65 121
15 36 89 64
15 37 123 40
15 38 10 69
15 39 69 45
15 40 39 148
15 41 149 79
15 42 90 51
15 43 61 70
15 44 26 20
15 45 19 77
15 46 17 144
15 47 24 98
15 48 21 113
15 49 24 149
16 17 38 40
16 18 91 94
16 19 93 107
16 20 101 74
16 21 76 57
16 22 39 16
16 23 54 113
16 24 35 28
16 25 142 26
16 26 60 86
16 27 31 102
16 28 6 138
16 29 75 78
16 30 127 13
16 31 126 127
16 32 64 41
16 33 53 66
16 34 13 46
16 35 11 120
16 36 38 124
16 37 122 112
16 38 31 26
16 39 139 117
16 40 70 133
16 41 94 94
16 42 59 41
16 43 77 15
16 44 56 74
16 45 126 127
16 46 120 44
16 47 89 91
16 48 42 7
16 49 93 128
17 18 142 121
17 19 46 81
17 20 7 110
17 21 131 13
17 22 77 71
17 23 77 61
17 24 33 52
17 25 65 82
17 26 75 93
17 27 17 55
17 28 148 69
17 29 71 54
17 30 8 113
17 31 7 72
17 32 76 72
17 33 65 62
17 34 37 47
17 35 87 55
17 36 111 110
17 37 145 149
17 38 134 68
17 39 83 69
17 40 128 115
17 41 135 54
17 42 39 111
17 43 91 73
17 44 118 102
17 45 108 127
17 46 81 58
17 47 19 74
17 48 19 89
17 49 8 134
18 19 32 106
18 20 101 131
18 21 6 134
18 22 114 75
18 23 121 56
18 24 139 108
18 25 64 8
18 26 92 111
18 27 89 53
18 28 3 66
18 29 66 61
18 30 59 7
18 31 64 6
18 32 8 90
18 33 102 73
18 34 43 122
18 35 66 4
18 36 89 84
18 37 35 144
18 38 81 94
18 39 58 60
18 40 40 68
18 41 64 114
18 42 91 136
18 43 147 12
18 44 54 38
18 45 112 75
18 46 64 86
18 47 117 112
18 48 135 44
18 49 30 64
19 20 108 30
19 21 102 83
19 22 36 131
19 23 148 71
19 24 89 38
19 25 24 121
19 26 132 88
19 27 149 106
19 28 83 59
19 29 79 136
19 30 33 8
19 31 120 116
19 32 136 93
19 33 109 78
19 34 70 120
19 35 13 117
19 36 14 36
19 37 80 29
19 38 54 69
19 39 17 141
19 40 32 138
19 41 110 104
19 42 127 122
19 43 17 50
19 44 70 70
19 45 53 30
19 46 20 63
19 47 138 4
19 48 139 26
19 49 33 91
20 21 52 131
20 22 13 45
20 23 149 90
20 24 82 120
20 25 137 65
20 26 52 63
20 27 31 86
20 28 39 131
20 29 78 115
20 30 35 104
20 31 103 124
20 32 144 120
20 33 39 144
20 34 148 68
20 35 64 99
20 36 21 130
20 37 91 5
20 38 99 22
20 39 7 65
20 40 96 98
20 41 29 59
20 42 99 13
20 43 10 17
20 44 61 53
20 45 57 15
20 46 17 106
20 47 9 102
20 48 122 95
20 49 11 115
21 22 106 111
21 23 23 145
21 24 97 92
21 25 135 64
21 26 54 103
21 27 4 32
21 28 14 143
21 29 138 125
21 30 47 31
21 31 26 38
21 32 110 117
21 33 102 79
21 34 40 141
21 35 4 74
21 36 143 36
21 37 110 36
21 38 77 49
21 39 101 40
21 40 62 124
21 41 91 134
21 42 30 104
21 43 84 117
21 44 9 142
21 45 41 18
21 46 97 132
21 47 134 53
21 48 28 134
21 49 6 85
22 23 140 78
22 24 36 133
22 25 47 103
22 26 14 18
22 27 89 30
22 28 7 69
22 29 89 50
22 30 142 30
22 31 17 52
22 32 128 106
22 33 121 65
22 34 80 103
22 35 19 140
22 36 106 79
22 37 79 93
22 38 113 16
22 39 147 99
22 40 47 4
22 41 139 31
22 42 89 133
22 43 62 56
22 44 19 98
22 45 27 100
22 46 87 76
22 47 110 87
22 48 32 137
22 49 134 47
23 24 10 76
23 25 92 119
23 26 23 118
23 27 57 134
23 28 127 74
23 29 60 138
23 30 126 80
23 31 90 76
23 32 142 103
23 33 71 82
23 34 46 92
23 35 24 42
23 36 80 8
23 37 117 52
23 38 128 5
23 39 34 136
23 40 62 51
23 41 32 97
23 42 119 91
23 43 79 24
23 44 75 68
23 45 29 101
23 46 106 42
23 47 73 6
23 48 139 144
23 49 40 89
24 25 16 49
24 26 60 134
24 27 105 64
24 28 103 139
24 29 115 38
24 30 79 33
24 31 46 139
24 32 22 126
24 33 90 26
24 34 46 60
24 35 102 17
24 36 24 76
24 37 51 111
24 38 149 81
24 39 5 101
24 40 29 10
24 41 89 38
24 42 83 63
24 43 52 79
24 44 86 103
24 45 12 89
24 46 135 11
24 47 53 66
24 48 37 6
24 49 40 122
25 26 54 100
25 27 79 123
25 28 86 10
25 29 144 146
25 30 39 105
25 31 128 107
25 32 91 115
25 33 146 86
25 34 40 53
25 35 76 111
25 36 112 125
25 37 149 17
25 38 14 122
25 39 36 18
25 40 46 23
25 41 97 90
25 42 149 52
25 43 5 83
25 44 82 94
25 45 78 78
25 46 10 28
25 47 121 129
25 48 53 115
25 49 47 88
26 27 144 101
26 28 36 67
26 29 116 71
26 30 40 63
26 31 113 26
26 32 48 139
26 33 146 137
26 34 98 86
26 35 16 122
26 36 23 140
26 37 11 148
26 38 105 49
26 39 42 50
26 40 88 137
26 41 17 127
26 42 107 6
26 43 10 135
26 44 90 19
26 45 82 66
26 46 13 93
26 47 89 136
26 48 31 25
26 49 120 63
27 28 32 110
27 29 36 38
27 30 18 64
27 31 98 96
27 32 101 122
27 33 68 38
27 34 145 134
27 35 95 23
27 36 79 126
27 37 148 93
27 38 44 42
27 39 129 138
27 40 61 147
27 41 79 4
27 42 121 12
27 43 136 92
27 44 43 69
27 45 115 82
27 46 103 95
27 47 146 149
27 48 111 123
27 49 108 9
28 29 9 49
28 30 106 38
28 31 38 54
28 32 77 76
28 33 127 59
28 34 46 42
28 35 118 22
28 36 7 149
28 37 25 25
28 38 130 105
28 39 83 76
28 40 67 66
28 41 30 34
28 42 68 76
28 43 38 105
28 44 119 62
28 45 78 96
28 46 88 52
28 47 90 88
28 48 92 100
28 49 121 92
29 30 92 25
29 31 126 63
29 32 89 115
29 33 68 32
29 34 44 66
29 35 6 9
29 36 124 12
29 37 136 117
29 38 125 144
29 39 139 11
29 40 42 114
29 41 4 24
29 42 111 131
29 43 135 142
29 44 112 50
29 45 73 81
29 46 114 48
29 47 72 138
29 48 93 71
29 49 95 61
30 31 55 42
30 32 56 96
30 33 108 144
30 34 20 49
30 35 59 26
30 36 52 9
30 37 138 8
30 38 36 72
30 39 63 14
30 40 41 49
30 41 120 125
30 42 38 3
30 43 129 137
30 44 129 30
30 45 47 119
30 46 92 139
30 47 39 131
30 48 98 48
30 49 15 4
31 32 119 80
31 33 149 53
31 34 86 12
31 35 64 64
31 36 116 89
31 37 60 110
31 38 101 8
31 39 90 15
31 40 35 101
31 41 139 55
31 42 59 56
31 43 144 18
31 44 58 146
31 45 109 17
31 46 148 101
31 47 114 127
31 48 44 142
31 49 15 75
32 33 3 129
32 34 98 31
32 35 107 67
32 36 65 30
32 37 38 48
32 38 13 42
32 39 61 57
32 40 71 4
32 41 12 110
32 42 113 110
32 43 62 77
32 44 105 49
32 45 25 41
32 46 56 59
32 47 44 34
32 48 82 74
32 49 59 60
33 34 36 38
33 35 119 98
33 36 135 39
33 37 132 74
33 38 14 68
33 39 86 99
33 40 77 136
33 41 21 103
33 42 67 138
33 43 63 106
33 44 60 38
33 45 87 50
33 46 35 36
33 47 83 100
33 48 28 127
33 49 146 47
34 35 96 120
34 36 93 10
34 37 83 71
34 38 66 40
34 39 8 138
34 40 67 112
34 41 37 121
34 42 101 121
34 43 39 109
34 44 34 15
34 45 135 90
34 46 40 130
34 47 82 71
34 48 82 29
34 49 148 109
35 36 120 77
35 37 49 5
35 38 15 124
35 39 3 16
35 40 105 65
35 41 49 51
35 42 23 78
35 43 39 125
35 44 39 24
35 45 106 70
35 46 79 107
35 47 104 115
35 48 15 88
35 49 105 143
36 37 43 59
36 38 125 50
36 39 114 116
36 40 133 8
36 41 30 34
36 42 132 126
36 43 32 78
36 44 143 42
36 45 114 126
36 46 103 123
36 47 71 145
36 48 80 90
36 49 147 84
37 38 142 39
37 39 11 61
37 40 138 80
37 41 20 146
37 42 90 23
37 43 45 116
37 44 137 104
37 45 8 91
37 46 37 43
37 47 35 28
37 48 5 125
37 49 50 110
38 39 148 40
38 40 22 144
38 41 72 149
38 42 45 92
38 43 101 26
38 44 68 87
38 45 40 85
38 46 68 119
38 47 123 35
38 48 48 136
38 49 50 96
39 40 125 133
39 41 42 143
39 42 82 70
39 43 90 102
39 44 35 90
39 45 42 88
39 46 94 29
39 47 147 137
39 48 66 142
39 49 87 112
40 41 141 57
40 42 63 148
40 43 103 55
40 44 108 8
40 45 119 117
40 46 23 75
40 47 93 83
40 48 47 143
40 49 85 42
41 42 109 35
41 43 20 102
41 44 136 114
41 45 79 108
41 46 48 35
41 47 31 72
41 48 34 72
41 49 80 34
42 43 77 106
42 44 84 145
42 45 121 115
42 46 91 130
42 47 73 86
42 48 128 64
42 49 13 37
43 44 75 62
43 45 86 115
43 46 40 52
43 47 37 141
43 48 20 139
43 49 39 147
44 45 50 76
44 46 82 59
44 47 128 142
44 48 18 98
44 49 149 65
45 46 63 146
45 47 98 18
45 48 50 95
45 49 136 145
46 47 60 74
46 48 73 25
46 49 101 99
47 48 53 86
47 49 93 85
48 49 25 43
