50
0 1 4 4
0 2 0 995
0 3 996 999
0 4 998 996
0 5 998 995
0 6 995 996
0 7 998 998
0 8 996 995
0 9 998 999
0 10 998 999
0 11 999 996
0 12 997 995
0 13 998 998
0 14 997 995
0 15 998 996
0 16 996 998
0 17 996 997
0 18 996 997
0 19 996 996
0 20 998 995
0 21 997 999
0 22 998 996
0 23 997 996
0 24 997 997
0 25 998 998
0 26 997 995
0 27 996 997
0 28 997 999
0 29 995 996
0 30 998 999
0 31 996 999
0 32 998 998
0 33 999 998
0 34 997 995
0 35 998 999
0 36 996 997
0 37 998 997
0 38 999 998
0 39 999 999
0 40 996 996
0 41 999 999
0 42 996 995
0 43 999 996
0 44 999 995
0 45 999 995
0 46 999 999
0 47 995 996
0 48 995 999
0 49 997 998
1 2 995 0
1 3 996 996
1 4 996 998
1 5 998 997
1 6 996 999
1 7 999 995
1 8 995 996
1 9 997 995
1 10 998 995
1 11 999 996
1 12 997 999
1 13 997 997
1 14 996 997
1 15 999 997
1 16 999 997
1 17 996 995
1 18 995 997
1 19 995 997
1 20 996 995
1 21 995 997
1 22 997 995
1 23 995 997
1 24 997 997
1 25 998 997
1 26 998 998
1 27 995 999
1 28 995 999
1 29 997 999
1 30 996 995
1 31 998 995
1 32 996 998
1 33 997 998
1 34 998 996
1 35 995 999
1 36 998 996
1 37 995 996
1 38 995 996
1 39 995 997
1 40 999 996
1 41 998 995
1 42 997 996
1 43 995 995
1 44 996 996
1 45 998 996
1 46 998 996
1 47 998 995
1 48 998 995
1 49 995 996
2 3 995 995
2 4 997 996
2 5 998 999
2 6 998 995
2 7 999 996
2 8 998 996
2 9 998 995
2 10 997 999
2 11 995 998
2 12 997 996
2 13 998 998
2 14 999 996
2 15 997 998
2 16 997 998
2 17 997 997
2 18 996 997
2 19 996 998
2 20 995 997
2 21 997 997
2 22 998 998
2 23 999 995
2 24 998 998
2 25 995 995
2 26 998 996
2 27 995 997
2 28 996 995
2 29 996 999
2 30 997 995
2 31 998 998
2 32 997 999
2 33 999 999
2 34 997 998
2 35 995 998
2 36 996 997
2 37 995 995
2 38 998 997
2 39 998 997
2 40 995 998
2 41 999 996
2 42 999 998
2 43 996 998
2 44 995 995
2 45 999 997
2 46 996 995
2 47 995 998
2 48 998 998
2 49 995 995
3 4 136 13
3 5 172 120
3 6 83 51
3 7 162 131
3 8 19 166
3 9 74 135
3 10 61 140
3 11 178 157
3 12 155 10
3 13 9 111
3 14 113 34
3 15 167 62
3 16 190 94
3 17 16 161
3 18 60 84
3 19 97 184
3 20 192 78
3 21 19 30
3 22 197 100
3 23 10 16
3 24 150 196
3 25 88 146
3 26 108 115
3 27 124 128
3 28 104 65
3 29 41 97
3 30 169 196
3 31 85 130
3 32 153 197
3 33 37 9
3 34 96 47
3 35 32 131
3 36 111 42
3 37 146 129
3 38 16 192
3 39 117 95
3 40 44 73
3 41 142 28
3 42 142 45
3 43 142 80
3 44 99 135
3 45 19 74
3 46 21 103
3 47 37 112
3 48 28 114
3 49 48 6
4 5 55 83
4 6 167 86
4 7 29 176
4 8 111 168
4 9 76 96
4 10 97 68
4 11 46 116
4 12 78 147
4 13 126 106
4 14 151 16
4 15 19 36
4 16 174 173
4 17 102 104
4 18 161 181
4 19 84 194
4 20 156 181
4 21 112 126
4 22 7 96
4 23 64 198
4 24 148 109
4 25 86 20
4 26 15 79
4 27 198 10
4 28 86 69
4 29 171 174
4 30 79 21
4 31 175 142
4 32 104 113
4 33 89 163
4 34 104 52
4 35 45 148
4 36 158 122
4 37 158 183
4 38 112 87
4 39 116 121
4 40 71 83
4 41 114 120
4 42 86 67
4 43 40 84
4 44 68 5
4 45 99 142
4 46 77 189
4 47 112 63
4 48 170 159
4 49 106 38
5 6 155 18
5 7 189 161
5 8 5 58
5 9 83 157
5 10 73 113
5 11 101 91
5 12 112 138
5 13 16 12
5 14 16 107
5 15 99 81
5 16 66 58
5 17 6 94
5 18 122 148
5 19 72 196
5 20 18 173
5 21 19 141
5 22 196 106
5 23 46 31
5 24 127 184
5 25 60 94
5 26 152 120
5 27 109 13
5 28 22 89
5 29 69 113
5 30 87 151
5 31 17 107
5 32 165 102
5 33 12 171
5 34 148 115
5 35 37 199
5 36 97 78
5 37 8 47
5 38 106 21
5 39 13 178
5 40 41 179
5 41 9 133
5 42 55 45
5 43 156 150
5 44 132 15
5 45 22 127
5 46 196 105
5 47 46 43
5 48 134 59
5 49 167 22
6 7 42 107
6 8 132 116
6 9 32 147
6 10 161 46
6 11 86 85
6 12 36 42
6 13 176 13
6 14 55 151
6 15 64 74
6 16 189 124
6 17 179 85
6 18 191 19
6 19 90 103
6 20 48 7
6 21 173 56
6 22 119 161
6 23 56 75
6 24 116 92
6 25 195 184
6 26 149 168
6 27 58 7
6 28 64 116
6 29 42 107
6 30 179 142
6 31 153 191
6 32 36 48
6 33 64 90
6 34 77 22
6 35 90 49
6 36 180 161
6 37 83 60
6 38 121 118
6 39 194 196
6 40 194 144
6 41 86 130
6 42 118 70
6 43 21 140
6 44 58 45
6 45 193 45
6 46 135 47
6 47 151 70
6 48 160 124
6 49 189 186
7 8 66 183
7 9 174 42
7 10 80 18
7 11 110 47
7 12 194 56
7 13 147 172
7 14 35 33
7 15 108 184
7 16 146 7
7 17 12 122
7 18 19 137
7 19 42 153
7 20 118 161
7 21 70 153
7 22 23 98
7 23 151 184
7 24 106 97
7 25 8 147
7 26 21 130
7 27 162 146
7 28 82 143
7 29 143 50
7 30 148 141
7 31 198 185
7 32 147 25
7 33 129 103
7 34 30 140
7 35 142 71
7 36 5 17
7 37 43 93
7 38 165 63
7 39 124 130
7 40 199 66
7 41 166 114
7 42 88 64
7 43 174 125
7 44 168 129
7 45 32 107
7 46 137 84
7 47 68 35
7 48 129 142
7 49 91 183
8 9 97 51
8 10 174 162
8 11 112 68
8 12 75 35
8 13 164 25
8 14 130 171
8 15 178 199
8 16 102 34
8 17 138 105
8 18 174 80
8 19 37 18
8 20 154 49
8 21 16 79
8 22 184 74
8 23 118 181
8 24 75 163
8 25 63 114
8 26 55 189
8 27 177 135
8 28 99 34
8 29 189 25
8 30 20 98
8 31 37 64
8 32 174 28
8 33 124 92
8 34 82 90
8 35 27 106
8 36 36 131
8 37 83 70
8 38 132 120
8 39 182 32
8 40 35 49
8 41 128 23
8 42 55 17
8 43 191 134
8 44 181 11
8 45 156 158
8 46 31 155
8 47 195 26
8 48 68 30
8 49 153 128
9 10 171 96
9 11 149 47
9 12 27 158
9 13 22 78
9 14 107 198
9 15 185 152
9 16 189 70
9 17 73 180
9 18 97 36
9 19 114 35
9 20 85 119
9 21 15 141
9 22 125 190
9 23 128 196
9 24 11 72
9 25 37 140
9 26 67 140
9 27 168 47
9 28 95 151
9 29 146 63
9 30 17 72
9 31 117 8
9 32 133 46
9 33 193 158
9 34 175 26
9 35 61 71
9 36 176 161
9 37 54 35
9 38 42 98
9 39 56 136
9 40 172 36
9 41 129 47
9 42 158 163
9 43 73 93
9 44 145 33
9 45 13 187
9 46 6 19
9 47 89 52
9 48 184 85
9 49 75 134
10 11 77 180
10 12 146 64
10 13 37 28
10 14 167 13
10 15 128 100
10 16 14 173
10 17 151 41
10 18 7 177
10 19 8 141
10 20 18 142
10 21 186 21
10 22 185 45
10 23 129 162
10 24 38 95
10 25 21 172
10 26 80 158
10 27 179 163
10 28 136 188
10 29 72 33
10 30 14 29
10 31 193 63
10 32 25 149
10 33 65 64
10 34 107 40
10 35 131 31
10 36 145 198
10 37 52 146
10 38 95 27
10 39 104 131
10 40 45 21
10 41 132 129
10 42 163 35
10 43 182 13
10 44 134 70
10 45 65 107
10 46 40 31
10 47 151 158
10 48 198 74
10 49 6 20
11 12 117 15
11 13 11 87
11 14 65 19
11 15 13 56
11 16 58 141
11 17 124 127
11 18 59 87
11 19 11 191
11 20 184 43
11 21 165 49
11 22 180 42
11 23 27 24
11 24 127 42
11 25 43 40
11 26 27 116
11 27 33 90
11 28 121 170
11 29 100 107
11 30 25 143
11 31 57 46
11 32 48 44
11 33 171 6
11 34 37 9
11 35 56 142
11 36 10 100
11 37 9 94
11 38 53 198
11 39 176 80
11 40 53 74
11 41 154 9
11 42 30 181
11 43 129 82
11 44 84 186
11 45 79 34
11 46 122 65
11 47 70 181
11 48 111 26
11 49 76 31
12 13 62 190
12 14 198 21
12 15 107 152
12 16 91 10
12 17 26 9
12 18 39 101
12 19 118 25
12 20 124 153
12 21 38 190
12 22 51 184
12 23 104 19
12 24 152 33
12 25 15 193
12 26 32 73
12 27 49 116
12 28 102 26
12 29 122 79
12 30 63 154
12 31 78 23
12 32 117 193
12 33 132 34
12 34 125 42
12 35 154 169
12 36 103 19
12 37 40 165
12 38 36 111
12 39 154 19
12 40 196 22
12 41 131 143
12 42 13 81
12 43 98 126
12 44 12 97
12 45 84 83
12 46 149 197
12 47 102 10
12 48 197 147
12 49 9 95
13 14 168 68
13 15 49 155
13 16 151 54
13 17 61 130
13 18 160 91
13 19 135 167
13 20 151 155
13 21 193 102
13 22 50 190
13 23 111 138
13 24 161 194
13 25 164 178
13 26 75 128
13 27 147 63
13 28 9 62
13 29 173 24
13 30 67 68
13 31 118 179
13 32 30 90
13 33 155 170
13 34 34 45
13 35 37 57
13 36 145 97
13 37 153 62
13 38 185 194
13 39 172 97
13 40 110 8
13 41 7 144
13 42 175 25
13 43 67 190
13 44 93 79
13 45 182 154
13 46 16 29
13 47 180 80
13 48 138 8
13 49 136 37
14 15 11 189
14 16 6 151
14 17 6 183
14 18 20 149
14 19 107 157
14 20 80 57
14 21 79 20
14 22 185 54
14 23 82 137
14 24 72 132
14 25 8 69
14 26 144 74
14 27 200 163
14 28 125 75
14 29 85 165
14 30 72 113
14 31 92 47
14 32 160 19
14 33 172 144
14 34 146 44
14 35 129 164
14 36 72 74
14 37 172 173
14 38 59 188
14 39 61 105
14 40 44 133
14 41 28 154
14 42 9 83
14 43 48 187
14 44 144 6
14 45 191 106
14 46 18 147
14 47 171 35
14 48 143 197
14 49 72 9
15 16 128 126
15 17 5 145
15 18 59 133
15 19 124 86
15 20 38 189
15 21 163 106
15 22 153 74
15 23 192 83
15 24 73 147
15 25 78 149
15 26 27 21
15 27 16 168
15 28 143 117
15 29 86 9
15 30 64 81
15 31 89 44
15 32 137 81
15 33 16 135
15 34 141 23
15 35 167 180
15 36 190 93
15 37 68 170
15 38 142 107
15 39 195 43
15 40 161 85
15 41 47 63
15 42 68 9
15 43 69 119
15 44 18 117
15 45 176 119
15 46 13 43
15 47 122 120
15 48 116 94
15 49 121 117
16 17 179 184
16 18 31 84
16 19 88 25
16 20 117 19
16 21 186 178
16 22 103 149
16 23 175 174
16 24 42 137
16 25 194 198
16 26 18 180
16 27 126 56
16 28 40 137
16 29 74 108
16 30 114 15
16 31 152 28
16 32 145 144
16 33 91 108
16 34 186 60
16 35 132 51
16 36 82 57
16 37 92 56
16 38 44 122
16 39 193 128
16 40 127 62
16 41 80 112
16 42 63 118
16 43 158 119
16 44 130 93
16 45 51 71
16 46 80 186
16 47 14 78
16 48 113 13
16 49 71 198
17 18 149 85
17 19 77 121
17 20 13 19
17 21 13 28
17 22 76 116
17 23 161 40
17 24 66 65
17 25 48 183
17 26 63 13
17 27 157 163
17 28 113 32
17 29 44 168
17 30 17 108
17 31 107 57
17 32 188 167
17 33 87 103
17 34 184 158
17 35 24 29
17 36 169 40
17 37 12 87
17 38 83 197
17 39 115 140
17 40 84 112
17 41 165 141
17 42 30 85
17 43 53 83
17 44 177 143
17 45 33 147
17 46 113 43
17 47 117 152
17 48 149 193
17 49 77 31
18 19 164 159
18 20 149 48
18 21 154 34
18 22 194 36
18 23 148 106
18 24 26 162
18 25 15 110
18 26 173 39
18 27 171 84
18 28 131 156
18 29 44 165
18 30 190 169
18 31 8 53
18 32 47 162
18 33 150 8
18 34 53 71
18 35 166 18
18 36 127 186
18 37 8 199
18 38 123 103
18 39 126 99
18 40 174 101
18 41 7 90
18 42 90 20
18 43 27 44
18 44 128 52
18 45 66 29
18 46 86 124
18 47 45 185
18 48 57 136
18 49 194 114
19 20 120 5
19 21 188 29
19 22 133 139
19 23 179 181
19 24 152 40
19 25 61 60
19 26 178 55
19 27 199 188
19 28 41 108
19 29 186 157
19 30 71 87
19 31 11 94
19 32 67 135
19 33 25 73
19 34 18 81
19 35 84 124
19 36 149 75
19 37 176 148
19 38 35 198
19 39 173 186
19 40 9 183
19 41 122 82
19 42 43 178
19 43 17 56
19 44 141 114
19 45 159 181
19 46 53 185
19 47 144 182
19 48 34 89
19 49 196 182
20 21 111 142
20 22 40 96
20 23 61 38
20 24 18 162
20 25 17 25
20 26 157 108
20 27 124 82
20 28 180 30
20 29 108 160
20 30 172 189
20 31 152 144
20 32 188 166
20 33 99 58
20 34 85 75
20 35 138 34
20 36 50 167
20 37 90 27
20 38 106 187
20 39 40 95
20 40 96 197
20 41 58 101
20 42 167 161
20 43 38 82
20 44 135 166
20 45 45 50
20 46 83 162
20 47 182 13
20 48 40 105
20 49 196 48
21 22 180 144
21 23 77 11
21 24 11 94
21 25 26 176
21 26 96 114
21 27 48 82
21 28 158 126
21 29 139 67
21 30 129 29
21 31 107 68
21 32 171 87
21 33 133 181
21 34 160 138
21 35 17 29
21 36 121 146
21 37 136 195
21 38 180 107
21 39 106 166
21 40 131 38
21 41 125 24
21 42 96 164
21 43 164 152
21 44 183 102
21 45 135 57
21 46 166 139
21 47 39 177
21 48 90 32
21 49 5 76
22 23 145 5
22 24 36 179
22 25 48 97
22 26 182 43
22 27 84 35
22 28 146 8
22 29 171 109
22 30 61 190
22 31 7 33
22 32 127 30
22 33 63 57
22 34 86 76
22 35 194 127
22 36 54 46
22 37 196 145
22 38 79 146
22 39 18 174
22 40 7 154
22 41 139 147
22 42 7 57
22 43 42 138
22 44 24 182
22 45 195 76
22 46 134 193
22 47 179 180
22 48 12 33
22 49 146 6
23 24 83 126
23 25 50 74
23 26 66 45
23 27 66 187
23 28 58 107
23 29 11 38
23 30 56 175
23 31 53 187
23 32 98 12
23 33 80 85
23 34 118 173
23 35 60 95
23 36 155 196
23 37 150 159
23 38 16 141
23 39 13 38
23 40 186 155
23 41 86 114
23 42 70 49
23 43 39 50
23 44 199 98
23 45 38 22
23 46 69 90
23 47 45 182
23 48 130 165
23 49 175 183
24 25 184 79
24 26 96 179
24 27 149 147
24 28 10 43
24 29 30 16
24 30 171 69
24 31 7 196
24 32 155 140
24 33 71 166
24 34 53 26
24 35 31 127
24 36 32 21
24 37 164 103
24 38 33 34
24 39 184 51
24 40 140 137
24 41 185 180
24 42 126 28
24 43 121 36
24 44 88 192
24 45 181 165
24 46 140 198
24 47 88 83
24 48 81 178
24 49 97 29
25 26 100 48
25 27 178 127
25 28 89 156
25 29 142 41
25 30 153 112
25 31 127 28
25 32 40 79
25 33 195 102
25 34 16 157
25 35 62 70
25 36 172 146
25 37 30 165
25 38 198 44
25 39 59 62
25 40 109 128
25 41 154 62
25 42 105 159
25 43 190 104
25 44 118 51
25 45 89 180
25 46 39 193
25 47 182 181
25 48 48 147
25 49 62 29
26 27 90 60
26 28 186 76
26 29 17 25
26 30 59 100
26 31 90 7
26 32 60 134
26 33 184 39
26 34 66 196
26 35 132 11
26 36 145 97
26 37 13 44
26 38 173 184
26 39 10 70
26 40 22 188
26 41 128 151
26 42 174 87
26 43 20 19
26 44 114 103
26 45 134 52
26 46 59 47
26 47 10 120
26 48 152 116
26 49 178 136
27 28 114 70
27 29 42 136
27 30 181 23
27 31 50 196
27 32 193 169
27 33 120 78
27 34 27 195
27 35 107 118
27 36 26 151
27 37 138 156
27 38 176 75
27 39 71 47
27 40 179 66
27 41 51 120
27 42 22 156
27 43 98 177
27 44 10 153
27 45 58 43
27 46 129 12
27 47 45 21
27 48 73 14
27 49 193 63
28 29 124 101
28 30 112 12
28 31 135 106
28 32 35 36
28 33 99 40
28 34 40 66
28 35 199 100
28 36 167 27
28 37 51 51
28 38 16 171
28 39 133 29
28 40 123 124
28 41 98 178
28 42 102 129
28 43 157 122
28 44 47 15
28 45 14 12
28 46 139 26
28 47 128 91
28 48 76 46
28 49 80 190
29 30 75 114
29 31 67 35
29 32 191 121
29 33 84 176
29 34 84 174
29 35 103 144
29 36 188 164
29 37 40 107
29 38 86 71
29 39 145 30
29 40 46 82
29 41 129 168
29 42 162 175
29 43 183 21
29 44 171 42
29 45 58 127
29 46 54 10
29 47 128 17
29 48 17 113
29 49 199 189
30 31 145 15
30 32 105 126
30 33 9 20
30 34 9 37
30 35 132 126
30 36 15 57
30 37 14 69
30 38 109 131
30 39 172 112
30 40 77 162
30 41 103 195
30 42 192 40
30 43 185 143
30 44 37 79
30 45 136 13
30 46 20 55
30 47 104 129
30 48 181 185
30 49 115 141
31 32 53 79
31 33 175 184
31 34 140 125
31 35 57 60
31 36 43 98
31 37 176 78
31 38 197 144
31 39 9 140
31 40 95 185
31 41 111 11
31 42 34 76
31 43 167 143
31 44 43 61
31 45 45 98
31 46 103 140
31 47 83 51
31 48 187 181
31 49 175 84
32 33 93 55
32 34 22 150
32 35 164 98
32 36 150 82
32 37 147 145
32 38 198 80
32 39 58 7
32 40 74 100
32 41 153 30
32 42 56 107
32 43 191 63
32 44 186 57
32 45 132 74
32 46 107 71
32 47 90 45
32 48 53 125
32 49 16 30
33 34 151 185
33 35 148 141
33 36 156 199
33 37 151 8
33 38 99 87
33 39 168 127
33 40 9 151
33 41 121 97
33 42 119 143
33 43 126 20
33 44 191 112
33 45 187 77
33 46 197 160
33 47 31 41
33 48 40 60
33 49 49 124
34 35 97 94
34 36 93 169
34 37 129 112
34 38 190 147
34 39 18 173
34 40 56 172
34 41 19 23
34 42 192 12
34 43 120 14
34 44 78 179
34 45 162 111
34 46 44 163
34 47 152 149
34 48 87 144
34 49 38 119
35 36 50 45
35 37 171 76
35 38 61 77
35 39 189 81
35 40 74 36
35 41 55 163
35 42 66 24
35 43 178 83
35 44 29 61
35 45 152 159
35 46 65 53
35 47 28 141
35 48 198 14
35 49 77 111
36 37 194 88
36 38 21 88
36 39 97 191
36 40 7 61
36 41 57 5
36 42 145 182
36 43 159 89
36 44 8 126
36 45 79 16
36 46 143 187
36 47 183 174
36 48 30 123
36 49 120 66
37 38 30 62
37 39 76 71
37 40 191 165
37 41 13 20
37 42 12 49
37 43 197 98
37 44 69 179
37 45 172 9
37 46 167 111
37 47 26 148
37 48 16 87
37 49 95 178
38 39 92 168
38 40 180 25
38 41 111 98
38 42 26 60
38 43 65 134
38 44 181 111
38 45 49 195
38 46 191 191
38 47 35 176
38 48 158 124
38 49 155 140
39 40 130 100
39 41 24 46
39 42 32 121
39 43 34 45
39 44 69 91
39 45 7 21
39 46 198 175
39 47 10 190
39 48 164 54
39 49 48 96
40 41 139 198
40 42 34 176
40 43 21 5
40 44 57 195
40 45 40 91
40 46 163 54
40 47 151 35
40 48 53 7
40 49 131 108
41 42 156 127
41 43 21 121
41 44 118 115
41 45 7 26
41 46 135 85
41 47 121 48
41 48 75 188
41 49 172 175
42 43 70 24
42 44 194 178
42 45 114 126
42 46 150 74
42 47 189 97
42 48 33 152
42 49 81 74
43 44 59 11
43 45 88 122
43 46 128 70
43 47 188 36
43 48 154 59
43 49 43 131
44 45 53 181
44 46 140 45
44 47 189 171
44 48 15 107
44 49 80 196
45 46 145 17
45 47 112 89
45 48 23 142
45 49 103 137
46 47 173 98
46 48 152 104
46 49 23 18
47 48 69 44
47 49 37 153
48 49 161 181
