facilities = 40 objectives = 3 max_distances = 100 max flows = 100 correlation = 0.000000 seed = 3839498
 0 97 82 99 45 39 10  9 84 43 50 70 38 61 81 17 97 54 40 30 76 50 68 46 87 61 42 17 19 70 15 29 16 86 17 40 34  9 20 51 
97  0 51 26 59 97 39 25 39 86 89 88 24 73 13  1 78 14 15 92 80 66 47 28 55 39 24 74  8 19  7 77 51 11  9 40 50 68 92 91 
82 51  0 24 33 36 26  2 38 98 76 79 34 98 49 26 91 35 44 27 46 38 42 85 34 45 60 65 81 36 19 26 59 19 47 29 33 31 98 16 
99 26 24  0 71 35 85 74 13 79 97 14 71  4 96 97 15 99  1 49 81 38 37 49 13 10  5 22 51 37 89 27  3 98 39 70 75 75 26 86 
45 59 33 71  0 67 52 50 70 61 43 88  9 20 51 68 86 62 75 84 15 67 60 93 55  2  5 84 91  1 47 62 28 19 19 20 79 61 77 17 
39 97 36 35 67  0 41 24 22 32 17 36 95 18 59 58 12 72 84 71 53 97 96  9 38 90 21 28 97 85 16 46 60 18 11 40 71 89 76  5 
10 39 26 85 52 41  0 67 91 79 26 58 49 36 31 85  2  1 69 44 24 56 30 34  2 38 21 88 78 33 75 80 30 14 35 31 68 97 26  2 
 9 25  2 74 50 24 67  0 77 26 29 26 14 19 30 60 97 22 42 82 64 81 83 11 60 51 24 61 45 26 75 74 71 98 65 93 93 21 46 71 
84 39 38 13 70 22 91 77  0 31 78 18 10 51 86 29 71 41 27 65 50 95 40 56 78 99 99 10 28 49 78 81  9 76 44  2 91 55 99 55 
43 86 98 79 61 32 79 26 31  0 54 69 80 13 60 21 79 15  3 96 49 10 32 28 17 81 29  6 24 11 95 13 47 57 43 55 58 50 34 72 
50 89 76 97 43 17 26 29 78 54  0 91 40  6 92 49 56 14 28 77 61 54 84 30 52 30  8 55 80 23  4 23 96 50 52 82 18 49 19 80 
70 88 79 14 88 36 58 26 18 69 91  0 75 100 59 45 84 27 18 12 20 19 92 98 90 59 73 59 51 51 79 57 49 18  7  8 74 72 42 75 
38 24 34 71  9 95 49 14 10 80 40 75  0 100 35 27 55 47 91 43 77  3 51 53 39 96 47 95 23 63 90 39 80  6 57 19 80  8 62 16 
61 73 98  4 20 18 36 19 51 13  6 100 100  0 56 47 45 32 18 32 98 100 73 14 32 51 78 74 36 73 41 100 80 71 32 58 36 55 24 96 
81 13 49 96 51 59 31 30 86 60 92 59 35 56  0 25 72  2  3 97 57 67 54 97 63 66 43 45 94 46 83 68 63 98 76  2 42 50 26 89 
17  1 26 97 68 58 85 60 29 21 49 45 27 47 25  0  9 44 20 40 17 27  6 38 38 27 91 17 97 92 76 36 53 87 59  3 16 25  2 14 
97 78 91 15 86 12  2 97 71 79 56 84 55 45 72  9  0 91 34 56 14 31 20 11 62  1 48 67 75 75 75 95 84 78 97 26 11 92 54 21 
54 14 35 99 62 72  1 22 41 15 14 27 47 32  2 44 91  0 72  8 52 34 75 27 83  2  4 82 26 77 86 54 77 64 21 56 84 56 48 90 
40 15 44  1 75 84 69 42 27  3 28 18 91 18  3 20 34 72  0 63 68 14  3 60 40 81 55 10 55 83 62 36 41 79 98 61 100 35 27 59 
30 92 27 49 84 71 44 82 65 96 77 12 43 32 97 40 56  8 63  0 68 88 34 55 76 74 99 55 35 68 10 80  6  9 100  1 100 95  9 55 
76 80 46 81 15 53 24 64 50 49 61 20 77 98 57 17 14 52 68 68  0 84 44 75 33 26 59  1 38 82 13 47 98 96 32 94 34 25 34 32 
50 66 38 38 67 97 56 81 95 10 54 19  3 100 67 27 31 34 14 88 84  0 30 50 35 46 61 43 15 90 92 25 67 43 21  8 61 21 22 50 
68 47 42 37 60 96 30 83 40 32 84 92 51 73 54  6 20 75  3 34 44 30  0 70  8 12  7 12 96 43 37 13  9 97 32 66 81 26 82 56 
46 28 85 49 93  9 34 11 56 28 30 98 53 14 97 38 11 27 60 55 75 50 70  0  8 92 31 100 21 100 75 79  3 32 80 34  3 23 29 99 
87 55 34 13 55 38  2 60 78 17 52 90 39 32 63 38 62 83 40 76 33 35  8  8  0 67 10 45 33 22 65 61 70 95  2 69 98 13 67 13 
61 39 45 10  2 90 38 51 99 81 30 59 96 51 66 27  1  2 81 74 26 46 12 92 67  0 25  8 46 76 53 82 80 53 85 56 17 98 26 95 
42 24 60  5  5 21 21 24 99 29  8 73 47 78 43 91 48  4 55 99 59 61  7 31 10 25  0 64 90 19 39 80 68  6 28  5 83  3  1 84 
17 74 65 22 84 28 88 61 10  6 55 59 95 74 45 17 67 82 10 55  1 43 12 100 45  8 64  0 36 92 59 32 52 98 90 77 96 72 51 100 
19  8 81 51 91 97 78 45 28 24 80 51 23 36 94 97 75 26 55 35 38 15 96 21 33 46 90 36  0 69 50 27 24  1 96 79  3 19 95 34 
70 19 36 37  1 85 33 26 49 11 23 51 63 73 46 92 75 77 83 68 82 90 43 100 22 76 19 92 69  0  3 65 44 44 11 52  7  3 18 47 
15  7 19 89 47 16 75 75 78 95  4 79 90 41 83 76 75 86 62 10 13 92 37 75 65 53 39 59 50  3  0 70 96 64 57 24 18 89 24 89 
29 77 26 27 62 46 80 74 81 13 23 57 39 100 68 36 95 54 36 80 47 25 13 79 61 82 80 32 27 65 70  0 69 59 94 79 88 26 88 50 
16 51 59  3 28 60 30 71  9 47 96 49 80 80 63 53 84 77 41  6 98 67  9  3 70 80 68 52 24 44 96 69  0 61 96 99 10 71 94 19 
86 11 19 98 19 18 14 98 76 57 50 18  6 71 98 87 78 64 79  9 96 43 97 32 95 53  6 98  1 44 64 59 61  0 25 87 32 81 37 46 
17  9 47 39 19 11 35 65 44 43 52  7 57 32 76 59 97 21 98 100 32 21 32 80  2 85 28 90 96 11 57 94 96 25  0 12 49 22 80  3 
40 40 29 70 20 40 31 93  2 55 82  8 19 58  2  3 26 56 61  1 94  8 66 34 69 56  5 77 79 52 24 79 99 87 12  0 33 30 100 49 
34 50 33 75 79 71 68 93 91 58 18 74 80 36 42 16 11 84 100 100 34 61 81  3 98 17 83 96  3  7 18 88 10 32 49 33  0 35 24 91 
 9 68 31 75 61 89 97 21 55 50 49 72  8 55 50 25 92 56 35 95 25 21 26 23 13 98  3 72 19  3 89 26 71 81 22 30 35  0 86 42 
20 92 98 26 77 76 26 46 99 34 19 42 62 24 26  2 54 48 27  9 34 22 82 29 67 26  1 51 95 18 24 88 94 37 80 100 24 86  0 57 
51 91 16 86 17  5  2 71 55 72 80 75 16 96 89 14 21 90 59 55 32 50 56 99 13 95 84 100 34 47 89 50 19 46  3 49 91 42 57  0 

 0 50 14 74 36 32 69 62 42 98 54 100 91 43 99 67 69  3 78 25 17 90 60 92 49 38 42  8 76  4 19 53 95 19 28 87 40 40 61 10 
50  0 79 57 22 63 15 93  2 70 83 37 86 11 33 41 45 39 72 13 38 70 30 79 79 95 90 86 94 19  3 19 48 58 76 39 97  8 41 48 
14 79  0 64  2 73 47 31 95 27 32 80 40 29 67 91 86 43  3 82 13 15 46 83  2 63 100  5 39 70 86 25 20 88 14 92 74 74 61 97 
74 57 64  0 84 99 91  2 64 90 12 59 54 62 98 29  3  6 20 59 94 43 84 54 10 31 87 35  4 17 62 39 34 10 99 38 91 61 76  1 
36 22  2 84  0 81 92 100 39 95 99 84 84 80 16 46 86 32 80 92 95  2 58 26 79 86 97 55 100 23 96 65 67 72 73 45 79 20 31 55 
32 63 73 99 81  0 16 61 43 50 92 95 82 73 62 61 55 49 66 83 73 40 28 26 24 54 44 52 98 63 93 39 98 69 28 60 62 84 57 71 
69 15 47 91 92 16  0 19 21 99 94  4 43 50 33  1 86 95 19 48 53 59 71 97 35 20 55 80 26 84 29 10 25 92  6 36 63 57 98 59 
62 93 31  2 100 61 19  0 78 42 61 15 78 88 18 74 18 48 15 88 32 53 86 53 42 39 36 61 40 85 58 11 50  5 61 81 98 77 86 60 
42  2 95 64 39 43 21 78  0 86 51 67 78 47  3 77 49 98 28 26 15 11 80 44 38  1 20 80 33 33 90 16 95 95 42 100 56 76 83 93 
98 70 27 90 95 50 99 42 86  0  9  5 28 75 14 30 43  9 93 62 92 78 35 16 21 15 84 85 37 78  7 57 53 64 39 74 90 98 16 97 
54 83 32 12 99 92 94 61 51  9  0 78 92 87 34 41 87 66 79 97 81 26 42 21 69 21 63 76 10 86 100 81 58  7  6 72 36  7 50 37 
100 37 80 59 84 95  4 15 67  5 78  0 64 14 45 67 17 99 60 60 66 77 13 24 40 23 91 97 76 35 28 35 55 49 19 86 31 76 26 36 
91 86 40 54 84 82 43 78 78 28 92 64  0 15 27 59 40 17 52 35 58 24 22 62 87 18 89 33 97 34 39 12 43 50 62 33 53 45 18 85 
43 11 29 62 80 73 50 88 47 75 87 14 15  0 66 81 78 67 92 93 41 79 94 30 89 69 71 74 15 15  9 72  8 34 34 61 38 72 45 68 
99 33 67 98 16 62 33 18  3 14 34 45 27 66  0 59 43 53 85 41 28 42 69 43 37 96 89 56 92 50 91 71 13 87 59  8 18 34 81 24 
67 41 91 29 46 61  1 74 77 30 41 67 59 81 59  0 72 87 88 75 72  9 89 41 20 94 24 95 41 65 80 11 26 10 50 14 47 12 16 20 
69 45 86  3 86 55 86 18 49 43 87 17 40 78 43 72  0 30 15 19 30 26 38 39 57 24 58 91 39 65 55 39 98  6 43 18 68 65 85 41 
 3 39 43  6 32 49 95 48 98  9 66 99 17 67 53 87 30  0 62  6  5 15 59 72 70 82 93 75 64 76 59 70 98  7 55 70 33 39 29 29 
78 72  3 20 80 66 19 15 28 93 79 60 52 92 85 88 15 62  0 27 21 70 53 61 97 96 43 16 57 53 43 18 12 71 58 91 80  2 58 90 
25 13 82 59 92 83 48 88 26 62 97 60 35 93 41 75 19  6 27  0 13 94 51 87 51  5 42 83 100 54 11  4 68  6 83 100 20 78 81 25 
17 38 13 94 95 73 53 32 15 92 81 66 58 41 28 72 30  5 21 13  0 95 100 55 68 86 47 46 61 44 59 36 11 80 53 61 80 43 35 41 
90 70 15 43  2 40 59 53 11 78 26 77 24 79 42  9 26 15 70 94 95  0 95 20 43 61 86 56 97 51 40 22 61 78 46 37 52 50 30 29 
60 30 46 84 58 28 71 86 80 35 42 13 22 94 69 89 38 59 53 51 100 95  0 16 78 42 95 49 41 30 73 83 38 57 99 91 66 46 57 47 
92 79 83 54 26 26 97 53 44 16 21 24 62 30 43 41 39 72 61 87 55 20 16  0 59 92 52 29 11 42 46 36  2 99 37 51  3 36 49 71 
49 79  2 10 79 24 35 42 38 21 69 40 87 89 37 20 57 70 97 51 68 43 78 59  0 100  5  2 52 24 57 67 86 22 85 74 62 19 57 12 
38 95 63 31 86 54 20 39  1 15 21 23 18 69 96 94 24 82 96  5 86 61 42 92 100  0 84 58  6  2 64 32 64 98 83 16 61 19 100 25 
42 90 100 87 97 44 55 36 20 84 63 91 89 71 89 24 58 93 43 42 47 86 95 52  5 84  0 56 12 41 29 37 70 54 82 33 26  7 40 87 
 8 86  5 35 55 52 80 61 80 85 76 97 33 74 56 95 91 75 16 83 46 56 49 29  2 58 56  0  7 55 74 25 99 67 31 22 63  9 85 37 
76 94 39  4 100 98 26 40 33 37 10 76 97 15 92 41 39 64 57 100 61 97 41 11 52  6 12  7  0  8 38 53 31 89 30 31 42 27 36 73 
 4 19 70 17 23 63 84 85 33 78 86 35 34 15 50 65 65 76 53 54 44 51 30 42 24  2 41 55  8  0 14 69 39 35 76 97 92 85 43 28 
19  3 86 62 96 93 29 58 90  7 100 28 39  9 91 80 55 59 43 11 59 40 73 46 57 64 29 74 38 14  0 32 44 17 53 64 99 83 98 44 
53 19 25 39 65 39 10 11 16 57 81 35 12 72 71 11 39 70 18  4 36 22 83 36 67 32 37 25 53 69 32  0 43 21 55  2 27 99  1 48 
95 48 20 34 67 98 25 50 95 53 58 55 43  8 13 26 98 98 12 68 11 61 38  2 86 64 70 99 31 39 44 43  0 48 19  6  1 54 31 61 
19 58 88 10 72 69 92  5 95 64  7 49 50 34 87 10  6  7 71  6 80 78 57 99 22 98 54 67 89 35 17 21 48  0 83 67  6 91 75 23 
28 76 14 99 73 28  6 61 42 39  6 19 62 34 59 50 43 55 58 83 53 46 99 37 85 83 82 31 30 76 53 55 19 83  0 46 57 66 83 79 
87 39 92 38 45 60 36 81 100 74 72 86 33 61  8 14 18 70 91 100 61 37 91 51 74 16 33 22 31 97 64  2  6 67 46  0 24 85 87 99 
40 97 74 91 79 62 63 98 56 90 36 31 53 38 18 47 68 33 80 20 80 52 66  3 62 61 26 63 42 92 99 27  1  6 57 24  0 24 100 14 
40  8 74 61 20 84 57 77 76 98  7 76 45 72 34 12 65 39  2 78 43 50 46 36 19 19  7  9 27 85 83 99 54 91 66 85 24  0  4 63 
61 41 61 76 31 57 98 86 83 16 50 26 18 45 81 16 85 29 58 81 35 30 57 49 57 100 40 85 36 43 98  1 31 75 83 87 100  4  0 58 
10 48 97  1 55 71 59 60 93 97 37 36 85 68 24 20 41 29 90 25 41 29 47 71 12 25 87 37 73 28 44 48 61 23 79 99 14 63 58  0 

 0 68 71 99 39 84 19 21 71 46 52 84 70 38 77 47 74 57 44 26 43 56 77  8 96 35 64 63 29 83 30 90 73 96 88 31 77 57 30 33 
68  0 69 73  3 42 19 36 20 11 89 90 50 44 33  9 59  7 69 10 58 64 68 63 19 78 88 53 28 67 97 55 46 21  8  8 29  2 22 18 
71 69  0 55 25 85 16 44 70 50 59 14 74  7 11 97 48 74 64 53 76 60 13 72 90 26 85 29  8 23 32 93 52 26 65 86 13 47 93 48 
99 73 55  0  3 64 56 71 18 43 21 86 14 54 26 35 82 72 78 55 20 56 59 77 24 10 53 85 33  9 28 91 32  1 14 46 51 48 47 88 
39  3 25  3  0 51 61 18  8 43 55 66 91 68 27 89 84  4 83 40 91 56 21 85 51 45 80 72  3 38 23 24 49 34 98 51  9 87 88 83 
84 42 85 64 51  0 91 87 58  5 44 79 48 44 94 64 35 87 83 30 70 24  4 85  6 66 92 11 56 43 98 38 35 32 25 89 86 13 60 70 
19 19 16 56 61 91  0 61 98 68 72 61 20 49 51 28 33 92 10 75 99 45 63 79 50  1 58 77 74 92 15 58 70 49 49 39  6 46 46 79 
21 36 44 71 18 87 61  0 21  8 84 19  1 53 71 10 16 74 91 78 53 18 51 52 99 81  2 88 35 97 58 92 80 61 68 80 18 94 52 11 
71 20 70 18  8 58 98 21  0 75 69 96 11 47  9 65 90  6 87 39 28 87 63  4 77 17 36 59 18 53 69 63 79 50 79 35 71  2 25 45 
46 11 50 43 43  5 68  8 75  0 94 21 47 73 96 64 39 97 74 60 34 46 43 64 45  5 80 66  6 62 17 35 33 59  2 13 27 55 15 45 
52 89 59 21 55 44 72 84 69 94  0 72 44 81  2  5 65 41 59 21 45 62 55 17 90 83 15 87 51 84 27 94 23 81 14 50 67 49 85 92 
84 90 14 86 66 79 61 19 96 21 72  0 27 64 11 47 31 30 63 14 53 64 42 89 24 15 77 84 38  6 62 44 54 38 62 81 74 98 45 95 
70 50 74 14 91 48 20  1 11 47 44 27  0 55 27 48 84 75 30 44 11 56 27 21 88 57 24 10 63  5 71 52  8 36 72 45 13 91 19 23 
38 44  7 54 68 44 49 53 47 73 81 64 55  0 30 12 36 28 71 46 20 37 60 51 35 25 29 52 18 79 37 29 30 98 93  3 94 100 46 11 
77 33 11 26 27 94 51 71  9 96  2 11 27 30  0 47 78 31 39 17 84 52 75 44 69 70  5 93 22 73 90 80  2 53 64 89 71 77 97 45 
47  9 97 35 89 64 28 10 65 64  5 47 48 12 47  0 62  7  6 75 100 67 49 93 11 38  4 84 86 24 59 50 73 24  5 87 95 26 31 49 
74 59 48 82 84 35 33 16 90 39 65 31 84 36 78 62  0 46 87 32 49 44 57 17 95 13 56 13 73  1 85 38 61 91 97 18 63 85  5 81 
57  7 74 72  4 87 92 74  6 97 41 30 75 28 31  7 46  0 70 97 68 99 25 95  4 69 89 59 64 67 64 11 94 76 31 58 86 61 62 42 
44 69 64 78 83 83 10 91 87 74 59 63 30 71 39  6 87 70  0 94 51  7 15 83 45 92 36 46 65 67 99 55 34 92 31 79 60 57 88 61 
26 10 53 55 40 30 75 78 39 60 21 14 44 46 17 75 32 97 94  0 88 43 55 39 53 31 85 35 35  5 77  4 54 22 14 42  5 81 100 55 
43 58 76 20 91 70 99 53 28 34 45 53 11 20 84 100 49 68 51 88  0 65  3 37 22  8 71 54 17 21  5 64 73 46 32 30 60 25 63 70 
56 64 60 56 56 24 45 18 87 46 62 64 56 37 52 67 44 99  7 43 65  0 26 50 26 47 58  9 62 92 42 85 70 40 23 72 62 90 17 29 
77 68 13 59 21  4 63 51 63 43 55 42 27 60 75 49 57 25 15 55  3 26  0 99 90  9 94 38 66 24 58 12 88 90 86 43 48 40 64 63 
 8 63 72 77 85 85 79 52  4 64 17 89 21 51 44 93 17 95 83 39 37 50 99  0 98  9 23 45 28 22 88 42 75 45 37 69  6 56 88 88 
96 19 90 24 51  6 50 99 77 45 90 24 88 35 69 11 95  4 45 53 22 26 90 98  0 38 53 66 72 32 20 69 28 87 51 34 15 82  7 39 
35 78 26 10 45 66  1 81 17  5 83 15 57 25 70 38 13 69 92 31  8 47  9  9 38  0 64 96 45  1 91 10 15 80 23 21 74 84 50 46 
64 88 85 53 80 92 58  2 36 80 15 77 24 29  5  4 56 89 36 85 71 58 94 23 53 64  0 26 100 40 69  4 80 59 77 39 88 69 84 88 
63 53 29 85 72 11 77 88 59 66 87 84 10 52 93 84 13 59 46 35 54  9 38 45 66 96 26  0 13 30 75 52 84 99 89 93 65 93 35 23 
29 28  8 33  3 56 74 35 18  6 51 38 63 18 22 86 73 64 65 35 17 62 66 28 72 45 100 13  0 50 14 41  2 27 77 43 12 42 70 80 
83 67 23  9 38 43 92 97 53 62 84  6  5 79 73 24  1 67 67  5 21 92 24 22 32  1 40 30 50  0  6 38 78  1 62 92 81  6 100 23 
30 97 32 28 23 98 15 58 69 17 27 62 71 37 90 59 85 64 99 77  5 42 58 88 20 91 69 75 14  6  0 99 66  2 24 52 97 20 13 39 
90 55 93 91 24 38 58 92 63 35 94 44 52 29 80 50 38 11 55  4 64 85 12 42 69 10  4 52 41 38 99  0 25 81 38 98 75 38  5 42 
73 46 52 32 49 35 70 80 79 33 23 54  8 30  2 73 61 94 34 54 73 70 88 75 28 15 80 84  2 78 66 25  0 75 60 65 63 67 52 23 
96 21 26  1 34 32 49 61 50 59 81 38 36 98 53 24 91 76 92 22 46 40 90 45 87 80 59 99 27  1  2 81 75  0 42 31 96 84 51 13 
88  8 65 14 98 25 49 68 79  2 14 62 72 93 64  5 97 31 31 14 32 23 86 37 51 23 77 89 77 62 24 38 60 42  0 24 11 83 20 29 
31  8 86 46 51 89 39 80 35 13 50 81 45  3 89 87 18 58 79 42 30 72 43 69 34 21 39 93 43 92 52 98 65 31 24  0 75 76 97 41 
77 29 13 51  9 86  6 18 71 27 67 74 13 94 71 95 63 86 60  5 60 62 48  6 15 74 88 65 12 81 97 75 63 96 11 75  0 36 18  6 
57  2 47 48 87 13 46 94  2 55 49 98 91 100 77 26 85 61 57 81 25 90 40 56 82 84 69 93 42  6 20 38 67 84 83 76 36  0 22 19 
30 22 93 47 88 60 46 52 25 15 85 45 19 46 97 31  5 62 88 100 63 17 64 88  7 50 84 35 70 100 13  5 52 51 20 97 18 22  0 91 
33 18 48 88 83 70 79 11 45 45 92 95 23 11 45 49 81 42 61 55 70 29 63 88 39 46 88 23 80 23 39 42 23 13 29 41  6 19 91  0 

 0 98 29 94 47 48 63 88  4 44 92 55 38 86 19 26 40 11 66 42 64 39 77 69 55 85 54 51 86 17 23  1 24 97 78 87 48 68 81 22 
98  0 80 74 54 72 23 75 70  8 78 57 15 75 81 98 31 33 62 49 97 93 97 14 73 36 46 73 42 71 94 48 47 65 55  2 56 18 36 97 
29 80  0 72 71 70 42 73 68 82 91 69 37 22 89 32 34  8 75 57 49 27 12 52 93 77 35 33 44 19  1 19  2 17 80 40 67  2 46 12 
94 74 72  0 51 85 19 38 94 77 21 31  8 61 83 38 98 43 98 30 10 16 97 45 75  5 36 73 67 49 75 47 75 43 20 47 42 16 94  7 
47 54 71 51  0 57 69 55 53 53 94 100 47 58 91 86 64 87 88 73 73 51 79 78  1 27 93 65  6 46 78 65  4 76 46 94  3 50 73 31 
48 72 70 85 57  0 13 34 93 23 14 99 50 70 50 90 35 57 81 98 10 36 13 22  2 12 71 51 16  5 55 43 87 59 61 48 36 40 28 86 
63 23 42 19 69 13  0 76 73 81 97 89 33  7  8 62 19 85 56 77 46 28 58 85 52 52 57 88 47 83 91 93 58 51 10 27 69 26 97 35 
88 75 73 38 55 34 76  0 40 85 76 16 43 93 57 91 47 74 31 86 27  3 57 28 80  8 36 68 60 10 31 86 11 31 55  1 20 78 48 45 
 4 70 68 94 53 93 73 40  0 58 52 59 67 39 42 78 80 90 91 68 84 64 81 40  1 89 38  4 52 13 65 95 71 85 82 65 62 13 85 43 
44  8 82 77 53 23 81 85 58  0 39 57 23  9 38 71 27 62 98 17  2  5 14 80 35 54 70 10 17 23 87  1 36 19 73 72 36 31 32 81 
92 78 91 21 94 14 97 76 52 39  0 44 89 31 97 81 45 33 97 73 43 81 35 65 85  1 91 80 49 25 93 35 71 55 50  3 43  1 97 27 
55 57 69 31 100 99 89 16 59 57 44  0 97 71 52  8  1 31 63 64 64  7 65 75 37 59  2  6 84 34 47 50 48 83 48 42 84 43  3 38 
38 15 37  8 47 50 33 43 67 23 89 97  0  3 57 27 71 84  9 36 51 12 85 60 91 38 15 49 29 46 92 65 39 87 99 71 32 51  2 55 
86 75 22 61 58 70  7 93 39  9 31 71  3  0 36 77 58 93  5 92 92 72 92  8 19  2 100 33 54 13 75  5 78 91  5 20 26 85 100  9 
19 81 89 83 91 50  8 57 42 38 97 52 57 36  0 52 96 60 90 29 21 82 30 32 91 99 15 63 89 78 85 94  7 38 71 68 48 14 94 23 
26 98 32 38 86 90 62 91 78 71 81  8 27 77 52  0 89 59 37 11 34 99 83 80 32 24 56 64 53 70  7 96 11 99 15 73 30 64 43 83 
40 31 34 98 64 35 19 47 80 27 45  1 71 58 96 89  0 11 65 80 46 61 54 76 98 17  5 56 59 54 26 19 33 15 62 83 10 99 62 80 
11 33  8 43 87 57 85 74 90 62 33 31 84 93 60 59 11  0 11 17  3 32 89 77 74 67 15 29 68 87 26  9 16  3 37  9 11 84 87  2 
66 62 75 98 88 81 56 31 91 98 97 63  9  5 90 37 65 11  0 20 19 73 61 47 55 35 78 32 69 96 78 68 10 78 64 60 78 50 97 67 
42 49 57 30 73 98 77 86 68 17 73 64 36 92 29 11 80 17 20  0 58 98 49 43 20 53 34 95 86 14 66 12 88 53  1 30 29 32 82 93 
64 97 49 10 73 10 46 27 84  2 43 64 51 92 21 34 46  3 19 58  0  8 48 82 69 45 30  4 47 61 13 35  9 93  7 34 59 82 65 24 
39 93 27 16 51 36 28  3 64  5 81  7 12 72 82 99 61 32 73 98  8  0 58  8 89 56 41 10 73 55 10 82 47 42 18 29 66 92 38 61 
77 97 12 97 79 13 58 57 81 14 35 65 85 92 30 83 54 89 61 49 48 58  0 81 82 94  3 62 51 19 97 99  7 90 53 53 96 78 77 59 
69 14 52 45 78 22 85 28 40 80 65 75 60  8 32 80 76 77 47 43 82  8 81  0 47 75 96 22 28 50 60 29  1 28 56 98 24 28 68 76 
55 73 93 75  1  2 52 80  1 35 85 37 91 19 91 32 98 74 55 20 69 89 82 47  0 40  2 61 68 57 60  4 30 76 66 12 79  9 83 54 
85 36 77  5 27 12 52  8 89 54  1 59 38  2 99 24 17 67 35 53 45 56 94 75 40  0 17 55 12 81 92 87 52  5 72 97 49 87 82 92 
54 46 35 36 93 71 57 36 38 70 91  2 15 100 15 56  5 15 78 34 30 41  3 96  2 17  0 87 26 61 86 100 67 65  1 65 74 57 13 40 
51 73 33 73 65 51 88 68  4 10 80  6 49 33 63 64 56 29 32 95  4 10 62 22 61 55 87  0 58 79 42 18 30 38 76  5 18 19 86 100 
86 42 44 67  6 16 47 60 52 17 49 84 29 54 89 53 59 68 69 86 47 73 51 28 68 12 26 58  0 90 31 43 17 32 80 92 23 62 36 93 
17 71 19 49 46  5 83 10 13 23 25 34 46 13 78 70 54 87 96 14 61 55 19 50 57 81 61 79 90  0 66  5  9 17 59 19 23 40 10 88 
23 94  1 75 78 55 91 31 65 87 93 47 92 75 85  7 26 26 78 66 13 10 97 60 60 92 86 42 31 66  0 44 66 49 27 11 56 25 74 20 
 1 48 19 47 65 43 93 86 95  1 35 50 65  5 94 96 19  9 68 12 35 82 99 29  4 87 100 18 43  5 44  0 66 67 32 34 74 56 15 86 
24 47  2 75  4 87 58 11 71 36 71 48 39 78  7 11 33 16 10 88  9 47  7  1 30 52 67 30 17  9 66 66  0 27 13 91 62 66  1 75 
97 65 17 43 76 59 51 31 85 19 55 83 87 91 38 99 15  3 78 53 93 42 90 28 76  5 65 38 32 17 49 67 27  0 75 79 80 85 22 99 
78 55 80 20 46 61 10 55 82 73 50 48 99  5 71 15 62 37 64  1  7 18 53 56 66 72  1 76 80 59 27 32 13 75  0  7 54 100 56 35 
87  2 40 47 94 48 27  1 65 72  3 42 71 20 68 73 83  9 60 30 34 29 53 98 12 97 65  5 92 19 11 34 91 79  7  0  8 54 66 17 
48 56 67 42  3 36 69 20 62 36 43 84 32 26 48 30 10 11 78 29 59 66 96 24 79 49 74 18 23 23 56 74 62 80 54  8  0 12 95 81 
68 18  2 16 50 40 26 78 13 31  1 43 51 85 14 64 99 84 50 32 82 92 78 28  9 87 57 19 62 40 25 56 66 85 100 54 12  0 57 21 
81 36 46 94 73 28 97 48 85 32 97  3  2 100 94 43 62 87 97 82 65 38 77 68 83 82 13 86 36 10 74 15  1 22 56 66 95 57  0 63 
22 97 12  7 31 86 35 45 43 81 27 38 55  9 23 83 80  2 67 93 24 61 59 76 54 92 40 100 93 88 20 86 75 99 35 17 81 21 63  0 
