facilities = 50 objectives = 4 max_distances = 187 max flows = 9994 overlap =  0.70 seed = 235798 correlation1 = 0.800 correlation2 = 0.700 correlation3 = 0.000 A = -2 B = 4 M = 0 K = 1 m = 100
 0 163 136 100 112 15 82 78 72 53 127 127 82 66 100 57 122 152 37 53 93 78 73 147 72 74 79 90 65 43 78 47 102 65 125 87 143 129 91 143 131 78 106 76 51 98 122 125 79 117 
163  0 45 63 62 163 91 95 106 135 45 36 95 99 78 181 104 70 140 140 187 95 90 108 106 97 95 128 98 122 85 116 134 97 62 154 117 42 141 124 32 95 177 143 130 77 153 40 132 140 
136 45  0 55 24 133 55 60 69 123 58 28 57 83 39 143 58 32 107 102 145 60 68 65 69 63 59 85 78 101 59 91 90 73 77 112 73 12 97 79 32 60 133 102 94 76 108 46 91 94 
100 63 55  0 42 103 46 48 59 72 28 31 53 35 47 128 88 85 84 88 144 48 29 106 59 47 49 92 35 58 29 54 104 38 36 115 111 43 104 116 33 48 141 100 77 22 128 24 92 115 
112 62 24 42  0 109 31 36 45 102 57 30 34 63 16 120 49 45 83 79 125 36 47 65 45 39 35 66 57 78 37 68 73 50 73 92 70 20 79 75 36 36 116 81 70 64 95 45 70 81 
15 163 133 103 109  0 77 73 65 65 131 127 76 70 95 42 112 145 27 41 77 73 74 137 66 69 74 78 68 48 77 49 90 65 130 72 132 126 78 131 131 73 91 62 42 103 108 127 67 104 
82 91 55 46 31 77  0  4 15 82 72 55  6 46 17 90 51 70 51 49 99  4 30 74 15  8  4 45 38 53 20 42 58 27 82 69 75 50 58 78 61  4 94 55 39 63 82 63 45 70 
78 95 60 48 36 73  4  0 11 79 75 59  7 44 22 86 53 74 47 45 96  0 29 77 11  4  2 44 36 50 20 38 57 25 84 66 77 54 56 80 64  0 92 52 35 63 82 66 43 70 
72 106 69 59 45 65 15 11  0 81 86 70 11 49 30 75 52 80 38 34 85 11 36 77  1 11 11 36 41 50 29 38 49 30 94 56 76 65 47 77 75 11 82 41 25 73 74 77 33 63 
53 135 123 72 102 65 82 79 81  0 92 103 86 39 97 107 132 148 69 85 138 79 55 156 82 75 81 113 46 31 66 43 127 55 83 122 156 112 120 158 105 79 146 108 76 59 151 94 105 142 
127 45 58 28 57 131 72 75 86 92  0 30 78 61 68 156 107 91 112 117 171 75 57 120 86 75 76 117 63 84 58 82 128 66 19 141 127 47 130 132 27 75 167 128 105 33 151 12 118 137 
127 36 28 31 30 127 55 59 70 103 30  0 60 66 45 145 79 60 104 104 154 59 54 90 70 61 59 96 63 87 49 80 104 61 49 122 97 16 109 103  5 59 146 109 94 50 126 18 99 112 
82 95 57 53 34 76  6  7 11 86 78 60  0 51 18 86 46 69 50 45 93  7 36 70 11 11  5 39 43 56 26 44 51 32 89 63 70 54 51 73 65  7 88 49 36 69 76 69 39 63 
66 99 83 35 63 70 46 44 49 39 61 66 51  0 58 102 97 108 57 67 125 44 16 119 50 40 46 85  8 23 27 22 99 19 60 101 121 72 95 124 68 44 127 86 56 32 124 60 80 113 
100 78 39 47 16 95 17 22 30 97 68 45 18 58  0 104 41 52 68 63 109 22 41 62 30 26 21 50 51 69 30 58 60 42 82 77 64 36 63 69 50 22 101 65 55 67 82 57 54 69 
57 181 143 128 120 42 90 86 75 107 156 145 86 102 104  0 104 146 44 41 37 86 99 126 75 84 86 66 97 84 99 79 72 90 160 46 118 140 59 116 150 86 55 46 51 134 82 150 55 83 
122 104 58 88 49 112 51 53 52 132 107 79 46 97 41 104  0 45 85 72 94 53 81 25 51 57 51 38 89 102 70 90 36 78 122 62 24 64 47 27 84 53 79 58 70 109 49 95 49 36 
152 70 32 85 45 145 70 74 80 148 91 60 69 108 52 146 45  0 118 109 139 74 92 39 79 78 72 81 102 122 81 111 81 94 109 107 49 44 92 56 64 74 124 100 103 106 92 78 90 80 
37 140 107 84 83 27 51 47 38 69 112 104 50 57 68 44 85 118  0 17 69 47 55 109 38 44 48 52 52 41 56 35 65 46 116 53 105 102 55 105 109 47 77 41 14 89 87 107 42 80 
53 140 102 88 79 41 49 45 34 85 117 104 45 67 63 41 72 109 17  0 57 45 61 96 34 43 45 37 61 55 59 47 49 52 123 37 91 99 38 90 109 45 61 24 11 98 70 110 26 64 
93 187 145 144 125 77 99 96 85 138 171 154 93 125 109 37 94 139 69 57  0 96 118 111 85 96 95 60 118 111 114 103 58 109 179 33 101 145 48 97 159 96 22 44 68 155 57 163 54 63 
78 95 60 48 36 73  4  0 11 79 75 59  7 44 22 86 53 74 47 45 96  0 29 77 11  4  2 44 36 50 20 38 57 25 84 66 77 54 56 80 64  0 92 52 35 63 82 66 43 70 
73 90 68 29 47 74 30 29 36 55 57 54 36 16 41 99 81 92 55 61 118 29  0 103 37 26 31 73 10 33 11 25 86  9 61 91 105 58 83 108 58 29 118 77 50 36 111 53 69 99 
147 108 65 106 65 137 74 77 77 156 120 90 70 119 62 126 25 39 109 96 111 77 103  0 76 81 75 60 112 127 92 115 54 101 137 81 11 74 67 17 95 77 92 80 95 128 58 108 72 48 
72 106 69 59 45 66 15 11  1 82 86 70 11 50 30 75 51 79 38 34 85 11 37 76  0 12 11 35 42 51 30 39 48 31 95 55 75 65 46 76 76 11 81 41 25 73 73 78 32 62 
74 97 63 47 39 69  8  4 11 75 75 61 11 40 26 84 57 78 44 43 96  4 26 81 12  0  6 46 32 45 18 34 59 21 83 67 81 57 58 84 66  4 93 53 33 61 84 67 44 73 
79 95 59 49 35 74  4  2 11 81 76 59  5 46 21 86 51 72 48 45 95  2 31 75 11  6  0 43 38 52 21 40 55 27 85 65 75 54 55 78 64  2 91 51 35 65 80 67 42 68 
90 128 85 92 66 78 45 44 36 113 117 96 39 85 50 66 38 81 52 37 60 44 73 60 35 46 43  0 77 82 65 71 14 66 128 27 54 85 13 53 101 44 50 20 39 108 38 107 11 29 
65 98 78 35 57 68 38 36 41 46 63 63 43  8 51 97 89 102 52 61 118 36 10 112 42 32 38 77  0 23 20 19 91 11 63 94 113 68 87 116 66 36 120 79 49 37 116 60 72 104 
43 122 101 58 78 48 53 50 50 31 84 87 56 23 69 84 102 122 41 55 111 50 33 127 51 45 52 82 23  0 41 12 96 28 82 92 126 91 89 128 90 50 117 78 46 55 121 83 74 111 
78 85 59 29 37 77 20 20 29 66 58 49 26 27 30 99 70 81 56 59 114 20 11 92 30 18 21 65 20 41  0 32 77 13 65 85 94 50 76 97 53 20 111 71 47 43 102 51 62 90 
47 116 91 54 68 49 42 38 38 43 82 80 44 22 58 79 90 111 35 47 103 38 25 115 39 34 40 71 19 12 32  0 85 18 82 82 114 83 78 116 84 38 108 67 36 55 109 78 63 99 
102 134 90 104 73 90 58 57 49 127 128 104 51 99 60 72 36 81 65 49 58 57 86 54 48 59 55 14 91 96 77 85  0 79 140 27 46 92 13 43 110 57 43 28 53 121 25 117 23 15 
65 97 73 38 50 65 27 25 30 55 66 61 32 19 42 90 78 94 46 52 109 25  9 101 31 21 27 66 11 28 13 18 79  0 70 83 102 64 76 105 65 25 109 68 40 45 104 62 61 93 
125 62 77 36 73 130 82 84 94 83 19 49 89 60 82 160 122 109 116 123 179 84 61 137 95 83 85 128 63 82 65 82 140 70  0 151 143 65 140 148 46 84 176 136 111 27 164 31 127 151 
87 154 112 115 92 72 69 66 56 122 141 122 63 101 77 46 62 107 53 37 33 66 91 81 55 67 65 27 94 92 85 82 27 83 151  0 73 112 15 70 127 66 26 15 46 128 37 132 23 36 
143 117 73 111 70 132 75 77 76 156 127 97 70 121 64 118 24 49 105 91 101 77 105 11 75 81 75 54 113 126 94 114 46 102 143 73  0 81 59  6 103 77 82 73 91 132 47 115 66 38 
129 42 12 43 20 126 50 54 65 112 47 16 54 72 36 140 64 44 102 99 145 54 58 74 65 57 54 85 68 91 50 83 92 64 65 112 81  0 98 87 21 54 135 101 90 64 112 34 90 99 
91 141 97 104 79 78 58 56 47 120 130 109 51 95 63 59 47 92 55 38 48 56 83 67 46 58 55 13 87 89 76 78 13 76 140 15 59 98  0 57 114 56 37 15 44 119 32 120 14 26 
143 124 79 116 75 131 78 80 77 158 132 103 73 124 69 116 27 56 105 90 97 80 108 17 76 84 78 53 116 128 97 116 43 105 148 70  6 87 57  0 109 80 77 71 91 136 41 120 64 34 
131 32 32 33 36 131 61 64 75 105 27  5 65 68 50 150 84 64 109 109 159 64 58 95 76 66 64 101 66 90 53 84 110 65 46 127 103 21 114 109  0 64 152 115 99 50 131 15 105 118 
78 95 60 48 36 73  4  0 11 79 75 59  7 44 22 86 53 74 47 45 96  0 29 77 11  4  2 44 36 50 20 38 57 25 84 66 77 54 56 80 64  0 92 52 35 63 82 66 43 70 
106 177 133 141 116 91 94 92 82 146 167 146 88 127 101 55 79 124 77 61 22 92 118 92 81 93 91 50 120 117 111 108 43 109 176 26 82 135 37 77 152 92  0 41 71 154 36 157 49 44 
76 143 102 100 81 62 55 52 41 108 128 109 49 86 65 46 58 100 41 24 44 52 77 80 41 53 51 20 79 78 71 67 28 68 136 15 73 101 15 71 115 52 41  0 31 113 46 119 11 41 
51 130 94 77 70 42 39 35 25 76 105 94 36 56 55 51 70 103 14 11 68 35 50 95 25 33 35 39 49 46 47 36 53 40 111 46 91 90 44 91 99 35 71 31  0 86 76 99 30 68 
98 77 76 22 64 103 63 63 73 59 33 50 69 32 67 134 109 106 89 98 155 63 36 128 73 61 65 108 37 55 43 55 121 45 27 128 132 64 119 136 50 63 154 113 86  0 145 37 106 133 
122 153 108 128 95 108 82 82 74 151 151 126 76 124 82 82 49 92 87 70 57 82 111 58 73 84 80 38 116 121 102 109 25 104 164 37 47 112 32 41 131 82 36 46 76 145  0 140 46 13 
125 40 46 24 45 127 63 66 77 94 12 18 69 60 57 150 95 78 107 110 163 66 53 108 78 67 67 107 60 83 51 78 117 62 31 132 115 34 120 120 15 66 157 119 99 37 140  0 109 126 
79 132 91 92 70 67 45 43 33 105 118 99 39 80 54 55 49 90 42 26 54 43 69 72 32 44 42 11 72 74 62 63 23 61 127 23 66 90 14 64 105 43 49 11 30 106 46 109  0 38 
117 140 94 115 81 104 70 70 63 142 137 112 63 113 69 83 36 80 80 64 63 70 99 48 62 73 68 29 104 111 90 99 15 93 151 36 38 99 26 34 118 70 44 41 68 133 13 126 38  0 

 0 207 73  0 91  0  0 798  2 1622  0 139 996  0  0 19  0 14  0  8 1212  3 463  0 39 8245 575 839  0  0  0 19  2  2  0  0 47 1970  1  1  0 144  0  0  1  0 44 14 664 19 
207  0  0 1572  6 3460  1  0 1078  7 2928 83 3538  0 7365  0 52 304  0  0 281 2053 619 8379  0  0  0  1 104 4032 320 153  0 1010 138 3591  0 620 2440  2  3  0 367  4  0  0  1 264  0 6487 
73  0  0 3963 107  1 22 96 37 462  0 51  0 2607 12 35 2318 17 132  0 18 539 135  2 9982 141 5538  0  0 27  0  0 3798  0 2249  0 766 20  0  0 44  0  0  0  0 472 41  0 29 184 
 0 1572 3963  0 1709  2  0 682 79  3  0  0 33 13  0 182  4 36  0  0  8  0 3204  1  1 1487 302 12  2 1504 1264 25  0  0  0 284  1  2 4281  0 1831 1518 12  0 284  2 11  0  0  0 
91  6 107 1709  0 1705 74  4  0 8815 274  1 12 67 5084 89 1813  2  0  0 3601 9639  1 73  0  0 2923  0  0  0  0 33  0  0 4109  9 2059  1 983 253  0 15  2  0 2957  4 72  0 15 554 
 0 3460  1  2 1705  0  2 12  0 71 22  0  1 528 105  0  0 34 206  0  1 578  1 12 165  0 1700  0 192 537  0 8303  5  1 4971 4640  0  0  0 113 383 69  5 219 4876  1 2453  0  5  0 
 0  1 22  0 74  2  0  0 602  1 5263 370 36  0  0  0  0 3507  0  0 1050  0  2  0 1370 7710  1  1  0 129 120  7  0 139  0 15 5788 41 892 266  1 1847 237 1942 131  0  0 296 6560 9308 
798  0 96 682  4 12  0  0  0  4 279 2550  0  0 37 1677  4 196  1 46 112 51 50  3  0  0 6010 298 123 10  7  0 3801  0 2226  4 73  1 39 6301 135 15  7 332  0  0  0  0 57 354 
 2 1078 37 79  0  0 602  0  0 36 531  4 32  1  0  1 836  0  0 526 290 7181  4 36  0 5802  0  0  1  1  0  1  2  0  0 56  0  1 11 18 26 901  0  0 1757  1  1  0  1  6 
1622  7 462  3 8815 71  1  4 36  0 46 3610  0 20  0  0 25 139 1417 14  0 82  0  0  0  9  0  6  0 21  1 6589  2 7462 5683 859  9 3071 289 224 8559 524  0  0  0  0  8  0  0  0 
 0 2928  0  0 274 22 5263 279 531 46  0 369 57  2  2 431  2 20 10 30  1  7  0 1683  0  0 4631 423  1 116 451 19  0  0 110  0 16 6562  0  0 1522  0  9  0 24  5 84 11  0  8 
139 83 51  0  1  0 370 2550  4 3610 369  0 139 57  5 3001  0 2283 274  0  0  2 2217  0 72 25  0 100 13 3949 480 476  0  1  0 95 39 2339  0  0  4  0 40 31 3531  0 282  0  0 71 
996 3538  0 33 12  1 36  0 32  0 57 139  0  1  0 25  0 860  6 185  0  5  0 22 968 31  0 9314 141  0  0 775 58  0 8494  0 1525 6921  5 13 485  0  0  0  0  0 143  0  1 2105 
 0  0 2607 13 67 528  0  0  1 20  2 57  1  0 224 34 462  0 18 5749  0 48 1070 644  1  2 437  2  3  0 33  0 4056 1192 630 8080  0 25  0  0 108 15  0  0  0 410 132  0  0 17 
 0 7365 12  0 5084 105  0 37  0  0  2  5  0 224  0 2200  0 762  0 3171 146  0 41 666  3  6 134 137  0 101 8916 22 3331  0  0 9238 10  0  0  2 65 311 39 3529 2629 2435  3  1  1 2159 
19  0 35 182 89  0  0 1677  1  0 431 3001 25 34 2200  0 76  2  0 1294  0 24  6 1809  0 44 144 1518  0  2 9137 140 14 459  0 5207  0  0 347 1448  4 1250  0 366  0 532 1762  0 40 3976 
 0 52 2318  4 1813  0  0  4 836 25  2  0  0 462  0 76  0  0 80 24  0  0 212 904 6218 134 133  0 134  1 12 6229 178  2  4 990  5 1560  0  0 11  5 31  5 58  0 284  0 3879  0 
14 304 17 36  2 34 3507 196  0 139 20 2283 860  0 762  2  0  0 8272  1  0  0  0  4 961  0 60 1268  3  0  0 74  0 1480  0  0  0  0  0 430 23 2743 122 37 4568  0  0  0  0  0 
 0  0 132  0  0 206  0  1  0 1417 10 274  6 18  0  0 80 8272  0 14  0 2324  1  0 10  1 4189 32  5  3  0  0 260  0 1166  0 10 386  0 623 455 332 56  0  0 49 1012  0  0  0 
 8  0  0  0  0  0  0 46 526 14 30  0 185 5749 3171 1294 24  1 14  0  0  0  0 17 300  0 459 446  0 36  6  0 504 15 1856  0  0 27 1219  0  0 29  0 97 104  0 67 2217 14 2072 
1212 281 18  8 3601  1 1050 112 290  0  1  0  0  0 146  0  0  0  0  0  0  4 1272 1145 767  0 993 5638  0  8  3 524 5036 105  0 7217  0  0  1  0  3 4552  0  3  0 1172 5951 968 13 517 
 3 2053 539  0 9639 578  0 51 7181 82  7  2  5 48  0 24  0  0 2324  0  4  0 3441 187  1  1 47  0 1551  0 129  7 4793 90  0  6  0 1355  2  0 3549  3 800  5 3983 25 1979  0  0  0 
463 619 135 3204  1  1  2 50  4  0  0 2217  0 1070 41  6 212  0  1  0 1272 3441  0  6 10 170 266  0  0  6  0  0 142  2 32 53  0 4190 190  0  0 6124  0 340 5703  0  5  0  0 3614 
 0 8379  2  1 73 12  0  3 36  0 1683  0 22 644 666 1809 904  4  0 17 1145 187  6  0 186  0 2982  0 85 29 519  0 597  0 280  0  0 41 21  0  0  0  0  1 414  0  0 18  2  0 
39  0 9982  1  0 165 1370  0  0  0  0 72 968  1  3  0 6218 961 10 300 767  1 10 186  0 238  1 5277 456 4325  1 14 278 565 411 9753 23  1 1581  0 49 146  0  0  0  0 844  0  6 774 
8245  0 141 1487  0  0 7710  0 5802  9  0 25 31  2  6 44 134  0  1  0  0  1 170  0 238  0 5555  0 1747  0 28  0  0  0 895  2  0 51 47  0  0  0  2 63  6  6 2662 12 5644  0 
575  0 5538 302 2923 1700  1 6010  0  0 4631  0  0 437 134 144 133 60 4189 459 993 47 266 2982  1 5555  0  0 4004 299 397 134  0 104  0 7521 625 6903 9402  0 284  0 581 15  2 57 190  6  0  0 
839  1  0 12  0  0  1 298  0  6 423 100 9314  2 137 1518  0 1268 32 446 5638  0  0  0 5277  0  0  0  0 58 9212  0  0  0  3  3  0  4 130 266 339  3  0 352 450 128  4  1  0  0 
 0 104  0  2  0 192  0 123  1  0  1 13 141  3  0  0 134  3  5  0  0 1551  0 85 456 1747 4004  0  0 32  0  2  0  0  0 404 8520  0  0  0  0  0 252  0  0  0  2 76  2  1 
 0 4032 27 1504  0 537 129 10  1 21 116 3949  0  0 101  2  1  0  3 36  8  0  6 29 4325  0 299 58 32  0  0  3 36  1 121  0  4  0  9  0  0 35 9853 12  0 5598 18  0  5  0 
 0 320  0 1264  0  0 120  7  0  1 451 480  0 33 8916 9137 12  0  0  6  3 129  0 519  1 28 397 9212  0  0  0  1 97 1211  0  0 88 1861  0  0  9 3813 6378 12 101 95  0 59  3 5267 
19 153  0 25 33 8303  7  0  1 6589 19 476 775  0 22 140 6229 74  0  0 524  7  0  0 14  0 134  0  2  3  1  0 31 1800  0  0  0 13  0 124  0 2812 37 161 365  0 5345  0  0  0 
 2  0 3798  0  0  5  0 3801  2  2  0  0 58 4056 3331 14 178  0 260 504 5036 4793 142 597 278  0  0  0  0 36 97 31  0  0 11 4455  3 11  0 38  2 2297 387 1479  0  0 893  1 3744 233 
 2 1010  0  0  0  1 139  0  0 7462  0  1  0 1192  0 459  2 1480  0 15 105 90  2  0 565  0 104  0  0  1 1211 1800  0  0 39  0  0  2  2  0  0  7 74  0 6729  0  0  0  0  0 
 0 138 2249  0 4109 4971  0 2226  0 5683 110  0 8494 630  0  0  4  0 1166 1856  0  0 32 280 411 895  0  3  0 121  0  0 11 39  0 19  2  8  7  0  0  0  0  2 694  0  9 3740 2699  5 
 0 3591  0 284  9 4640 15  4 56 859  0 95  0 8080 9238 5207 990  0  0  0 7217  6 53  0 9753  2 7521  3 404  0  0  0 4455  0 19  0  0  0  6  0 11  7  2  0 464  0 20  0  0  0 
47  0 766  1 2059  0 5788 73  0  9 16 39 1525  0 10  0  5  0 10  0  0  0  0  0 23  0 625  0 8520  4 88  0  3  0  2  0  0  0 400  0 628 172  6 38  0  0  6  4  0 1245 
1970 620 20  2  1  0 41  1  1 3071 6562 2339 6921 25  0  0 1560  0 386 27  0 1355 4190 41  1 51 6903  4  0  0 1861 13 11  2  8  0  0  0  1 222 112 21 1543 3860 19 32  0  0  0 80 
 1 2440  0 4281 983  0 892 39 11 289  0  0  5  0  0 347  0  0  0 1219  1  2 190 21 1581 47 9402 130  0  9  0  0  0  2  7  6 400  1  0  0 546  1 5066  0  0 46 137  0 284 52 
 1  2  0  0 253 113 266 6301 18 224  0  0 13  0  2 1448  0 430 623  0  0  0  0  0  0  0  0 266  0  0  0 124 38  0  0  0  0 222  0  0 3347  0 7985  0 237 2185 1384 1020  1 149 
 0  3 44 1831  0 383  1 135 26 8559 1522  4 485 108 65  4 11 23 455  0  3 3549  0  0 49  0 284 339  0  0  9  0  2  0  0 11 628 112 546 3347  0  3 116  0  0 124 71  9 7944  5 
144  0  0 1518 15 69 1847 15 901 524  0  0  0 15 311 1250  5 2743 332 29 4552  3 6124  0 146  0  0  3  0 35 3813 2812 2297  7  0  7 172 21  1  0  3  0  0 20  0  0 5329  0 83  0 
 0 367  0 12  2  5 237  7  0  0  9 40  0  0 39  0 31 122 56  0  0 800  0  0  0  2 581  0 252 9853 6378 37 387 74  0  2  6 1543 5066 7985 116  0  0 142  9  0 81 331 40 113 
 0  4  0  0  0 219 1942 332  0  0  0 31  0  0 3529 366  5 37  0 97  3  5 340  1  0 63 15 352  0 12 12 161 1479  0  2  0 38 3860  0  0  0 20 142  0 6775  0  1 4929 1703 7635 
 1  0  0 284 2957 4876 131  0 1757  0 24 3531  0  0 2629  0 58 4568  0 104  0 3983 5703 414  0  6  2 450  0  0 101 365  0 6729 694 464  0 19  0 237  0  0  9 6775  0 7722 7215  0  0 2024 
 0  0 472  2  4  1  0  0  1  0  5  0  0 410 2435 532  0  0 49  0 1172 25  0  0  0  6 57 128  0 5598 95  0  0  0  0  0  0 32 46 2185 124  0  0  0 7722  0 12  0 221 36 
44  1 41 11 72 2453  0  0  1  8 84 282 143 132  3 1762 284  0 1012 67 5951 1979  5  0 844 2662 190  4  2 18  0 5345 893  0  9 20  6  0 137 1384 71 5329 81  1 7215 12  0 3711  0 645 
14 264  0  0  0  0 296  0  0  0 11  0  0  0  1  0  0  0  0 2217 968  0  0 18  0 12  6  1 76  0 59  0  1  0 3740  0  4  0  0 1020  9  0 331 4929  0  0 3711  0 25  0 
664  0 29  0 15  5 6560 57  1  0  0  0  1  0  1 40 3879  0  0 14 13  0  0  2  6 5644  0  0  2  5  3  0 3744  0 2699  0  0  0 284  1 7944 83 40 1703  0 221  0 25  0  2 
19 6487 184  0 554  0 9308 354  6  0  8 71 2105 17 2159 3976  0  0  0 2072 517  0 3614  0 774  0  0  0  1  0 5267  0 233  0  5  0 1245 80 52 149  5  0 113 7635 2024 36 645  0  2  0 

 0 777  0  0 27 96  0  0  0 1512  0 15 2629  0 88 14  0 79  0  0  0  5 5775  0  9 3052  0 885 408  1  0 47  0  0  0  3 37 561  0  2  0 134  0  0  0 237  0 40 89  0 
777  0 502 1022  0 408  0  0 116  3  0  0 7149  0 7699  0  0 1543  0  0 410 536 848  0 81  0  0  0 434 2350  0  0  0 83 275 3942  0 394 1178  0  2 623  0  7  0  0  0 22 485 2018 
 0 502  0 179 50  2  0 57 188  0  1  8  0  0 95 48 3364 45  0  0  5 886 792  5  0 1698 936  0  0 14  0  0 794  0  0  0 292 29  0  2  0  0  1  0 246 74  0  0  0 1609 
 0 1022 179  0 126  0  0  0 241 173  0  0  6  0  0  0  0  0 11  0  3  0  0  0  2  0  0 18  0  0 786 19  1  0 490  0  0  8 1606  0  0  0  0  2  0  5  3  0  0 1673 
27  0 50 126  0 1039 56  0  1 5267  0  0  1  7 6882 24  0  0  0  0  0 496  0  0  0 942  0  0  0  0  0 11  0  0 6726  1  0  0 529 237 43  1  0  0 3183  0  0  0 47  0 
96 408  2  0 1039  0  0  0  0 260 85  0  0 175 186  0  0 23 58  0  0 609  1  0 476  0 2754  1 124  0  0  0 12  1  0 659 2778  0  0 13 662  0 38  0 1269  0  0  0  0 6008 
 0  0  0  0 56  0  0 35  0  0 6505 176  9  1  0  0 40 6342  3  0 1125  0 18  0 116  0  0 12  3 24 1508  4  0 302 2780  0  0 23  0 536  0 936  0 1836  0 55  3 41 8104  0 
 0  0 57  0  0  0 35  0  1  0  0  0  0  0 14 876  0 37  0  0 229 131  0  0 404 6663 8887  0  0  4 23  0 6625  0 533 13 24  0  3 587  0  0  0 493  1 315  0  0 18  0 
 0 116 188 241  1  0  0  1  0 234  0 10  0  0  3  0 1012  0  0 1954 42 3713  4 30  1  0  0 10  0  0  0  0 35 106  0 44 5909  6  0 12 80 928  0  1 998  1  0  0  0 13 
1512  3  0 173 5267 260  0  0 234  0  3  0  0 109  0  0  2 142  0  0  1 60  3 11  0 27  0  1  0 14  1 3521  0  0 749 642  0 7605  0  0  0 1837 18  0 3238  0  9 60  0 45 
 0  0  1  0  0 85 6505  0  0  3  0 18 14  0  1 1106  6  0  6  8  7  0 4617  0  0  0 5650 1265  0  1 5336 12  0  0 234  0 12 1068  0  0 121  0  0 46  4 13 22  9  0  0 
15  0  8  0  0  0 176  0 10  0 18  0 376 49  3 1412 287 5437  0  0 14  2 1796  0  0 80  7 234 17  0 1558 280  1  0 17 17 483  0  0  0  0  0  0 287 3156 13  0 481  1  0 
2629 7149  0  6  1  0  9  0  0  0 14 376  0  0  0 81  2 925  0  0 4880  5  0 36 111 204  0 713 278  0  0 712 22  0 5748 148  0 478  8  2  0  0  0  0  0 2259 70  0 15  0 
 0  0  0  0  7 175  1  0  0 109  0 49  0  0 1416  0 85  1  0  0 276 69  0 1085  0  0 82  3  3 26  0  0 157 1181 149 339  0 77  0  0  4  5  0  0  0  0 76 9761 5924 156 
88 7699 95  0 6882 186  0 14  3  0  1  3  0 1416  0 1280 236 783 117 609  0  4 33 112  3  9 811 44  0  0 5605 11  0  0  3 3676  3 8894  6  3  4 2008  0 2736  0 1735 59  0  4 1175 
14  0 48  0 24  0  0 876  0  0 1106 1412 81  0 1280  0 864  2 257 568 50 66 19  0  0 596 201 1063  2  0 7252  0  0 498  0 2640  1  1  0 60  6 1114 314 188 118  0 2247  2 369 1046 
 0  0 3364  0  0  0 40  0 1012  2  6 287  2 85 236 864  0 683  0 17  0  1 258 1276 4683 132 198  0 99  1  0 1660 533 28  7  0 18 608  3  4  0  2 178  0  0  0 1499 2032 990  0 
79 1543 45  0  0 23 6342 37  0 142  0 5437 925  1 783  2 683  0 1199  1  0 9254  0 18 279  0  0 791  1  0 17 1410  0 1222  0  0  1 1872  0 1129 11 2466 347  3  0  0  2  0  0  0 
 0  0  0 11  0 58  3  0  0  0  6  0  0  0 117 257  0 1199  0  7  1 2383  4  0  3  0 4011 17 306  1  0  0 179  0 153  0 10 281  1  0  0 144 56 657  0 16  0  0  0  0 
 0  0  0  0  0  0  0  0 1954  0  8  0  0  0 609 568 17  1  7  0  0  0  3 37 356  6 2146 565 86 38  0  0  0 13 952 60 222  0 162  0  0 58  0 184  0  0 12 455  0 892 
 0 410  5  3  0  0 1125 229 42  1  7 14 4880 276  0 50  0  0  1  0  0 44  0  0  0  0 96  0  0  0  0 602 4983  0  0 3131  0  0  0 387 17 152  1  8  0 1870 1140 381 11  0 
 5 536 886  0 496 609  0 131 3713 60  0  2  5 69  4 66  1 9254 2383  0 44  0 5141 599  0  0 13  0 924  0 61  0 6945 215 2191  1  0 86  2  0  0  0  0 19 1859 62 5860  0  0 54 
5775 848 792  0  0  1 18  0  4  3 4617 1796  0  0 33 19 258  0  4  3  0 5141  0  2  0 1543  0  0 11  0 1580  0 387  0  7 1301 58  0 37  0  0 2776  0 197  0  0 14  0 541 867 
 0  0  5  0  0  0  0  0 30 11  0  0 36 1085 112  0 1276 18  0 37  0 599  2  0 221  0 2106  0 878 22  0  0 349  2 4811  0  0  7  2  3 9960  0  4  2 53  0 26  1  3  0 
 9 81  0  2  0 476 116 404  1  0  0  0 111  0  3  0 4683 279  3 356  0  0  0 221  0  0  2 2070 1048 670  4  0  0  0  0 4643  0 13 2092  0  0 40  0  1  0 3693 1008  0 257 100 
3052  0 1698  0 942  0  0 6663  0 27  0 80 204  0  9 596 132  0  0  6  0  0 1543  0  0  0 7592  1  0 75 56  0  0  0 413  0 10 10  0  0  1  0  0 18 127 24 2283  0 1689  0 
 0  0 936  0  0 2754  0 8887  0  0 5650  7  0 82 811 201 198  0 4011 2146 96 13  0 2106  2 7592  0  0 6264 141 95  0  0  8  5 836 1474 3346 2467  0  0  0 169  6  0  0  0 11 7499  0 
885  0  0 18  0  1 12  0 10  1 1265 234 713  3 44 1063  0 791 17 565  0  0  0  0 2070  1  0  0 3532 53 1192  0  1  0 25  0  4  0 113  0 108 235  0  0 317 2151 16  1 11 720 
408 434  0  0  0 124  3  0  0  0  0 17 278  3  0  2 99  1 306 86  0 924 11 878 1048  0 6264 3532  0 12  0  0  0  0 151 7463 7067  0 10  1 6623  0 179  9  0 4214  0  0  0  6 
 1 2350 14  0  0  0 24  4  0 14  1  0  0 26  0  0  1  0  1 38  0  0  0 22 670 75 141 53 12  0  0  0 452  0 20  0  1  2  0  0  0 843 2143  7  2 6318 24  0  1  0 
 0  0  0 786  0  0 1508 23  0  1 5336 1558  0  0 5605 7252  0 17  0  0  0 61 1580  0  4 56 95 1192  0  0  0  0  0  0  1  0 54  0  9  0  2 3650  0 72  0 183  0 127  4 5511 
47  0  0 19 11  0  4  0  0 3521 12 280 712  0 11  0 1660 1410  0  0 602  0  0  0  0  0  0  0  0  0  0  0  4  0 593  0 2848  0  1  0  0  0 38 1627 288  0 3389  0  3  0 
 0  0 794  1  0 12  0 6625 35  0  0  1 22 157  0  0 533  0 179  0 4983 6945 387 349  0  0  0  1  0 452  0  4  0  0  0 1614  8  1 792 93  1 952 49 667 59  1 3440  2  0 1497 
 0 83  0  0  0  1 302  0 106  0  0  0  0 1181  0 498 28 1222  0 13  0 215  0  2  0  0  8  0  0  0  0  0  0  0 46 39  0  0  0  0  0 50 26  1 9117  0  0  0 63 53 
 0 275  0 490 6726  0 2780 533  0 749 234 17 5748 149  3  0  7  0 153 952  0 2191  7 4811  0 413  5 25 151 20  1 593  0 46  0  0  1 51  0  0  0  0 69  1 321  0 11  0  0  6 
 3 3942  0  0  1 659  0 13 44 642  0 17 148 339 3676 2640  0  0  0 60 3131  1 1301  0 4643  0 836  0 7463  0  0  0 1614 39  0  0  0  0  0 54 17  0  2 937 98  0 10  0  0 144 
37  0 292  0  0 2778  0 24 5909  0 12 483  0  0  3  1 18  1 10 222  0  0 58  0  0 10 1474  4 7067  1 54 2848  8  0  1  0  0 90  0  0  0  0  0 92  0  0 15  1  0 5710 
561 394 29  8  0  0 23  0  6 7605 1068  0 478 77 8894  1 608 1872 281  0  0 86  0  7 13 10 3346  0  0  2  0  0  1  0 51  0 90  0  8 754  0 69 670  0 32 198  0  0  0  0 
 0 1178  0 1606 529  0  0  3  0  0  0  0  8  0  6  0  3  0  1 162  0  2 37  2 2092  0 2467 113 10  0  9  1 792  0  0  0  0  8  0  9 1595 61  0  2  0 39 100  0  0  0 
 2  0  2  0 237 13 536 587 12  0  0  0  2  0  3 60  4 1129  0  0 387  0  0  3  0  0  0  0  1  0  0  0 93  0  0 54  0 754  9  0  0 15 774  1 406 4365 1228 3496  3  0 
 0  2  0  0 43 662  0  0 80  0 121  0  0  4  4  6  0 11  0  0 17  0  0 9960  0  1  0 108 6623  0  2  0  1  0  0 17  0  0 1595  0  0  0 116  4  0  0 35  0 442 53 
134 623  0  0  1  0 936  0 928 1837  0  0  0  5 2008 1114  2 2466 144 58 152  0 2776  0 40  0  0 235  0 843 3650  0 952 50  0  0  0 69 61 15  0  0  0 13  0  0 7942  0 569  0 
 0  0  1  0  0 38  0  0  0 18  0  0  0  0  0 314 178 347 56  0  1  0  0  4  0  0 169  0 179 2143  0 38 49 26 69  2  0 670  0 774 116  0  0 13  0  0 15 784 18  0 
 0  7  0  2  0  0 1836 493  1  0 46 287  0  0 2736 188  0  3 657 184  8 19 197  2  1 18  6  0  9  7 72 1627 667  1  1 937 92  0  2  1  4 13 13  0 4021 807  0 3701 1120  0 
 0  0 246  0 3183 1269  0  1 998 3238  4 3156  0  0  0 118  0  0  0  0  0 1859  0 53  0 127  0 317  0  2  0 288 59 9117 321 98  0 32  0 406  0  0  0 4021  0 7087  0  0  0  0 
237  0 74  5  0  0 55 315  1  0 13 13 2259  0 1735  0  0  0 16  0 1870 62  0  0 3693 24  0 2151 4214 6318 183  0  1  0  0  0  0 198 39 4365  0  0  0 807 7087  0 18 3576 178 12 
 0  0  0  3  0  0  3  0  0  9 22  0 70 76 59 2247 1499  2  0 12 1140 5860 14 26 1008 2283  0 16  0 24  0 3389 3440  0 11 10 15  0 100 1228 35 7942 15  0  0 18  0 3613 1789 706 
40 22  0  0  0  0 41  0  0 60  9 481  0 9761  0  2 2032  0  0 455 381  0  0  1  0  0 11  1  0  0 127  0  2  0  0  0  1  0  0 3496  0  0 784 3701  0 3576 3613  0  0  0 
89 485  0  0 47  0 8104 18  0  0  0  1 15 5924  4 369 990  0  0  0 11  0 541  3 257 1689 7499 11  0  1  4  3  0 63  0  0  0  0  0  3 442 569 18 1120  0 178 1789  0  0  0 
 0 2018 1609 1673  0 6008  0  0 13 45  0  0  0 156 1175 1046  0  0  0 892  0 54 867  0 100  0  0 720  6  0 5511  0 1497 53  6 144 5710  0  0  0 53  0  0  0  0 12 706  0  0  0 

 0 164  0 202  0 2031 11  0  0 237  0 514 3472 1002  0 11  4  5 9207  0 68  0  0  5 251 406  0  0 8302 1661  2 63  0  0  0 456  1 472  0  3  0  0  1  0  0  8  0  0  0  0 
164  0  0 57  0 9662  3  0  0  0  0 84 2809 875  0 3577  0  0 233 172  0 1768  0 1242  0  0  0  0  0 217 493 31  5  0 7637 19  1 511 5851 39  0 11 8251 12  9  0  0 124  2 8295 
 0  0  0 5223  0  0 38 549 859  0 969  0  0  0  1  0 2286 894 39  0 29 1035  0  0 8701 10 1744  0  0  0 21  8 106  0 68  0  0 21  2  0 14  0 51 49  1  0 184  0  0 534 
202 57 5223  0  0  0 7395 583 157  0  9 102  1  2  0 82 40 1160  0  0  2  0 3025 241  0 6077 272 134 26 274 673 736  5  0  1  0  0  0 8471 61  0 2631 231 2742  0  1 140  0  9 10 
 0  0  0  0  0 1368  0  2 7652  0 8883 19  2 155 799 2492 164  0  0  0 1740  0 11  4  0  0  0 19  0  0 38  5  0  0  0  0 3091  2  0  0  0  3 36  2  0  0 110  1 13 196 
2031 9662  0  0 1368  0  0  0  0 145  0  0  0  0 1324  0  0  0  7  0  1  0  1 360  2  1 112  0 1258 4661  0 280  9  0 5663 17 5636 66  0  0  0  0  4 146 4184  0 179  0  8  0 
11  3 38 7395  0  0  0  0  0  5 3858 70  0 36  1  0  1  0  0  2 1345  0  0  0  0  0  1  0  0 15  0  0 169 206  0 108 373 268 370 126  2  0 295  0 38 1898  4  0 1518 591 
 0  0 549 583  2  0  0  0  0 681 286 5853 349  9 65 407  7 460  0  0 94 60  0 51 2335  4 441  0 130 33  0 865 56  4  0  0 35 26  4 1846  0  4 33 1301  1  0  0  0 235 612 
 0  0 859 157 7652  0  0  0  0 913  0  0  9 2178  2  0  0  3 10  0 44 1829  0  0 350 2246  0  0  0  0 1654  0  0  0 366  0  0  0 151 13 63  0 9422 312 1505  8  0  0  4 71 
237  0  0  0  0 145  5 681 913  0  3 321  0 521  0 2128 19 6718 2142  8  1  8  0  1  0  0 16 7028  7 132  2 972  2 1028 266  0  0 469 2166 278 9550 96 2029 6212  0 378 45  0  0  0 
 0  0 969  9 8883  0 3858 286  0  3  0 48  0 10 12 1151  0 81 36 43  1  0  5 8165  0  0 1836  0  0 254 28  0  0 120 2192  0  0  0  2  0 800 50  0 87  0 215 643  7  1  1 
514 84  0 102 19  0 70 5853  0 321 48  0  0 558  5 1113  0 264 10 17 36  9 1003 5890 34  0 14 35  0 82 5319  0  0  0 11 220 44 1180 10  0 502 86  0  6 9682  0 1307  0  0 20 
3472 2809  0  1  2  0  0 349  9  0  0  0  0  0  0 108  0 1252  0 374  0  0  0 60  0  8  0  0 125  5  0  0  0  0  0  0 9374 336  0  0  0  2  0 91  4 556  0 3244 1569 1663 
1002 875  0  2 155  0 36  9 2178 521 10 558  0  0 80 110 10  2 173 4195  0  0 193 7630  9 98 44 38 23  3  0  0 482 603 561  0 878 11  0  0 32 28  4  0 12  5  5  3 21 137 
 0  0  1  0 799 1324  1 65  2  0 12  5  0 80  0  0  0  0  0  0 52  0 152  0  0  9 537 24  0 15 46  6 314 48  1 4989 71  9  0  2  0  0 15 306 8385 218 17  0  2  0 
11 3577  0 82 2492  0  0 407  0 2128 1151 1113 108 110  0  0 162 173 357  5  0 255  1 3124  4  3 176  0  0  0  0 57 285 75  0 146  0  3  0 217  1  0 2362 85  0  0  0 22  0 2796 
 4  0 2286 40 164  0  1  7  0 19  0  0  0 10  0 162  0 2154 118 21  0  0 141 4408 640  4 2468  3  0  1 10 6851 128  1 59 4998 27  0  1  0 12  4 18 79  0  0  0  9 5317  1 
 5  0 894 1160  0  0  0 460  3 6718 81 264 1252  2  0 173 2154  0 962  1  1  5 30  0 154 87  2 154  9  0 1972 219  1 1227  0 353  0 352 2788 53  2 5880  3 62 3121 21 1077  0  2 411 
9207 233 39  0  0  7  0  0 10 2142 36 10  0 173  0 357 118 962  0  2  0 479  0  5  2 10 546 285  0  0  1  0  0  0 561  0  1  7 41  0  0  0 381  0  2  3 254  0 86 500 
 0 172  0  0  0  0  2  0  0  8 43 17 374 4195  0  5 21  1  2  0  1  0  0  4 20 50  0 26  0 7227 26 74  0 82 4398  0  0 66 5032 80  3 18  1  0  0  1 27 196  0  0 
68  0 29  2 1740  1 1345 94 44  1  1 36  0  0 52  0  0  1  0  1  0  2  0  0  0  0 2878  0  0  0  0 2201  0 181  0 5151 265  0 40  0  0  0  0  5  0 4998  0  0 83 59 
 0 1768 1035  0  0  0  0 60 1829  8  0  9  0  0  0 255  0  5 479  0  2  0 343  0  3  0  0  0  0  1 1106  0 274 2850  0  7  0 55  0 7192  0 17 100 31  0  0  0  0  0 3639 
 0  0  0 3025 11  1  0  0  0  0  5 1003  0 193 152  1 141 30  0  0  0 343  0  0  0  0  0 88  0  8  0  0 52 90  0  0 1829  0 115  1  1  0  0 10 856  2  3  0  7 181 
 5 1242  0 241  4 360  0 51  0  1 8165 5890 60 7630  0 3124 4408  0  5  4  0  0  0  0  0 819 2639  0 20  0 4270  0 1246  8 231 10  0 41  3  0 82  0  0  0  0  3 15  0 182  0 
251  0 8701  0  0  2  0 2335 350  0  0 34  0  9  0  4 640 154  2 20  0  3  0  0  0 31  5  0 505  0  0  0 564  0 155  0 51  0 3574  0 73 194  0  0  0 14 809 37 68 1395 
406  0 10 6077  0  1  0  4 2246  0  0  0  8 98  9  3  4 87 10 50  0  0  0 819 31  0 5526  0 224  0 54  0 154  0  0  1  0  0 70  3 57  0  7  0 23  0 3052 54  3  0 
 0  0 1744 272  0 112  1 441  0 16 1836 14  0 44 537 176 2468  2 546  0 2878  0  0 2639  5 5526  0  3 5013 300 70 139 25 154  5 2412  0 3845 1285  0  0 11  0 28  0  0  0  1 114  0 
 0  0  0 134 19  0  0  0  0 7028  0 35  0 38 24  0  3 154 285 26  0  0 88  0  0  0  3  0  0  0 2606  0  0 1811  2 13  0  0  0 6101  0  0  3 103 284  0  1  0  5  0 
8302  0  0 26  0 1258  0 130  0  7  0  0 125 23  0  0  0  9  0  0  0  0  0 20 505 224 5013  0  0 123  0  8  0  0  0 2033 1643  1 1668 13  0  2  0  0  0  0  1 584 113  1 
1661 217  0 274  0 4661 15 33  0 132 254 82  5  3 15  0  1  0  0 7227  0  1  8  0  0  0 300  0 123  0  0  0  0  0  0  0  4  0 277  0  0 93 1812  0  1  0  0 4447 41  0 
 2 493 21 673 38  0  0  0 1654  2 28 5319  0  0 46  0 10 1972  1 26  0 1106  0 4270  0 54 70 2606  0  0  0  0  1 1009  1  0 853 3202  1  1  0  0 1300 28  0  0  0 1008  0 3109 
63 31  8 736  5 280  0 865  0 972  0  0  0  0  6 57 6851 219  0 74 2201  0  0  0  0  0 139  0  8  0  0  0  0 1943  0 396  0  4 46 74 5706  0 463  0 1275  0  0  0  0  0 
 0  5 106  5  0  9 169 56  0  2  0  0  0 482 314 285 128  1  0  0  0 274 52 1246 564 154 25  0  0  0  1  0  0  7  0  0  0  0  0  0  6 156 4765 55  0  0 9638  0  0 1384 
 0  0  0  0  0  0 206  4  0 1028 120  0  0 603 48 75  1 1227  0 82 181 2850 90  8  0  0 154 1811  0  0 1009 1943  7  0  0  0  0 33  0 167  0  0  0  0 3941  0  0  0 597  0 
 0 7637 68  1  0 5663  0  0 366 266 2192 11  0 561  1  0 59  0 561 4398  0  0  0 231 155  0  5  2  0  0  1  0  0  0  0  0  3  8  0  4  0  2  0 17  0  0  0  0 15 11 
456 19  0  0  0 17 108  0  0  0  0 220  0  0 4989 146 4998 353  0  0 5151  7  0 10  0  1 2412 13 2033  0  0 396  0  0  0  0  0 4224 22  0 98  5  1 1071  0  2  0  0 9375  0 
 1  1  0  0 3091 5636 373 35  0  0  0 44 9374 878 71  0 27  0  1  0 265  0 1829  0 51  0  0  0 1643  4 853  0  0  0  3  0  0  0 4400 2657 340  1  0 235  0  0  5 14  1 4187 
472 511 21  0  2 66 268 26  0 469  0 1180 336 11  9  3  0 352  7 66  0 55  0 41  0  0 3845  0  1  0 3202  4  0 33  8 4224  0  0  2 42 16 26 1817 6540 51  0  0  0  0 37 
 0 5851  2 8471  0  0 370  4 151 2166  2 10  0  0  0  0  1 2788 41 5032 40  0 115  3 3574 70 1285  0 1668 277  1 46  0  0  0 22 4400  2  0  0 2650  0 3071 376 75 343  0  0  3 78 
 3 39  0 61  0  0 126 1846 13 278  0  0  0  0  2 217  0 53  0 80  0 7192  1  0  0  3  0 6101 13  0  1 74  0 167  4  0 2657 42  0  0 128  0 2644  0  0  0 514  0  0  0 
 0  0 14  0  0  0  2  0 63 9550 800 502  0 32  0  1 12  2  0  3  0  0  1 82 73 57  0  0  0  0  0 5706  6  0  0 98 340 16 2650 128  0  4  0  1 515  0 192  0  0  0 
 0 11  0 2631  3  0  0  4  0 96 50 86  2 28  0  0  4 5880  0 18  0 17  0  0 194  0 11  0  2 93  0  0 156  0  2  5  1 26  0  0  4  0  0  0 29 12 3525  0  9 1717 
 1 8251 51 231 36  4 295 33 9422 2029  0  0  0  4 15 2362 18  3 381  1  0 100  0  0  0  7  0  3  0 1812 1300 463 4765  0  0  1  0 1817 3071 2644  0  0  0 89  0  0 1441  0 35  0 
 0 12 49 2742  2 146  0 1301 312 6212 87  6 91  0 306 85 79 62  0  0  5 31 10  0  0  0 28 103  0  0 28  0 55  0 17 1071 235 6540 376  0  1  0 89  0 1607 12  5 8478  0 1459 
 0  9  1  0  0 4184 38  1 1505  0  0 9682  4 12 8385  0  0 3121  2  0  0  0 856  0  0 23  0 284  0  1  0 1275  0 3941  0  0  0 51 75  0 515 29  0 1607  0  0 4427  0  0 177 
 8  0  0  1  0  0 1898  0  8 378 215  0 556  5 218  0  0 21  3  1 4998  0  2  3 14  0  0  0  0  0  0  0  0  0  0  2  0  0 343  0  0 12  0 12  0  0  1  1 2922 12 
 0  0 184 140 110 179  4  0  0 45 643 1307  0  5 17  0  0 1077 254 27  0  0  3 15 809 3052  0  1  1  0  0  0 9638  0  0  0  5  0  0 514 192 3525 1441  5 4427  1  0  0  0 83 
 0 124  0  0  1  0  0  0  0  0  7  0 3244  3  0 22  9  0  0 196  0  0  0  0 37 54  1  0 584 4447 1008  0  0  0  0  0 14  0  0  0  0  0  0 8478  0  1  0  0 34  0 
 0  2  0  9 13  8 1518 235  4  0  1  0 1569 21  2  0 5317  2 86  0 83  0  7 182 68  3 114  5 113 41  0  0  0 597 15 9375  1  0  3  0  0  9 35  0  0 2922  0 34  0  0 
 0 8295 534 10 196  0 591 612 71  0  1 20 1663 137  0 2796  1 411 500  0 59 3639 181  0 1395  0  0  0  1  0 3109  0 1384  0 11  0 4187 37 78  0  0 1717  0 1459 177 12 83  0  0  0 

 0 72 7476  1 268 8723 3087  0 18  2 437 233  8  3 106  0  0 2059  0 512  0 198 526 194  0  1  0  0 387 29 185 29 136  0 111 4291 1461  1 1496 889 13 628  0 2060  0  0 23  0 187  0 
72  0  0  0 19 112 4474 7255  0  0  0  0  0  0  0 154  0  0 40 6178  8  6  0  0 133 57 72  0 5827 4982  0  0  0  0  0  0 7560 73  0 419  0 47  0  0  0  6  0  0  0  0 
7476  0  0  0  0 160 44 9932  0  0  7  0 41  0  0  0  0 10  0  1  0  1  0  0  0 3234 270 160  0  0 35  0  1 115  0  0  5  0  0  0  0 3850 3935  2 57  1  2  5 2589  0 
 1  0  0  0  4  0  0 8376  4  3  1 4618 63 214 1519 17  0  0  1  0 80 145  0  0  0  1 814 15  0  0  0 127  2 2659 1788 2566  0  0  1  0  0  0  0  3  0  0 279 110 11  0 
268 19  0  4  0  0 554  5 476 485 16 92  0 978 68  5 1667  0 6816 672 2990  0 3577  0  5  3 8860  0 86 33 52  0  0  4  0 363  0 141  0  0  0  0  0 2894  0  2  0 496 3783  2 
8723 112 160  0  0  0 110  1 746 2946  0 4405 2635 1684  0 34  1  0 17 367  0  0  0 32 31  0  0  5 361  0  0  4  0  0  2  0  6 197 103  0  0  0 118  0 89 644  0 26 61  0 
3087 4474 44  0 554 110  0  6  0 6720  0 541  0 1809 1796  0 99  0  1  2  0 3556  0  1  0  0  0 146 8814  1  0  0 40  0 9771  0  0 2092 4094  0  0  0 361  0 20 30 18 455  0  0 
 0 7255 9932 8376  5  1  6  0  2  0  0  0 134 1690 6311 4195  5 1230  0  0 12  0  0 7678 8416 21  0  0 1449  0  0  2  6 12  3  0 43  3  0  0 4548  0  0  0 54 13  0 5091  0  0 
18  0  0  4 476 746  0  2  0 10  6  0 4542  0 35  0 116 156 312 4131 2912  1  0 587  7  0 668 549 27  0  0 15  0 35 33 245 10 6970 134  0  0  0 98 55  0  0 4258 2187  0  0 
 2  0  0  3 485 2946 6720  0 10  0  0  0 12  0 86  1  0  0  0  0 720 6770  1 1040  0 188  1  1 10  0 125  0  0 4410 3142 2091  0  2 75  0  0 16 258 5847 60  2 87 2720 41  0 
437  0  7  1 16  0  0  0  6  0  0 7382  0 207 10 1220  0  3  0  0 56  0 4556 2776  3  3 92  0 592 288 136 5792 2969 33  0 416  0  0 133  0  0 199  0  0  0  0 185  0 3342  0 
233  0  0 4618 92 4405 541  0  0  0 7382  0 1928  1  4 19 296 71  1  2 789  0 7127 12  0 15 2921 22  0 279 4246  0  4 4088  2  0  0  0  0 1764  0  0  0  0  0  3  0 1993  0 45 
 8  0 41 63  0 2635  0 134 4542 12  0 1928  0  0 34  0 497 540 1827 10  0 1781 1205  0  0 148  3  7  0  1  5 23  3 123 28  0  0  0  0 14  1  0  0 72 6188  0  0 17 1059 7973 
 3  0  0 214 978 1684 1809 1690  0  0 207  1  0  0  0 13  0  0  0 1604 1524  0 154  0 19  0  0  1  0 7510 191 477  0 64 23 38 166  0 2883 11 1164  0 2531  1 41  0 4429 320 522  0 
106  0  0 1519 68  0 1796 6311 35 86 10  4 34  0  0  0  2  0 125  0  0  0  0 446 3898  0  1  0 800  0 3299 8133  6 142  3  0  0 2296  6  0  0  0  0 1246 772 92  0  0  0 239 
 0 154  0 17  5 34  0 4195  0  1 1220 19  0 13  0  0  0 28  1  7 25  0  0 39  0  0 4669  0  3  0 902 11 802 11 58  3  0  0  0  7 6200 692  0  9  1  0  1 5653  1  0 
 0  0  0  0 1667  1 99  5 116  0  0 296 497  0  2  0  0 1431 151  0 6307 1127  0  0  0  1  1  5  0  3  0  0  0  0 1017  0 81  4 9325 246 6540  0  0 47  2  1 745 22  0  0 
2059  0 10  0  0  0  0 1230 156  0  3 71 540  0  0 28 1431  0 7075  0 2078  0 240  0  1  0  0  0 297  0  0 156 82 245 285 303 147 8431  5  0  0  7  0  0  0  0  6 30  1 26 
 0 40  0  1 6816 17  1  0 312  0  0  1 1827  0 125  1 151 7075  0  0  2 111 378 19  0  0  0  0  4  0 454 192 1936  0  0 48 3370 6084  0 35  0  0  0  0  0 4633  2 13 70 105 
512 6178  1  0 672 367  2  0 4131  0  0  2 10 1604  0  7  0  0  0  0  2  0 15  0  0  0 3716  1 536 64  0  1 27  0  0  3 3822  0  0  4 3963 5610  2 9840  0 25  0 1209 27  8 
 0  8  0 80 2990  0  0 12 2912 720 56 789  0 1524  0 25 6307 2078  2  2  0  2  0  0  0  0 30  0 313 41 2265  0  0  0 3309 6567 52 2889  0 1607  0  0  0  0 1070  0  0  0  0  0 
198  6  1 145  0  0 3556  0  1 6770  0  0 1781  0  0  0 1127  0 111  0  2  0  3 173  2 495 174 452  0  2  0  0 18 1126 1279  9  0  0  0 11  0  0 11  0  0  0  0  9  1  0 
526  0  0  0 3577  0  0  0  0  1 4556 7127 1205 154  0  0  0 240 378 15  0  3  0  9  0  0  0  0  5 58 11  3 186  0  0  0 240 2554 7773 1394 67  0  0  0  0  0 685  0  0 28 
194  0  0  0  0 32  1 7678 587 1040 2776 12  0  0 446 39  0  0 19  0  0 173  9  0  0 8571  6  6  0 868  0 72  0 1099  0  1  8 56  0  0 1710 157 4055  0  0  1 1562  0  0  0 
 0 133  0  0  5 31  0 8416  7  0  3  0  0 19 3898  0  0  1  0  0  0  2  0  0  0  3 1295 6790 5923  0  0 7763 136 36 8673  0 61  0  0 21  1 896  1 84  0  0 315 203  0  0 
 1 57 3234  1  3  0  0 21  0 188  3 15 148  0  0  0  1  0  0  0  0 495  0 8571  3  0  0 38  0 1511 651 269 872  0  0 1111 513 23  0  0  0  0  0  0  0  0 437  0 3662 12 
 0 72 270 814 8860  0  0  0 668  1 92 2921  3  0  1 4669  1  0  0 3716 30 174  0  6 1295  0  0 6985 1111  0 273  0  0  0 100 128  0  0  0  0  0 75  0  0  0 2306 3128  0 157 11 
 0  0 160 15  0  5 146  0 549  1  0 22  7  1  0  0  5  0  0  1  0 452  0  6 6790 38 6985  0  0 97 166 1375 1174  0  1 17 74  1  0  0  0 34 3857  0  0  0  0  3 507  0 
387 5827  0  0 86 361 8814 1449 27 10 592  0  0  0 800  3  0 297  4 536 313  0  5  0 5923  0 1111  0  0 5913 845  0 267 4669 1355  0 21 3197  1  0  0  4  0 1420  0  1 97 29  0  0 
29 4982  0  0 33  0  1  0  0  0 288 279  1 7510  0  0  3  0  0 64 41  2 58 868  0 1511  0 97 5913  0 2138  0 1471 2250  0  1 14  0 228 32 132 422  0  3 50  0  0  0 318 43 
185  0 35  0 52  0  0  0  0 125 136 4246  5 191 3299 902  0  0 454  0 2265  0 11  0  0 651 273 166 845 2138  0 91 29  0  0 111  0 260 33 410  0  0  0  2 1050 36 521  7  0  1 
29  0  0 127  0  4  0  2 15  0 5792  0 23 477 8133 11  0 156 192  1  0  0  3 72 7763 269  0 1375  0  0 91  0 439  0 1245  5  0  0 241 602  1 13 22  0  0 9992  0  0 1816  6 
136  0  1  2  0  0 40  6  0  0 2969  4  3  0  6 802  0 82 1936 27  0 18 186  0 136 872  0 1174 267 1471 29 439  0 13  0  6 2106  0  3  0 173  0  1 82  3  0 1499 33  0  0 
 0  0 115 2659  4  0  0 12 35 4410 33 4088 123 64 142 11  0 245  0  0  0 1126  0 1099 36  0  0  0 4669 2250  0  0 13  0  1  7  0  0 539 261  0 2324  0 12 218  7  3  2  0 96 
111  0  0 1788  0  2 9771  3 33 3142  0  2 28 23  3 58 1017 285  0  0 3309 1279  0  0 8673  0 100  1 1355  0  0 1245  0  1  0 519  0  0  0 397 168  2  0  0  5  2 246  0 35 890 
4291  0  0 2566 363  0  0  0 245 2091 416  0  0 38  0  3  0 303 48  3 6567  9  0  1  0 1111 128 17  0  1 111  5  6  7 519  0 39 562  2 928  0 142 9321 30  0 17  0  4 355  0 
1461 7560  5  0  0  6  0 43 10  0  0  0  0 166  0  0 81 147 3370 3822 52  0 240  8 61 513  0 74 21 14  0  0 2106  0  0 39  0  1  0 13  0 120  0 6227 9706 1024  0  0 1197  0 
 1 73  0  0 141 197 2092  3 6970  2  0  0  0  0 2296  0  4 8431 6084  0 2889  0 2554 56  0 23  0  1 3197  0 260  0  0  0  0 562  1  0  0  0  7  0  8 4516 63  0 69 947  6 848 
1496  0  0  1  0 103 4094  0 134 75 133  0  0 2883  6  0 9325  5  0  0  0  0 7773  0  0  0  0  0  1 228 33 241  3 539  0  2  0  0  0 97  0  0  0  7  2 227  0 7274 21  0 
889 419  0  0  0  0  0  0  0  0  0 1764 14 11  0  7 246  0 35  4 1607 11 1394  0 21  0  0  0  0 32 410 602  0 261 397 928 13  0 97  0  0  1 2930 7348  0  0  0  0  0 388 
13  0  0  0  0  0  0 4548  0  0  0  0  1 1164  0 6200 6540  0  0 3963  0  0 67 1710  1  0  0  0  0 132  0  1 173  0 168  0  0  7  0  0  0 102  0 12 11  0  0  0  0 69 
628 47 3850  0  0  0  0  0  0 16 199  0  0  0  0 692  0  7  0 5610  0  0  0 157 896  0 75 34  4 422  0 13  0 2324  2 142 120  0  0  1 102  0 550  0  1 356  0 23  0 390 
 0  0 3935  0  0 118 361  0 98 258  0  0  0 2531  0  0  0  0  0  2  0 11  0 4055  1  0  0 3857  0  0  0 22  1  0  0 9321  0  8  0 2930  0 550  0  0  0 1287  0  0  1 573 
2060  0  2  3 2894  0  0  0 55 5847  0  0 72  1 1246  9 47  0  0 9840  0  0  0  0 84  0  0  0 1420  3  2  0 82 12  0 30 6227 4516  7 7348 12  0  0  0 21  9  0  0  0  4 
 0  0 57  0  0 89 20 54  0 60  0  0 6188 41 772  1  2  0  0  0 1070  0  0  0  0  0  0  0  0 50 1050  0  3 218  5  0 9706 63  2  0 11  1  0 21  0  0  0 4847 256  1 
 0  6  1  0  2 644 30 13  0  2  0  3  0  0 92  0  1  0 4633 25  0  0  0  1  0  0 2306  0  1  0 36 9992  0  7  2 17 1024  0 227  0  0 356 1287  9  0  0 36 49  9  0 
23  0  2 279  0  0 18  0 4258 87 185  0  0 4429  0  1 745  6  2  0  0  0 685 1562 315 437 3128  0 97  0 521  0 1499  3 246  0  0 69  0  0  0  0  0  0  0 36  0  1 114 311 
 0  0  5 110 496 26 455 5091 2187 2720  0 1993 17 320  0 5653 22 30 13 1209  0  9  0  0 203  0  0  3 29  0  7  0 33  2  0  4  0 947 7274  0  0 23  0  0 4847 49  1  0  0  2 
187  0 2589 11 3783 61  0  0  0 41 3342  0 1059 522  0  1  0  1 70 27  0  1  0  0  0 3662 157 507  0 318  0 1816  0  0 35 355 1197  6 21  0  0  0  1  0 256  9 114  0  0  0 
 0  0  0  0  2  0  0  0  0  0  0 45 7973  0 239  0  0 26 105  8  0  0 28  0  0 12 11  0  0 43  1  6  0 96 890  0  0 848  0 388 69 390 573  4  1  0 311  2  0  0 
