100
0 1 13 13 38 53
0 2 34 60 65 64
0 3 95 61 85 93
0 4 23 18 26 12
0 5 84 54 89 53
0 6 16 22 24 46
0 7 27 49 25 60
0 8 3 9 1 39
0 9 38 32 32 39
0 10 37 62 40 44
0 11 45 62 26 23
0 12 35 21 54 58
0 13 46 52 37 46
0 14 91 78 50 50
0 15 94 94 56 68
0 16 47 50 57 43
0 17 81 44 56 69
0 18 81 60 60 65
0 19 4 5 7 17
0 20 42 59 30 28
0 21 98 97 49 76
0 22 37 49 54 67
0 23 67 82 46 76
0 24 29 37 21 24
0 25 40 53 24 49
0 26 81 72 43 56
0 27 32 49 63 23
0 28 40 34 28 55
0 29 42 47 57 51
0 30 28 29 57 46
0 31 58 71 50 77
0 32 4 11 17 31
0 33 6 42 48 20
0 34 26 51 54 21
0 35 34 18 62 63
0 36 96 91 49 84
0 37 33 57 40 19
0 38 83 71 86 50
0 39 44 55 53 28
0 40 9 15 14 31
0 41 53 64 55 45
0 42 16 37 29 30
0 43 94 91 53 76
0 44 1 3 34 30
0 45 91 76 58 62
0 46 62 71 61 76
0 47 37 20 38 25
0 48 94 50 67 70
0 49 50 44 48 28
0 50 54 57 49 28
0 51 33 22 58 41
0 52 88 87 73 49
0 53 32 62 24 34
0 54 69 62 40 49
0 55 90 79 87 46
0 56 38 68 48 41
0 57 30 17 57 28
0 58 34 59 30 35
0 59 25 55 44 27
0 60 98 65 99 58
0 61 15 14 24 30
0 62 2 39 33 15
0 63 76 80 68 67
0 64 49 63 33 70
0 65 63 44 62 50
0 66 56 61 60 29
0 67 59 45 50 45
0 68 37 57 65 35
0 69 52 46 44 27
0 70 51 56 70 67
0 71 6 13 41 27
0 72 70 69 71 36
0 73 32 48 38 41
0 74 39 20 46 20
0 75 82 50 62 52
0 76 70 74 54 48
0 77 66 68 34 79
0 78 8 51 37 19
0 79 38 54 63 41
0 80 94 88 84 70
0 81 72 48 62 71
0 82 0 31 3 40
0 83 18 9 10 14
0 84 75 85 80 71
0 85 20 25 58 43
0 86 94 90 86 73
0 87 42 30 70 41
0 88 95 97 82 83
0 89 10 49 26 24
0 90 8 14 29 53
0 91 57 53 46 69
0 92 26 58 45 61
0 93 69 68 57 62
0 94 27 29 29 29
0 95 40 54 32 69
0 96 80 80 55 57
0 97 65 52 80 61
0 98 0 18 49 40
0 99 36 42 65 61
1 2 40 63 23 51
1 3 24 23 61 43
1 4 88 79 69 73
1 5 99 94 51 71
1 6 83 45 66 77
1 7 90 87 87 68
1 8 67 50 68 47
1 9 41 30 27 26
1 10 67 81 47 77
1 11 47 43 41 61
1 12 97 59 78 78
1 13 59 38 54 64
1 14 72 66 83 84
1 15 31 24 45 45
1 16 47 66 25 46
1 17 12 39 11 49
1 18 78 60 43 41
1 19 71 39 66 40
1 20 42 71 49 37
1 21 3 38 22 48
1 22 94 57 95 66
1 23 76 67 74 75
1 24 70 51 82 59
1 25 0 34 25 30
1 26 17 35 25 55
1 27 23 33 49 24
1 28 95 48 93 92
1 29 72 40 78 41
1 30 69 35 43 84
1 31 95 93 77 68
1 32 68 42 72 51
1 33 38 46 59 23
1 34 28 54 36 18
1 35 75 42 73 40
1 36 58 56 75 31
1 37 40 40 37 22
1 38 92 52 64 66
1 39 40 46 59 67
1 40 98 54 77 95
1 41 98 55 50 78
1 42 28 36 50 49
1 43 73 46 58 69
1 44 68 54 83 53
1 45 10 27 40 18
1 46 36 27 41 21
1 47 52 44 32 61
1 48 85 49 42 73
1 49 96 61 56 77
1 50 8 13 23 26
1 51 32 65 56 44
1 52 34 55 26 60
1 53 63 80 81 39
1 54 65 78 67 62
1 55 65 50 38 78
1 56 35 66 26 20
1 57 27 23 18 51
1 58 78 59 64 68
1 59 41 36 41 46
1 60 93 93 61 46
1 61 4 49 51 21
1 62 77 45 66 88
1 63 12 35 21 46
1 64 57 69 56 33
1 65 51 69 34 72
1 66 60 58 47 31
1 67 41 21 26 47
1 68 16 16 12 27
1 69 92 70 76 71
1 70 83 89 50 87
1 71 92 52 89 93
1 72 50 26 38 60
1 73 28 55 18 22
1 74 2 42 49 33
1 75 58 51 66 75
1 76 21 53 26 45
1 77 83 47 60 58
1 78 6 53 43 52
1 79 54 58 33 68
1 80 22 48 15 40
1 81 20 21 31 39
1 82 42 33 23 31
1 83 51 37 58 45
1 84 6 6 17 9
1 85 25 15 48 50
1 86 61 73 41 42
1 87 50 53 70 52
1 88 14 39 15 44
1 89 11 24 29 51
1 90 47 57 39 52
1 91 96 55 49 60
1 92 77 78 63 66
1 93 68 74 70 63
1 94 50 50 63 48
1 95 90 65 86 78
1 96 60 75 49 47
1 97 22 25 30 18
1 98 71 38 81 65
1 99 38 37 27 40
2 3 33 53 42 49
2 4 27 22 62 28
2 5 18 37 9 31
2 6 81 58 62 78
2 7 81 49 74 63
2 8 39 34 42 49
2 9 1 11 30 28
2 10 14 27 47 36
2 11 75 79 61 80
2 12 39 24 64 33
2 13 87 84 77 70
2 14 51 46 34 66
2 15 26 58 15 53
2 16 96 80 69 69
2 17 92 86 56 53
2 18 92 51 60 68
2 19 5 46 33 36
2 20 13 8 13 20
2 21 88 84 86 54
2 22 26 45 14 53
2 23 34 23 32 24
2 24 59 56 54 75
2 25 78 71 79 52
2 26 29 41 24 57
2 27 54 60 63 59
2 28 85 67 53 72
2 29 60 54 47 56
2 30 94 85 63 52
2 31 96 86 63 63
2 32 88 52 82 73
2 33 9 39 8 32
2 34 18 30 57 43
2 35 31 44 46 20
2 36 63 52 44 63
2 37 3 38 35 48
2 38 17 9 10 45
2 39 87 90 69 56
2 40 26 44 32 27
2 41 74 45 40 39
2 42 21 54 31 17
2 43 8 23 43 25
2 44 59 70 36 73
2 45 96 68 90 60
2 46 59 65 31 59
2 47 8 5 46 25
2 48 27 46 31 57
2 49 1 37 30 43
2 50 90 65 82 77
2 51 42 58 64 62
2 52 42 26 66 60
2 53 6 35 7 30
2 54 2 6 50 15
2 55 45 66 38 57
2 56 8 30 24 35
2 57 99 94 51 71
2 58 74 56 70 79
2 59 30 37 27 24
2 60 88 68 86 56
2 61 91 52 49 94
2 62 78 61 50 71
2 63 87 93 75 92
2 64 75 48 38 78
2 65 69 57 43 46
2 66 50 38 26 70
2 67 48 52 43 62
2 68 50 37 52 72
2 69 9 42 19 39
2 70 4 4 46 6
2 71 70 43 83 73
2 72 18 31 35 10
2 73 14 53 23 31
2 74 76 74 73 72
2 75 13 26 49 31
2 76 66 43 70 44
2 77 53 39 29 75
2 78 27 62 22 59
2 79 4 32 38 27
2 80 19 33 58 17
2 81 44 53 60 30
2 82 43 61 65 65
2 83 39 59 27 29
2 84 14 16 18 27
2 85 49 72 35 26
2 86 7 13 51 34
2 87 62 80 38 44
2 88 40 46 29 67
2 89 15 30 49 47
2 90 20 22 11 55
2 91 85 68 69 80
2 92 80 41 43 83
2 93 48 65 46 41
2 94 78 41 43 57
2 95 78 62 85 61
2 96 94 87 57 95
2 97 45 65 57 62
2 98 49 27 30 43
2 99 58 40 72 53
3 4 58 57 73 60
3 5 35 47 18 61
3 6 32 49 33 43
3 7 5 18 22 27
3 8 91 71 64 70
3 9 4 19 21 22
3 10 16 9 49 40
3 11 95 83 85 56
3 12 71 44 54 57
3 13 50 54 67 26
3 14 87 72 58 55
3 15 6 7 50 27
3 16 41 63 28 26
3 17 95 94 52 72
3 18 45 71 60 38
3 19 89 92 55 94
3 20 46 47 73 48
3 21 70 40 61 57
3 22 83 69 73 82
3 23 75 62 71 47
3 24 92 56 55 78
3 25 63 49 47 81
3 26 41 48 58 32
3 27 74 58 50 66
3 28 84 47 48 70
3 29 36 53 35 34
3 30 68 50 73 68
3 31 4 5 2 34
3 32 48 60 41 46
3 33 2 20 40 16
3 34 89 87 64 52
3 35 76 62 58 47
3 36 17 11 28 9
3 37 50 51 45 27
3 38 75 55 53 57
3 39 58 76 40 58
3 40 73 80 40 47
3 41 4 40 42 25
3 42 78 39 86 68
3 43 28 29 30 33
3 44 92 80 73 85
3 45 92 67 91 58
3 46 41 31 51 27
3 47 13 8 27 24
3 48 52 38 30 48
3 49 91 53 91 50
3 50 62 64 35 50
3 51 4 51 18 42
3 52 51 73 30 63
3 53 64 42 49 67
3 54 13 26 15 51
3 55 45 46 22 64
3 56 34 49 39 19
3 57 94 62 49 68
3 58 23 51 46 40
3 59 1 49 4 49
3 60 82 82 42 66
3 61 7 5 10 43
3 62 64 76 71 50
3 63 96 63 60 62
3 64 32 51 49 49
3 65 24 46 35 45
3 66 82 42 43 57
3 67 49 64 54 60
3 68 68 37 73 55
3 69 88 81 61 57
3 70 38 64 26 27
3 71 62 56 43 70
3 72 70 85 38 70
3 73 43 60 35 57
3 74 73 84 61 69
3 75 71 60 38 49
3 76 40 45 39 57
3 77 7 5 29 49
3 78 46 41 37 55
3 79 42 62 53 34
3 80 18 58 26 51
3 81 52 46 28 53
3 82 91 47 74 56
3 83 56 31 58 49
3 84 50 65 29 57
3 85 13 56 45 25
3 86 46 56 70 66
3 87 1 33 45 11
3 88 0 7 3 20
3 89 71 48 71 48
3 90 0 44 48 46
3 91 79 80 85 55
3 92 59 31 33 57
3 93 73 53 82 54
3 94 29 59 17 20
3 95 82 50 65 76
3 96 83 46 73 67
3 97 13 28 40 39
3 98 19 50 21 54
3 99 42 32 30 68
4 5 66 65 72 34
4 6 84 91 73 88
4 7 61 51 76 63
4 8 35 40 38 41
4 9 79 42 58 40
4 10 81 43 70 81
4 11 44 59 33 68
4 12 35 46 57 30
4 13 74 75 43 62
4 14 1 49 48 37
4 15 9 33 46 14
4 16 20 23 52 28
4 17 27 57 18 52
4 18 54 38 45 42
4 19 18 12 36 13
4 20 75 72 85 75
4 21 59 74 45 76
4 22 14 21 43 38
4 23 73 45 84 56
4 24 99 75 79 57
4 25 11 25 50 45
4 26 12 42 22 55
4 27 81 70 76 53
4 28 36 60 19 40
4 29 15 53 21 8
4 30 20 21 19 20
4 31 95 58 51 64
4 32 30 60 39 39
4 33 98 77 82 63
4 34 78 74 66 71
4 35 70 37 37 49
4 36 77 82 85 44
4 37 89 89 64 70
4 38 56 42 76 44
4 39 1 9 45 16
4 40 70 80 54 46
4 41 11 23 33 8
4 42 31 63 63 46
4 43 85 81 43 52
4 44 77 87 44 39
4 45 99 62 84 78
4 46 46 47 25 32
4 47 85 89 79 53
4 48 44 51 38 64
4 49 8 45 24 24
4 50 58 46 76 33
4 51 81 53 52 75
4 52 99 99 84 58
4 53 71 69 54 38
4 54 43 44 51 49
4 55 5 4 28 41
4 56 55 29 65 27
4 57 90 53 60 59
4 58 61 47 61 57
4 59 38 48 58 36
4 60 56 31 59 36
4 61 77 80 43 71
4 62 19 52 25 56
4 63 59 78 49 65
4 64 76 44 46 52
4 65 90 72 74 60
4 66 97 90 83 98
4 67 78 85 85 55
4 68 6 8 29 32
4 69 70 45 46 52
4 70 72 44 74 39
4 71 95 51 76 75
4 72 98 62 65 95
4 73 36 42 66 26
4 74 46 72 68 26
4 75 34 60 25 41
4 76 80 61 83 44
4 77 5 10 43 39
4 78 55 48 35 57
4 79 50 52 32 46
4 80 36 47 60 66
4 81 42 27 25 69
4 82 47 58 63 49
4 83 27 32 27 23
4 84 16 52 17 50
4 85 32 57 46 46
4 86 5 31 24 13
4 87 69 44 39 78
4 88 26 28 28 62
4 89 1 41 16 23
4 90 57 45 69 49
4 91 74 80 64 72
4 92 87 72 78 82
4 93 77 76 44 66
4 94 10 25 34 37
4 95 81 54 89 65
4 96 2 15 42 26
4 97 3 41 47 12
4 98 57 35 72 62
4 99 93 88 61 79
5 6 34 34 23 49
5 7 42 53 58 53
5 8 32 19 48 26
5 9 1 2 48 43
5 10 30 40 64 39
5 11 74 54 74 77
5 12 99 97 63 69
5 13 74 81 42 44
5 14 69 49 84 76
5 15 96 56 96 51
5 16 41 33 45 63
5 17 48 25 37 73
5 18 27 56 57 14
5 19 74 46 53 51
5 20 29 32 19 36
5 21 83 87 75 53
5 22 82 52 42 68
5 23 72 59 84 65
5 24 28 54 46 46
5 25 8 38 7 35
5 26 21 16 48 39
5 27 47 54 25 31
5 28 83 45 91 84
5 29 25 62 38 44
5 30 90 82 84 66
5 31 8 37 25 48
5 32 8 18 8 28
5 33 82 47 63 76
5 34 14 49 14 36
5 35 30 31 38 63
5 36 25 55 39 44
5 37 91 79 65 50
5 38 32 35 65 54
5 39 67 76 73 49
5 40 65 49 33 64
5 41 3 13 10 9
5 42 86 81 87 85
5 43 73 66 81 51
5 44 35 61 26 65
5 45 62 60 64 40
5 46 98 82 62 75
5 47 24 19 30 46
5 48 6 8 46 38
5 49 39 53 25 61
5 50 10 22 11 53
5 51 22 36 35 47
5 52 31 61 30 60
5 53 14 27 52 18
5 54 56 47 46 34
5 55 3 8 41 8
5 56 61 51 57 48
5 57 46 50 67 52
5 58 57 35 30 33
5 59 22 50 19 49
5 60 24 31 26 56
5 61 47 50 47 62
5 62 80 83 56 78
5 63 29 31 16 58
5 64 59 62 50 37
5 65 60 67 63 55
5 66 36 57 37 29
5 67 59 52 57 44
5 68 7 33 16 41
5 69 69 54 36 68
5 70 26 28 37 58
5 71 28 29 15 57
5 72 9 25 33 8
5 73 67 49 78 42
5 74 69 58 74 44
5 75 61 45 71 36
5 76 57 40 55 74
5 77 24 20 56 44
5 78 55 28 74 47
5 79 45 68 27 71
5 80 42 28 51 29
5 81 28 27 61 28
5 82 68 40 78 71
5 83 67 41 56 53
5 84 90 66 51 62
5 85 94 96 73 53
5 86 93 76 51 92
5 87 58 62 61 63
5 88 38 29 51 59
5 89 99 51 93 70
5 90 77 86 64 55
5 91 82 61 83 82
5 92 97 75 75 90
5 93 32 48 16 34
5 94 73 72 75 66
5 95 56 66 38 73
5 96 26 49 20 53
5 97 78 71 51 53
5 98 50 68 27 68
5 99 46 24 46 58
6 7 64 62 47 60
6 8 12 50 23 32
6 9 84 55 58 52
6 10 27 30 16 58
6 11 94 76 96 84
6 12 35 59 36 32
6 13 58 43 55 73
6 14 39 36 55 55
6 15 29 44 57 19
6 16 67 50 80 71
6 17 12 54 10 27
6 18 88 46 61 45
6 19 71 51 38 66
6 20 61 53 36 63
6 21 64 36 38 45
6 22 58 69 46 73
6 23 61 37 37 64
6 24 63 71 73 43
6 25 42 67 56 67
6 26 16 25 46 27
6 27 82 42 59 85
6 28 99 77 63 52
6 29 10 40 40 15
6 30 82 54 56 84
6 31 91 46 66 66
6 32 43 23 37 45
6 33 82 89 63 54
6 34 51 52 36 42
6 35 96 71 72 88
6 36 21 15 48 37
6 37 91 67 84 53
6 38 64 61 57 69
6 39 57 74 56 64
6 40 13 32 11 7
6 41 34 40 51 42
6 42 91 53 86 52
6 43 64 51 35 76
6 44 98 78 55 62
6 45 58 65 69 59
6 46 98 69 98 62
6 47 61 60 34 67
6 48 72 67 69 40
6 49 9 37 12 14
6 50 29 19 40 35
6 51 0 41 8 47
6 52 48 40 65 72
6 53 98 93 90 93
6 54 33 32 45 19
6 55 16 35 35 53
6 56 72 44 41 72
6 57 45 39 63 34
6 58 28 32 14 45
6 59 12 35 6 42
6 60 6 21 14 28
6 61 34 53 28 48
6 62 17 14 33 35
6 63 0 33 13 35
6 64 43 24 66 54
6 65 32 48 65 53
6 66 51 33 41 47
6 67 38 38 41 57
6 68 58 30 32 40
6 69 61 35 80 70
6 70 95 74 63 76
6 71 73 54 44 48
6 72 82 66 70 76
6 73 0 1 7 39
6 74 67 62 40 61
6 75 10 23 36 5
6 76 96 84 67 77
6 77 37 59 49 68
6 78 91 84 75 65
6 79 93 80 47 93
6 80 24 16 44 12
6 81 50 54 57 56
6 82 49 43 67 50
6 83 89 75 57 47
6 84 47 67 57 25
6 85 64 80 75 56
6 86 0 17 17 47
6 87 97 50 95 91
6 88 37 29 65 58
6 89 23 24 57 37
6 90 54 50 41 51
6 91 72 37 54 75
6 92 14 39 50 22
6 93 62 32 58 74
6 94 93 91 62 72
6 95 83 64 64 60
6 96 36 63 66 42
6 97 67 68 62 62
6 98 25 15 54 20
6 99 5 9 9 16
7 8 84 84 48 49
7 9 69 78 45 76
7 10 70 39 67 56
7 11 94 93 96 50
7 12 72 69 65 41
7 13 94 84 76 72
7 14 70 43 39 51
7 15 14 44 14 34
7 16 68 34 65 34
7 17 44 66 24 46
7 18 3 25 47 22
7 19 71 73 74 37
7 20 24 36 44 28
7 21 53 59 68 61
7 22 54 42 31 44
7 23 67 70 47 64
7 24 0 20 35 29
7 25 70 47 73 54
7 26 19 19 28 42
7 27 8 13 44 25
7 28 9 20 26 20
7 29 55 39 76 65
7 30 48 67 70 59
7 31 10 11 12 6
7 32 36 45 28 56
7 33 72 39 79 47
7 34 69 58 50 81
7 35 22 29 27 23
7 36 8 17 7 6
7 37 47 37 73 61
7 38 71 60 66 75
7 39 62 44 34 61
7 40 21 17 40 16
7 41 6 11 10 9
7 42 68 53 53 79
7 43 46 37 50 71
7 44 96 76 83 61
7 45 56 59 72 57
7 46 45 25 35 34
7 47 71 51 43 53
7 48 78 59 71 87
7 49 67 48 64 37
7 50 97 72 58 59
7 51 9 32 41 54
7 52 17 27 10 15
7 53 23 53 36 32
7 54 24 38 29 20
7 55 92 77 67 50
7 56 63 76 52 75
7 57 13 43 22 38
7 58 37 32 19 65
7 59 29 27 25 45
7 60 73 60 62 57
7 61 20 11 23 52
7 62 82 90 45 45
7 63 81 82 76 73
7 64 4 41 29 23
7 65 11 38 41 46
7 66 89 78 61 92
7 67 15 51 16 34
7 68 10 40 15 6
7 69 69 57 62 63
7 70 50 69 40 53
7 71 70 61 55 81
7 72 84 89 89 64
7 73 51 51 72 51
7 74 94 76 77 51
7 75 57 29 66 50
7 76 69 35 61 71
7 77 97 59 63 91
7 78 29 57 46 22
7 79 45 61 69 55
7 80 35 31 51 28
7 81 41 47 57 23
7 82 89 55 68 59
7 83 30 42 64 20
7 84 85 64 50 74
7 85 3 47 34 47
7 86 78 46 42 86
7 87 90 62 89 94
7 88 77 44 69 42
7 89 94 69 83 61
7 90 76 57 52 57
7 91 30 37 19 29
7 92 60 45 78 55
7 93 15 53 21 34
7 94 88 57 86 64
7 95 14 43 9 15
7 96 73 59 42 43
7 97 68 77 43 82
7 98 5 3 19 42
7 99 5 47 6 43
8 9 74 70 43 41
8 10 51 64 63 51
8 11 13 7 23 35
8 12 66 76 72 35
8 13 42 32 33 62
8 14 23 24 41 60
8 15 69 35 63 59
8 16 48 44 56 70
8 17 87 49 66 80
8 18 62 52 42 40
8 19 71 74 36 67
8 20 11 23 21 49
8 21 64 42 39 77
8 22 82 73 90 73
8 23 51 73 67 34
8 24 63 34 68 65
8 25 80 67 89 89
8 26 66 78 37 34
8 27 81 59 80 79
8 28 26 43 53 21
8 29 5 2 50 35
8 30 86 75 47 69
8 31 67 34 77 79
8 32 31 31 16 28
8 33 56 56 77 64
8 34 87 88 44 61
8 35 82 58 57 41
8 36 7 8 8 4
8 37 79 75 75 40
8 38 39 33 21 44
8 39 89 76 59 75
8 40 76 58 55 57
8 41 15 37 9 25
8 42 36 49 20 42
8 43 84 67 71 55
8 44 59 71 35 59
8 45 8 18 30 33
8 46 0 13 13 21
8 47 37 47 51 20
8 48 49 39 39 60
8 49 18 50 13 46
8 50 88 86 92 75
8 51 38 34 36 19
8 52 63 33 50 61
8 53 67 75 50 61
8 54 15 48 31 9
8 55 98 69 64 70
8 56 68 61 37 69
8 57 10 46 49 14
8 58 11 49 6 38
8 59 4 21 22 36
8 60 54 39 50 65
8 61 94 47 71 51
8 62 79 53 78 69
8 63 53 63 59 36
8 64 48 24 52 42
8 65 21 15 54 30
8 66 76 62 71 75
8 67 87 85 76 93
8 68 58 39 54 56
8 69 13 22 35 44
8 70 91 88 62 64
8 71 66 76 80 34
8 72 17 10 23 54
8 73 41 68 49 23
8 74 33 31 50 64
8 75 68 63 58 36
8 76 91 92 51 49
8 77 17 16 23 37
8 78 58 53 47 50
8 79 64 55 48 40
8 80 38 58 53 53
8 81 15 26 19 55
8 82 94 73 63 83
8 83 64 42 56 41
8 84 39 52 43 42
8 85 45 35 35 24
8 86 99 53 77 86
8 87 47 71 61 38
8 88 56 54 57 34
8 89 24 57 25 44
8 90 94 66 56 94
8 91 72 52 60 53
8 92 55 70 51 54
8 93 21 15 42 31
8 94 75 51 39 46
8 95 52 38 71 62
8 96 84 48 42 80
8 97 2 41 35 9
8 98 63 35 32 54
8 99 90 88 50 87
9 10 59 51 62 33
9 11 28 30 22 52
9 12 99 80 85 74
9 13 39 47 53 26
9 14 12 21 26 35
9 15 48 48 28 47
9 16 46 32 31 45
9 17 10 33 37 50
9 18 65 44 55 70
9 19 29 56 62 53
9 20 74 46 72 45
9 21 8 10 30 12
9 22 36 30 46 23
9 23 23 29 48 44
9 24 37 65 24 51
9 25 16 57 55 44
9 26 92 67 53 79
9 27 86 65 84 52
9 28 8 5 27 15
9 29 85 89 65 60
9 30 95 54 66 68
9 31 0 12 20 0
9 32 81 81 75 74
9 33 50 73 31 40
9 34 83 82 58 83
9 35 59 33 36 42
9 36 91 82 95 86
9 37 37 68 41 49
9 38 81 80 76 77
9 39 74 65 83 39
9 40 58 64 61 60
9 41 25 59 23 25
9 42 67 40 45 55
9 43 94 57 77 71
9 44 4 51 26 23
9 45 32 32 45 35
9 46 77 82 41 40
9 47 40 46 34 46
9 48 59 53 53 61
9 49 9 39 12 29
9 50 85 61 65 69
9 51 97 73 67 55
9 52 64 38 60 79
9 53 18 30 26 51
9 54 98 91 66 62
9 55 38 30 52 26
9 56 57 65 43 65
9 57 51 60 73 26
9 58 22 19 26 36
9 59 67 46 63 48
9 60 54 55 46 43
9 61 62 35 35 35
9 62 73 82 81 57
9 63 14 27 37 54
9 64 41 53 53 47
9 65 52 61 72 44
9 66 66 61 54 67
9 67 91 57 79 48
9 68 54 71 49 75
9 69 42 70 32 43
9 70 37 54 41 55
9 71 22 56 11 31
9 72 31 38 29 61
9 73 57 71 43 29
9 74 93 73 52 80
9 75 85 88 80 73
9 76 48 59 73 32
9 77 43 34 41 46
9 78 59 78 55 76
9 79 81 60 53 46
9 80 1 1 11 18
9 81 55 76 56 77
9 82 36 43 57 31
9 83 60 63 42 57
9 84 99 53 69 87
9 85 76 83 64 70
9 86 21 43 57 49
9 87 42 47 39 35
9 88 77 50 50 44
9 89 73 54 71 41
9 90 42 43 49 51
9 91 98 54 74 84
9 92 29 18 44 18
9 93 70 75 84 36
9 94 34 61 18 52
9 95 4 42 26 16
9 96 5 6 17 17
9 97 57 47 76 35
9 98 87 85 47 43
9 99 76 53 47 84
10 11 64 50 72 58
10 12 0 37 50 47
10 13 90 55 80 95
10 14 25 13 62 16
10 15 60 38 74 79
10 16 37 43 67 19
10 17 96 51 93 56
10 18 22 20 46 48
10 19 39 52 53 51
10 20 13 37 33 9
10 21 0 47 47 46
10 22 69 48 81 49
10 23 27 61 56 22
10 24 8 5 24 10
10 25 22 52 37 41
10 26 93 72 81 85
10 27 28 15 48 45
10 28 9 7 21 39
10 29 50 47 58 26
10 30 36 47 30 20
10 31 92 59 61 90
10 32 75 62 72 63
10 33 73 72 78 86
10 34 0 1 10 41
10 35 12 16 33 37
10 36 48 48 69 51
10 37 22 39 52 31
10 38 35 38 52 60
10 39 1 35 41 30
10 40 73 73 75 73
10 41 36 29 55 29
10 42 14 50 25 10
10 43 65 43 49 37
10 44 97 73 48 50
10 45 53 42 64 64
10 46 97 72 91 88
10 47 97 85 93 66
10 48 13 28 56 52
10 49 96 54 87 83
10 50 6 5 13 31
10 51 31 59 52 63
10 52 26 32 30 25
10 53 26 30 35 56
10 54 66 61 53 39
10 55 79 41 81 54
10 56 15 24 36 12
10 57 45 55 58 71
10 58 52 67 73 28
10 59 8 46 48 4
10 60 44 38 43 47
10 61 33 20 37 54
10 62 60 66 42 47
10 63 39 50 62 54
10 64 44 56 27 59
10 65 95 85 56 70
10 66 84 52 58 52
10 67 86 90 67 49
10 68 71 58 74 62
10 69 30 54 55 26
10 70 26 22 13 51
10 71 33 39 32 30
10 72 39 49 41 51
10 73 63 65 81 51
10 74 56 72 64 76
10 75 44 59 68 22
10 76 21 24 19 54
10 77 78 64 45 55
10 78 72 75 67 64
10 79 70 61 69 83
10 80 21 12 52 34
10 81 34 61 17 28
10 82 75 86 53 82
10 83 63 78 72 44
10 84 99 63 61 58
10 85 18 51 15 17
10 86 75 68 72 87
10 87 75 43 75 44
10 88 16 38 8 24
10 89 50 50 69 44
10 90 52 73 41 31
10 91 77 43 86 86
10 92 45 31 67 67
10 93 77 60 77 39
10 94 31 45 41 44
10 95 41 22 56 63
10 96 34 26 29 52
10 97 32 45 57 31
10 98 20 26 27 26
10 99 33 28 60 18
11 12 20 51 22 43
11 13 3 7 9 15
11 14 36 22 23 40
11 15 11 42 37 25
11 16 6 31 43 7
11 17 12 35 14 18
11 18 36 19 48 35
11 19 2 35 10 40
11 20 91 51 78 64
11 21 92 73 51 66
11 22 44 29 49 34
11 23 32 62 51 29
11 24 2 24 50 3
11 25 26 42 49 44
11 26 23 25 53 24
11 27 75 63 70 73
11 28 73 38 66 43
11 29 16 49 18 17
11 30 3 4 13 2
11 31 17 45 43 33
11 32 72 50 49 55
11 33 67 82 54 51
11 34 77 86 73 61
11 35 93 72 88 72
11 36 5 26 37 34
11 37 84 55 73 58
11 38 41 62 38 70
11 39 70 58 47 41
11 40 16 53 18 32
11 41 97 67 67 82
11 42 46 29 49 46
11 43 32 39 50 58
11 44 84 78 88 72
11 45 44 41 35 53
11 46 72 76 53 59
11 47 33 45 23 59
11 48 6 37 42 50
11 49 42 49 51 53
11 50 68 73 60 74
11 51 36 26 36 51
11 52 99 76 65 50
11 53 95 94 64 79
11 54 55 38 46 36
11 55 31 34 19 49
11 56 11 48 11 35
11 57 16 36 45 45
11 58 83 85 56 82
11 59 65 50 38 73
11 60 60 55 50 34
11 61 99 74 92 67
11 62 19 14 38 24
11 63 57 53 62 58
11 64 11 51 37 19
11 65 46 55 46 33
11 66 76 85 78 87
11 67 75 53 60 76
11 68 46 29 61 55
11 69 78 45 88 82
11 70 1 17 45 44
11 71 36 25 40 54
11 72 23 36 31 43
11 73 75 77 81 82
11 74 69 72 41 72
11 75 51 44 74 50
11 76 7 17 14 28
11 77 81 73 51 62
11 78 31 17 25 58
11 79 35 37 34 61
11 80 27 57 51 55
11 81 7 11 5 40
11 82 50 35 53 71
11 83 73 47 57 85
11 84 51 68 67 54
11 85 15 53 41 29
11 86 29 24 30 24
11 87 48 37 34 41
11 88 77 70 64 65
11 89 72 55 63 58
11 90 46 42 46 61
11 91 41 41 29 48
11 92 22 46 25 29
11 93 46 39 51 46
11 94 20 30 31 24
11 95 21 11 40 22
11 96 84 51 76 69
11 97 77 55 74 74
11 98 53 38 28 61
11 99 7 8 20 51
12 13 53 41 68 63
12 14 2 13 48 25
12 15 30 27 18 54
12 16 78 88 84 60
12 17 13 30 44 32
12 18 19 22 51 34
12 19 54 54 64 69
12 20 36 49 50 43
12 21 6 32 45 6
12 22 19 58 40 50
12 23 90 53 60 77
12 24 88 94 91 79
12 25 16 22 19 22
12 26 21 43 24 15
12 27 67 48 62 59
12 28 54 60 48 69
12 29 2 28 24 36
12 30 63 35 76 50
12 31 25 39 38 24
12 32 19 21 44 39
12 33 52 72 31 33
12 34 89 66 57 60
12 35 28 55 26 51
12 36 56 28 34 65
12 37 16 50 50 39
12 38 47 24 26 26
12 39 35 35 49 38
12 40 78 47 43 61
12 41 57 69 69 42
12 42 27 21 32 35
12 43 14 32 55 28
12 44 21 43 15 44
12 45 61 44 36 32
12 46 40 54 40 55
12 47 43 33 32 44
12 48 53 57 53 70
12 49 88 71 72 51
12 50 92 87 47 71
12 51 15 43 54 36
12 52 46 41 37 29
12 53 50 38 37 72
12 54 66 43 40 35
12 55 69 36 68 70
12 56 22 21 60 19
12 57 37 54 35 50
12 58 86 72 53 65
12 59 30 41 34 19
12 60 59 61 36 67
12 61 68 54 60 83
12 62 40 50 46 25
12 63 65 80 61 81
12 64 41 65 37 24
12 65 6 19 45 7
12 66 76 43 43 73
12 67 84 72 82 55
12 68 75 73 64 58
12 69 38 44 37 49
12 70 95 72 76 94
12 71 94 79 66 79
12 72 79 45 84 83
12 73 83 43 49 83
12 74 95 94 66 88
12 75 39 57 56 41
12 76 68 48 59 58
12 77 78 45 83 85
12 78 47 36 26 57
12 79 13 56 8 53
12 80 40 44 29 30
12 81 65 72 57 55
12 82 78 41 80 81
12 83 55 53 52 47
12 84 94 69 91 61
12 85 39 45 49 32
12 86 20 48 33 29
12 87 73 38 77 86
12 88 61 61 45 33
12 89 18 43 34 18
12 90 20 38 34 45
12 91 10 14 6 26
12 92 55 55 65 34
12 93 92 86 73 88
12 94 12 23 39 49
12 95 37 47 38 52
12 96 14 44 54 54
12 97 38 29 29 33
12 98 72 58 46 56
12 99 92 47 94 51
13 14 15 29 27 57
13 15 11 52 27 50
13 16 73 56 38 69
13 17 51 38 34 68
13 18 57 41 45 53
13 19 55 52 42 56
13 20 52 75 48 69
13 21 3 26 33 2
13 22 91 53 80 76
13 23 72 55 63 85
13 24 47 51 34 42
13 25 64 32 77 62
13 26 10 25 40 42
13 27 78 82 40 44
13 28 4 8 16 40
13 29 99 55 68 82
13 30 4 40 32 31
13 31 61 38 37 32
13 32 69 77 76 53
13 33 10 10 23 11
13 34 49 48 49 66
13 35 23 15 58 30
13 36 58 50 62 53
13 37 99 81 91 79
13 38 90 47 92 46
13 39 87 53 49 92
13 40 66 63 81 71
13 41 29 26 24 49
13 42 24 52 26 23
13 43 27 51 38 45
13 44 80 70 49 47
13 45 58 48 56 50
13 46 69 45 49 62
13 47 83 50 62 59
13 48 16 19 56 22
13 49 55 56 51 53
13 50 13 26 13 50
13 51 13 53 17 33
13 52 72 52 61 82
13 53 92 64 92 86
13 54 88 85 45 90
13 55 67 74 71 77
13 56 7 50 10 11
13 57 73 47 79 65
13 58 57 73 52 41
13 59 0 16 46 13
13 60 36 36 55 37
13 61 19 58 44 49
13 62 11 49 45 26
13 63 62 72 51 48
13 64 3 46 17 5
13 65 82 69 78 42
13 66 86 54 89 51
13 67 42 67 29 29
13 68 85 92 58 60
13 69 72 65 36 46
13 70 44 60 68 54
13 71 69 35 62 55
13 72 79 85 82 51
13 73 9 8 19 39
13 74 38 20 58 48
13 75 39 55 67 49
13 76 3 36 39 38
13 77 22 36 20 32
13 78 3 13 23 32
13 79 67 68 73 62
13 80 48 58 37 40
13 81 96 52 97 60
13 82 58 71 39 55
13 83 71 53 77 72
13 84 24 52 56 43
13 85 24 21 54 47
13 86 63 33 58 78
13 87 63 78 68 38
13 88 14 27 22 35
13 89 16 42 47 17
13 90 23 37 55 39
13 91 80 88 56 45
13 92 81 78 43 56
13 93 25 25 47 16
13 94 95 61 65 71
13 95 6 23 28 35
13 96 35 40 66 46
13 97 83 54 89 79
13 98 29 31 56 28
13 99 96 60 92 50
14 15 77 58 82 56
14 16 70 49 65 76
14 17 12 34 14 48
14 18 34 44 27 33
14 19 34 47 40 36
14 20 82 79 80 67
14 21 79 82 46 73
14 22 42 45 61 47
14 23 20 25 34 51
14 24 10 7 13 41
14 25 25 50 30 13
14 26 4 19 17 21
14 27 98 66 69 92
14 28 20 45 42 41
14 29 97 91 78 80
14 30 50 43 37 50
14 31 87 62 76 67
14 32 47 29 36 24
14 33 78 58 57 89
14 34 48 56 34 35
14 35 8 15 52 49
14 36 23 15 23 46
14 37 2 16 17 11
14 38 61 41 38 53
14 39 28 54 49 47
14 40 33 45 35 49
14 41 78 80 75 48
14 42 80 69 70 52
14 43 92 86 94 56
14 44 32 64 33 47
14 45 57 66 35 57
14 46 20 16 58 45
14 47 16 9 26 25
14 48 16 11 36 37
14 49 44 56 71 56
14 50 69 46 68 37
14 51 29 31 62 53
14 52 16 54 46 12
14 53 65 33 47 55
14 54 37 55 34 67
14 55 72 39 74 49
14 56 41 45 40 68
14 57 75 44 66 75
14 58 55 68 61 77
14 59 72 85 70 73
14 60 85 43 56 46
14 61 67 39 70 79
14 62 62 65 48 59
14 63 67 56 55 80
14 64 49 58 72 33
14 65 35 30 38 54
14 66 66 65 57 70
14 67 34 57 59 53
14 68 82 73 82 82
14 69 58 46 48 78
14 70 42 56 66 36
14 71 84 46 67 61
14 72 70 76 83 80
14 73 62 68 68 59
14 74 75 65 48 69
14 75 41 61 61 34
14 76 64 40 55 79
14 77 2 44 48 47
14 78 37 19 30 51
14 79 12 16 52 11
14 80 47 42 64 37
14 81 69 51 74 50
14 82 43 41 41 70
14 83 75 56 85 73
14 84 74 67 45 53
14 85 29 60 57 21
14 86 29 41 27 26
14 87 70 72 81 69
14 88 73 80 75 44
14 89 24 39 59 23
14 90 61 62 48 71
14 91 79 68 69 88
14 92 4 35 50 34
14 93 47 24 61 55
14 94 42 66 45 69
14 95 34 27 39 26
14 96 30 25 59 36
14 97 70 49 59 37
14 98 56 57 63 53
14 99 43 71 35 24
15 16 54 38 34 57
15 17 50 58 50 40
15 18 5 20 42 12
15 19 1 10 14 31
15 20 88 65 57 62
15 21 18 21 12 56
15 22 87 62 49 82
15 23 37 40 53 22
15 24 82 63 53 69
15 25 98 63 92 95
15 26 61 74 46 66
15 27 15 8 19 9
15 28 90 89 64 59
15 29 76 48 63 85
15 30 77 82 82 41
15 31 13 23 30 52
15 32 57 35 61 48
15 33 54 68 63 50
15 34 50 26 56 66
15 35 98 60 56 63
15 36 76 57 78 84
15 37 89 68 47 88
15 38 35 62 37 39
15 39 44 26 63 61
15 40 38 19 32 31
15 41 4 35 10 36
15 42 57 56 77 73
15 43 17 10 31 34
15 44 73 76 52 54
15 45 82 85 90 45
15 46 66 53 46 62
15 47 44 71 67 53
15 48 87 75 50 86
15 49 8 4 35 49
15 50 20 50 42 32
15 51 77 57 70 84
15 52 7 30 45 14
15 53 39 37 27 34
15 54 91 66 48 95
15 55 19 32 51 39
15 56 93 70 56 47
15 57 29 52 56 35
15 58 35 56 45 52
15 59 1 34 28 30
15 60 76 72 54 80
15 61 95 56 49 49
15 62 61 58 55 61
15 63 15 48 56 23
15 64 4 13 32 14
15 65 54 56 72 70
15 66 75 45 38 54
15 67 0 10 3 17
15 68 82 83 50 49
15 69 83 70 53 44
15 70 31 25 35 51
15 71 18 14 48 43
15 72 43 29 65 49
15 73 36 23 64 57
15 74 34 31 54 23
15 75 71 56 49 58
15 76 99 85 96 91
15 77 60 35 51 51
15 78 99 56 53 74
15 79 34 60 57 18
15 80 3 28 30 38
15 81 0 21 21 10
15 82 30 59 38 24
15 83 89 85 46 77
15 84 52 44 54 36
15 85 25 36 49 16
15 86 63 68 40 50
15 87 68 37 49 38
15 88 34 45 45 31
15 89 26 39 52 57
15 90 6 12 37 12
15 91 1 3 26 18
15 92 42 43 50 30
15 93 31 42 49 43
15 94 94 94 60 54
15 95 83 75 43 52
15 96 94 93 78 68
15 97 41 64 24 53
15 98 19 45 31 31
15 99 58 75 65 60
16 17 37 22 54 26
16 18 69 79 80 80
16 19 66 62 67 58
16 20 48 53 31 37
16 21 15 51 50 53
16 22 14 19 9 55
16 23 72 81 53 67
16 24 66 51 68 52
16 25 11 48 48 10
16 26 42 30 38 56
16 27 18 42 42 26
16 28 65 43 73 69
16 29 3 9 45 16
16 30 44 52 69 36
16 31 18 55 44 41
16 32 77 49 52 44
16 33 6 22 22 21
16 34 94 89 67 65
16 35 7 46 45 44
16 36 8 51 30 22
16 37 49 51 63 66
16 38 77 86 76 60
16 39 68 69 62 58
16 40 80 81 74 84
16 41 42 45 31 34
16 42 16 29 19 49
16 43 5 8 25 40
16 44 22 23 58 59
16 45 24 53 54 52
16 46 32 38 37 51
16 47 68 61 82 71
16 48 1 50 19 19
16 49 12 26 22 30
16 50 7 12 38 6
16 51 51 43 57 27
16 52 20 24 40 46
16 53 45 29 61 70
16 54 91 46 62 80
16 55 70 53 52 49
16 56 57 62 49 28
16 57 35 31 44 33
16 58 59 62 34 67
16 59 16 55 39 31
16 60 54 64 35 29
16 61 82 87 85 41
16 62 82 75 52 42
16 63 37 33 65 53
16 64 13 19 26 11
16 65 86 85 79 46
16 66 21 57 26 24
16 67 89 79 46 89
16 68 80 70 80 80
16 69 79 54 76 55
16 70 92 65 83 75
16 71 82 50 72 41
16 72 15 13 56 10
16 73 54 39 61 52
16 74 84 58 81 89
16 75 5 25 52 42
16 76 21 50 50 27
16 77 52 57 52 61
16 78 40 55 61 44
16 79 22 12 36 40
16 80 98 55 62 59
16 81 4 50 25 43
16 82 14 31 47 12
16 83 24 58 52 56
16 84 61 78 42 35
16 85 0 35 6 40
16 86 84 60 56 81
16 87 5 18 26 8
16 88 63 43 74 35
16 89 25 54 33 45
16 90 90 47 48 51
16 91 33 34 34 24
16 92 32 53 61 36
16 93 52 52 65 50
16 94 73 70 65 51
16 95 4 30 3 46
16 96 25 49 61 51
16 97 75 43 52 63
16 98 99 76 82 84
16 99 43 27 50 68
17 18 11 46 42 54
17 19 43 34 44 57
17 20 48 62 35 43
17 21 85 82 50 87
17 22 85 83 51 75
17 23 10 37 43 48
17 24 60 59 57 69
17 25 64 77 50 77
17 26 99 60 74 54
17 27 64 53 81 50
17 28 50 50 44 45
17 29 31 60 44 29
17 30 43 53 29 39
17 31 72 63 46 58
17 32 55 62 74 48
17 33 10 20 42 39
17 34 62 77 38 44
17 35 42 26 46 58
17 36 58 70 72 49
17 37 60 64 57 51
17 38 55 39 36 46
17 39 34 23 53 19
17 40 43 57 57 51
17 41 17 25 48 21
17 42 64 73 48 66
17 43 97 89 73 76
17 44 45 72 53 70
17 45 66 60 72 73
17 46 15 29 17 32
17 47 95 82 62 66
17 48 44 55 53 27
17 49 45 29 53 23
17 50 81 51 56 46
17 51 99 55 83 52
17 52 77 60 77 66
17 53 78 86 50 72
17 54 79 57 48 50
17 55 4 36 25 52
17 56 40 67 32 55
17 57 6 41 20 30
17 58 86 79 56 75
17 59 13 10 25 37
17 60 29 45 58 17
17 61 26 31 23 42
17 62 88 76 76 59
17 63 78 81 66 61
17 64 35 34 37 51
17 65 96 78 55 59
17 66 31 58 54 64
17 67 85 58 71 81
17 68 26 22 48 31
17 69 62 71 53 35
17 70 83 76 50 58
17 71 21 28 55 18
17 72 95 66 65 93
17 73 71 63 70 84
17 74 48 30 27 61
17 75 55 73 45 31
17 76 10 44 17 23
17 77 81 62 50 87
17 78 97 93 61 53
17 79 38 37 66 26
17 80 17 48 33 42
17 81 53 35 35 29
17 82 26 19 15 20
17 83 41 58 26 27
17 84 66 69 60 55
17 85 13 20 29 31
17 86 77 40 42 56
17 87 77 39 72 38
17 88 14 13 30 48
17 89 18 14 23 59
17 90 52 50 56 42
17 91 4 12 6 26
17 92 19 34 28 38
17 93 33 61 35 20
17 94 64 36 61 69
17 95 34 22 51 47
17 96 20 29 35 16
17 97 25 15 62 40
17 98 22 12 34 34
17 99 22 23 46 59
18 19 78 68 47 54
18 20 69 56 76 46
18 21 65 74 57 76
18 22 8 9 29 50
18 23 41 66 37 50
18 24 0 10 24 8
18 25 70 65 47 66
18 26 52 76 72 74
18 27 83 86 83 55
18 28 0 8 49 7
18 29 2 35 45 28
18 30 30 49 17 29
18 31 71 69 66 80
18 32 89 63 61 92
18 33 33 26 37 44
18 34 96 78 73 70
18 35 91 57 71 75
18 36 23 61 57 38
18 37 17 57 41 55
18 38 49 25 44 31
18 39 21 15 51 55
18 40 65 81 66 58
18 41 15 34 40 53
18 42 61 37 49 69
18 43 43 54 61 66
18 44 22 50 55 16
18 45 10 10 44 45
18 46 86 57 82 53
18 47 82 69 47 88
18 48 32 58 42 30
18 49 83 71 70 71
18 50 73 81 40 63
18 51 42 29 40 59
18 52 97 84 94 94
18 53 91 77 73 53
18 54 28 17 49 54
18 55 27 55 46 62
18 56 57 64 42 32
18 57 30 57 49 63
18 58 48 33 72 29
18 59 36 53 40 51
18 60 43 53 62 60
18 61 7 38 43 43
18 62 98 60 86 79
18 63 43 46 24 35
18 64 0 5 48 14
18 65 54 52 41 77
18 66 4 41 14 15
18 67 1 7 1 19
18 68 87 85 84 60
18 69 56 72 61 71
18 70 77 81 47 84
18 71 17 25 51 17
18 72 67 80 34 48
18 73 58 35 40 60
18 74 91 45 59 58
18 75 11 21 20 18
18 76 9 32 44 37
18 77 53 70 36 58
18 78 18 47 41 14
18 79 75 69 57 58
18 80 61 71 58 44
18 81 69 39 51 68
18 82 92 86 70 75
18 83 30 15 16 16
18 84 14 34 26 20
18 85 32 65 46 47
18 86 51 65 57 63
18 87 29 21 42 56
18 88 4 12 5 50
18 89 6 39 49 38
18 90 3 43 37 51
18 91 70 47 36 45
18 92 6 21 50 20
18 93 75 56 84 67
18 94 69 75 64 52
18 95 61 49 58 47
18 96 4 49 3 21
18 97 86 80 56 57
18 98 33 25 29 60
18 99 68 58 55 43
19 20 22 59 37 45
19 21 1 40 50 13
19 22 46 71 54 27
19 23 73 76 52 79
19 24 52 42 75 50
19 25 3 36 24 3
19 26 6 17 5 36
19 27 13 27 12 39
19 28 17 33 25 44
19 29 28 50 22 48
19 30 74 70 84 54
19 31 75 46 60 43
19 32 84 65 43 85
19 33 27 42 38 16
19 34 67 65 65 64
19 35 12 16 19 11
19 36 54 65 36 62
19 37 58 57 56 64
19 38 9 37 21 24
19 39 56 64 41 39
19 40 95 81 66 50
19 41 88 61 66 77
19 42 22 17 22 38
19 43 86 60 49 65
19 44 25 20 13 55
19 45 22 21 28 51
19 46 46 71 48 48
19 47 56 55 44 74
19 48 10 54 51 15
19 49 80 57 78 61
19 50 85 49 70 67
19 51 13 31 32 34
19 52 36 67 58 63
19 53 45 37 54 40
19 54 78 53 74 40
19 55 53 27 54 42
19 56 14 20 46 7
19 57 18 54 33 56
19 58 26 42 24 55
19 59 94 88 86 68
19 60 69 72 43 50
19 61 20 26 56 35
19 62 88 92 76 64
19 63 82 87 54 59
19 64 3 36 10 12
19 65 27 62 29 17
19 66 25 15 18 30
19 67 4 15 42 43
19 68 4 5 51 6
19 69 62 65 59 46
19 70 50 43 74 27
19 71 73 56 41 77
19 72 39 51 68 58
19 73 90 61 53 80
19 74 76 83 47 63
19 75 60 32 57 57
19 76 92 89 49 90
19 77 77 71 47 68
19 78 28 23 27 46
19 79 8 37 12 29
19 80 77 60 67 64
19 81 0 44 22 13
19 82 75 46 59 60
19 83 58 44 48 45
19 84 88 60 77 60
19 85 47 39 55 55
19 86 37 25 68 48
19 87 12 25 21 40
19 88 60 37 47 59
19 89 61 42 32 69
19 90 18 54 25 16
19 91 34 21 57 37
19 92 98 59 72 72
19 93 35 36 20 44
19 94 81 81 46 51
19 95 12 24 8 54
19 96 49 46 26 48
19 97 99 71 66 66
19 98 23 27 57 38
19 99 59 70 64 50
20 21 30 36 44 33
20 22 11 39 54 19
20 23 29 58 39 24
20 24 84 50 53 71
20 25 93 80 74 72
20 26 29 31 20 26
20 27 72 85 60 74
20 28 4 24 2 35
20 29 52 63 46 33
20 30 28 57 42 63
20 31 90 57 47 86
20 32 95 77 75 95
20 33 8 35 26 27
20 34 30 59 16 36
20 35 7 24 20 13
20 36 26 32 29 43
20 37 44 50 67 43
20 38 95 78 56 93
20 39 59 54 52 38
20 40 43 52 22 69
20 41 31 43 56 33
20 42 44 58 30 30
20 43 32 28 44 55
20 44 23 31 50 45
20 45 49 56 29 64
20 46 42 67 51 53
20 47 88 45 84 66
20 48 74 44 79 78
20 49 21 35 28 22
20 50 8 31 21 38
20 51 52 67 46 66
20 52 78 46 63 77
20 53 69 55 76 74
20 54 96 69 70 87
20 55 42 22 56 37
20 56 61 79 61 78
20 57 26 27 49 16
20 58 15 20 26 36
20 59 36 61 43 24
20 60 44 44 60 58
20 61 77 54 41 88
20 62 35 21 48 27
20 63 44 27 67 62
20 64 83 58 80 75
20 65 5 47 34 5
20 66 18 12 23 32
20 67 64 74 56 34
20 68 83 53 60 42
20 69 77 56 43 80
20 70 10 17 37 50
20 71 74 40 66 74
20 72 19 44 33 52
20 73 28 22 41 16
20 74 88 55 78 76
20 75 66 61 44 78
20 76 73 54 75 85
20 77 59 70 45 30
20 78 44 26 55 55
20 79 69 74 37 40
20 80 47 34 53 52
20 81 74 64 66 67
20 82 54 56 59 60
20 83 63 72 78 39
20 84 76 75 48 74
20 85 79 79 77 86
20 86 69 61 49 54
20 87 74 48 46 44
20 88 46 58 39 59
20 89 95 95 49 79
20 90 45 51 61 57
20 91 97 58 56 71
20 92 31 61 60 40
20 93 15 20 29 54
20 94 5 31 27 11
20 95 54 53 27 58
20 96 67 49 51 77
20 97 7 9 14 36
20 98 67 63 71 65
20 99 49 72 52 63
21 22 9 49 14 48
21 23 85 80 85 64
21 24 25 25 42 54
21 25 65 80 42 53
21 26 72 42 74 75
21 27 12 23 56 8
21 28 69 61 76 82
21 29 82 80 60 50
21 30 85 87 63 57
21 31 73 85 80 40
21 32 74 43 55 72
21 33 93 79 55 78
21 34 90 48 88 61
21 35 90 51 63 82
21 36 4 18 31 21
21 37 43 30 38 43
21 38 0 15 20 42
21 39 89 69 66 81
21 40 42 69 33 39
21 41 67 71 67 71
21 42 68 42 81 74
21 43 9 36 35 49
21 44 38 50 30 51
21 45 8 42 50 7
21 46 18 24 41 48
21 47 20 39 44 42
21 48 60 53 34 75
21 49 39 46 69 38
21 50 85 70 45 44
21 51 17 21 18 50
21 52 95 96 52 86
21 53 62 65 33 43
21 54 91 89 89 50
21 55 62 74 78 60
21 56 45 69 26 23
21 57 65 44 50 64
21 58 18 14 24 56
21 59 13 14 50 45
21 60 61 74 46 68
21 61 21 24 42 32
21 62 52 39 54 71
21 63 54 69 48 41
21 64 89 44 78 84
21 65 70 62 77 80
21 66 93 48 62 67
21 67 51 26 41 32
21 68 53 55 71 28
21 69 12 17 26 12
21 70 85 81 51 73
21 71 1 15 13 40
21 72 84 74 66 87
21 73 82 47 52 85
21 74 70 73 61 51
21 75 71 46 50 66
21 76 84 46 58 69
21 77 39 66 38 49
21 78 79 88 84 63
21 79 86 58 69 75
21 80 43 60 39 22
21 81 63 55 60 50
21 82 39 34 56 27
21 83 26 56 29 20
21 84 38 44 43 46
21 85 31 38 29 65
21 86 57 47 39 49
21 87 1 47 5 15
21 88 17 36 53 43
21 89 84 79 82 69
21 90 8 31 46 44
21 91 27 19 38 24
21 92 85 67 45 53
21 93 71 36 36 43
21 94 60 34 72 63
21 95 40 69 38 69
21 96 28 25 24 34
21 97 51 69 26 30
21 98 93 58 76 66
21 99 89 55 56 45
22 23 79 40 82 59
22 24 29 29 59 38
22 25 76 84 65 69
22 26 27 26 62 50
22 27 48 37 27 40
22 28 59 69 52 37
22 29 87 87 69 60
22 30 10 15 46 16
22 31 60 54 37 64
22 32 59 36 32 56
22 33 96 53 84 85
22 34 48 69 47 24
22 35 71 74 75 71
22 36 27 18 14 40
22 37 86 71 72 85
22 38 60 50 40 38
22 39 64 73 79 74
22 40 48 52 68 33
22 41 74 45 69 51
22 42 43 43 50 49
22 43 73 41 79 43
22 44 62 45 64 77
22 45 11 43 9 42
22 46 14 9 14 16
22 47 88 50 53 44
22 48 33 60 56 40
22 49 91 47 67 48
22 50 99 65 90 56
22 51 35 34 26 21
22 52 24 58 51 23
22 53 13 47 20 33
22 54 59 30 70 72
22 55 25 48 59 16
22 56 51 68 40 42
22 57 98 96 51 78
22 58 38 37 43 58
22 59 64 64 54 69
22 60 99 65 67 67
22 61 71 76 40 40
22 62 72 86 60 63
22 63 6 44 3 43
22 64 9 27 27 14
22 65 38 65 40 24
22 66 94 57 72 91
22 67 4 5 18 47
22 68 31 30 41 28
22 69 13 34 19 16
22 70 65 67 69 50
22 71 48 50 61 65
22 72 82 55 44 52
22 73 90 71 79 56
22 74 86 72 53 65
22 75 8 39 35 26
22 76 73 79 81 44
22 77 65 51 46 72
22 78 80 60 79 60
22 79 18 41 21 55
22 80 74 86 76 63
22 81 34 24 65 28
22 82 34 38 60 21
22 83 28 39 24 57
22 84 9 15 34 21
22 85 75 53 64 65
22 86 97 90 65 61
22 87 3 19 6 46
22 88 38 57 27 36
22 89 87 52 48 86
22 90 86 47 64 72
22 91 47 64 60 69
22 92 28 54 61 35
22 93 53 39 72 52
22 94 62 75 62 47
22 95 39 32 34 35
22 96 88 64 61 90
22 97 20 34 39 31
22 98 99 70 55 77
22 99 2 15 41 18
23 24 3 10 30 29
23 25 49 73 65 60
23 26 80 50 67 54
23 27 86 54 74 75
23 28 85 82 92 88
23 29 14 55 12 23
23 30 45 28 41 49
23 31 34 30 21 44
23 32 7 38 50 8
23 33 85 52 58 84
23 34 18 34 28 11
23 35 47 24 55 49
23 36 13 34 42 28
23 37 31 65 59 45
23 38 9 50 16 52
23 39 75 42 82 61
23 40 7 27 46 18
23 41 14 46 36 16
23 42 91 49 77 77
23 43 82 71 69 86
23 44 92 49 72 76
23 45 75 78 82 72
23 46 98 74 96 97
23 47 14 27 32 46
23 48 15 41 38 30
23 49 27 45 45 61
23 50 8 21 50 4
23 51 73 83 77 82
23 52 66 68 80 80
23 53 10 5 35 20
23 54 46 39 56 64
23 55 20 19 37 55
23 56 76 79 62 69
23 57 92 74 49 60
23 58 6 48 12 26
23 59 94 54 53 70
23 60 87 46 59 66
23 61 40 53 33 54
23 62 36 24 43 67
23 63 61 56 41 37
23 64 31 60 19 19
23 65 24 14 15 12
23 66 36 34 51 47
23 67 31 37 29 28
23 68 1 30 1 12
23 69 85 76 90 86
23 70 79 46 70 87
23 71 53 50 74 32
23 72 37 50 37 25
23 73 23 43 33 41
23 74 4 50 37 27
23 75 61 78 31 56
23 76 88 49 81 52
23 77 75 72 63 65
23 78 14 25 35 32
23 79 51 49 34 57
23 80 62 63 54 36
23 81 56 63 35 45
23 82 72 50 78 62
23 83 79 66 45 53
23 84 43 28 22 60
23 85 2 17 19 3
23 86 98 79 73 59
23 87 70 44 65 40
23 88 98 80 96 86
23 89 85 68 69 55
23 90 33 51 23 41
23 91 79 49 50 64
23 92 75 83 44 58
23 93 62 40 32 47
23 94 4 48 21 45
23 95 0 43 26 17
23 96 61 63 44 52
23 97 19 42 30 42
23 98 14 15 50 17
23 99 97 80 59 92
24 25 61 53 77 40
24 26 32 23 57 49
24 27 81 81 80 69
24 28 33 59 27 34
24 29 10 28 20 6
24 30 24 23 62 39
24 31 63 67 63 66
24 32 87 82 62 55
24 33 82 85 74 49
24 34 70 74 72 73
24 35 46 63 30 61
24 36 96 96 58 72
24 37 85 81 69 83
24 38 38 38 40 43
24 39 64 42 67 62
24 40 10 11 19 7
24 41 3 50 50 41
24 42 1 30 24 37
24 43 20 21 28 58
24 44 67 62 44 79
24 45 1 6 6 49
24 46 72 74 62 64
24 47 8 44 17 32
24 48 72 63 75 65
24 49 14 31 13 26
24 50 53 48 35 76
24 51 70 63 73 58
24 52 98 79 69 71
24 53 75 69 79 61
24 54 45 53 35 41
24 55 13 25 20 16
24 56 0 42 26 7
24 57 24 56 54 59
24 58 40 21 36 66
24 59 83 64 83 87
24 60 11 19 9 33
24 61 90 50 65 66
24 62 91 69 95 74
24 63 34 42 24 38
24 64 36 19 46 58
24 65 99 56 60 76
24 66 78 68 44 64
24 67 75 67 55 55
24 68 2 37 9 4
24 69 83 54 57 84
24 70 95 92 52 62
24 71 59 44 64 43
24 72 68 40 59 56
24 73 72 85 70 70
24 74 77 66 54 52
24 75 19 57 33 38
24 76 43 61 29 26
24 77 71 83 58 85
24 78 46 57 47 24
24 79 41 56 51 55
24 80 29 53 25 60
24 81 26 21 62 27
24 82 5 17 5 8
24 83 92 90 56 95
24 84 82 75 61 87
24 85 78 46 78 64
24 86 55 41 40 49
24 87 36 66 22 59
24 88 44 61 37 56
24 89 59 49 31 65
24 90 49 61 55 66
24 91 70 80 68 51
24 92 19 10 29 57
24 93 63 64 66 72
24 94 32 40 58 63
24 95 92 84 67 53
24 96 48 50 59 41
24 97 66 52 54 71
24 98 55 49 64 70
24 99 16 47 35 15
25 26 21 45 47 45
25 27 91 53 74 48
25 28 32 51 54 22
25 29 99 62 86 80
25 30 53 75 67 40
25 31 10 9 38 15
25 32 49 37 73 32
25 33 48 60 42 33
25 34 72 39 57 60
25 35 77 75 63 41
25 36 35 29 35 25
25 37 24 46 26 32
25 38 68 80 39 76
25 39 97 56 55 57
25 40 74 49 67 38
25 41 50 34 25 38
25 42 40 62 28 32
25 43 48 44 29 44
25 44 51 71 40 41
25 45 61 63 44 77
25 46 45 56 26 71
25 47 51 62 30 39
25 48 59 71 66 63
25 49 87 50 75 53
25 50 72 73 86 62
25 51 83 42 55 58
25 52 28 18 53 63
25 53 4 18 6 17
25 54 7 28 33 53
25 55 17 33 28 43
25 56 70 41 46 38
25 57 9 50 53 30
25 58 78 53 75 47
25 59 62 40 49 76
25 60 51 55 48 45
25 61 62 54 68 34
25 62 48 71 39 46
25 63 81 85 84 71
25 64 3 28 44 7
25 65 82 42 48 69
25 66 20 10 10 11
25 67 35 44 43 27
25 68 78 42 73 73
25 69 8 32 39 20
25 70 9 17 54 54
25 71 96 96 57 61
25 72 65 55 53 63
25 73 54 67 51 65
25 74 42 24 68 66
25 75 85 47 74 64
25 76 88 84 86 93
25 77 84 73 79 67
25 78 50 64 41 61
25 79 22 29 53 13
25 80 96 74 87 63
25 81 25 28 37 25
25 82 49 36 74 73
25 83 34 32 34 25
25 84 2 40 12 5
25 85 13 37 47 19
25 86 65 82 41 53
25 87 65 55 59 72
25 88 39 39 66 34
25 89 42 39 62 22
25 90 29 50 30 42
25 91 0 18 13 8
25 92 54 46 28 61
25 93 85 86 83 88
25 94 27 58 55 25
25 95 99 59 89 91
25 96 5 19 28 14
25 97 1 48 18 22
25 98 91 46 64 51
25 99 90 63 53 47
26 27 24 23 61 14
26 28 1 14 38 3
26 29 79 65 84 42
26 30 2 42 5 46
26 31 48 31 33 48
26 32 59 78 71 70
26 33 16 19 12 49
26 34 58 39 63 67
26 35 19 43 33 44
26 36 67 47 44 80
26 37 21 22 48 44
26 38 34 42 37 55
26 39 56 55 54 42
26 40 8 8 51 28
26 41 45 69 58 46
26 42 95 63 71 67
26 43 23 17 17 22
26 44 81 90 85 49
26 45 67 75 78 39
26 46 21 56 24 23
26 47 49 67 35 62
26 48 33 43 27 40
26 49 35 60 41 46
26 50 83 43 91 61
26 51 41 63 60 29
26 52 13 27 27 47
26 53 72 44 67 64
26 54 31 47 60 35
26 55 74 72 62 63
26 56 58 36 45 59
26 57 50 70 62 42
26 58 72 50 78 66
26 59 44 57 70 56
26 60 94 82 60 78
26 61 81 54 62 79
26 62 59 33 38 64
26 63 31 55 17 16
26 64 87 60 87 77
26 65 22 21 14 45
26 66 99 97 76 51
26 67 68 51 57 40
26 68 1 7 8 43
26 69 45 48 63 29
26 70 48 47 25 51
26 71 0 25 3 7
26 72 94 84 73 93
26 73 72 75 85 82
26 74 60 40 33 70
26 75 85 50 56 53
26 76 31 47 45 46
26 77 22 38 39 39
26 78 12 55 42 51
26 79 35 32 19 44
26 80 37 59 24 19
26 81 95 67 85 69
26 82 64 50 61 44
26 83 61 64 54 51
26 84 97 67 89 72
26 85 37 18 35 56
26 86 85 51 58 61
26 87 54 32 28 55
26 88 3 18 9 35
26 89 27 28 43 14
26 90 54 65 50 29
26 91 45 43 42 51
26 92 17 41 11 28
26 93 57 39 37 40
26 94 84 54 92 47
26 95 5 10 22 14
26 96 43 29 23 26
26 97 83 67 46 59
26 98 45 67 47 65
26 99 1 38 13 11
27 28 70 57 36 41
27 29 90 55 80 73
27 30 20 24 12 59
27 31 90 54 50 45
27 32 28 54 27 35
27 33 44 69 53 49
27 34 64 63 66 69
27 35 23 25 28 38
27 36 14 30 16 43
27 37 8 14 8 50
27 38 6 51 28 14
27 39 37 42 26 62
27 40 1 45 2 10
27 41 52 50 30 54
27 42 65 57 32 68
27 43 1 1 1 25
27 44 63 75 62 76
27 45 13 22 8 38
27 46 79 54 62 60
27 47 7 43 40 40
27 48 45 59 52 29
27 49 42 32 40 40
27 50 17 46 24 23
27 51 44 32 64 62
27 52 17 31 25 51
27 53 53 40 66 64
27 54 80 84 71 41
27 55 61 64 43 69
27 56 18 29 14 58
27 57 11 48 15 46
27 58 18 37 33 9
27 59 28 62 31 62
27 60 81 78 71 74
27 61 2 34 7 46
27 62 34 52 50 55
27 63 37 31 58 29
27 64 90 57 92 52
27 65 12 29 15 24
27 66 36 45 59 37
27 67 1 6 12 24
27 68 10 45 40 11
27 69 29 50 18 25
27 70 45 69 38 34
27 71 4 46 40 38
27 72 6 15 15 24
27 73 90 92 61 54
27 74 19 39 53 46
27 75 11 30 44 35
27 76 9 46 27 38
27 77 58 41 66 36
27 78 86 76 83 86
27 79 33 46 57 56
27 80 17 53 27 44
27 81 32 21 18 31
27 82 40 43 56 36
27 83 4 26 15 48
27 84 11 41 40 16
27 85 65 82 65 35
27 86 24 43 17 60
27 87 22 29 19 19
27 88 13 19 31 44
27 89 42 43 24 47
27 90 22 12 59 33
27 91 69 59 67 55
27 92 95 94 68 81
27 93 18 55 44 50
27 94 30 58 17 65
27 95 86 70 78 79
27 96 72 44 61 80
27 97 17 36 35 9
27 98 50 66 50 41
27 99 94 63 50 81
28 29 26 59 14 55
28 30 95 84 52 84
28 31 90 81 57 64
28 32 51 65 60 44
28 33 26 53 60 24
28 34 84 62 91 90
28 35 77 74 44 66
28 36 28 31 31 32
28 37 72 74 57 48
28 38 4 26 12 10
28 39 54 36 48 52
28 40 92 68 91 70
28 41 11 37 26 51
28 42 32 32 55 47
28 43 18 10 20 33
28 44 68 58 47 38
28 45 28 60 62 44
28 46 7 30 52 47
28 47 52 51 40 40
28 48 98 62 70 81
28 49 64 60 63 65
28 50 15 46 34 48
28 51 2 35 5 19
28 52 27 55 61 61
28 53 6 22 37 44
28 54 60 78 66 79
28 55 55 67 56 55
28 56 97 64 93 86
28 57 68 48 35 47
28 58 32 38 49 24
28 59 79 81 48 87
28 60 81 66 49 66
28 61 44 33 27 69
28 62 73 53 45 86
28 63 97 90 74 76
28 64 69 60 82 67
28 65 56 44 53 56
28 66 79 64 77 79
28 67 17 48 40 10
28 68 30 38 34 27
28 69 10 9 47 47
28 70 70 80 84 59
28 71 52 36 75 72
28 72 24 17 37 51
28 73 21 34 38 10
28 74 78 47 68 39
28 75 18 59 46 44
28 76 45 54 43 53
28 77 17 13 53 15
28 78 89 87 48 74
28 79 6 31 24 52
28 80 63 47 44 37
28 81 65 58 71 63
28 82 36 66 30 19
28 83 35 45 64 59
28 84 4 11 29 8
28 85 57 67 61 52
28 86 86 61 65 80
28 87 60 44 77 45
28 88 76 62 66 75
28 89 23 29 44 35
28 90 62 58 35 38
28 91 94 67 61 85
28 92 29 17 62 61
28 93 5 37 35 30
28 94 63 59 34 75
28 95 70 48 63 55
28 96 54 70 63 29
28 97 39 24 49 26
28 98 51 30 58 61
28 99 18 38 52 20
29 30 85 86 52 61
29 31 10 34 46 54
29 32 83 49 42 79
29 33 25 14 53 29
29 34 36 64 44 27
29 35 70 82 56 52
29 36 77 57 61 88
29 37 6 16 51 9
29 38 56 54 47 49
29 39 29 19 24 59
29 40 72 58 78 64
29 41 78 66 45 68
29 42 69 37 48 55
29 43 66 66 48 81
29 44 98 93 61 68
29 45 16 24 19 53
29 46 32 65 17 47
29 47 36 31 25 18
29 48 9 52 47 9
29 49 20 34 55 43
29 50 35 39 61 25
29 51 67 34 39 57
29 52 48 50 45 65
29 53 85 56 62 78
29 54 2 45 11 24
29 55 33 60 65 40
29 56 72 64 70 81
29 57 49 61 69 60
29 58 99 95 70 64
29 59 73 73 49 59
29 60 42 49 44 37
29 61 42 49 33 39
29 62 26 55 17 45
29 63 99 58 90 94
29 64 10 8 37 47
29 65 33 40 56 24
29 66 10 6 37 14
29 67 14 9 24 10
29 68 92 54 69 57
29 69 32 35 61 51
29 70 39 47 52 23
29 71 62 68 35 79
29 72 11 50 49 32
29 73 78 47 79 83
29 74 39 49 62 51
29 75 3 22 2 37
29 76 77 55 65 40
29 77 80 64 81 47
29 78 25 26 18 49
29 79 49 31 55 45
29 80 18 19 50 55
29 81 71 40 78 57
29 82 35 63 44 49
29 83 84 84 89 88
29 84 12 30 53 37
29 85 51 54 34 31
29 86 33 63 47 49
29 87 29 53 16 27
29 88 83 58 67 73
29 89 93 85 57 88
29 90 20 24 43 29
29 91 56 39 78 53
29 92 94 84 70 90
29 93 13 32 27 18
29 94 73 56 82 73
29 95 15 14 8 47
29 96 96 88 92 55
29 97 84 56 65 68
29 98 23 22 31 59
29 99 3 36 17 49
30 31 32 29 60 36
30 32 51 73 51 42
30 33 11 20 50 22
30 34 0 19 28 19
30 35 50 46 53 46
30 36 87 77 46 87
30 37 95 70 63 82
30 38 14 14 27 37
30 39 31 29 33 56
30 40 39 64 21 28
30 41 83 56 43 45
30 42 26 44 48 52
30 43 59 73 66 72
30 44 75 71 86 73
30 45 88 67 84 82
30 46 49 58 73 54
30 47 38 62 31 65
30 48 99 89 64 97
30 49 37 52 52 19
30 50 93 59 48 76
30 51 87 77 66 74
30 52 58 56 47 45
30 53 69 53 41 68
30 54 9 21 7 41
30 55 82 49 69 42
30 56 21 31 17 25
30 57 98 92 58 93
30 58 37 40 29 56
30 59 47 72 72 23
30 60 9 53 11 32
30 61 44 59 38 50
30 62 95 94 91 92
30 63 31 48 23 38
30 64 65 55 45 59
30 65 21 31 23 33
30 66 81 60 68 68
30 67 87 91 56 44
30 68 21 37 43 20
30 69 77 80 70 47
30 70 74 80 50 70
30 71 56 63 49 69
30 72 66 42 81 39
30 73 23 46 61 36
30 74 25 54 26 51
30 75 88 47 58 91
30 76 57 40 57 56
30 77 8 7 46 20
30 78 69 68 65 35
30 79 65 44 39 33
30 80 16 11 42 8
30 81 51 53 40 73
30 82 12 37 44 11
30 83 76 81 39 87
30 84 66 34 68 72
30 85 77 49 84 41
30 86 23 17 59 32
30 87 44 71 43 62
30 88 5 42 11 14
30 89 5 24 43 24
30 90 45 72 47 46
30 91 90 76 59 56
30 92 53 47 29 59
30 93 52 72 33 61
30 94 33 55 41 54
30 95 0 11 28 18
30 96 52 71 28 34
30 97 77 39 65 85
30 98 77 56 51 86
30 99 49 59 66 39
31 32 76 80 45 54
31 33 61 56 49 38
31 34 32 56 58 47
31 35 16 36 32 28
31 36 65 43 63 39
31 37 93 73 65 47
31 38 49 33 73 26
31 39 63 60 76 45
31 40 79 49 72 86
31 41 52 36 45 51
31 42 49 73 72 69
31 43 86 86 92 75
31 44 75 81 63 63
31 45 34 19 44 50
31 46 34 51 18 21
31 47 86 52 48 62
31 48 77 76 75 61
31 49 50 47 57 68
31 50 37 44 28 29
31 51 57 63 70 58
31 52 45 57 30 28
31 53 16 54 11 20
31 54 13 25 22 37
31 55 97 54 64 74
31 56 3 31 11 9
31 57 29 51 56 42
31 58 53 68 49 56
31 59 46 58 27 48
31 60 22 36 22 17
31 61 15 44 38 10
31 62 91 70 60 73
31 63 53 59 70 63
31 64 56 41 47 54
31 65 79 44 74 54
31 66 63 64 46 57
31 67 84 63 81 57
31 68 28 60 39 55
31 69 25 20 27 62
31 70 82 76 41 65
31 71 40 46 45 60
31 72 58 53 72 72
31 73 75 53 39 64
31 74 35 41 52 59
31 75 38 27 47 43
31 76 16 16 21 17
31 77 21 44 53 60
31 78 62 57 45 60
31 79 80 85 82 40
31 80 83 67 68 85
31 81 56 62 30 71
31 82 57 72 60 49
31 83 67 50 47 42
31 84 13 47 9 7
31 85 94 54 55 65
31 86 57 53 60 62
31 87 53 38 40 34
31 88 88 60 86 93
31 89 57 30 29 54
31 90 67 50 72 48
31 91 79 45 47 51
31 92 11 36 25 30
31 93 93 46 66 70
31 94 18 32 41 37
31 95 83 53 45 90
31 96 53 39 71 35
31 97 0 42 45 36
31 98 1 13 21 27
31 99 49 54 66 25
32 33 51 28 65 33
32 34 37 53 52 35
32 35 18 15 43 24
32 36 55 40 34 62
32 37 36 34 33 66
32 38 96 56 92 55
32 39 13 32 52 45
32 40 19 11 15 14
32 41 48 53 38 31
32 42 79 81 76 67
32 43 22 16 47 53
32 44 28 44 24 33
32 45 36 42 59 25
32 46 8 18 42 45
32 47 97 92 93 88
32 48 22 42 13 11
32 49 50 45 55 32
32 50 86 57 64 89
32 51 67 71 49 80
32 52 15 21 29 10
32 53 2 48 6 16
32 54 2 22 44 47
32 55 91 87 60 64
32 56 77 60 59 71
32 57 25 33 47 58
32 58 19 28 47 32
32 59 24 13 46 18
32 60 78 89 59 76
32 61 34 61 64 64
32 62 27 56 33 55
32 63 67 38 51 60
32 64 68 38 54 58
32 65 39 31 58 53
32 66 44 41 54 42
32 67 46 26 54 46
32 68 54 48 31 34
32 69 1 43 8 29
32 70 26 50 57 27
32 71 4 12 42 10
32 72 86 86 83 83
32 73 41 37 60 66
32 74 28 63 58 45
32 75 55 35 29 55
32 76 54 32 76 31
32 77 55 41 48 62
32 78 76 69 65 78
32 79 85 89 91 68
32 80 86 64 52 48
32 81 58 69 74 51
32 82 97 60 88 93
32 83 67 49 41 82
32 84 63 80 72 79
32 85 25 19 49 62
32 86 26 35 32 62
32 87 81 84 74 66
32 88 4 51 31 22
32 89 79 66 67 42
32 90 58 32 40 52
32 91 75 61 39 60
32 92 28 36 47 39
32 93 51 46 47 42
32 94 23 42 42 19
32 95 75 44 77 60
32 96 54 55 66 55
32 97 91 74 61 52
32 98 49 51 66 36
32 99 88 74 79 73
33 34 1 19 35 16
33 35 98 60 98 82
33 36 34 41 58 56
33 37 31 37 60 19
33 38 20 34 32 54
33 39 52 47 44 41
33 40 23 18 25 25
33 41 7 28 37 43
33 42 12 19 10 44
33 43 95 64 64 47
33 44 59 64 68 44
33 45 97 94 94 62
33 46 14 31 44 47
33 47 29 43 23 21
33 48 1 43 23 14
33 49 61 77 58 39
33 50 93 74 59 80
33 51 96 97 57 60
33 52 31 46 52 17
33 53 54 42 59 33
33 54 40 55 34 55
33 55 91 90 63 74
33 56 93 55 61 57
33 57 86 55 45 54
33 58 18 26 34 11
33 59 44 38 25 41
33 60 15 42 14 24
33 61 13 55 12 42
33 62 67 34 47 47
33 63 47 58 54 41
33 64 9 42 49 38
33 65 53 34 30 34
33 66 60 52 45 51
33 67 86 83 57 61
33 68 66 72 42 58
33 69 42 37 24 62
33 70 71 68 79 45
33 71 17 52 56 43
33 72 34 58 39 61
33 73 73 41 56 64
33 74 8 48 52 26
33 75 67 77 83 80
33 76 90 77 75 63
33 77 31 39 49 45
33 78 57 62 58 42
33 79 9 44 13 45
33 80 65 70 74 77
33 81 90 68 90 63
33 82 18 22 56 44
33 83 8 6 30 53
33 84 71 75 76 37
33 85 33 23 56 30
33 86 40 63 65 53
33 87 72 80 38 86
33 88 98 97 50 75
33 89 60 30 67 59
33 90 8 13 40 27
33 91 28 28 53 59
33 92 49 70 74 45
33 93 95 66 50 60
33 94 41 29 58 70
33 95 95 71 67 79
33 96 78 66 77 83
33 97 53 28 75 53
33 98 84 53 57 86
33 99 89 50 65 72
34 35 37 52 44 54
34 36 55 58 29 38
34 37 87 52 49 93
34 38 15 13 55 55
34 39 9 29 46 13
34 40 70 58 61 51
34 41 99 98 94 89
34 42 56 38 58 72
34 43 11 47 36 47
34 44 91 63 51 92
34 45 84 72 63 49
34 46 93 79 59 66
34 47 69 34 56 60
34 48 35 60 52 20
34 49 17 14 31 11
34 50 21 21 57 19
34 51 38 66 42 66
34 52 17 11 56 14
34 53 28 56 39 27
34 54 9 21 15 41
34 55 44 43 31 69
34 56 67 78 69 49
34 57 34 37 65 39
34 58 96 58 55 63
34 59 28 18 22 53
34 60 28 50 60 59
34 61 30 35 34 47
34 62 20 25 21 40
34 63 27 23 56 31
34 64 37 64 33 28
34 65 28 28 51 45
34 66 73 75 54 64
34 67 83 75 86 83
34 68 49 73 28 63
34 69 26 34 53 42
34 70 8 39 22 10
34 71 56 31 33 40
34 72 57 57 39 29
34 73 39 33 69 39
34 74 59 45 66 67
34 75 74 55 46 79
34 76 43 51 57 44
34 77 97 73 83 72
34 78 34 35 33 26
34 79 80 62 60 43
34 80 82 79 46 59
34 81 20 27 49 21
34 82 91 86 94 65
34 83 27 17 62 54
34 84 14 20 52 26
34 85 57 65 32 29
34 86 41 58 69 60
34 87 89 49 82 75
34 88 49 71 71 34
34 89 69 80 57 58
34 90 95 73 79 55
34 91 23 29 53 29
34 92 18 47 41 42
34 93 16 9 34 36
34 94 17 29 27 21
34 95 51 45 41 28
34 96 1 21 18 3
34 97 55 48 73 67
34 98 88 86 69 74
34 99 23 54 18 49
35 36 11 21 6 22
35 37 25 42 29 24
35 38 13 34 42 33
35 39 41 52 63 35
35 40 47 26 42 66
35 41 21 34 35 28
35 42 34 21 38 54
35 43 55 67 42 37
35 44 12 31 48 26
35 45 94 50 96 56
35 46 97 50 93 93
35 47 91 78 79 59
35 48 76 64 78 75
35 49 29 23 42 29
35 50 6 27 13 19
35 51 37 47 36 62
35 52 66 53 61 50
35 53 70 40 66 66
35 54 33 57 30 53
35 55 4 47 20 9
35 56 58 42 34 37
35 57 89 69 73 84
35 58 35 64 37 45
35 59 67 44 78 54
35 60 5 49 9 5
35 61 52 65 72 51
35 62 99 90 59 76
35 63 85 71 70 73
35 64 90 60 60 85
35 65 11 17 45 31
35 66 45 49 49 68
35 67 67 80 62 57
35 68 26 31 19 41
35 69 14 50 18 10
35 70 15 56 8 34
35 71 4 5 50 21
35 72 5 34 15 39
35 73 27 54 32 55
35 74 79 50 41 50
35 75 92 87 64 88
35 76 16 56 32 19
35 77 53 51 49 57
35 78 33 64 57 43
35 79 55 36 39 64
35 80 79 68 62 69
35 81 12 49 27 43
35 82 25 55 48 20
35 83 6 8 30 30
35 84 64 71 44 67
35 85 62 70 59 66
35 86 29 62 27 36
35 87 92 92 79 56
35 88 45 30 27 33
35 89 33 17 60 59
35 90 89 72 93 88
35 91 42 24 67 37
35 92 20 58 22 16
35 93 28 47 19 24
35 94 56 60 70 37
35 95 62 46 58 46
35 96 94 53 60 52
35 97 94 85 67 50
35 98 0 14 1 26
35 99 62 39 71 48
36 37 70 78 49 80
36 38 89 84 81 71
36 39 66 81 61 64
36 40 6 20 20 4
36 41 93 78 60 64
36 42 90 72 55 86
36 43 8 11 49 39
36 44 93 54 76 54
36 45 49 65 49 51
36 46 47 39 55 53
36 47 89 49 92 87
36 48 74 65 56 79
36 49 42 37 64 54
36 50 72 71 44 46
36 51 97 92 82 52
36 52 28 25 47 21
36 53 56 43 46 76
36 54 99 81 88 98
36 55 22 48 19 37
36 56 3 4 50 35
36 57 27 37 55 17
36 58 95 54 50 55
36 59 41 61 48 66
36 60 80 88 60 61
36 61 16 20 43 40
36 62 9 27 35 29
36 63 9 46 16 33
36 64 64 82 76 64
36 65 98 62 98 59
36 66 41 24 30 59
36 67 82 52 49 77
36 68 21 50 12 43
36 69 70 75 55 81
36 70 18 23 18 31
36 71 23 54 39 12
36 72 79 54 64 43
36 73 96 68 71 64
36 74 27 33 15 40
36 75 54 47 56 73
36 76 29 18 55 37
36 77 65 82 78 65
36 78 90 53 50 86
36 79 72 78 71 62
36 80 59 76 31 30
36 81 53 54 57 31
36 82 6 25 23 31
36 83 98 94 77 50
36 84 54 51 56 52
36 85 10 30 14 9
36 86 83 82 57 88
36 87 56 53 57 59
36 88 31 46 22 65
36 89 92 71 51 87
36 90 41 33 39 49
36 91 64 57 46 76
36 92 62 56 60 36
36 93 91 50 53 92
36 94 49 62 72 45
36 95 18 26 32 33
36 96 50 30 44 51
36 97 38 22 59 40
36 98 29 39 32 56
36 99 21 14 53 30
37 38 78 70 44 74
37 39 0 36 48 7
37 40 54 72 64 67
37 41 77 71 87 72
37 42 66 43 76 40
37 43 50 53 68 27
37 44 66 73 33 57
37 45 45 64 64 53
37 46 60 69 65 73
37 47 10 41 52 27
37 48 61 55 60 43
37 49 16 19 25 11
37 50 96 74 66 52
37 51 66 72 78 67
37 52 71 48 81 75
37 53 2 23 22 6
37 54 43 63 22 70
37 55 25 58 33 55
37 56 2 27 26 27
37 57 86 84 71 69
37 58 28 17 44 36
37 59 18 32 19 25
37 60 80 63 48 78
37 61 69 44 77 48
37 62 85 80 78 89
37 63 64 32 60 63
37 64 75 78 68 72
37 65 88 92 80 65
37 66 16 48 55 29
37 67 32 40 31 21
37 68 55 54 77 30
37 69 20 28 40 18
37 70 66 78 72 79
37 71 47 48 47 29
37 72 43 32 44 39
37 73 8 33 47 38
37 74 92 69 62 81
37 75 94 79 50 67
37 76 89 94 59 77
37 77 50 34 38 28
37 78 19 41 14 52
37 79 17 30 20 47
37 80 40 26 43 61
37 81 48 25 38 63
37 82 87 80 82 73
37 83 36 65 49 59
37 84 80 70 69 52
37 85 22 40 11 19
37 86 41 38 45 36
37 87 57 39 41 41
37 88 72 57 83 79
37 89 5 34 25 52
37 90 7 11 33 9
37 91 22 39 38 17
37 92 57 48 68 33
37 93 48 63 50 28
37 94 12 10 11 14
37 95 97 62 77 48
37 96 25 19 47 40
37 97 97 50 98 98
37 98 2 5 11 34
37 99 35 43 27 29
38 39 74 48 54 82
38 40 69 83 71 56
38 41 42 43 64 60
38 42 31 17 57 65
38 43 28 52 50 39
38 44 76 84 51 59
38 45 93 78 70 91
38 46 78 54 42 83
38 47 58 73 37 76
38 48 12 53 47 22
38 49 14 44 27 21
38 50 26 44 27 34
38 51 34 19 47 61
38 52 87 85 77 90
38 53 0 19 2 19
38 54 11 47 45 19
38 55 2 11 38 33
38 56 68 60 54 72
38 57 51 61 68 34
38 58 63 78 36 60
38 59 38 29 19 63
38 60 45 49 25 30
38 61 5 21 21 25
38 62 99 93 92 65
38 63 51 38 34 58
38 64 62 58 79 61
38 65 82 43 70 77
38 66 45 34 43 49
38 67 85 56 69 60
38 68 71 46 53 71
38 69 23 52 33 60
38 70 32 51 29 47
38 71 64 64 55 35
38 72 14 36 50 37
38 73 3 11 19 35
38 74 42 52 57 32
38 75 92 52 53 73
38 76 79 88 51 44
38 77 25 12 45 52
38 78 59 77 38 35
38 79 7 21 38 43
38 80 12 15 7 9
38 81 48 65 34 49
38 82 88 84 72 56
38 83 75 69 75 83
38 84 91 80 90 94
38 85 75 82 71 87
38 86 93 71 62 64
38 87 48 68 69 47
38 88 32 18 48 34
38 89 7 34 29 27
38 90 37 42 29 40
38 91 93 82 91 55
38 92 61 73 78 51
38 93 20 46 26 32
38 94 34 47 37 41
38 95 77 67 39 60
38 96 78 83 62 55
38 97 0 38 22 37
38 98 43 31 37 34
38 99 56 66 45 54
39 40 29 44 42 52
39 41 17 12 49 24
39 42 73 40 37 85
39 43 33 30 35 35
39 44 57 61 29 29
39 45 6 17 51 38
39 46 54 32 75 63
39 47 90 80 78 66
39 48 59 64 67 53
39 49 51 50 36 30
39 50 49 44 41 41
39 51 26 19 56 27
39 52 7 42 50 49
39 53 40 22 25 32
39 54 34 34 40 20
39 55 39 49 49 23
39 56 91 77 74 87
39 57 2 13 16 17
39 58 14 11 16 24
39 59 68 64 54 40
39 60 34 56 54 35
39 61 63 33 67 54
39 62 81 76 63 77
39 63 70 40 85 48
39 64 16 38 50 13
39 65 19 35 42 47
39 66 75 48 58 76
39 67 28 63 24 48
39 68 57 75 50 47
39 69 82 66 52 44
39 70 86 77 78 73
39 71 58 72 50 32
39 72 72 55 67 60
39 73 37 36 42 49
39 74 58 52 63 52
39 75 74 55 68 67
39 76 40 43 52 55
39 77 54 63 65 49
39 78 57 45 63 68
39 79 74 45 57 41
39 80 44 46 66 22
39 81 4 17 8 14
39 82 28 23 23 38
39 83 1 9 31 31
39 84 41 47 52 28
39 85 3 43 11 9
39 86 34 37 30 29
39 87 10 42 35 51
39 88 44 50 29 29
39 89 99 84 87 77
39 90 11 50 31 33
39 91 50 36 35 68
39 92 82 81 82 62
39 93 36 64 37 33
39 94 78 76 52 55
39 95 50 38 50 65
39 96 62 47 48 74
39 97 95 51 87 89
39 98 82 67 58 53
39 99 79 43 64 57
40 41 3 3 15 24
40 42 75 83 84 63
40 43 44 65 56 25
40 44 68 69 62 79
40 45 15 30 9 11
40 46 36 66 30 22
40 47 36 22 22 45
40 48 22 12 52 46
40 49 79 69 59 61
40 50 11 55 15 45
40 51 9 19 24 22
40 52 5 18 32 22
40 53 84 52 59 82
40 54 51 32 41 53
40 55 95 89 82 85
40 56 57 34 59 31
40 57 39 47 39 66
40 58 51 62 36 67
40 59 92 90 84 48
40 60 92 60 48 67
40 61 11 32 8 11
40 62 10 46 20 46
40 63 94 80 77 91
40 64 73 44 60 57
40 65 93 79 91 57
40 66 67 67 48 68
40 67 80 66 55 80
40 68 56 62 30 29
40 69 93 74 57 48
40 70 32 53 33 21
40 71 73 57 83 54
40 72 24 14 12 34
40 73 89 71 56 87
40 74 9 14 39 19
40 75 71 66 78 35
40 76 58 61 59 38
40 77 20 53 13 58
40 78 41 61 30 22
40 79 99 65 67 70
40 80 0 29 9 14
40 81 82 67 61 69
40 82 7 30 43 29
40 83 18 10 27 56
40 84 57 52 31 57
40 85 49 35 59 58
40 86 59 66 54 58
40 87 58 58 50 30
40 88 42 25 54 31
40 89 23 17 15 37
40 90 24 47 46 49
40 91 36 26 59 25
40 92 80 82 75 59
40 93 74 82 76 79
40 94 44 66 67 60
40 95 18 33 21 46
40 96 16 27 21 28
40 97 88 79 47 54
40 98 45 40 31 62
40 99 47 46 41 54
41 42 81 83 56 41
41 43 85 71 60 58
41 44 16 57 18 46
41 45 23 34 22 27
41 46 88 83 73 86
41 47 54 36 55 48
41 48 41 58 42 51
41 49 70 78 63 43
41 50 70 60 50 53
41 51 56 29 48 40
41 52 30 56 56 32
41 53 79 52 53 53
41 54 55 55 54 74
41 55 45 44 64 51
41 56 84 51 42 89
41 57 66 53 54 34
41 58 57 64 77 43
41 59 5 21 18 40
41 60 4 10 29 28
41 61 9 52 28 35
41 62 21 30 52 58
41 63 66 50 77 52
41 64 13 13 22 33
41 65 46 50 40 56
41 66 40 59 67 55
41 67 56 61 40 29
41 68 25 41 35 51
41 69 46 64 46 60
41 70 38 23 22 34
41 71 72 41 73 48
41 72 99 86 98 58
41 73 4 21 5 16
41 74 91 93 62 72
41 75 19 22 28 29
41 76 75 81 58 63
41 77 12 47 38 14
41 78 17 31 41 24
41 79 63 45 79 75
41 80 15 8 49 49
41 81 84 50 51 70
41 82 96 53 51 79
41 83 16 17 14 48
41 84 62 65 64 38
41 85 99 83 97 54
41 86 55 29 65 69
41 87 39 67 29 53
41 88 32 65 23 59
41 89 2 36 7 47
41 90 67 42 54 77
41 91 70 70 60 44
41 92 61 55 42 33
41 93 22 51 33 29
41 94 86 65 51 49
41 95 83 79 85 50
41 96 75 70 66 55
41 97 65 62 41 60
41 98 74 52 78 65
41 99 32 64 59 23
42 43 45 56 63 33
42 44 78 86 69 56
42 45 87 57 87 63
42 46 44 38 64 24
42 47 38 60 46 42
42 48 73 45 47 37
42 49 77 70 78 57
42 50 34 54 19 56
42 51 60 67 34 34
42 52 92 93 89 66
42 53 31 44 22 22
42 54 30 40 57 51
42 55 62 56 67 50
42 56 28 40 59 17
42 57 56 52 39 28
42 58 27 56 20 33
42 59 40 28 58 51
42 60 97 62 52 62
42 61 68 67 82 56
42 62 45 50 44 40
42 63 82 53 84 59
42 64 26 25 36 50
42 65 94 48 95 50
42 66 83 67 71 66
42 67 31 48 29 31
42 68 19 49 57 17
42 69 97 68 59 87
42 70 50 39 53 34
42 71 34 58 29 62
42 72 94 68 93 87
42 73 75 55 38 79
42 74 56 58 56 63
42 75 28 38 56 32
42 76 17 31 21 40
42 77 33 20 18 21
42 78 91 82 63 56
42 79 43 22 58 38
42 80 14 48 41 42
42 81 84 84 67 74
42 82 92 73 63 63
42 83 62 77 40 75
42 84 8 25 42 15
42 85 89 45 57 46
42 86 50 45 27 57
42 87 24 22 40 60
42 88 76 80 66 61
42 89 68 74 55 66
42 90 65 52 45 72
42 91 40 66 30 32
42 92 71 49 67 52
42 93 40 55 60 61
42 94 78 88 42 49
42 95 36 38 34 53
42 96 90 47 82 67
42 97 73 72 73 56
42 98 10 7 19 38
42 99 31 17 57 29
43 44 1 4 43 12
43 45 20 50 19 33
43 46 8 21 46 30
43 47 14 41 35 28
43 48 80 79 80 83
43 49 33 35 34 53
43 50 89 55 49 73
43 51 51 56 47 53
43 52 23 30 27 58
43 53 97 88 64 52
43 54 68 51 41 72
43 55 51 32 70 67
43 56 89 89 57 65
43 57 86 67 69 71
43 58 44 72 41 29
43 59 94 65 94 84
43 60 69 55 71 41
43 61 99 96 53 57
43 62 88 90 69 57
43 63 27 42 47 21
43 64 24 41 44 50
43 65 79 58 57 80
43 66 12 23 16 39
43 67 62 76 52 53
43 68 50 70 32 33
43 69 3 32 41 42
43 70 88 75 53 68
43 71 24 46 56 17
43 72 95 94 61 67
43 73 16 10 10 32
43 74 52 34 46 40
43 75 81 76 72 42
43 76 4 44 25 38
43 77 50 66 27 28
43 78 85 45 74 87
43 79 41 40 21 52
43 80 22 31 47 29
43 81 51 68 31 33
43 82 71 46 45 84
43 83 87 87 82 82
43 84 48 29 47 74
43 85 54 45 41 54
43 86 22 55 44 49
43 87 94 83 49 74
43 88 43 30 27 62
43 89 88 84 59 56
43 90 82 52 72 91
43 91 54 65 38 44
43 92 48 60 58 70
43 93 16 45 8 44
43 94 37 19 22 49
43 95 9 35 44 26
43 96 17 44 57 48
43 97 32 52 52 28
43 98 42 46 46 21
43 99 86 61 59 83
44 45 94 54 73 91
44 46 98 83 98 54
44 47 40 36 27 29
44 48 71 76 79 47
44 49 12 34 14 35
44 50 67 83 59 34
44 51 97 93 93 68
44 52 50 70 31 69
44 53 51 42 68 68
44 54 35 65 49 25
44 55 31 57 47 23
44 56 9 51 30 49
44 57 78 79 52 88
44 58 17 50 49 47
44 59 92 64 86 58
44 60 89 74 45 55
44 61 0 15 2 27
44 62 39 45 50 42
44 63 87 52 85 67
44 64 25 23 43 40
44 65 20 17 49 35
44 66 50 52 26 61
44 67 17 19 36 54
44 68 75 40 38 66
44 69 20 42 35 19
44 70 60 39 52 55
44 71 3 38 8 20
44 72 82 63 75 51
44 73 33 23 25 65
44 74 68 45 57 69
44 75 16 23 52 43
44 76 50 67 47 27
44 77 49 62 56 40
44 78 92 63 78 48
44 79 33 34 18 59
44 80 73 64 50 76
44 81 56 40 62 30
44 82 63 63 70 52
44 83 83 68 53 49
44 84 47 39 34 37
44 85 3 26 48 43
44 86 23 22 16 26
44 87 34 57 64 33
44 88 41 45 44 48
44 89 63 42 53 50
44 90 1 2 9 28
44 91 44 33 28 23
44 92 64 65 77 33
44 93 84 65 82 70
44 94 76 73 71 62
44 95 98 70 79 68
44 96 94 77 56 56
44 97 42 61 60 64
44 98 18 56 47 16
44 99 87 50 82 61
45 46 76 50 73 55
45 47 2 50 24 44
45 48 64 68 71 37
45 49 9 42 20 8
45 50 95 69 55 83
45 51 10 12 44 15
45 52 64 50 45 54
45 53 4 50 7 24
45 54 17 57 54 55
45 55 50 57 48 31
45 56 63 48 33 71
45 57 40 27 56 59
45 58 25 20 56 52
45 59 52 62 61 35
45 60 46 58 57 58
45 61 30 15 56 43
45 62 14 50 41 53
45 63 9 40 10 13
45 64 18 42 28 53
45 65 61 59 74 40
45 66 40 25 48 21
45 67 51 30 51 56
45 68 81 43 80 49
45 69 81 55 57 74
45 70 4 2 13 2
45 71 67 82 52 38
45 72 26 37 13 36
45 73 56 34 55 73
45 74 40 49 56 67
45 75 98 51 78 95
45 76 40 61 32 64
45 77 52 30 30 39
45 78 89 62 57 88
45 79 93 87 58 85
45 80 69 70 83 79
45 81 49 63 59 52
45 82 22 21 18 46
45 83 18 30 10 33
45 84 48 34 67 42
45 85 68 60 80 54
45 86 26 45 14 53
45 87 64 56 54 81
45 88 8 4 38 10
45 89 8 29 11 5
45 90 54 55 35 59
45 91 59 77 57 56
45 92 21 36 31 57
45 93 51 35 56 41
45 94 90 77 60 76
45 95 5 41 22 49
45 96 28 63 52 19
45 97 68 42 75 79
45 98 83 62 51 62
45 99 0 14 6 42
46 47 96 88 51 54
46 48 38 58 59 37
46 49 21 33 26 55
46 50 99 49 90 76
46 51 38 63 21 59
46 52 75 71 75 57
46 53 9 42 14 20
46 54 98 69 60 98
46 55 16 34 32 56
46 56 95 60 75 93
46 57 61 53 33 55
46 58 46 38 23 58
46 59 52 61 58 44
46 60 35 39 53 42
46 61 52 29 44 72
46 62 12 52 15 30
46 63 61 44 67 35
46 64 80 66 51 77
46 65 96 60 83 89
46 66 65 69 78 48
46 67 44 57 56 52
46 68 84 66 67 87
46 69 55 60 57 52
46 70 59 38 43 53
46 71 27 49 38 19
46 72 36 18 33 21
46 73 40 62 34 57
46 74 62 43 78 44
46 75 38 56 61 53
46 76 71 56 71 53
46 77 82 62 59 71
46 78 70 77 46 46
46 79 46 47 63 61
46 80 30 62 45 43
46 81 64 67 67 39
46 82 70 37 55 41
46 83 75 69 65 60
46 84 72 46 53 59
46 85 52 47 31 35
46 86 21 26 48 27
46 87 73 63 77 43
46 88 76 44 51 76
46 89 80 50 55 52
46 90 16 28 44 40
46 91 99 59 58 80
46 92 29 16 23 53
46 93 15 34 10 39
46 94 23 16 56 17
46 95 23 35 29 61
46 96 93 76 80 79
46 97 1 47 4 22
46 98 71 50 62 51
46 99 83 69 50 74
47 48 92 64 76 73
47 49 55 62 62 34
47 50 21 57 56 57
47 51 89 64 85 89
47 52 25 40 28 36
47 53 57 50 64 71
47 54 81 54 65 89
47 55 83 87 91 78
47 56 60 61 77 54
47 57 28 41 22 14
47 58 10 13 15 54
47 59 58 76 30 50
47 60 94 56 76 82
47 61 8 18 27 23
47 62 74 67 75 42
47 63 11 48 19 27
47 64 40 52 48 67
47 65 31 48 39 21
47 66 14 32 33 50
47 67 58 66 59 64
47 68 64 44 62 67
47 69 34 34 54 40
47 70 55 73 36 38
47 71 67 51 52 83
47 72 44 56 68 43
47 73 7 15 39 31
47 74 92 67 51 75
47 75 41 26 68 36
47 76 17 25 56 16
47 77 77 85 72 70
47 78 80 74 82 59
47 79 45 38 39 71
47 80 28 31 40 41
47 81 96 53 97 88
47 82 33 19 35 63
47 83 94 69 78 65
47 84 60 49 75 63
47 85 88 79 56 54
47 86 46 53 70 24
47 87 16 12 32 45
47 88 29 58 39 59
47 89 82 69 49 52
47 90 17 30 50 22
47 91 54 62 68 72
47 92 70 52 73 82
47 93 53 68 66 50
47 94 27 54 34 41
47 95 80 51 76 66
47 96 13 53 23 52
47 97 83 49 58 48
47 98 95 92 58 55
47 99 72 41 67 82
48 49 73 85 49 44
48 50 81 52 72 65
48 51 60 74 76 75
48 52 39 32 40 28
48 53 43 34 70 48
48 54 45 29 52 24
48 55 45 24 43 32
48 56 98 63 68 86
48 57 40 41 65 45
48 58 77 65 71 76
48 59 50 39 65 49
48 60 78 80 72 68
48 61 58 70 50 75
48 62 97 94 61 49
48 63 78 52 85 58
48 64 46 55 38 48
48 65 70 64 85 53
48 66 14 29 57 53
48 67 48 28 64 63
48 68 44 27 60 43
48 69 87 64 69 90
48 70 2 22 44 19
48 71 73 57 58 73
48 72 72 62 74 63
48 73 5 21 3 14
48 74 1 16 48 31
48 75 66 45 57 73
48 76 15 35 8 34
48 77 52 54 74 38
48 78 90 70 84 46
48 79 50 45 68 35
48 80 79 69 65 43
48 81 0 3 35 27
48 82 34 57 36 37
48 83 79 68 89 53
48 84 72 60 71 73
48 85 43 39 23 22
48 86 32 43 25 18
48 87 84 69 75 90
48 88 31 50 56 26
48 89 4 28 23 4
48 90 6 50 10 30
48 91 35 18 19 21
48 92 27 19 14 54
48 93 59 59 61 51
48 94 41 47 43 67
48 95 82 42 78 56
48 96 44 52 37 54
48 97 35 19 63 57
48 98 7 10 52 4
48 99 1 4 40 25
49 50 9 39 9 23
49 51 18 48 55 46
49 52 65 60 33 51
49 53 88 74 61 87
49 54 89 50 53 83
49 55 43 27 59 51
49 56 33 58 51 59
49 57 35 18 37 46
49 58 51 28 54 40
49 59 81 42 48 43
49 60 16 31 12 21
49 61 21 30 33 55
49 62 28 63 55 44
49 63 79 49 73 86
49 64 2 7 33 9
49 65 8 33 29 51
49 66 9 46 52 34
49 67 54 62 76 28
49 68 30 19 19 53
49 69 9 24 7 42
49 70 90 79 62 60
49 71 23 22 39 33
49 72 4 29 13 10
49 73 39 39 23 62
49 74 77 67 77 46
49 75 87 70 63 46
49 76 27 39 23 22
49 77 19 43 48 37
49 78 40 64 64 23
49 79 30 54 41 47
49 80 21 31 13 56
49 81 51 38 60 58
49 82 91 80 60 58
49 83 14 41 16 48
49 84 65 80 37 66
49 85 68 54 42 36
49 86 6 22 52 20
49 87 36 63 19 67
49 88 57 69 39 51
49 89 37 55 44 50
49 90 70 55 82 78
49 91 88 70 91 88
49 92 84 85 65 83
49 93 66 39 44 60
49 94 57 63 59 52
49 95 16 13 31 40
49 96 96 71 54 79
49 97 80 87 64 78
49 98 60 70 36 66
49 99 1 13 40 31
50 51 64 70 79 67
50 52 61 72 41 33
50 53 60 44 57 64
50 54 84 46 81 66
50 55 15 26 53 43
50 56 69 80 80 41
50 57 36 58 36 38
50 58 33 55 39 40
50 59 65 59 47 73
50 60 21 36 48 41
50 61 31 16 51 56
50 62 67 38 76 54
50 63 78 58 76 70
50 64 89 91 87 69
50 65 21 30 39 30
50 66 55 31 63 46
50 67 15 43 51 23
50 68 25 21 49 31
50 69 20 28 30 58
50 70 29 35 52 37
50 71 95 80 89 71
50 72 41 34 39 25
50 73 73 63 37 52
50 74 13 24 19 38
50 75 2 17 29 28
50 76 77 67 45 42
50 77 96 90 67 89
50 78 21 35 56 55
50 79 36 44 49 34
50 80 38 33 55 53
50 81 15 27 54 12
50 82 8 41 13 45
50 83 48 38 63 55
50 84 84 52 43 77
50 85 39 64 65 27
50 86 67 71 70 60
50 87 8 11 35 39
50 88 84 83 80 43
50 89 50 41 26 61
50 90 75 59 86 67
50 91 39 38 46 43
50 92 34 30 23 64
50 93 28 59 22 22
50 94 59 58 63 35
50 95 28 63 53 43
50 96 63 51 49 61
50 97 5 29 22 30
50 98 86 89 61 48
50 99 63 71 52 41
51 52 72 41 85 69
51 53 28 52 26 56
51 54 73 41 49 60
51 55 77 85 85 55
51 56 4 51 7 30
51 57 79 76 75 54
51 58 94 69 71 65
51 59 52 59 55 33
51 60 5 29 10 5
51 61 51 50 62 40
51 62 90 90 71 83
51 63 11 10 19 54
51 64 62 39 54 36
51 65 76 79 50 48
51 66 99 99 58 93
51 67 74 69 46 49
51 68 6 17 11 37
51 69 72 57 76 41
51 70 13 41 47 31
51 71 30 21 64 63
51 72 58 43 43 45
51 73 7 11 49 21
51 74 43 48 49 29
51 75 77 81 63 60
51 76 95 71 90 77
51 77 11 17 37 55
51 78 7 21 11 26
51 79 82 85 81 49
51 80 61 76 41 58
51 81 24 44 52 23
51 82 87 54 70 80
51 83 77 50 88 58
51 84 59 32 75 35
51 85 36 21 65 67
51 86 50 36 49 58
51 87 9 49 32 41
51 88 8 46 18 51
51 89 27 21 16 45
51 90 76 69 44 47
51 91 75 38 43 80
51 92 86 63 86 52
51 93 16 19 52 35
51 94 63 65 69 73
51 95 24 29 41 16
51 96 94 86 74 53
51 97 78 74 66 54
51 98 86 56 44 90
51 99 45 33 65 30
52 53 88 82 73 52
52 54 23 47 24 12
52 55 59 63 79 78
52 56 92 49 46 69
52 57 70 79 71 70
52 58 59 52 60 33
52 59 72 82 65 41
52 60 14 50 15 43
52 61 65 44 50 81
52 62 74 71 37 57
52 63 22 37 28 29
52 64 47 49 50 31
52 65 73 65 70 80
52 66 66 75 44 39
52 67 52 28 39 33
52 68 76 87 85 84
52 69 96 86 76 75
52 70 48 70 56 63
52 71 81 73 63 63
52 72 56 73 52 38
52 73 90 80 56 56
52 74 68 43 34 67
52 75 26 60 23 27
52 76 69 72 75 45
52 77 64 53 79 47
52 78 43 70 40 39
52 79 20 20 38 49
52 80 70 35 57 76
52 81 72 67 38 38
52 82 78 72 49 55
52 83 81 81 65 53
52 84 12 30 21 25
52 85 47 71 56 63
52 86 23 24 21 42
52 87 18 20 32 35
52 88 9 16 32 28
52 89 47 56 46 52
52 90 43 65 24 29
52 91 49 26 44 67
52 92 29 21 41 24
52 93 18 50 23 49
52 94 53 70 40 35
52 95 35 50 63 56
52 96 5 33 38 9
52 97 49 58 48 58
52 98 46 72 46 72
52 99 53 36 51 33
53 54 82 59 43 60
53 55 33 66 24 54
53 56 72 82 53 66
53 57 37 47 63 23
53 58 79 51 86 77
53 59 76 44 83 40
53 60 48 38 39 39
53 61 68 44 75 83
53 62 45 28 52 69
53 63 3 36 14 49
53 64 27 17 61 14
53 65 28 48 56 38
53 66 33 41 35 40
53 67 42 22 51 52
53 68 69 64 68 78
53 69 22 18 57 48
53 70 54 39 72 35
53 71 4 45 18 50
53 72 59 59 66 48
53 73 77 63 79 51
53 74 50 25 72 26
53 75 72 76 67 67
53 76 63 60 32 43
53 77 41 25 44 41
53 78 69 76 50 53
53 79 28 43 36 59
53 80 38 45 42 50
53 81 3 7 32 10
53 82 30 60 63 35
53 83 30 50 32 25
53 84 42 36 35 66
53 85 48 51 53 25
53 86 41 61 25 63
53 87 74 39 59 78
53 88 38 37 38 59
53 89 64 68 74 40
53 90 85 83 87 42
53 91 60 72 69 64
53 92 64 57 37 36
53 93 1 14 50 6
53 94 67 69 78 79
53 95 56 73 76 40
53 96 47 26 49 52
53 97 81 41 62 53
53 98 14 38 14 40
53 99 48 45 50 54
54 55 94 53 87 86
54 56 62 73 35 62
54 57 95 54 82 95
54 58 9 36 42 45
54 59 52 72 28 73
54 60 49 60 70 35
54 61 64 77 79 75
54 62 27 54 46 14
54 63 81 51 84 85
54 64 63 39 64 50
54 65 15 52 30 22
54 66 96 70 53 58
54 67 10 44 54 36
54 68 70 58 76 71
54 69 96 56 78 50
54 70 28 30 45 51
54 71 5 25 47 25
54 72 76 54 53 43
54 73 6 21 30 24
54 74 29 41 26 60
54 75 79 56 65 65
54 76 81 63 88 67
54 77 29 18 38 30
54 78 13 45 18 31
54 79 5 6 48 45
54 80 84 85 50 73
54 81 56 45 50 47
54 82 14 17 22 14
54 83 90 89 52 50
54 84 56 66 44 55
54 85 2 18 33 15
54 86 40 61 48 24
54 87 49 35 47 40
54 88 84 71 83 87
54 89 0 47 0 40
54 90 27 37 55 32
54 91 77 61 71 46
54 92 41 46 24 62
54 93 49 61 71 62
54 94 86 71 57 88
54 95 10 31 50 26
54 96 9 50 47 10
54 97 55 42 50 39
54 98 96 71 94 97
54 99 30 59 46 47
55 56 2 14 43 41
55 57 42 36 38 45
55 58 39 59 69 49
55 59 86 71 62 53
55 60 43 25 63 61
55 61 39 49 64 64
55 62 10 9 27 51
55 63 12 32 52 34
55 64 6 10 7 4
55 65 51 37 37 32
55 66 31 28 21 17
55 67 88 49 51 44
55 68 59 51 57 59
55 69 94 68 82 81
55 70 92 68 51 88
55 71 55 38 69 41
55 72 38 55 49 28
55 73 32 61 64 22
55 74 31 37 38 28
55 75 88 65 88 47
55 76 44 55 55 67
55 77 53 63 72 55
55 78 72 39 82 67
55 79 95 91 71 79
55 80 85 63 87 70
55 81 10 7 14 43
55 82 45 63 69 52
55 83 74 50 43 76
55 84 81 86 45 90
55 85 60 57 35 64
55 86 45 69 45 49
55 87 95 65 86 83
55 88 31 64 35 60
55 89 0 44 32 33
55 90 9 46 37 40
55 91 40 32 42 47
55 92 68 47 43 56
55 93 80 41 40 54
55 94 28 20 51 16
55 95 84 58 64 82
55 96 24 20 44 60
55 97 92 69 91 57
55 98 79 89 72 53
55 99 81 75 71 43
56 57 34 55 50 55
56 58 62 67 79 62
56 59 75 42 57 47
56 60 52 52 69 26
56 61 96 96 92 50
56 62 10 19 55 37
56 63 94 85 50 66
56 64 9 8 46 5
56 65 41 69 59 28
56 66 33 56 18 45
56 67 92 82 78 85
56 68 16 13 45 11
56 69 18 55 59 9
56 70 53 68 27 59
56 71 89 81 63 86
56 72 50 56 43 73
56 73 77 42 72 49
56 74 33 55 38 60
56 75 8 28 7 9
56 76 8 17 20 22
56 77 64 51 70 66
56 78 90 46 74 73
56 79 28 60 31 47
56 80 15 29 10 11
56 81 26 40 33 46
56 82 73 79 61 83
56 83 18 59 55 55
56 84 15 37 28 19
56 85 7 38 36 34
56 86 51 36 53 28
56 87 16 13 32 12
56 88 88 53 60 60
56 89 54 74 49 76
56 90 44 41 61 52
56 91 70 57 36 65
56 92 96 74 67 95
56 93 60 49 38 35
56 94 80 83 60 60
56 95 76 73 82 71
56 96 72 47 36 74
56 97 22 46 55 60
56 98 47 29 54 35
56 99 43 28 42 30
57 58 94 96 97 63
57 59 97 96 83 73
57 60 16 33 53 56
57 61 4 15 9 10
57 62 85 75 91 79
57 63 95 52 48 69
57 64 34 46 42 46
57 65 82 67 61 74
57 66 88 68 69 55
57 67 99 49 86 52
57 68 44 48 60 54
57 69 55 64 44 58
57 70 50 64 30 53
57 71 81 82 79 84
57 72 2 9 1 19
57 73 49 35 56 60
57 74 55 69 68 63
57 75 41 59 28 46
57 76 22 56 44 54
57 77 27 14 39 18
57 78 25 43 41 59
57 79 77 71 86 74
57 80 60 43 31 53
57 81 26 17 16 45
57 82 87 65 91 45
57 83 3 6 17 51
57 84 30 50 42 58
57 85 4 6 48 48
57 86 73 65 80 80
57 87 64 39 34 69
57 88 32 53 25 54
57 89 72 67 38 63
57 90 78 87 60 60
57 91 88 91 69 74
57 92 93 89 54 93
57 93 33 52 20 21
57 94 78 41 51 61
57 95 65 51 63 59
57 96 24 44 56 48
57 97 49 41 57 72
57 98 16 14 28 46
57 99 71 76 69 37
58 59 58 29 71 54
58 60 49 38 61 28
58 61 77 81 86 41
58 62 12 41 17 36
58 63 90 67 47 62
58 64 62 48 73 53
58 65 15 9 33 11
58 66 96 91 79 96
58 67 81 69 61 60
58 68 6 41 47 48
58 69 43 69 50 59
58 70 18 24 51 40
58 71 93 75 58 60
58 72 66 75 34 47
58 73 69 54 43 77
58 74 78 70 77 61
58 75 22 27 36 13
58 76 54 61 61 28
58 77 31 50 34 37
58 78 89 47 51 53
58 79 27 57 27 22
58 80 47 62 59 42
58 81 82 70 70 62
58 82 41 53 24 21
58 83 59 39 55 45
58 84 46 48 45 24
58 85 53 47 62 64
58 86 60 71 56 63
58 87 89 77 58 78
58 88 46 30 28 26
58 89 87 48 47 88
58 90 28 46 31 61
58 91 32 47 39 59
58 92 52 52 70 28
58 93 56 73 76 31
58 94 76 47 62 86
58 95 31 61 21 62
58 96 83 81 63 58
58 97 90 76 69 47
58 98 95 92 80 53
58 99 32 23 45 34
59 60 94 75 78 68
59 61 35 30 22 24
59 62 86 83 56 81
59 63 75 55 59 44
59 64 32 16 44 40
59 65 34 46 47 66
59 66 0 8 21 42
59 67 62 61 69 44
59 68 68 54 59 52
59 69 12 39 33 35
59 70 28 36 25 43
59 71 71 82 40 42
59 72 36 47 45 44
59 73 10 21 49 47
59 74 87 46 60 80
59 75 87 53 91 45
59 76 75 78 59 66
59 77 23 42 53 22
59 78 45 54 57 35
59 79 72 85 37 56
59 80 88 72 54 87
59 81 73 84 81 54
59 82 48 27 25 56
59 83 35 61 31 59
59 84 39 22 35 67
59 85 95 89 61 56
59 86 24 61 48 20
59 87 41 22 51 66
59 88 68 72 77 67
59 89 9 23 23 11
59 90 69 70 65 42
59 91 70 68 55 81
59 92 44 65 36 42
59 93 15 19 35 40
59 94 35 41 48 18
59 95 46 64 45 55
59 96 30 44 46 18
59 97 67 61 38 60
59 98 90 80 74 62
59 99 40 53 23 44
60 61 97 81 79 72
60 62 47 71 61 24
60 63 29 41 36 28
60 64 31 60 64 55
60 65 81 49 90 63
60 66 21 38 15 56
60 67 31 20 21 60
60 68 88 62 77 92
60 69 28 52 35 61
60 70 14 7 16 31
60 71 43 24 41 37
60 72 97 69 97 75
60 73 27 38 52 55
60 74 72 47 39 55
60 75 48 42 30 32
60 76 98 74 84 95
60 77 34 65 43 37
60 78 62 77 51 61
60 79 5 16 14 39
60 80 30 36 57 46
60 81 12 33 54 33
60 82 0 32 16 0
60 83 52 46 62 48
60 84 96 88 79 59
60 85 95 52 66 86
60 86 18 18 15 13
60 87 12 10 44 25
60 88 95 63 71 68
60 89 28 58 53 47
60 90 80 86 73 70
60 91 8 28 18 7
60 92 94 69 85 92
60 93 58 54 52 51
60 94 64 46 76 68
60 95 7 44 32 38
60 96 56 59 44 43
60 97 88 63 73 78
60 98 23 47 45 44
60 99 10 49 7 38
61 62 5 9 13 24
61 63 91 84 70 77
61 64 19 18 33 27
61 65 40 29 47 27
61 66 99 74 96 91
61 67 42 66 22 42
61 68 99 85 78 89
61 69 22 13 38 32
61 70 17 54 51 28
61 71 56 75 46 61
61 72 25 25 33 26
61 73 33 40 44 37
61 74 19 42 43 21
61 75 6 47 43 44
61 76 87 93 59 78
61 77 54 31 42 41
61 78 48 34 55 50
61 79 60 40 56 47
61 80 62 32 48 72
61 81 69 60 78 56
61 82 14 45 20 39
61 83 70 51 56 35
61 84 17 40 27 41
61 85 56 76 66 66
61 86 29 24 50 38
61 87 91 79 80 47
61 88 50 72 73 38
61 89 17 14 48 33
61 90 10 17 41 9
61 91 89 47 84 80
61 92 94 63 56 69
61 93 55 67 75 40
61 94 47 61 67 24
61 95 18 54 24 11
61 96 96 64 96 64
61 97 55 41 63 73
61 98 32 33 28 50
61 99 25 28 15 24
62 63 29 29 19 35
62 64 74 49 72 51
62 65 81 59 53 42
62 66 1 17 29 7
62 67 7 34 46 13
62 68 53 71 29 66
62 69 26 13 29 32
62 70 82 70 61 63
62 71 35 63 43 62
62 72 73 51 65 48
62 73 3 23 7 36
62 74 10 15 26 49
62 75 36 21 33 39
62 76 40 21 58 35
62 77 70 83 61 59
62 78 84 56 54 44
62 79 69 76 35 39
62 80 37 67 41 66
62 81 60 47 76 56
62 82 93 69 59 53
62 83 0 10 18 6
62 84 25 24 35 48
62 85 17 41 51 36
62 86 55 48 47 46
62 87 70 84 53 50
62 88 53 47 34 62
62 89 79 85 49 83
62 90 30 19 23 31
62 91 91 85 46 78
62 92 23 18 36 22
62 93 68 34 79 48
62 94 43 41 27 61
62 95 47 24 41 73
62 96 24 45 43 30
62 97 26 17 24 49
62 98 37 21 27 57
62 99 41 41 41 52
63 64 45 41 67 52
63 65 2 37 41 32
63 66 15 49 14 40
63 67 36 65 22 60
63 68 1 49 45 30
63 69 57 62 65 76
63 70 7 25 25 9
63 71 87 66 66 67
63 72 92 53 66 60
63 73 99 60 92 70
63 74 19 36 55 47
63 75 95 78 60 71
63 76 58 56 45 43
63 77 53 72 43 49
63 78 4 20 30 14
63 79 92 71 87 53
63 80 12 50 54 26
63 81 26 54 36 46
63 82 40 34 53 62
63 83 42 40 30 40
63 84 28 62 36 42
63 85 2 17 21 24
63 86 26 27 49 41
63 87 74 82 46 48
63 88 26 57 18 62
63 89 88 66 93 74
63 90 14 39 55 30
63 91 37 38 47 36
63 92 77 43 54 78
63 93 14 46 49 56
63 94 63 52 69 61
63 95 45 54 28 71
63 96 91 65 56 52
63 97 95 64 94 76
63 98 55 50 37 76
63 99 11 34 8 40
64 65 66 66 49 51
64 66 95 47 77 72
64 67 9 25 46 50
64 68 27 58 34 62
64 69 6 36 23 35
64 70 54 66 74 42
64 71 8 18 30 49
64 72 71 77 67 70
64 73 43 38 64 41
64 74 88 55 85 45
64 75 50 58 63 69
64 76 57 68 56 46
64 77 38 60 45 52
64 78 73 48 63 60
64 79 68 83 37 78
64 80 40 59 35 38
64 81 50 64 49 32
64 82 8 30 50 40
64 83 91 58 48 51
64 84 75 76 84 66
64 85 26 28 22 21
64 86 65 66 48 43
64 87 24 12 54 18
64 88 55 66 71 64
64 89 63 71 68 39
64 90 10 38 26 42
64 91 50 49 47 73
64 92 77 46 50 79
64 93 26 35 23 18
64 94 8 40 46 52
64 95 83 77 81 64
64 96 67 58 60 39
64 97 57 64 60 35
64 98 87 55 44 72
64 99 68 60 52 80
65 66 83 42 79 90
65 67 58 72 39 53
65 68 88 87 45 51
65 69 92 50 69 67
65 70 31 15 30 24
65 71 91 55 55 87
65 72 21 19 41 57
65 73 15 18 57 15
65 74 4 47 45 39
65 75 14 28 14 18
65 76 33 36 25 25
65 77 85 55 67 65
65 78 98 93 54 64
65 79 53 29 55 33
65 80 85 60 91 49
65 81 61 65 38 67
65 82 67 44 69 41
65 83 21 37 28 46
65 84 42 42 24 57
65 85 81 60 74 88
65 86 99 84 64 83
65 87 85 66 63 47
65 88 44 41 43 43
65 89 99 59 93 80
65 90 8 32 51 48
65 91 30 43 58 45
65 92 90 70 79 75
65 93 52 42 63 59
65 94 22 21 31 46
65 95 7 24 10 42
65 96 44 28 29 29
65 97 10 53 12 26
65 98 15 45 31 50
65 99 24 34 39 54
66 67 78 70 88 78
66 68 69 52 38 48
66 69 54 37 34 54
66 70 77 43 88 55
66 71 6 27 9 30
66 72 72 77 58 66
66 73 95 56 88 67
66 74 34 50 29 45
66 75 52 38 45 62
66 76 95 86 76 75
66 77 24 45 44 19
66 78 91 94 84 80
66 79 8 42 38 33
66 80 60 71 65 60
66 81 54 44 38 27
66 82 83 84 87 66
66 83 37 33 37 42
66 84 62 49 43 36
66 85 92 71 60 64
66 86 97 67 59 88
66 87 39 29 57 39
66 88 73 68 39 47
66 89 42 55 58 66
66 90 92 68 88 53
66 91 26 31 61 27
66 92 42 62 26 59
66 93 69 56 38 47
66 94 34 34 56 46
66 95 26 15 36 42
66 96 98 58 96 88
66 97 70 62 44 47
66 98 48 24 36 51
66 99 9 23 20 52
67 68 42 48 37 25
67 69 26 28 34 28
67 70 76 85 72 61
67 71 89 73 50 78
67 72 14 38 54 7
67 73 25 57 61 25
67 74 11 51 22 27
67 75 68 54 76 73
67 76 46 71 38 44
67 77 29 36 27 41
67 78 47 35 30 60
67 79 5 42 10 35
67 80 38 66 68 55
67 81 38 60 33 38
67 82 93 64 52 46
67 83 49 38 57 42
67 84 98 59 74 68
67 85 0 42 19 23
67 86 68 52 39 58
67 87 54 53 66 37
67 88 88 91 59 63
67 89 41 34 51 66
67 90 47 70 62 68
67 91 33 21 38 64
67 92 69 72 82 70
67 93 29 22 59 42
67 94 4 50 45 9
67 95 30 28 22 53
67 96 81 54 53 63
67 97 37 30 39 53
67 98 99 87 57 88
67 99 43 40 40 56
68 69 95 95 75 65
68 70 60 45 70 71
68 71 80 66 52 86
68 72 17 43 26 25
68 73 52 33 43 57
68 74 42 59 52 45
68 75 86 52 45 56
68 76 42 38 40 40
68 77 53 37 35 37
68 78 93 91 93 80
68 79 12 22 32 14
68 80 96 76 97 48
68 81 22 31 47 56
68 82 8 38 4 38
68 83 86 86 49 43
68 84 78 80 42 67
68 85 85 70 57 88
68 86 88 85 64 94
68 87 15 41 50 32
68 88 44 22 56 71
68 89 27 41 19 33
68 90 17 32 50 32
68 91 85 66 44 68
68 92 61 56 37 62
68 93 12 38 27 18
68 94 91 52 75 66
68 95 86 73 63 50
68 96 10 11 27 50
68 97 87 70 81 58
68 98 66 35 66 75
68 99 50 29 27 52
69 70 9 49 7 6
69 71 1 43 21 3
69 72 65 50 78 80
69 73 15 46 40 33
69 74 20 37 52 22
69 75 56 42 32 64
69 76 97 82 74 50
69 77 87 47 50 51
69 78 3 9 20 40
69 79 92 72 76 69
69 80 2 13 12 10
69 81 57 67 44 42
69 82 8 32 44 20
69 83 84 45 76 74
69 84 57 45 53 68
69 85 54 47 57 66
69 86 54 51 29 71
69 87 54 49 35 47
69 88 2 15 18 30
69 89 32 60 33 16
69 90 49 63 71 66
69 91 80 75 46 83
69 92 39 67 34 44
69 93 72 66 44 38
69 94 96 50 90 60
69 95 55 48 33 35
69 96 49 38 64 42
69 97 0 17 6 44
69 98 40 63 56 24
69 99 14 40 34 30
70 71 84 86 72 72
70 72 79 77 69 51
70 73 91 78 49 53
70 74 30 26 22 44
70 75 78 69 76 88
70 76 69 54 76 66
70 77 86 88 45 65
70 78 74 42 42 75
70 79 49 66 64 26
70 80 9 8 5 36
70 81 67 44 66 66
70 82 21 25 19 36
70 83 46 61 67 42
70 84 39 48 67 52
70 85 87 82 89 66
70 86 16 23 32 24
70 87 69 50 44 62
70 88 40 54 42 37
70 89 0 10 10 14
70 90 43 59 26 71
70 91 81 73 45 82
70 92 41 65 29 61
70 93 78 41 60 47
70 94 72 58 85 80
70 95 75 44 55 64
70 96 10 48 22 39
70 97 98 98 80 60
70 98 40 39 42 52
70 99 8 30 43 39
71 72 86 56 54 80
71 73 88 90 79 53
71 74 66 53 62 53
71 75 29 27 19 45
71 76 35 58 38 37
71 77 70 42 57 71
71 78 51 48 47 57
71 79 28 27 52 63
71 80 33 46 20 19
71 81 97 76 64 80
71 82 47 66 30 52
71 83 84 56 87 49
71 84 36 60 34 33
71 85 18 41 50 13
71 86 1 23 12 14
71 87 25 21 20 32
71 88 54 75 72 37
71 89 16 57 37 20
71 90 82 57 86 74
71 91 35 22 21 60
71 92 57 30 65 54
71 93 30 24 16 60
71 94 9 38 16 49
71 95 34 39 33 49
71 96 20 34 12 57
71 97 40 68 37 40
71 98 24 62 38 30
71 99 55 51 54 67
72 73 41 23 57 36
72 74 36 36 25 31
72 75 1 41 48 10
72 76 93 93 48 62
72 77 0 1 21 26
72 78 61 44 39 75
72 79 36 37 60 59
72 80 59 48 66 54
72 81 40 35 41 66
72 82 31 63 42 64
72 83 71 77 60 48
72 84 70 57 51 80
72 85 81 44 51 49
72 86 71 48 39 85
72 87 91 93 90 53
72 88 81 69 57 86
72 89 67 42 55 41
72 90 67 50 66 47
72 91 19 24 57 52
72 92 71 50 50 61
72 93 76 84 51 40
72 94 58 39 71 37
72 95 0 22 0 17
72 96 88 68 51 72
72 97 14 36 9 23
72 98 38 37 31 38
72 99 16 55 47 42
73 74 54 35 59 51
73 75 1 22 20 24
73 76 9 40 51 41
73 77 35 25 34 59
73 78 92 70 70 93
73 79 34 65 28 55
73 80 73 46 42 53
73 81 62 37 51 43
73 82 52 55 36 74
73 83 63 77 64 48
73 84 84 45 61 57
73 85 99 92 77 59
73 86 29 37 63 45
73 87 54 56 42 48
73 88 72 74 46 57
73 89 84 81 60 56
73 90 39 43 26 32
73 91 69 78 36 70
73 92 32 26 23 57
73 93 32 21 33 40
73 94 58 42 65 70
73 95 20 38 32 38
73 96 0 39 44 15
73 97 49 49 68 74
73 98 2 26 47 41
73 99 32 46 23 30
74 75 78 49 60 66
74 76 90 57 56 64
74 77 28 44 52 16
74 78 36 30 61 48
74 79 43 62 57 21
74 80 54 49 36 73
74 81 16 35 45 14
74 82 99 92 68 73
74 83 1 32 27 9
74 84 49 66 39 37
74 85 2 17 39 42
74 86 2 15 19 35
74 87 54 63 45 51
74 88 32 58 24 19
74 89 7 37 41 36
74 90 4 3 47 29
74 91 8 17 48 33
74 92 0 20 19 21
74 93 88 69 76 70
74 94 79 73 61 42
74 95 93 72 74 87
74 96 84 88 66 62
74 97 24 45 39 34
74 98 37 39 25 43
74 99 83 43 55 46
75 76 53 41 73 57
75 77 88 58 73 62
75 78 27 29 58 59
75 79 49 70 70 52
75 80 29 17 43 34
75 81 1 14 2 26
75 82 9 22 47 29
75 83 48 69 44 41
75 84 2 16 21 29
75 85 34 32 47 48
75 86 14 38 24 47
75 87 99 90 66 63
75 88 51 70 36 29
75 89 75 62 60 74
75 90 34 59 64 24
75 91 17 41 16 49
75 92 3 23 39 24
75 93 8 53 15 52
75 94 64 67 44 45
75 95 40 50 31 26
75 96 26 48 59 59
75 97 36 19 32 50
75 98 98 79 68 89
75 99 73 58 80 79
76 77 30 28 49 62
76 78 20 17 54 34
76 79 22 28 47 15
76 80 64 45 36 70
76 81 58 60 34 65
76 82 13 23 56 54
76 83 76 40 70 58
76 84 74 63 39 42
76 85 73 54 61 56
76 86 79 81 86 58
76 87 85 63 47 52
76 88 11 51 28 36
76 89 97 73 85 73
76 90 46 53 44 52
76 91 99 63 99 86
76 92 78 62 65 45
76 93 12 31 34 51
76 94 58 33 58 46
76 95 30 28 62 44
76 96 85 83 74 81
76 97 32 33 30 54
76 98 54 43 68 56
76 99 83 54 61 55
77 78 8 14 18 43
77 79 72 64 76 73
77 80 1 24 24 43
77 81 70 81 38 77
77 82 7 25 24 30
77 83 61 72 78 65
77 84 50 72 27 48
77 85 98 54 97 68
77 86 78 86 57 64
77 87 42 48 29 55
77 88 58 72 35 69
77 89 67 41 80 67
77 90 80 79 67 76
77 91 35 54 48 22
77 92 90 65 48 84
77 93 61 60 53 79
77 94 96 66 86 82
77 95 62 76 77 37
77 96 4 41 30 16
77 97 0 24 20 2
77 98 29 61 26 38
77 99 5 37 18 44
78 79 17 23 41 37
78 80 44 31 56 45
78 81 57 78 29 50
78 82 48 44 48 54
78 83 36 65 49 61
78 84 56 76 53 41
78 85 37 56 19 64
78 86 94 96 63 48
78 87 34 47 29 36
78 88 76 38 79 54
78 89 65 37 42 33
78 90 57 73 57 30
78 91 49 26 34 63
78 92 11 10 43 25
78 93 17 47 37 12
78 94 74 41 50 83
78 95 61 75 63 79
78 96 93 84 48 94
78 97 46 45 68 36
78 98 96 81 89 73
78 99 12 9 25 9
79 80 55 32 56 65
79 81 8 40 46 24
79 82 49 66 43 45
79 83 91 75 95 90
79 84 20 19 37 41
79 85 22 55 27 57
79 86 2 25 25 51
79 87 29 43 60 33
79 88 81 64 61 85
79 89 23 37 16 56
79 90 17 18 14 15
79 91 80 83 66 73
79 92 89 55 53 51
79 93 80 52 74 77
79 94 21 42 28 50
79 95 8 37 52 54
79 96 97 81 76 88
79 97 76 55 82 78
79 98 13 34 48 50
79 99 97 65 94 97
80 81 78 87 49 79
80 82 70 65 75 59
80 83 37 27 60 65
80 84 34 26 31 32
80 85 29 31 47 18
80 86 88 57 53 70
80 87 25 35 49 41
80 88 15 32 49 12
80 89 8 33 24 17
80 90 48 56 42 73
80 91 92 71 85 91
80 92 4 3 35 44
80 93 96 60 76 84
80 94 32 18 16 45
80 95 25 41 29 28
80 96 89 65 71 66
80 97 40 24 61 34
80 98 77 42 56 41
80 99 25 35 16 55
81 82 18 32 48 34
81 83 66 54 47 47
81 84 6 49 17 51
81 85 70 39 70 71
81 86 24 41 48 50
81 87 1 38 5 7
81 88 25 42 37 33
81 89 43 44 52 44
81 90 63 71 79 64
81 91 32 61 51 40
81 92 24 18 53 57
81 93 66 33 39 52
81 94 99 83 94 61
81 95 66 79 43 66
81 96 3 35 51 7
81 97 64 42 57 67
81 98 76 46 47 53
81 99 41 68 30 43
82 83 21 25 45 22
82 84 39 36 23 53
82 85 84 86 62 58
82 86 81 84 76 73
82 87 1 15 45 37
82 88 20 35 26 51
82 89 18 59 53 18
82 90 93 71 54 47
82 91 10 38 9 39
82 92 62 76 55 45
82 93 37 44 33 28
82 94 15 38 33 54
82 95 72 82 71 85
82 96 20 43 44 51
82 97 39 42 47 36
82 98 53 74 26 71
82 99 3 10 35 41
83 84 74 48 75 42
83 85 88 58 94 70
83 86 12 21 51 22
83 87 82 63 46 50
83 88 15 27 55 53
83 89 45 31 64 31
83 90 64 40 51 46
83 91 7 47 47 47
83 92 56 43 29 37
83 93 87 57 68 85
83 94 67 51 77 56
83 95 1 38 16 0
83 96 11 12 10 40
83 97 76 63 60 87
83 98 10 46 12 32
83 99 49 45 27 34
84 85 26 52 35 36
84 86 91 59 75 78
84 87 26 45 50 34
84 88 20 41 53 29
84 89 64 36 58 64
84 90 15 24 36 13
84 91 34 43 45 66
84 92 61 51 57 68
84 93 82 48 90 75
84 94 1 41 9 31
84 95 79 39 40 83
84 96 12 49 14 44
84 97 76 65 66 65
84 98 5 38 33 33
84 99 85 79 88 87
85 86 80 78 41 81
85 87 62 61 46 31
85 88 50 49 40 34
85 89 61 77 39 52
85 90 46 25 56 52
85 91 30 61 60 32
85 92 22 28 45 28
85 93 76 40 53 42
85 94 5 51 51 8
85 95 32 65 41 54
85 96 82 44 61 46
85 97 60 57 45 73
85 98 78 49 88 72
85 99 93 74 90 49
86 87 76 52 43 79
86 88 1 15 25 1
86 89 36 24 35 18
86 90 29 31 30 27
86 91 12 21 42 19
86 92 27 35 24 16
86 93 58 76 68 56
86 94 90 68 91 59
86 95 22 59 46 30
86 96 89 87 65 81
86 97 78 54 53 56
86 98 99 85 96 72
86 99 72 74 42 53
87 88 19 21 55 41
87 89 2 44 37 30
87 90 89 57 76 89
87 91 15 10 25 11
87 92 7 32 43 37
87 93 43 30 46 40
87 94 46 37 71 42
87 95 20 34 29 29
87 96 52 53 57 29
87 97 85 62 47 86
87 98 82 65 47 49
87 99 65 80 62 52
88 89 41 57 39 58
88 90 50 40 66 34
88 91 46 38 30 62
88 92 45 41 42 23
88 93 41 50 21 26
88 94 24 29 60 34
88 95 58 73 34 45
88 96 47 25 38 47
88 97 63 81 66 78
88 98 36 27 67 51
88 99 91 59 93 84
89 90 68 37 82 61
89 91 35 40 36 44
89 92 63 79 54 41
89 93 7 4 25 16
89 94 3 25 26 4
89 95 96 49 90 65
89 96 93 62 82 85
89 97 52 46 42 36
89 98 46 50 52 42
89 99 21 37 16 48
90 91 43 25 52 69
90 92 68 71 51 39
90 93 67 49 50 42
90 94 52 72 66 74
90 95 36 53 45 39
90 96 32 43 64 46
90 97 24 37 38 35
90 98 37 61 32 27
90 99 7 42 40 34
91 92 55 42 36 30
91 93 57 56 61 35
91 94 36 63 32 59
91 95 90 77 84 60
91 96 5 11 27 15
91 97 68 68 74 60
91 98 92 91 65 70
91 99 68 76 63 44
92 93 73 86 77 51
92 94 63 79 51 70
92 95 81 81 77 64
92 96 69 57 63 83
92 97 31 27 27 19
92 98 14 26 53 29
92 99 3 10 32 41
93 94 69 75 40 78
93 95 91 89 66 63
93 96 72 58 84 77
93 97 76 44 86 79
93 98 15 26 43 26
93 99 20 10 35 26
94 95 20 51 15 55
94 96 71 49 45 53
94 97 54 28 44 38
94 98 73 80 46 63
94 99 60 44 67 36
95 96 26 51 61 49
95 97 55 33 72 32
95 98 7 37 6 47
95 99 47 68 39 70
96 97 86 83 71 65
96 98 4 41 35 44
96 99 9 41 50 5
97 98 72 43 81 54
97 99 18 38 36 29
98 99 18 42 32 13
