100
0 1 84 82 80 78
0 2 93 84 84 88
0 3 43 48 46 46
0 4 33 32 36 36
0 5 1 9 4 9
0 6 47 47 49 52
0 7 98 88 94 90
0 8 53 52 55 52
0 9 92 86 87 84
0 10 48 46 52 46
0 11 11 13 11 17
0 12 94 89 91 87
0 13 89 83 89 89
0 14 84 84 80 79
0 15 6 13 11 11
0 16 96 95 89 89
0 17 61 56 56 58
0 18 45 46 49 48
0 19 1 1 5 4
0 20 26 26 24 29
0 21 13 19 15 18
0 22 96 89 90 88
0 23 6 12 6 10
0 24 8 11 15 15
0 25 27 32 31 28
0 26 61 58 63 65
0 27 93 92 89 89
0 28 4 7 9 11
0 29 63 62 58 60
0 30 11 17 16 16
0 31 5 11 7 5
0 32 62 61 63 65
0 33 62 62 63 62
0 34 15 16 18 23
0 35 37 39 35 40
0 36 24 25 23 30
0 37 11 17 12 15
0 38 7 11 11 9
0 39 7 8 9 7
0 40 9 12 18 14
0 41 68 62 62 64
0 42 57 59 59 60
0 43 75 70 77 74
0 44 38 40 39 35
0 45 4 9 10 6
0 46 22 25 28 27
0 47 40 43 45 46
0 48 69 66 69 70
0 49 31 31 38 33
0 50 27 26 28 30
0 51 91 91 83 84
0 52 40 39 39 42
0 53 65 68 68 62
0 54 88 82 89 88
0 55 8 17 12 10
0 56 75 76 69 73
0 57 94 88 90 93
0 58 97 88 88 93
0 59 80 74 78 82
0 60 18 20 21 21
0 61 63 60 61 63
0 62 27 25 27 30
0 63 27 29 28 25
0 64 50 46 54 47
0 65 84 77 79 80
0 66 54 55 58 53
0 67 17 19 24 23
0 68 12 14 19 15
0 69 37 43 41 42
0 70 85 85 84 80
0 71 37 40 42 44
0 72 50 53 45 51
0 73 57 54 52 56
0 74 39 44 36 37
0 75 42 47 39 41
0 76 47 49 50 44
0 77 41 46 43 37
0 78 22 26 26 29
0 79 5 7 11 11
0 80 98 97 94 91
0 81 56 55 60 51
0 82 16 24 18 19
0 83 58 52 54 56
0 84 91 85 88 88
0 85 39 44 45 45
0 86 73 66 72 69
0 87 61 62 56 64
0 88 48 44 50 50
0 89 60 62 56 63
0 90 38 34 38 39
0 91 38 40 41 38
0 92 33 35 37 36
0 93 72 73 66 72
0 94 24 28 26 30
0 95 20 19 26 26
0 96 11 11 17 16
0 97 87 86 84 88
0 98 96 93 96 95
0 99 95 93 94 94
1 2 35 38 36 32
1 3 53 52 57 53
1 4 92 83 83 88
1 5 86 87 80 87
1 6 21 20 23 23
1 7 22 29 25 25
1 8 79 75 79 79
1 9 50 46 49 49
1 10 62 62 56 59
1 11 6 8 10 10
1 12 10 13 12 11
1 13 89 86 80 81
1 14 7 6 14 14
1 15 52 56 56 56
1 16 96 87 93 96
1 17 60 62 59 55
1 18 2 4 6 3
1 19 90 84 82 86
1 20 65 59 61 60
1 21 65 60 66 67
1 22 53 49 56 56
1 23 10 12 10 16
1 24 38 37 36 43
1 25 6 8 10 5
1 26 45 42 44 43
1 27 18 21 25 23
1 28 24 31 29 30
1 29 13 18 13 21
1 30 62 65 56 60
1 31 35 39 40 32
1 32 28 29 34 29
1 33 34 31 33 39
1 34 14 21 21 14
1 35 59 63 59 56
1 36 77 76 78 77
1 37 70 65 70 71
1 38 91 88 83 83
1 39 30 35 30 27
1 40 43 45 46 45
1 41 34 40 33 36
1 42 83 83 79 84
1 43 70 65 64 73
1 44 22 21 24 29
1 45 62 61 56 61
1 46 34 35 40 31
1 47 78 72 76 73
1 48 11 12 11 19
1 49 75 77 73 75
1 50 89 83 88 83
1 51 28 32 35 33
1 52 7 11 12 9
1 53 81 76 74 83
1 54 90 87 84 85
1 55 82 81 77 80
1 56 27 33 31 32
1 57 51 51 55 55
1 58 85 86 80 79
1 59 65 66 64 61
1 60 46 43 43 46
1 61 8 16 9 17
1 62 66 69 66 63
1 63 60 55 55 63
1 64 83 78 81 80
1 65 6 9 10 14
1 66 77 77 70 69
1 67 2 8 6 2
1 68 96 88 86 92
1 69 26 29 25 26
1 70 86 83 79 82
1 71 28 30 26 35
1 72 89 81 81 82
1 73 75 69 75 71
1 74 32 30 33 30
1 75 74 76 70 73
1 76 17 22 23 16
1 77 31 36 28 34
1 78 50 52 52 50
1 79 63 65 60 63
1 80 78 79 71 76
1 81 34 40 39 39
1 82 60 55 59 63
1 83 54 48 58 56
1 84 21 29 23 19
1 85 99 94 90 99
1 86 44 41 47 45
1 87 59 59 57 57
1 88 25 23 26 30
1 89 50 47 48 45
1 90 3 12 8 5
1 91 49 46 54 48
1 92 32 31 37 34
1 93 95 88 87 86
1 94 98 97 98 90
1 95 98 94 95 91
1 96 27 26 31 29
1 97 87 85 83 85
1 98 75 71 71 69
1 99 24 25 23 23
2 3 17 22 18 21
2 4 69 66 69 69
2 5 23 29 26 30
2 6 39 42 37 36
2 7 46 50 42 46
2 8 43 43 46 40
2 9 69 68 68 72
2 10 31 30 29 31
2 11 31 32 37 31
2 12 88 87 81 87
2 13 15 18 19 23
2 14 23 30 30 27
2 15 54 51 56 51
2 16 26 29 30 31
2 17 6 15 9 10
2 18 45 41 43 45
2 19 37 36 40 34
2 20 80 79 74 78
2 21 99 98 92 93
2 22 89 83 84 84
2 23 70 69 72 63
2 24 19 26 26 22
2 25 53 54 49 56
2 26 34 31 33 38
2 27 56 52 54 53
2 28 9 14 16 14
2 29 59 60 59 55
2 30 97 91 91 89
2 31 63 62 66 59
2 32 27 25 27 32
2 33 11 19 11 19
2 34 72 67 72 69
2 35 79 78 74 73
2 36 30 32 33 37
2 37 54 57 52 52
2 38 94 89 93 91
2 39 25 25 25 30
2 40 80 77 77 74
2 41 16 16 19 21
2 42 41 46 45 42
2 43 21 22 25 27
2 44 60 64 61 62
2 45 32 32 32 33
2 46 40 38 45 40
2 47 28 31 25 35
2 48 7 14 11 11
2 49 31 30 37 33
2 50 8 14 9 11
2 51 50 53 52 52
2 52 32 35 37 33
2 53 71 70 65 72
2 54 53 48 51 52
2 55 6 8 11 12
2 56 57 60 61 55
2 57 63 59 66 59
2 58 60 59 59 63
2 59 35 41 31 31
2 60 10 13 19 17
2 61 81 82 75 82
2 62 39 39 39 41
2 63 24 22 27 27
2 64 96 91 92 95
2 65 14 16 17 20
2 66 76 75 75 75
2 67 58 58 54 59
2 68 63 60 62 59
2 69 35 39 36 34
2 70 35 32 39 35
2 71 86 80 82 83
2 72 62 64 56 65
2 73 6 13 13 6
2 74 49 51 45 54
2 75 22 23 28 27
2 76 77 78 77 71
2 77 49 46 48 44
2 78 57 61 60 52
2 79 43 39 48 47
2 80 71 70 67 64
2 81 82 82 80 83
2 82 38 35 40 39
2 83 84 86 84 76
2 84 64 59 59 67
2 85 12 12 13 17
2 86 73 71 68 71
2 87 61 60 65 56
2 88 61 63 56 63
2 89 56 58 57 52
2 90 86 77 86 86
2 91 35 40 41 34
2 92 76 74 77 76
2 93 53 54 50 57
2 94 87 81 81 85
2 95 30 32 34 29
2 96 28 30 27 32
2 97 36 38 39 37
2 98 96 96 92 94
2 99 44 49 49 42
3 4 36 37 39 41
3 5 4 9 11 10
3 6 94 91 92 93
3 7 54 52 59 50
3 8 85 82 86 86
3 9 33 38 31 31
3 10 26 28 30 29
3 11 88 88 80 82
3 12 83 80 76 84
3 13 49 53 53 48
3 14 60 59 55 59
3 15 16 19 19 22
3 16 1 1 9 8
3 17 31 35 28 30
3 18 86 87 85 81
3 19 36 35 40 35
3 20 61 59 60 62
3 21 72 70 67 74
3 22 49 47 48 53
3 23 72 70 69 73
3 24 66 63 69 60
3 25 94 88 88 86
3 26 86 80 80 79
3 27 66 61 67 62
3 28 68 66 69 69
3 29 48 46 53 49
3 30 21 20 24 26
3 31 56 54 51 58
3 32 32 33 37 32
3 33 29 26 31 32
3 34 92 86 84 87
3 35 77 71 69 71
3 36 74 71 67 71
3 37 70 65 72 72
3 38 94 85 88 90
3 39 2 8 7 8
3 40 97 96 91 97
3 41 21 19 26 28
3 42 37 42 42 40
3 43 98 92 96 89
3 44 50 54 50 49
3 45 34 30 32 37
3 46 8 14 16 16
3 47 52 46 55 54
3 48 21 26 24 23
3 49 10 12 12 14
3 50 2 9 5 9
3 51 29 33 34 33
3 52 35 41 38 38
3 53 24 24 28 22
3 54 85 85 84 86
3 55 99 97 99 94
3 56 61 57 64 62
3 57 2 11 12 4
3 58 36 39 34 38
3 59 13 17 20 19
3 60 59 55 62 59
3 61 61 64 63 65
3 62 63 65 61 63
3 63 69 69 64 72
3 64 28 28 27 30
3 65 38 41 39 36
3 66 80 74 79 74
3 67 55 51 53 55
3 68 93 89 86 89
3 69 99 95 93 92
3 70 35 37 41 40
3 71 33 34 31 35
3 72 1 7 5 5
3 73 47 49 48 52
3 74 36 36 39 42
3 75 15 21 16 20
3 76 33 37 39 33
3 77 97 90 88 97
3 78 89 89 90 80
3 79 19 18 23 26
3 80 71 68 69 71
3 81 0 8 3 7
3 82 26 30 23 26
3 83 89 87 83 83
3 84 53 54 55 52
3 85 58 53 60 54
3 86 15 13 20 21
3 87 26 23 25 29
3 88 96 95 90 95
3 89 75 72 69 77
3 90 32 31 36 29
3 91 94 87 91 87
3 92 83 77 77 81
3 93 75 73 76 76
3 94 36 34 38 37
3 95 61 60 57 64
3 96 81 77 74 80
3 97 26 32 27 25
3 98 99 96 99 95
3 99 86 81 83 82
4 5 67 61 61 66
4 6 50 53 53 46
4 7 96 90 90 93
4 8 5 11 8 11
4 9 32 31 30 36
4 10 37 35 42 41
4 11 51 49 55 49
4 12 96 88 91 96
4 13 41 44 45 45
4 14 27 28 28 26
4 15 3 7 5 8
4 16 36 40 41 39
4 17 95 92 90 91
4 18 77 78 76 78
4 19 64 62 58 61
4 20 46 48 48 47
4 21 4 11 6 6
4 22 52 49 47 50
4 23 28 31 30 27
4 24 9 17 10 11
4 25 88 81 88 89
4 26 21 22 22 24
4 27 15 17 21 20
4 28 63 57 61 63
4 29 82 76 75 82
4 30 67 68 64 62
4 31 44 42 48 45
4 32 11 13 15 13
4 33 30 28 33 28
4 34 8 15 7 9
4 35 6 9 8 10
4 36 22 24 26 25
4 37 42 40 41 47
4 38 53 56 55 51
4 39 34 35 35 31
4 40 70 68 69 69
4 41 49 51 45 46
4 42 9 15 13 12
4 43 47 44 50 46
4 44 86 83 83 85
4 45 27 33 28 33
4 46 99 92 96 91
4 47 39 36 38 37
4 48 20 28 24 20
4 49 32 33 30 32
4 50 85 81 81 86
4 51 46 44 48 43
4 52 84 83 83 80
4 53 65 68 67 67
4 54 32 29 30 34
4 55 2 11 10 8
4 56 1 5 3 1
4 57 92 88 87 85
4 58 93 88 92 91
4 59 49 46 46 49
4 60 22 26 26 25
4 61 75 72 76 73
4 62 10 10 17 15
4 63 20 20 24 24
4 64 76 74 69 74
4 65 1 4 5 8
4 66 84 77 79 86
4 67 87 85 86 79
4 68 83 75 75 83
4 69 63 58 58 60
4 70 81 74 82 75
4 71 9 10 16 13
4 72 23 30 27 22
4 73 11 14 11 17
4 74 63 58 58 61
4 75 46 50 48 49
4 76 92 91 89 87
4 77 35 41 35 35
4 78 10 17 16 13
4 79 0 7 7 5
4 80 64 66 60 59
4 81 78 80 79 78
4 82 6 6 12 6
4 83 61 60 60 60
4 84 36 38 41 34
4 85 47 49 49 45
4 86 13 17 16 19
4 87 47 48 46 50
4 88 24 23 25 30
4 89 12 15 14 12
4 90 74 71 72 71
4 91 30 30 34 28
4 92 61 63 55 58
4 93 24 26 22 22
4 94 26 32 32 33
4 95 81 73 75 82
4 96 81 74 80 76
4 97 34 39 40 31
4 98 83 84 80 79
4 99 77 74 75 71
5 6 57 53 59 60
5 7 4 9 11 14
5 8 35 41 32 37
5 9 93 87 91 90
5 10 63 61 66 64
5 11 49 51 52 44
5 12 4 13 8 11
5 13 1 10 8 9
5 14 86 87 77 78
5 15 81 76 75 82
5 16 18 25 18 18
5 17 70 67 70 72
5 18 67 67 61 65
5 19 89 89 90 85
5 20 35 41 41 40
5 21 52 49 56 47
5 22 16 16 24 17
5 23 83 81 82 82
5 24 35 39 41 35
5 25 79 76 77 79
5 26 15 16 15 18
5 27 57 54 58 56
5 28 89 88 84 80
5 29 6 12 12 12
5 30 60 62 62 59
5 31 31 34 31 31
5 32 78 73 78 79
5 33 92 84 86 84
5 34 74 72 77 71
5 35 65 63 62 59
5 36 70 69 64 67
5 37 55 54 51 52
5 38 10 16 12 15
5 39 37 36 38 38
5 40 37 34 38 41
5 41 90 82 84 81
5 42 92 90 92 84
5 43 21 23 25 20
5 44 37 35 42 34
5 45 90 84 86 84
5 46 37 39 42 40
5 47 56 54 52 57
5 48 86 78 86 87
5 49 50 46 53 49
5 50 67 68 67 64
5 51 4 12 5 7
5 52 32 37 38 36
5 53 66 67 66 62
5 54 87 88 80 81
5 55 11 10 16 11
5 56 1 5 2 8
5 57 79 80 80 73
5 58 21 25 24 27
5 59 85 82 80 82
5 60 48 44 51 44
5 61 18 20 24 19
5 62 44 45 43 41
5 63 34 33 38 36
5 64 78 76 78 79
5 65 11 12 14 13
5 66 75 76 78 68
5 67 29 34 29 35
5 68 93 94 92 94
5 69 33 38 38 38
5 70 90 86 89 82
5 71 67 69 62 62
5 72 1 8 6 2
5 73 78 72 74 78
5 74 84 82 80 79
5 75 84 82 84 78
5 76 29 31 27 32
5 77 2 2 9 2
5 78 71 67 65 68
5 79 96 95 93 93
5 80 88 80 86 82
5 81 28 34 29 31
5 82 85 81 80 81
5 83 4 11 7 4
5 84 64 62 64 59
5 85 66 64 63 63
5 86 48 50 53 53
5 87 10 14 13 15
5 88 61 65 55 56
5 89 12 18 20 19
5 90 13 17 16 22
5 91 12 11 19 17
5 92 88 82 84 81
5 93 5 12 6 5
5 94 68 70 64 64
5 95 66 63 60 65
5 96 58 55 54 52
5 97 88 87 84 84
5 98 90 86 86 88
5 99 49 45 52 44
6 7 51 56 56 54
6 8 59 56 54 61
6 9 93 91 93 90
6 10 99 98 98 97
6 11 55 52 52 54
6 12 52 48 53 55
6 13 5 10 10 14
6 14 5 11 13 12
6 15 51 51 55 50
6 16 49 51 51 50
6 17 59 62 63 61
6 18 14 20 15 19
6 19 7 15 14 8
6 20 46 50 46 41
6 21 47 47 51 51
6 22 59 60 53 63
6 23 48 49 50 49
6 24 93 85 85 91
6 25 88 83 89 82
6 26 52 51 52 48
6 27 3 3 3 7
6 28 20 22 28 20
6 29 69 62 68 71
6 30 24 28 27 22
6 31 16 23 22 16
6 32 32 38 31 37
6 33 49 48 53 46
6 34 96 87 92 86
6 35 27 34 33 33
6 36 18 19 17 21
6 37 27 26 30 34
6 38 86 79 85 83
6 39 59 58 57 59
6 40 93 94 92 86
6 41 39 44 44 43
6 42 91 85 86 90
6 43 75 76 73 71
6 44 35 33 36 38
6 45 69 67 69 71
6 46 2 6 5 3
6 47 62 59 62 57
6 48 53 48 54 52
6 49 22 21 28 24
6 50 14 13 19 17
6 51 66 69 63 61
6 52 78 73 80 76
6 53 5 8 6 9
6 54 59 59 63 62
6 55 27 29 26 30
6 56 97 97 91 93
6 57 11 16 12 12
6 58 21 27 23 27
6 59 16 22 16 21
6 60 33 31 36 34
6 61 61 59 58 64
6 62 85 80 78 77
6 63 3 6 11 5
6 64 36 37 34 37
6 65 1 7 1 8
6 66 38 38 35 41
6 67 61 58 58 55
6 68 98 95 89 93
6 69 50 49 51 49
6 70 27 27 30 25
6 71 85 81 77 81
6 72 30 28 29 29
6 73 43 47 45 42
6 74 47 50 48 45
6 75 22 26 23 22
6 76 20 20 23 27
6 77 67 63 65 66
6 78 26 26 25 31
6 79 86 87 81 83
6 80 43 40 39 44
6 81 90 91 87 83
6 82 25 31 26 26
6 83 5 5 12 14
6 84 82 79 82 74
6 85 51 51 52 51
6 86 43 47 48 43
6 87 31 35 34 34
6 88 80 78 73 81
6 89 49 53 46 47
6 90 88 86 85 84
6 91 18 20 19 17
6 92 51 50 47 56
6 93 62 65 60 60
6 94 78 72 74 70
6 95 51 45 47 51
6 96 14 17 22 12
6 97 70 63 70 66
6 98 69 65 72 68
6 99 8 11 13 11
7 8 2 5 6 11
7 9 16 15 21 20
7 10 90 89 82 86
7 11 72 68 72 71
7 12 68 70 71 71
7 13 18 25 23 22
7 14 89 83 81 83
7 15 72 72 66 71
7 16 1 2 2 8
7 17 54 55 52 54
7 18 73 72 75 73
7 19 68 62 66 62
7 20 60 59 58 57
7 21 91 83 90 88
7 22 81 79 75 77
7 23 52 49 52 55
7 24 5 7 5 8
7 25 23 23 27 29
7 26 93 93 86 87
7 27 12 13 20 12
7 28 91 84 89 90
7 29 46 42 50 42
7 30 14 16 17 22
7 31 70 68 72 70
7 32 78 73 77 72
7 33 86 81 81 83
7 34 5 14 12 11
7 35 81 77 73 76
7 36 76 70 70 72
7 37 4 4 13 10
7 38 2 6 6 6
7 39 72 73 70 70
7 40 90 84 90 85
7 41 50 52 48 52
7 42 15 22 18 20
7 43 19 24 18 19
7 44 68 68 62 67
7 45 56 53 58 59
7 46 91 88 82 86
7 47 2 9 2 6
7 48 60 62 54 63
7 49 65 64 64 62
7 50 68 62 71 63
7 51 96 96 94 92
7 52 60 57 62 61
7 53 57 58 56 58
7 54 20 26 19 20
7 55 72 71 72 73
7 56 9 18 13 9
7 57 69 65 68 65
7 58 18 16 19 22
7 59 17 16 25 23
7 60 41 43 45 41
7 61 68 67 64 63
7 62 59 59 55 59
7 63 3 10 8 8
7 64 0 1 6 0
7 65 87 84 81 88
7 66 92 91 89 89
7 67 76 71 76 73
7 68 61 60 58 60
7 69 56 51 51 56
7 70 40 36 40 37
7 71 41 41 42 37
7 72 66 59 61 69
7 73 3 3 11 8
7 74 70 68 70 66
7 75 74 73 76 70
7 76 93 87 92 93
7 77 39 44 39 40
7 78 11 15 19 10
7 79 18 23 25 21
7 80 50 52 49 50
7 81 94 94 92 93
7 82 77 70 74 78
7 83 72 67 71 74
7 84 82 74 83 83
7 85 10 18 13 15
7 86 53 53 49 54
7 87 79 81 72 74
7 88 1 5 5 5
7 89 12 11 19 14
7 90 80 74 73 80
7 91 59 63 55 54
7 92 50 52 46 48
7 93 21 26 21 21
7 94 20 27 26 24
7 95 50 55 50 52
7 96 72 67 65 73
7 97 89 84 83 87
7 98 86 77 84 83
7 99 6 12 13 14
8 9 68 67 71 69
8 10 86 85 87 87
8 11 19 24 24 23
8 12 72 71 72 72
8 13 2 7 5 6
8 14 22 21 24 21
8 15 1 2 2 4
8 16 17 23 23 24
8 17 85 81 80 85
8 18 59 55 58 53
8 19 25 32 26 30
8 20 8 16 8 13
8 21 27 33 34 29
8 22 24 24 25 23
8 23 38 42 37 44
8 24 61 58 58 64
8 25 20 24 23 26
8 26 3 4 3 7
8 27 25 31 29 29
8 28 67 66 62 70
8 29 94 94 89 93
8 30 10 15 14 12
8 31 96 89 89 96
8 32 93 89 90 84
8 33 97 88 89 93
8 34 70 72 63 73
8 35 1 4 10 7
8 36 51 50 55 51
8 37 29 26 29 32
8 38 10 15 11 17
8 39 52 54 55 49
8 40 59 62 58 61
8 41 92 90 85 90
8 42 96 95 97 96
8 43 50 52 54 47
8 44 50 51 54 49
8 45 85 85 84 86
8 46 12 18 17 15
8 47 20 23 28 27
8 48 76 72 77 75
8 49 46 49 42 46
8 50 41 42 45 39
8 51 82 83 75 75
8 52 71 67 69 73
8 53 70 67 66 70
8 54 22 22 21 24
8 55 36 42 42 36
8 56 62 65 56 65
8 57 95 87 88 94
8 58 85 83 84 85
8 59 30 27 35 36
8 60 54 53 50 51
8 61 70 70 64 70
8 62 26 29 29 29
8 63 62 65 65 58
8 64 46 44 42 45
8 65 70 64 69 67
8 66 97 90 89 90
8 67 68 63 67 67
8 68 0 1 1 3
8 69 76 70 71 69
8 70 63 66 60 57
8 71 90 85 90 91
8 72 1 6 9 8
8 73 45 40 45 49
8 74 55 52 53 51
8 75 67 69 69 65
8 76 46 46 51 49
8 77 46 52 49 46
8 78 53 48 56 51
8 79 94 90 86 89
8 80 43 46 45 46
8 81 12 20 20 13
8 82 32 37 36 29
8 83 5 8 13 6
8 84 53 57 50 49
8 85 91 88 89 84
8 86 29 31 26 28
8 87 35 34 36 39
8 88 94 89 90 92
8 89 76 75 77 77
8 90 22 23 20 25
8 91 68 63 69 64
8 92 69 63 71 68
8 93 83 82 84 78
8 94 69 72 66 69
8 95 5 12 9 13
8 96 63 60 66 56
8 97 71 68 65 68
8 98 64 60 63 61
8 99 33 32 32 34
9 10 65 59 60 60
9 11 60 62 60 63
9 12 1 6 2 11
9 13 99 93 97 90
9 14 18 25 18 22
9 15 19 25 23 22
9 16 44 49 43 44
9 17 25 26 25 30
9 18 92 86 90 93
9 19 95 90 87 96
9 20 4 9 7 3
9 21 49 49 52 54
9 22 82 82 75 83
9 23 20 27 28 24
9 24 77 76 79 73
9 25 3 9 10 9
9 26 95 92 91 93
9 27 81 80 81 77
9 28 61 57 55 61
9 29 73 68 68 72
9 30 91 84 89 90
9 31 58 56 56 55
9 32 3 11 3 8
9 33 78 77 80 74
9 34 41 45 39 41
9 35 18 17 17 20
9 36 6 13 12 6
9 37 38 35 39 43
9 38 12 16 14 11
9 39 98 94 89 98
9 40 54 53 57 50
9 41 4 7 8 12
9 42 40 42 42 41
9 43 53 48 49 56
9 44 55 51 59 58
9 45 47 50 46 52
9 46 60 62 62 57
9 47 66 61 63 61
9 48 84 79 79 78
9 49 34 37 34 34
9 50 63 60 65 60
9 51 21 20 29 23
9 52 11 19 13 13
9 53 96 96 91 91
9 54 31 35 31 34
9 55 1 4 4 6
9 56 44 44 48 42
9 57 11 19 17 17
9 58 50 48 47 46
9 59 95 85 92 89
9 60 93 87 87 84
9 61 94 92 87 91
9 62 9 16 13 15
9 63 70 67 72 65
9 64 32 29 35 30
9 65 60 56 58 56
9 66 70 72 65 70
9 67 67 69 67 65
9 68 23 29 22 22
9 69 5 7 8 10
9 70 27 34 27 26
9 71 15 17 19 19
9 72 58 56 58 55
9 73 2 6 7 11
9 74 21 29 20 26
9 75 33 33 34 33
9 76 36 35 35 41
9 77 77 75 74 78
9 78 5 12 6 13
9 79 48 49 45 46
9 80 80 80 79 77
9 81 0 0 7 7
9 82 59 61 57 54
9 83 6 7 15 12
9 84 55 52 57 57
9 85 90 89 84 89
9 86 84 82 85 81
9 87 30 32 34 37
9 88 34 37 35 37
9 89 49 53 52 51
9 90 90 91 89 85
9 91 45 44 42 46
9 92 14 18 15 20
9 93 65 67 61 66
9 94 5 5 5 13
9 95 39 35 40 37
9 96 76 70 71 75
9 97 3 4 9 12
9 98 76 72 69 78
9 99 72 72 70 74
10 11 21 21 23 28
10 12 50 48 51 49
10 13 48 49 46 48
10 14 39 35 44 41
10 15 2 7 8 5
10 16 43 44 44 41
10 17 32 30 34 34
10 18 64 63 63 62
10 19 85 79 82 81
10 20 56 57 53 60
10 21 59 56 59 54
10 22 42 47 42 43
10 23 20 24 21 28
10 24 57 56 59 57
10 25 0 6 2 3
10 26 89 86 82 87
10 27 70 66 63 64
10 28 36 33 41 38
10 29 23 26 26 30
10 30 61 62 62 64
10 31 84 82 77 83
10 32 63 59 57 66
10 33 59 58 55 58
10 34 61 64 61 63
10 35 52 49 54 56
10 36 16 22 19 24
10 37 97 89 95 95
10 38 2 9 5 11
10 39 62 64 64 59
10 40 0 3 7 10
10 41 53 49 49 53
10 42 30 35 31 28
10 43 67 61 60 67
10 44 41 37 45 45
10 45 8 15 8 13
10 46 78 74 75 78
10 47 37 36 33 40
10 48 87 87 85 87
10 49 93 90 91 85
10 50 39 36 40 42
10 51 19 26 24 25
10 52 33 39 34 37
10 53 44 46 48 43
10 54 17 21 23 17
10 55 61 60 57 58
10 56 97 87 91 89
10 57 41 42 41 41
10 58 91 90 87 90
10 59 63 59 59 61
10 60 96 94 91 90
10 61 48 52 48 44
10 62 23 26 22 27
10 63 78 80 71 79
10 64 23 22 26 25
10 65 28 32 25 27
10 66 97 90 87 90
10 67 62 58 59 57
10 68 25 25 24 31
10 69 83 75 74 84
10 70 88 82 86 85
10 71 17 18 23 22
10 72 83 79 81 82
10 73 15 19 19 19
10 74 7 16 9 7
10 75 89 80 89 89
10 76 25 28 23 29
10 77 32 38 32 37
10 78 52 54 53 49
10 79 98 95 96 98
10 80 31 37 38 30
10 81 86 78 85 85
10 82 7 12 15 12
10 83 3 3 6 3
10 84 75 68 72 69
10 85 4 10 6 9
10 86 27 33 31 24
10 87 98 93 89 93
10 88 9 18 16 18
10 89 66 61 64 67
10 90 62 64 65 60
10 91 8 13 17 13
10 92 83 79 81 76
10 93 97 89 94 90
10 94 33 30 36 31
10 95 97 92 89 91
10 96 54 52 58 55
10 97 36 36 36 32
10 98 57 58 55 52
10 99 46 50 46 44
11 12 63 58 57 59
11 13 80 73 80 80
11 14 87 85 79 81
11 15 9 14 18 18
11 16 7 9 11 7
11 17 86 84 83 78
11 18 72 68 65 70
11 19 81 80 81 75
11 20 62 59 59 59
11 21 52 51 57 52
11 22 12 11 14 13
11 23 19 24 25 17
11 24 28 28 29 27
11 25 78 75 71 79
11 26 83 76 85 76
11 27 20 24 28 21
11 28 57 58 55 60
11 29 57 55 55 60
11 30 17 18 24 25
11 31 70 64 71 69
11 32 61 56 62 59
11 33 80 73 76 73
11 34 58 59 59 53
11 35 1 2 2 9
11 36 39 44 38 41
11 37 85 80 83 81
11 38 62 57 57 66
11 39 14 14 13 22
11 40 64 65 65 62
11 41 88 83 80 82
11 42 7 14 15 16
11 43 57 61 58 60
11 44 37 42 38 38
11 45 59 58 62 59
11 46 38 36 40 40
11 47 1 6 2 8
11 48 15 18 15 16
11 49 72 67 74 66
11 50 45 46 50 47
11 51 9 16 9 10
11 52 65 63 63 65
11 53 72 65 69 66
11 54 2 4 8 5
11 55 5 12 5 10
11 56 78 70 76 74
11 57 18 18 20 23
11 58 53 54 52 53
11 59 40 39 44 38
11 60 31 29 30 36
11 61 79 72 76 81
11 62 31 31 37 30
11 63 98 91 92 98
11 64 84 83 85 79
11 65 52 47 51 50
11 66 5 9 14 11
11 67 60 56 54 54
11 68 33 31 38 36
11 69 50 47 45 48
11 70 88 88 89 86
11 71 72 72 68 65
11 72 12 21 16 13
11 73 76 68 77 72
11 74 59 61 63 56
11 75 91 83 85 82
11 76 60 64 56 60
11 77 75 68 75 76
11 78 38 39 37 37
11 79 42 48 44 38
11 80 52 56 53 47
11 81 95 90 92 92
11 82 84 85 81 79
11 83 64 66 59 61
11 84 80 79 77 75
11 85 37 39 42 38
11 86 0 4 5 6
11 87 28 29 31 31
11 88 78 78 72 71
11 89 73 73 73 69
11 90 18 24 23 21
11 91 50 50 49 54
11 92 39 43 44 44
11 93 55 58 56 57
11 94 59 54 62 63
11 95 30 32 32 35
11 96 36 39 33 42
11 97 82 82 80 82
11 98 52 52 53 47
11 99 11 10 16 16
12 13 33 30 31 37
12 14 57 58 59 60
12 15 87 81 88 81
12 16 19 24 19 26
12 17 98 88 91 93
12 18 88 81 85 79
12 19 85 84 84 81
12 20 42 40 44 48
12 21 80 73 74 77
12 22 82 78 77 80
12 23 72 69 72 71
12 24 89 82 83 80
12 25 49 45 46 49
12 26 9 14 16 10
12 27 4 5 7 7
12 28 72 67 69 65
12 29 58 61 55 55
12 30 81 76 75 82
12 31 8 15 9 8
12 32 5 11 7 12
12 33 67 63 65 63
12 34 41 45 43 41
12 35 75 77 69 77
12 36 40 36 44 42
12 37 14 21 23 17
12 38 11 17 16 11
12 39 46 42 51 46
12 40 63 61 66 64
12 41 53 56 52 55
12 42 8 9 9 9
12 43 77 72 76 72
12 44 24 29 29 22
12 45 28 28 27 32
12 46 62 56 66 56
12 47 56 59 58 53
12 48 80 77 81 82
12 49 5 14 13 10
12 50 13 20 17 19
12 51 3 5 11 3
12 52 24 24 30 27
12 53 24 26 25 29
12 54 83 83 83 83
12 55 75 73 74 74
12 56 99 96 91 96
12 57 35 34 39 41
12 58 78 72 72 78
12 59 31 35 29 29
12 60 16 18 23 21
12 61 45 42 42 48
12 62 38 37 39 43
12 63 63 60 66 61
12 64 80 72 76 77
12 65 95 87 91 91
12 66 92 85 93 86
12 67 98 94 88 90
12 68 85 78 83 78
12 69 65 60 62 64
12 70 33 33 39 32
12 71 87 83 86 81
12 72 47 47 48 42
12 73 56 58 52 59
12 74 89 81 84 82
12 75 6 10 14 7
12 76 29 32 29 31
12 77 46 46 46 45
12 78 65 64 60 60
12 79 85 80 76 77
12 80 66 61 60 68
12 81 16 15 18 22
12 82 18 17 24 19
12 83 30 31 28 32
12 84 77 79 75 76
12 85 7 10 7 15
12 86 98 96 95 93
12 87 6 9 12 13
12 88 5 7 14 8
12 89 0 9 9 7
12 90 51 51 54 47
12 91 8 9 15 15
12 92 63 61 65 64
12 93 47 43 46 44
12 94 6 6 10 10
12 95 73 74 67 66
12 96 22 22 24 28
12 97 86 83 80 78
12 98 78 77 79 73
12 99 77 77 74 73
13 14 87 85 83 79
13 15 36 40 40 40
13 16 4 7 13 12
13 17 53 52 55 57
13 18 47 47 50 50
13 19 72 68 66 68
13 20 30 27 32 33
13 21 85 86 82 85
13 22 52 54 49 50
13 23 5 6 12 5
13 24 12 17 19 20
13 25 71 74 71 74
13 26 52 55 54 51
13 27 1 4 6 11
13 28 46 50 49 46
13 29 34 32 37 33
13 30 72 67 72 71
13 31 0 3 6 5
13 32 32 39 36 36
13 33 5 7 6 11
13 34 93 89 92 94
13 35 9 14 12 13
13 36 68 65 65 62
13 37 64 64 60 62
13 38 11 18 12 19
13 39 32 31 33 36
13 40 63 58 65 63
13 41 89 85 80 86
13 42 45 44 49 43
13 43 33 37 30 35
13 44 13 20 18 17
13 45 86 80 81 81
13 46 16 16 22 18
13 47 29 27 29 29
13 48 20 21 23 22
13 49 22 26 23 29
13 50 61 59 55 58
13 51 66 62 66 68
13 52 67 61 61 66
13 53 82 77 81 79
13 54 91 92 88 85
13 55 30 29 34 27
13 56 72 67 68 68
13 57 12 13 11 11
13 58 42 43 40 39
13 59 83 81 80 80
13 60 43 43 39 46
13 61 15 14 21 19
13 62 55 54 57 56
13 63 99 94 98 99
13 64 74 72 70 70
13 65 16 15 16 16
13 66 33 31 34 31
13 67 61 61 64 62
13 68 48 50 43 46
13 69 27 33 31 25
13 70 8 10 10 14
13 71 44 43 47 48
13 72 31 33 35 33
13 73 44 47 41 46
13 74 12 11 16 19
13 75 36 42 41 42
13 76 9 16 15 14
13 77 80 76 76 72
13 78 1 5 8 4
13 79 59 53 62 62
13 80 29 34 28 35
13 81 87 83 83 88
13 82 31 28 30 35
13 83 19 18 20 26
13 84 8 15 8 16
13 85 33 31 33 39
13 86 24 31 24 22
13 87 33 33 30 36
13 88 22 25 21 21
13 89 40 43 41 45
13 90 37 42 36 39
13 91 7 11 12 16
13 92 98 92 96 96
13 93 20 22 19 21
13 94 92 86 86 83
13 95 66 64 65 64
13 96 25 28 29 29
13 97 81 82 81 81
13 98 38 35 42 43
13 99 75 70 73 72
14 15 20 24 20 19
14 16 74 71 74 75
14 17 3 8 7 4
14 18 57 54 52 60
14 19 87 78 85 80
14 20 88 85 83 83
14 21 73 67 75 72
14 22 81 73 75 75
14 23 39 37 36 38
14 24 9 9 14 16
14 25 55 50 50 54
14 26 67 64 62 70
14 27 35 34 40 37
14 28 33 36 34 36
14 29 27 30 33 30
14 30 74 70 71 76
14 31 75 77 73 68
14 32 71 73 74 66
14 33 98 89 90 94
14 34 59 59 57 54
14 35 19 19 19 22
14 36 58 52 55 59
14 37 30 28 35 29
14 38 32 30 31 35
14 39 56 56 55 59
14 40 65 67 64 61
14 41 45 41 43 46
14 42 13 14 17 15
14 43 40 38 43 45
14 44 62 63 58 63
14 45 61 59 62 64
14 46 12 20 16 19
14 47 3 7 13 10
14 48 41 42 45 43
14 49 24 31 23 31
14 50 31 37 31 30
14 51 40 38 36 45
14 52 89 87 88 87
14 53 36 41 33 35
14 54 71 66 68 66
14 55 49 50 54 51
14 56 90 87 84 85
14 57 7 9 11 11
14 58 94 87 94 93
14 59 2 6 11 4
14 60 83 76 79 77
14 61 54 57 52 54
14 62 50 51 46 50
14 63 70 64 71 67
14 64 49 52 50 48
14 65 37 42 34 36
14 66 35 33 33 35
14 67 39 42 36 36
14 68 48 49 51 47
14 69 69 69 64 72
14 70 44 47 41 48
14 71 24 22 26 30
14 72 5 7 13 12
14 73 15 15 22 14
14 74 14 13 15 20
14 75 12 16 18 16
14 76 64 59 67 61
14 77 68 62 69 70
14 78 2 4 7 3
14 79 53 52 50 53
14 80 4 8 5 6
14 81 55 57 55 54
14 82 65 59 59 59
14 83 93 91 84 89
14 84 47 47 48 46
14 85 74 74 70 74
14 86 46 49 50 42
14 87 58 60 53 52
14 88 58 56 52 54
14 89 12 20 19 15
14 90 83 83 78 81
14 91 0 6 2 5
14 92 17 20 21 24
14 93 8 10 17 12
14 94 56 56 56 59
14 95 51 50 55 50
14 96 44 44 44 47
14 97 36 36 42 34
14 98 91 91 85 83
14 99 57 54 58 60
15 16 17 16 19 19
15 17 36 40 40 38
15 18 57 61 57 52
15 19 57 61 54 55
15 20 72 65 69 72
15 21 16 23 16 20
15 22 27 31 33 28
15 23 84 82 82 77
15 24 91 83 84 84
15 25 69 67 64 69
15 26 31 36 30 30
15 27 2 11 7 8
15 28 51 46 55 51
15 29 47 50 50 47
15 30 27 31 32 30
15 31 4 6 7 13
15 32 50 51 46 52
15 33 58 60 56 56
15 34 76 72 74 70
15 35 88 80 80 84
15 36 19 26 20 25
15 37 3 9 7 5
15 38 25 32 30 27
15 39 76 77 71 77
15 40 36 40 40 38
15 41 91 82 82 90
15 42 8 11 15 14
15 43 6 9 11 8
15 44 72 70 72 73
15 45 99 89 89 98
15 46 89 87 88 87
15 47 21 20 23 24
15 48 34 39 39 35
15 49 3 4 10 3
15 50 41 38 44 40
15 51 13 13 20 19
15 52 94 94 87 88
15 53 19 25 21 24
15 54 89 86 87 88
15 55 96 87 92 94
15 56 92 88 88 88
15 57 68 63 67 65
15 58 59 56 56 62
15 59 92 86 92 93
15 60 98 91 90 97
15 61 76 69 76 75
15 62 73 68 66 66
15 63 35 33 36 36
15 64 85 83 83 78
15 65 75 75 70 77
15 66 93 90 86 93
15 67 48 44 48 49
15 68 6 9 14 14
15 69 91 90 86 86
15 70 56 54 58 56
15 71 6 11 6 9
15 72 89 83 89 81
15 73 59 55 60 57
15 74 44 47 49 47
15 75 34 39 37 31
15 76 15 20 18 19
15 77 96 87 96 91
15 78 24 28 22 23
15 79 79 77 75 79
15 80 54 51 55 49
15 81 55 51 52 54
15 82 38 40 44 40
15 83 94 89 88 85
15 84 52 49 48 48
15 85 13 19 19 17
15 86 5 8 10 9
15 87 12 14 11 20
15 88 24 23 30 23
15 89 42 46 38 41
15 90 57 54 58 56
15 91 51 51 52 48
15 92 6 8 14 10
15 93 27 34 31 30
15 94 39 37 40 43
15 95 39 43 35 37
15 96 99 95 95 96
15 97 83 82 81 83
15 98 75 73 69 73
15 99 61 63 61 55
16 17 7 14 14 12
16 18 74 74 74 68
16 19 81 80 79 74
16 20 87 79 80 86
16 21 75 70 72 77
16 22 54 53 52 49
16 23 63 59 66 61
16 24 21 27 27 21
16 25 20 22 18 19
16 26 3 4 13 12
16 27 11 18 19 14
16 28 69 69 63 62
16 29 43 47 41 47
16 30 55 53 52 54
16 31 45 45 46 47
16 32 86 79 83 80
16 33 7 13 10 12
16 34 71 65 73 65
16 35 26 29 29 30
16 36 8 15 8 14
16 37 8 17 10 9
16 38 60 63 58 62
16 39 95 88 86 86
16 40 91 88 89 82
16 41 20 21 19 21
16 42 22 25 23 26
16 43 52 55 51 55
16 44 6 14 12 15
16 45 66 59 67 63
16 46 40 38 45 39
16 47 3 4 7 8
16 48 26 25 27 27
16 49 58 55 52 57
16 50 60 57 61 55
16 51 8 13 11 15
16 52 33 31 38 39
16 53 4 8 9 5
16 54 99 89 96 91
16 55 80 78 73 77
16 56 95 87 89 95
16 57 3 11 4 11
16 58 65 60 61 64
16 59 82 74 84 81
16 60 67 63 62 70
16 61 94 93 91 89
16 62 99 90 96 95
16 63 79 79 80 77
16 64 65 60 63 68
16 65 69 71 67 70
16 66 48 45 48 47
16 67 45 43 42 41
16 68 35 36 41 35
16 69 94 88 93 88
16 70 82 74 77 74
16 71 37 42 34 38
16 72 34 31 39 32
16 73 53 53 53 53
16 74 91 85 90 87
16 75 80 81 81 72
16 76 44 44 46 42
16 77 91 85 86 82
16 78 26 28 27 24
16 79 77 79 76 78
16 80 19 19 20 25
16 81 77 79 79 73
16 82 0 5 5 7
16 83 31 35 34 30
16 84 60 57 62 56
16 85 7 15 15 14
16 86 75 69 70 72
16 87 41 39 43 46
16 88 38 37 38 35
16 89 84 79 80 84
16 90 83 81 84 78
16 91 17 22 22 22
16 92 62 60 57 66
16 93 11 11 13 20
16 94 56 59 56 51
16 95 85 80 79 84
16 96 85 77 80 79
16 97 9 11 14 14
16 98 72 70 67 73
16 99 43 47 42 45
17 18 91 92 89 86
17 19 55 50 57 59
17 20 79 76 72 80
17 21 26 26 31 24
17 22 84 79 85 83
17 23 27 25 29 27
17 24 68 64 68 71
17 25 21 20 26 23
17 26 69 68 64 66
17 27 67 61 61 61
17 28 94 90 89 90
17 29 40 40 43 41
17 30 81 77 75 78
17 31 35 34 33 31
17 32 59 54 58 57
17 33 11 13 18 14
17 34 14 16 20 20
17 35 7 9 7 9
17 36 71 71 74 65
17 37 7 11 15 8
17 38 43 48 48 47
17 39 30 32 28 36
17 40 63 60 58 65
17 41 61 57 60 64
17 42 88 81 86 88
17 43 29 33 30 36
17 44 74 76 69 75
17 45 12 18 19 14
17 46 70 66 67 63
17 47 59 54 62 60
17 48 88 82 80 84
17 49 26 25 29 28
17 50 67 68 67 70
17 51 56 60 56 55
17 52 81 75 81 79
17 53 40 40 39 41
17 54 53 53 53 49
17 55 55 52 57 53
17 56 44 46 45 40
17 57 69 65 67 71
17 58 49 44 44 48
17 59 3 12 11 12
17 60 92 93 92 84
17 61 94 86 84 86
17 62 95 87 91 88
17 63 6 7 12 14
17 64 81 76 75 77
17 65 57 52 60 55
17 66 81 83 75 77
17 67 89 82 86 85
17 68 51 55 47 51
17 69 42 44 44 40
17 70 17 24 18 16
17 71 13 12 20 12
17 72 92 88 83 92
17 73 65 59 66 64
17 74 86 79 82 82
17 75 60 63 63 63
17 76 44 41 42 40
17 77 35 40 40 37
17 78 14 18 20 18
17 79 55 54 59 50
17 80 52 49 52 50
17 81 55 54 59 50
17 82 43 43 47 46
17 83 1 9 10 9
17 84 75 69 71 74
17 85 38 42 39 44
17 86 85 77 84 77
17 87 29 29 36 27
17 88 89 82 87 90
17 89 73 71 72 70
17 90 34 31 36 38
17 91 70 67 66 67
17 92 41 43 38 37
17 93 16 15 22 19
17 94 97 92 90 95
17 95 46 47 46 48
17 96 67 62 65 67
17 97 76 71 70 77
17 98 14 22 19 20
17 99 65 68 60 62
18 19 80 75 80 80
18 20 52 47 53 53
18 21 63 62 58 57
18 22 13 18 13 12
18 23 31 34 30 36
18 24 13 18 18 21
18 25 44 46 45 41
18 26 91 91 83 83
18 27 55 59 59 55
18 28 45 49 44 47
18 29 67 66 67 64
18 30 36 37 40 39
18 31 51 50 54 46
18 32 34 30 38 37
18 33 89 88 83 81
18 34 61 55 64 58
18 35 50 47 55 51
18 36 43 44 41 47
18 37 8 17 17 15
18 38 18 23 25 25
18 39 59 58 53 57
18 40 88 83 79 85
18 41 52 48 47 55
18 42 82 78 83 75
18 43 50 47 53 51
18 44 58 55 54 61
18 45 51 55 52 48
18 46 5 9 7 14
18 47 26 25 28 33
18 48 83 80 80 84
18 49 62 64 56 60
18 50 97 96 90 97
18 51 91 91 87 91
18 52 42 47 39 40
18 53 82 76 78 82
18 54 7 15 11 12
18 55 41 42 41 44
18 56 31 35 32 33
18 57 92 84 85 86
18 58 77 70 76 70
18 59 35 41 40 36
18 60 92 85 89 83
18 61 36 38 35 38
18 62 6 9 8 14
18 63 79 79 80 81
18 64 51 51 53 54
18 65 57 53 57 55
18 66 57 55 58 59
18 67 78 74 75 79
18 68 80 80 72 73
18 69 33 37 39 39
18 70 96 92 92 92
18 71 56 59 53 51
18 72 50 53 45 53
18 73 91 88 85 87
18 74 21 24 19 27
18 75 10 18 15 14
18 76 75 68 72 75
18 77 3 6 3 8
18 78 20 25 25 20
18 79 35 38 31 36
18 80 30 33 33 34
18 81 29 27 35 30
18 82 58 55 58 56
18 83 63 57 58 63
18 84 60 56 58 54
18 85 38 38 42 39
18 86 14 19 13 20
18 87 9 9 17 16
18 88 37 38 39 43
18 89 14 14 19 17
18 90 67 66 62 62
18 91 54 53 49 55
18 92 58 57 57 52
18 93 3 3 6 4
18 94 47 52 46 42
18 95 75 75 73 77
18 96 85 80 86 84
18 97 84 79 83 80
18 98 75 76 76 70
18 99 85 83 84 77
19 20 65 59 68 58
19 21 74 70 72 69
19 22 47 45 51 45
19 23 40 45 36 37
19 24 61 64 57 64
19 25 47 44 47 43
19 26 19 21 26 18
19 27 35 38 36 37
19 28 17 25 18 20
19 29 97 96 87 89
19 30 12 18 14 16
19 31 6 6 6 9
19 32 94 90 85 85
19 33 27 24 24 25
19 34 92 89 87 85
19 35 45 43 44 50
19 36 98 92 93 93
19 37 88 79 83 86
19 38 10 13 13 14
19 39 14 19 22 17
19 40 18 21 17 20
19 41 72 69 66 66
19 42 1 5 2 5
19 43 84 82 81 84
19 44 96 88 94 93
19 45 30 30 30 29
19 46 24 29 30 25
19 47 34 38 33 35
19 48 54 50 49 57
19 49 51 55 51 55
19 50 44 42 42 40
19 51 8 14 10 9
19 52 83 84 84 75
19 53 86 80 82 84
19 54 29 31 27 29
19 55 17 22 25 24
19 56 26 30 29 31
19 57 10 12 11 12
19 58 91 84 88 92
19 59 90 88 89 84
19 60 61 60 60 65
19 61 17 22 21 21
19 62 82 76 79 84
19 63 28 35 26 29
19 64 63 64 64 62
19 65 56 56 53 55
19 66 54 52 54 54
19 67 17 20 16 17
19 68 83 85 81 83
19 69 80 81 76 78
19 70 59 57 63 55
19 71 98 96 95 90
19 72 21 25 19 27
19 73 19 23 17 20
19 74 12 18 19 12
19 75 43 42 45 46
19 76 62 60 59 66
19 77 30 34 30 35
19 78 38 35 36 38
19 79 29 30 26 30
19 80 20 19 24 26
19 81 63 64 62 59
19 82 48 43 50 46
19 83 13 20 17 16
19 84 1 7 10 6
19 85 94 86 91 92
19 86 35 32 41 33
19 87 33 36 39 30
19 88 95 91 94 91
19 89 35 35 35 41
19 90 61 62 63 64
19 91 53 50 47 51
19 92 83 81 76 76
19 93 43 48 43 43
19 94 38 34 41 34
19 95 1 2 1 3
19 96 95 86 89 93
19 97 10 16 14 16
19 98 10 16 10 16
19 99 8 10 10 9
20 21 43 44 41 43
20 22 86 79 82 85
20 23 20 19 19 19
20 24 53 54 51 56
20 25 81 76 75 81
20 26 13 12 17 12
20 27 23 28 25 22
20 28 94 87 90 89
20 29 57 53 59 53
20 30 12 15 20 15
20 31 85 81 83 84
20 32 37 39 41 34
20 33 84 85 82 77
20 34 73 73 68 71
20 35 25 29 30 26
20 36 81 82 80 75
20 37 2 8 4 5
20 38 66 65 68 63
20 39 21 22 25 26
20 40 70 72 71 64
20 41 13 17 14 16
20 42 86 84 85 87
20 43 32 33 36 34
20 44 59 61 62 62
20 45 47 45 50 51
20 46 81 74 73 79
20 47 48 49 45 50
20 48 99 96 95 90
20 49 95 87 91 90
20 50 62 57 62 61
20 51 10 16 15 12
20 52 87 79 86 81
20 53 82 80 77 80
20 54 57 55 55 59
20 55 44 48 43 44
20 56 61 63 61 62
20 57 82 75 77 81
20 58 87 80 80 80
20 59 80 78 74 81
20 60 90 91 83 86
20 61 77 76 76 76
20 62 71 66 72 69
20 63 17 17 20 22
20 64 66 65 64 64
20 65 60 59 58 54
20 66 47 49 48 52
20 67 70 64 66 73
20 68 54 54 51 58
20 69 49 44 52 46
20 70 80 80 78 80
20 71 27 30 34 25
20 72 35 40 36 35
20 73 52 47 51 51
20 74 58 60 56 54
20 75 48 48 51 52
20 76 38 42 40 42
20 77 24 23 27 23
20 78 13 21 18 17
20 79 50 46 48 46
20 80 85 79 77 87
20 81 13 20 20 18
20 82 70 64 66 65
20 83 59 54 62 58
20 84 30 28 28 34
20 85 84 82 76 79
20 86 48 46 50 49
20 87 65 66 66 65
20 88 52 54 53 47
20 89 11 13 15 20
20 90 92 86 88 90
20 91 32 37 36 32
20 92 13 14 19 15
20 93 60 61 54 55
20 94 88 81 86 85
20 95 47 51 52 43
20 96 50 55 48 51
20 97 67 69 69 70
20 98 63 65 66 63
20 99 32 31 29 37
21 22 89 84 88 86
21 23 89 83 87 81
21 24 22 21 29 27
21 25 59 55 53 55
21 26 92 86 90 87
21 27 2 8 2 9
21 28 38 37 38 41
21 29 95 95 88 88
21 30 46 47 44 47
21 31 84 79 80 85
21 32 14 16 18 18
21 33 33 38 37 31
21 34 87 82 79 87
21 35 23 30 26 30
21 36 36 34 39 38
21 37 44 45 46 45
21 38 76 69 72 68
21 39 7 15 8 13
21 40 85 79 81 85
21 41 42 39 46 39
21 42 2 3 2 9
21 43 17 18 18 18
21 44 21 29 28 25
21 45 81 78 76 77
21 46 10 18 12 18
21 47 30 34 36 28
21 48 41 43 39 45
21 49 37 33 43 36
21 50 27 32 27 27
21 51 81 76 82 81
21 52 67 64 64 69
21 53 98 91 92 91
21 54 19 27 22 26
21 55 56 53 52 57
21 56 30 32 31 31
21 57 40 45 46 45
21 58 22 27 20 21
21 59 8 16 9 12
21 60 12 13 14 18
21 61 42 40 43 44
21 62 98 88 93 90
21 63 99 97 96 98
21 64 4 5 10 12
21 65 57 61 52 52
21 66 2 7 6 6
21 67 20 28 19 22
21 68 39 40 35 37
21 69 16 19 15 23
21 70 84 83 78 85
21 71 56 54 55 50
21 72 96 93 92 96
21 73 97 90 92 97
21 74 98 96 95 96
21 75 89 88 83 86
21 76 49 50 49 45
21 77 4 12 5 8
21 78 86 82 80 86
21 79 2 9 11 5
21 80 21 27 22 23
21 81 38 39 39 37
21 82 83 83 82 82
21 83 91 88 85 91
21 84 1 7 7 11
21 85 52 51 56 50
21 86 99 98 96 97
21 87 83 80 77 83
21 88 80 80 79 77
21 89 58 52 59 57
21 90 30 34 27 31
21 91 38 36 43 44
21 92 20 26 27 27
21 93 29 35 27 26
21 94 8 17 13 9
21 95 9 17 13 10
21 96 73 67 69 66
21 97 13 13 13 15
21 98 41 43 39 37
21 99 64 65 62 63
22 23 15 23 19 22
22 24 37 34 35 34
22 25 28 31 26 29
22 26 20 23 25 20
22 27 57 52 56 53
22 28 13 15 19 17
22 29 97 87 97 88
22 30 60 60 56 56
22 31 5 11 10 11
22 32 4 4 9 5
22 33 53 49 52 57
22 34 13 20 20 14
22 35 25 28 27 32
22 36 8 14 14 11
22 37 45 46 45 43
22 38 38 38 41 38
22 39 96 95 91 94
22 40 6 13 15 9
22 41 22 28 28 22
22 42 75 74 69 76
22 43 2 2 5 8
22 44 38 43 38 42
22 45 14 13 22 18
22 46 57 60 58 59
22 47 15 19 23 18
22 48 28 28 27 30
22 49 76 77 72 75
22 50 23 24 24 25
22 51 67 62 68 65
22 52 35 38 40 38
22 53 22 27 20 29
22 54 24 25 22 28
22 55 17 18 24 17
22 56 13 13 13 17
22 57 29 33 30 33
22 58 9 15 17 17
22 59 75 73 76 76
22 60 48 50 46 49
22 61 96 92 94 87
22 62 63 60 64 62
22 63 37 42 40 38
22 64 27 33 34 27
22 65 32 32 31 31
22 66 2 8 11 5
22 67 45 43 43 50
22 68 5 9 13 9
22 69 73 73 68 73
22 70 9 8 8 9
22 71 89 86 86 84
22 72 67 66 66 65
22 73 91 87 87 90
22 74 67 65 66 61
22 75 10 17 19 12
22 76 6 13 9 13
22 77 45 43 50 46
22 78 86 79 86 81
22 79 80 78 81 72
22 80 93 90 84 85
22 81 27 31 31 30
22 82 4 9 6 11
22 83 23 22 24 21
22 84 42 38 45 41
22 85 39 39 42 38
22 86 64 65 61 59
22 87 91 87 88 87
22 88 70 67 70 70
22 89 93 93 89 94
22 90 40 39 43 37
22 91 63 64 61 66
22 92 37 43 33 37
22 93 51 55 52 55
22 94 17 24 16 23
22 95 3 6 11 9
22 96 85 86 83 83
22 97 29 33 26 32
22 98 1 6 5 10
22 99 99 96 93 90
23 24 84 76 78 86
23 25 89 86 83 90
23 26 38 40 43 42
23 27 91 89 86 83
23 28 28 33 30 26
23 29 61 56 60 63
23 30 56 59 59 57
23 31 37 43 36 39
23 32 55 54 58 50
23 33 66 69 68 68
23 34 77 77 76 73
23 35 3 11 10 12
23 36 83 84 75 81
23 37 62 60 62 64
23 38 87 85 82 88
23 39 56 57 54 56
23 40 64 59 65 58
23 41 37 39 35 37
23 42 71 73 69 67
23 43 22 26 24 27
23 44 37 36 43 36
23 45 27 27 31 26
23 46 8 7 11 10
23 47 22 28 26 24
23 48 28 33 34 34
23 49 61 59 60 57
23 50 55 54 59 52
23 51 14 22 22 22
23 52 7 11 8 11
23 53 34 32 31 40
23 54 1 8 3 7
23 55 46 43 49 41
23 56 53 49 53 57
23 57 76 78 75 73
23 58 33 30 35 30
23 59 57 56 53 59
23 60 14 14 18 16
23 61 21 25 20 24
23 62 25 28 30 22
23 63 53 57 51 52
23 64 82 75 84 82
23 65 1 10 6 4
23 66 5 11 8 14
23 67 84 84 85 83
23 68 20 20 21 23
23 69 37 42 35 35
23 70 84 85 82 82
23 71 54 53 53 57
23 72 2 6 5 6
23 73 79 78 76 79
23 74 78 74 77 78
23 75 49 46 46 47
23 76 77 73 77 75
23 77 84 79 84 85
23 78 67 68 66 66
23 79 31 36 30 38
23 80 35 35 36 31
23 81 55 50 56 55
23 82 79 81 74 71
23 83 38 39 37 41
23 84 3 10 6 10
23 85 36 35 38 36
23 86 31 31 30 30
23 87 91 84 88 82
23 88 66 61 65 64
23 89 58 60 54 53
23 90 83 80 80 78
23 91 72 66 69 65
23 92 60 64 58 64
23 93 46 47 51 47
23 94 66 60 65 67
23 95 32 30 32 38
23 96 78 72 75 72
23 97 21 20 25 20
23 98 30 28 32 30
23 99 15 18 17 16
24 25 82 78 75 79
24 26 85 85 79 78
24 27 89 88 87 84
24 28 26 32 31 33
24 29 88 82 86 86
24 30 26 27 28 27
24 31 58 62 58 54
24 32 49 53 51 50
24 33 96 92 87 94
24 34 38 35 43 43
24 35 92 83 85 92
24 36 70 65 64 63
24 37 31 34 34 34
24 38 16 15 19 20
24 39 89 90 90 84
24 40 47 46 47 49
24 41 93 87 86 86
24 42 70 72 71 66
24 43 57 53 52 54
24 44 73 68 72 73
24 45 30 36 34 35
24 46 85 82 80 84
24 47 86 78 82 78
24 48 76 72 71 77
24 49 74 72 74 70
24 50 97 88 89 94
24 51 98 97 96 92
24 52 65 65 64 68
24 53 65 66 68 61
24 54 52 55 48 50
24 55 29 28 36 32
24 56 53 50 51 50
24 57 54 51 55 57
24 58 12 16 19 15
24 59 22 27 28 20
24 60 54 49 58 52
24 61 35 41 42 37
24 62 20 26 20 28
24 63 6 9 6 14
24 64 40 38 43 41
24 65 48 49 43 44
24 66 88 80 83 86
24 67 67 67 61 65
24 68 52 47 56 56
24 69 40 36 45 37
24 70 76 76 78 77
24 71 9 13 13 16
24 72 87 81 82 82
24 73 11 14 19 13
24 74 61 61 57 60
24 75 54 58 50 52
24 76 88 89 81 85
24 77 81 75 80 75
24 78 27 33 29 28
24 79 64 61 65 58
24 80 24 27 29 22
24 81 10 13 15 18
24 82 90 84 90 85
24 83 1 8 2 2
24 84 18 24 25 24
24 85 27 27 26 31
24 86 7 12 10 11
24 87 24 28 31 32
24 88 42 47 38 43
24 89 74 74 69 69
24 90 23 22 23 27
24 91 83 77 84 78
24 92 58 59 55 54
24 93 41 45 47 43
24 94 48 51 52 48
24 95 34 34 37 37
24 96 23 23 29 30
24 97 7 9 14 15
24 98 42 47 46 46
24 99 37 41 34 34
25 26 14 16 16 16
25 27 81 78 81 76
25 28 3 8 13 6
25 29 53 53 58 50
25 30 69 64 65 66
25 31 59 60 58 57
25 32 61 63 62 60
25 33 50 47 45 54
25 34 79 73 72 78
25 35 23 23 26 27
25 36 23 23 24 28
25 37 91 90 90 85
25 38 46 45 50 50
25 39 55 55 59 51
25 40 4 4 4 9
25 41 34 39 39 39
25 42 26 28 33 29
25 43 67 61 62 65
25 44 47 50 47 51
25 45 1 11 9 9
25 46 23 27 27 27
25 47 11 14 13 15
25 48 11 15 13 14
25 49 32 39 34 31
25 50 61 61 58 58
25 51 46 43 46 48
25 52 52 50 55 50
25 53 96 89 92 88
25 54 25 29 24 31
25 55 83 80 78 76
25 56 38 41 38 42
25 57 99 98 95 95
25 58 31 28 30 30
25 59 3 7 7 7
25 60 58 57 59 53
25 61 70 65 63 64
25 62 5 5 13 5
25 63 14 19 22 17
25 64 15 18 16 15
25 65 97 95 89 94
25 66 43 43 41 48
25 67 23 22 22 28
25 68 66 67 66 67
25 69 96 90 95 95
25 70 13 22 16 17
25 71 77 70 78 72
25 72 35 32 34 32
25 73 87 81 81 87
25 74 12 17 18 11
25 75 76 69 75 71
25 76 92 92 86 89
25 77 85 82 85 79
25 78 25 26 23 31
25 79 38 37 42 36
25 80 77 73 77 79
25 81 0 6 2 2
25 82 29 32 32 26
25 83 99 91 92 97
25 84 83 78 82 78
25 85 16 18 16 19
25 86 25 30 31 27
25 87 0 5 3 7
25 88 87 88 79 82
25 89 47 50 49 51
25 90 6 7 12 15
25 91 17 25 18 22
25 92 3 11 8 5
25 93 8 17 11 13
25 94 62 60 56 61
25 95 19 27 20 20
25 96 4 5 10 4
25 97 45 49 43 45
25 98 80 75 74 76
25 99 46 46 49 47
26 27 0 8 8 5
26 28 94 90 87 85
26 29 3 8 10 9
26 30 8 10 7 13
26 31 33 33 33 37
26 32 95 87 95 89
26 33 47 49 43 45
26 34 23 28 23 21
26 35 25 27 27 22
26 36 34 34 34 37
26 37 39 37 44 38
26 38 70 64 72 69
26 39 15 18 14 14
26 40 86 87 79 85
26 41 21 27 27 26
26 42 60 55 59 58
26 43 80 74 78 75
26 44 13 18 15 15
26 45 11 11 18 10
26 46 31 31 36 32
26 47 65 66 68 62
26 48 4 13 7 8
26 49 75 74 68 74
26 50 63 61 61 58
26 51 85 82 85 87
26 52 42 41 44 46
26 53 53 49 49 52
26 54 75 74 77 74
26 55 17 19 16 18
26 56 55 52 56 57
26 57 57 56 59 54
26 58 24 24 24 29
26 59 47 51 50 44
26 60 42 44 42 48
26 61 61 62 64 58
26 62 29 27 34 34
26 63 16 24 16 18
26 64 19 17 18 25
26 65 9 16 17 9
26 66 52 52 56 50
26 67 61 55 61 57
26 68 3 4 9 3
26 69 11 13 20 10
26 70 62 65 64 56
26 71 49 51 50 45
26 72 44 47 48 49
26 73 80 80 74 78
26 74 61 60 60 62
26 75 59 60 54 57
26 76 89 86 85 90
26 77 62 58 60 59
26 78 87 81 82 87
26 79 28 29 31 35
26 80 17 19 21 18
26 81 13 15 17 16
26 82 31 35 33 36
26 83 26 31 29 27
26 84 37 40 39 41
26 85 40 41 38 42
26 86 61 58 55 61
26 87 5 14 13 14
26 88 63 64 58 65
26 89 15 19 19 18
26 90 59 56 61 57
26 91 56 54 51 51
26 92 53 48 52 52
26 93 96 88 91 95
26 94 19 26 25 22
26 95 17 21 25 18
26 96 81 79 74 80
26 97 88 80 85 89
26 98 23 23 24 27
26 99 7 10 14 6
27 28 48 50 50 45
27 29 8 11 13 16
27 30 28 26 33 25
27 31 12 14 13 13
27 32 1 8 2 9
27 33 91 89 85 82
27 34 46 51 51 45
27 35 42 42 47 47
27 36 27 28 32 33
27 37 24 30 23 28
27 38 19 22 22 20
27 39 85 78 84 86
27 40 28 33 31 26
27 41 77 71 70 75
27 42 61 58 64 57
27 43 90 81 89 85
27 44 20 28 27 23
27 45 91 91 89 83
27 46 26 24 24 25
27 47 71 68 74 67
27 48 76 71 73 75
27 49 80 79 72 79
27 50 40 41 38 44
27 51 51 52 56 55
27 52 86 81 78 85
27 53 98 93 90 96
27 54 51 55 46 54
27 55 53 52 52 51
27 56 6 10 10 13
27 57 8 13 17 16
27 58 56 54 60 56
27 59 71 66 67 67
27 60 42 46 39 45
27 61 98 98 94 93
27 62 7 6 10 15
27 63 96 88 87 87
27 64 7 12 10 6
27 65 3 5 4 8
27 66 81 77 83 75
27 67 11 13 14 11
27 68 1 2 7 9
27 69 53 49 51 49
27 70 96 88 91 94
27 71 95 89 94 91
27 72 88 88 88 79
27 73 8 10 13 12
27 74 47 43 50 48
27 75 62 57 64 58
27 76 19 26 17 27
27 77 70 63 64 66
27 78 90 83 90 90
27 79 49 49 48 52
27 80 63 60 64 66
27 81 49 54 50 44
27 82 76 71 73 73
27 83 94 93 90 92
27 84 31 34 36 29
27 85 28 27 33 25
27 86 60 64 55 59
27 87 85 81 77 80
27 88 93 84 91 87
27 89 30 37 30 30
27 90 96 93 88 96
27 91 42 38 44 43
27 92 93 88 93 89
27 93 24 25 30 27
27 94 20 20 22 27
27 95 77 77 74 72
27 96 20 20 20 23
27 97 24 27 26 27
27 98 86 83 85 84
27 99 73 75 75 74
28 29 92 86 92 89
28 30 43 42 41 43
28 31 56 54 58 53
28 32 12 12 19 18
28 33 61 60 57 63
28 34 48 53 45 45
28 35 4 12 11 8
28 36 0 2 7 0
28 37 21 26 22 22
28 38 96 91 95 89
28 39 19 27 26 27
28 40 28 35 30 28
28 41 59 60 62 55
28 42 12 16 11 13
28 43 49 54 48 54
28 44 96 87 90 89
28 45 42 47 38 38
28 46 66 66 65 60
28 47 9 15 10 11
28 48 63 60 65 66
28 49 8 11 8 10
28 50 77 76 78 73
28 51 97 92 89 89
28 52 24 32 32 29
28 53 74 73 67 73
28 54 79 72 73 76
28 55 40 42 43 39
28 56 6 11 14 12
28 57 60 62 57 60
28 58 33 38 31 39
28 59 38 43 37 41
28 60 90 82 86 84
28 61 74 69 72 68
28 62 46 50 42 41
28 63 55 52 53 59
28 64 95 95 88 95
28 65 72 69 69 65
28 66 18 19 26 24
28 67 74 69 69 73
28 68 90 91 90 82
28 69 33 32 30 32
28 70 97 94 93 88
28 71 90 88 86 82
28 72 59 59 58 56
28 73 80 77 80 78
28 74 46 43 44 49
28 75 57 58 57 57
28 76 22 25 24 23
28 77 10 17 11 14
28 78 25 26 24 28
28 79 25 24 32 29
28 80 12 13 16 16
28 81 24 24 25 25
28 82 93 90 90 84
28 83 98 93 91 93
28 84 45 48 50 41
28 85 14 18 17 22
28 86 50 45 47 53
28 87 87 80 81 82
28 88 86 83 79 77
28 89 45 50 42 41
28 90 96 95 92 96
28 91 68 64 71 69
28 92 22 22 23 22
28 93 74 70 75 76
28 94 45 41 43 41
28 95 54 49 55 49
28 96 19 21 23 25
28 97 40 37 38 39
28 98 38 38 38 38
28 99 74 72 67 69
29 30 13 19 13 21
29 31 91 88 84 89
29 32 39 36 43 37
29 33 98 97 90 93
29 34 35 39 38 41
29 35 94 93 93 89
29 36 29 34 29 28
29 37 4 9 6 5
29 38 7 15 7 7
29 39 10 10 12 10
29 40 7 11 10 11
29 41 62 63 64 64
29 42 35 34 34 32
29 43 40 45 38 38
29 44 7 14 11 9
29 45 42 40 39 46
29 46 46 44 47 45
29 47 76 74 70 70
29 48 18 22 19 23
29 49 66 69 68 65
29 50 33 31 34 38
29 51 51 47 52 53
29 52 77 74 76 73
29 53 95 87 93 87
29 54 15 14 15 17
29 55 90 81 85 82
29 56 26 27 32 33
29 57 18 20 17 17
29 58 23 28 23 30
29 59 7 10 6 9
29 60 99 94 91 92
29 61 32 33 33 37
29 62 92 90 91 91
29 63 13 18 16 15
29 64 7 9 9 10
29 65 8 15 10 17
29 66 54 51 51 57
29 67 33 34 40 38
29 68 14 22 21 16
29 69 24 30 32 31
29 70 39 43 42 42
29 71 8 12 12 7
29 72 1 8 10 7
29 73 72 67 65 69
29 74 94 89 87 91
29 75 99 98 95 92
29 76 13 19 13 15
29 77 72 66 69 68
29 78 17 17 21 18
29 79 64 59 65 59
29 80 54 55 55 58
29 81 94 89 95 89
29 82 18 19 18 19
29 83 83 84 76 80
29 84 2 2 5 5
29 85 51 51 53 52
29 86 24 28 27 30
29 87 91 86 86 88
29 88 81 80 77 80
29 89 43 40 44 46
29 90 30 34 37 27
29 91 16 23 23 15
29 92 0 4 3 8
29 93 34 35 40 31
29 94 96 91 89 88
29 95 44 49 46 48
29 96 97 90 88 89
29 97 18 19 18 23
29 98 61 60 63 56
29 99 17 23 18 21
30 31 64 67 60 66
30 32 57 54 57 58
30 33 72 73 67 65
30 34 33 31 31 34
30 35 16 17 24 21
30 36 55 54 51 50
30 37 84 79 77 76
30 38 30 36 31 32
30 39 91 86 82 91
30 40 84 83 84 78
30 41 40 43 40 45
30 42 83 76 83 83
30 43 98 88 94 88
30 44 12 11 19 17
30 45 27 24 27 24
30 46 53 56 54 50
30 47 15 17 18 19
30 48 31 33 33 30
30 49 73 67 68 74
30 50 0 8 5 1
30 51 43 46 40 40
30 52 86 79 82 80
30 53 23 26 29 21
30 54 32 31 31 30
30 55 65 67 62 67
30 56 7 9 8 11
30 57 82 83 76 79
30 58 32 34 34 29
30 59 68 70 64 64
30 60 81 77 81 82
30 61 36 42 41 39
30 62 32 35 34 35
30 63 9 11 8 13
30 64 33 32 32 35
30 65 34 40 31 40
30 66 64 63 67 66
30 67 93 94 86 85
30 68 53 58 52 53
30 69 89 85 87 80
30 70 26 33 27 33
30 71 16 22 20 20
30 72 88 88 83 82
30 73 33 36 32 32
30 74 76 75 73 78
30 75 26 32 32 26
30 76 95 87 88 92
30 77 56 52 51 56
30 78 21 21 27 24
30 79 59 63 55 60
30 80 34 31 40 35
30 81 34 34 39 32
30 82 32 29 34 37
30 83 65 66 59 64
30 84 40 43 39 41
30 85 24 27 23 29
30 86 33 33 37 36
30 87 45 49 47 48
30 88 12 18 16 15
30 89 37 40 34 39
30 90 55 51 58 52
30 91 0 1 5 8
30 92 35 41 34 37
30 93 51 53 50 54
30 94 10 10 13 17
30 95 88 83 80 82
30 96 79 72 77 73
30 97 63 65 64 62
30 98 85 84 85 78
30 99 97 91 91 88
31 32 91 87 84 91
31 33 66 66 63 62
31 34 66 62 60 62
31 35 43 44 44 45
31 36 20 18 19 18
31 37 25 31 23 29
31 38 14 14 20 16
31 39 18 17 18 21
31 40 59 59 61 62
31 41 43 47 41 46
31 42 49 53 54 47
31 43 44 48 40 43
31 44 46 47 49 50
31 45 26 25 27 27
31 46 71 63 66 64
31 47 47 49 52 50
31 48 90 82 81 88
31 49 54 52 56 56
31 50 66 60 67 67
31 51 90 88 86 87
31 52 3 12 9 6
31 53 26 32 27 25
31 54 73 70 73 66
31 55 88 83 81 84
31 56 66 67 64 68
31 57 45 40 42 48
31 58 87 83 80 83
31 59 15 22 17 23
31 60 82 79 77 80
31 61 52 56 55 49
31 62 28 29 31 34
31 63 79 80 81 81
31 64 11 11 18 17
31 65 93 85 88 86
31 66 76 74 69 72
31 67 89 80 83 82
31 68 24 30 32 25
31 69 54 50 50 58
31 70 67 63 65 68
31 71 91 83 90 89
31 72 92 87 91 85
31 73 65 68 66 60
31 74 16 16 23 21
31 75 97 96 90 95
31 76 97 93 95 92
31 77 23 23 24 25
31 78 95 94 95 85
31 79 76 74 78 70
31 80 27 28 33 30
31 81 14 17 13 19
31 82 37 40 37 40
31 83 16 21 15 22
31 84 76 72 74 72
31 85 72 68 75 71
31 86 91 84 83 84
31 87 89 85 88 90
31 88 37 41 42 37
31 89 88 86 87 86
31 90 50 53 50 53
31 91 71 67 70 72
31 92 64 66 58 63
31 93 69 69 64 68
31 94 24 30 28 26
31 95 35 33 33 33
31 96 94 92 88 93
31 97 33 31 37 38
31 98 14 21 14 17
31 99 99 95 97 92
32 33 34 35 31 31
32 34 29 34 28 28
32 35 20 22 22 20
32 36 97 97 94 91
32 37 96 95 95 88
32 38 57 58 60 53
32 39 53 53 49 53
32 40 95 87 90 95
32 41 49 48 50 45
32 42 85 84 83 80
32 43 94 93 90 88
32 44 82 77 83 75
32 45 2 4 10 2
32 46 87 87 87 83
32 47 78 73 71 74
32 48 9 11 10 10
32 49 61 62 63 59
32 50 35 38 33 42
32 51 29 32 32 27
32 52 3 7 8 8
32 53 77 71 70 75
32 54 64 62 63 64
32 55 70 69 66 67
32 56 41 46 46 39
32 57 96 88 94 92
32 58 46 47 50 46
32 59 73 69 66 73
32 60 23 23 21 25
32 61 75 76 69 75
32 62 18 24 22 18
32 63 86 87 79 83
32 64 68 69 70 69
32 65 67 62 70 65
32 66 53 56 54 51
32 67 43 44 43 39
32 68 79 71 76 74
32 69 85 76 86 86
32 70 78 74 72 75
32 71 83 82 75 77
32 72 93 91 92 89
32 73 92 85 86 86
32 74 32 33 33 36
32 75 77 72 75 79
32 76 99 92 94 97
32 77 88 88 85 87
32 78 63 66 60 61
32 79 49 51 45 44
32 80 82 75 77 83
32 81 38 42 37 40
32 82 75 69 77 75
32 83 8 10 11 17
32 84 5 6 14 13
32 85 16 22 24 16
32 86 31 28 37 30
32 87 64 58 67 64
32 88 21 25 25 25
32 89 94 85 89 86
32 90 83 82 81 80
32 91 12 12 15 13
32 92 2 10 2 4
32 93 6 13 11 9
32 94 19 26 17 23
32 95 26 30 32 29
32 96 80 74 75 77
32 97 23 23 27 27
32 98 44 46 47 47
32 99 55 59 54 53
33 34 84 79 77 79
33 35 12 13 21 13
33 36 21 28 23 25
33 37 64 68 62 63
33 38 24 25 25 30
33 39 10 13 15 11
33 40 12 17 15 21
33 41 29 33 30 31
33 42 26 27 28 31
33 43 29 33 27 34
33 44 89 84 84 87
33 45 44 46 43 41
33 46 51 55 55 50
33 47 87 88 81 81
33 48 18 23 21 21
33 49 37 41 42 35
33 50 98 94 94 92
33 51 14 14 15 16
33 52 99 98 96 93
33 53 61 62 59 56
33 54 0 3 5 2
33 55 34 31 31 33
33 56 29 35 33 29
33 57 89 89 81 88
33 58 16 21 22 20
33 59 62 64 61 63
33 60 78 70 77 73
33 61 89 89 82 86
33 62 33 30 31 38
33 63 19 18 23 18
33 64 14 19 15 17
33 65 2 8 2 10
33 66 45 45 43 47
33 67 13 12 13 16
33 68 93 84 88 89
33 69 60 59 57 62
33 70 21 23 26 26
33 71 90 82 85 87
33 72 82 76 76 83
33 73 71 64 69 64
33 74 39 37 44 41
33 75 20 20 23 24
33 76 7 13 14 8
33 77 25 25 27 26
33 78 34 37 34 34
33 79 20 20 25 20
33 80 42 40 48 45
33 81 55 55 51 59
33 82 96 91 91 92
33 83 46 48 44 46
33 84 82 81 79 75
33 85 15 18 22 16
33 86 42 41 46 46
33 87 69 64 64 72
33 88 12 11 19 17
33 89 75 68 72 70
33 90 93 89 89 85
33 91 68 64 63 63
33 92 25 26 25 26
33 93 14 20 14 13
33 94 86 85 87 82
33 95 92 92 92 83
33 96 50 52 55 51
33 97 53 51 58 56
33 98 60 57 58 60
33 99 93 86 91 91
34 35 47 45 46 51
34 36 23 30 26 28
34 37 5 9 14 9
34 38 88 86 80 80
34 39 27 29 25 26
34 40 11 13 13 15
34 41 46 49 46 46
34 42 86 81 85 80
34 43 11 16 11 15
34 44 52 48 50 57
34 45 84 81 83 85
34 46 42 43 45 43
34 47 75 75 75 71
34 48 21 22 24 22
34 49 52 50 50 55
34 50 68 64 69 64
34 51 90 84 91 84
34 52 39 44 40 38
34 53 16 23 19 19
34 54 37 34 34 37
34 55 34 39 33 40
34 56 47 45 48 50
34 57 9 17 8 17
34 58 95 86 92 89
34 59 15 21 22 14
34 60 39 37 39 37
34 61 32 35 38 30
34 62 68 63 65 71
34 63 65 61 61 65
34 64 9 13 12 11
34 65 57 56 55 55
34 66 5 14 9 11
34 67 36 39 34 33
34 68 83 80 76 78
34 69 97 96 88 90
34 70 4 12 5 12
34 71 69 68 69 66
34 72 3 12 3 4
34 73 62 62 61 61
34 74 88 81 83 84
34 75 84 85 83 78
34 76 96 95 96 96
34 77 82 75 75 79
34 78 78 76 70 72
34 79 5 7 9 12
34 80 67 65 65 69
34 81 4 11 5 7
34 82 40 39 40 36
34 83 92 90 90 92
34 84 67 67 60 60
34 85 13 14 16 17
34 86 92 86 91 86
34 87 54 55 50 56
34 88 3 9 9 8
34 89 31 33 33 36
34 90 25 31 26 25
34 91 72 70 70 66
34 92 69 68 67 65
34 93 34 38 36 36
34 94 24 31 26 23
34 95 34 36 34 34
34 96 44 44 49 49
34 97 83 78 75 84
34 98 19 26 19 17
34 99 69 63 63 66
35 36 2 9 10 3
35 37 49 47 52 52
35 38 52 54 47 51
35 39 48 49 47 47
35 40 82 81 76 77
35 41 29 36 31 32
35 42 55 58 51 58
35 43 63 57 63 63
35 44 42 40 45 42
35 45 93 91 93 89
35 46 81 79 83 80
35 47 62 62 61 59
35 48 33 38 35 35
35 49 35 36 34 34
35 50 38 36 42 42
35 51 50 50 48 48
35 52 34 39 39 38
35 53 78 78 72 73
35 54 23 31 26 30
35 55 61 58 56 61
35 56 0 2 6 5
35 57 94 92 92 94
35 58 20 25 20 23
35 59 67 70 65 67
35 60 74 75 70 72
35 61 58 58 55 59
35 62 12 15 15 12
35 63 77 70 71 71
35 64 60 60 62 60
35 65 7 10 7 10
35 66 37 36 41 34
35 67 64 66 58 59
35 68 46 49 45 48
35 69 79 74 73 79
35 70 41 38 42 41
35 71 62 61 56 64
35 72 80 74 76 76
35 73 39 37 38 41
35 74 13 14 18 19
35 75 24 23 24 25
35 76 27 33 32 31
35 77 85 78 84 83
35 78 5 12 13 13
35 79 95 90 86 91
35 80 31 34 28 36
35 81 45 46 46 43
35 82 59 58 54 54
35 83 70 65 68 73
35 84 5 5 6 5
35 85 71 72 72 71
35 86 66 64 62 69
35 87 39 36 39 44
35 88 31 36 34 29
35 89 22 21 29 25
35 90 48 45 47 50
35 91 77 72 73 73
35 92 48 48 46 49
35 93 79 81 81 72
35 94 82 78 83 81
35 95 15 14 18 19
35 96 27 31 32 27
35 97 1 2 4 1
35 98 29 35 32 29
35 99 5 14 5 10
36 37 88 85 84 79
36 38 70 70 67 65
36 39 43 46 45 48
36 40 30 33 29 29
36 41 47 44 51 45
36 42 84 83 83 79
36 43 58 61 57 53
36 44 14 14 15 21
36 45 96 89 96 95
36 46 67 64 63 65
36 47 92 90 84 85
36 48 87 85 86 81
36 49 93 88 85 87
36 50 79 75 79 81
36 51 3 7 12 10
36 52 81 78 82 82
36 53 36 36 37 36
36 54 90 89 90 87
36 55 28 31 33 32
36 56 38 43 38 35
36 57 93 86 90 86
36 58 35 40 35 41
36 59 96 92 93 89
36 60 64 58 62 61
36 61 31 32 35 36
36 62 80 76 73 75
36 63 4 6 10 10
36 64 57 52 58 55
36 65 50 53 54 51
36 66 25 31 23 29
36 67 67 62 65 69
36 68 42 48 45 44
36 69 70 66 73 68
36 70 67 64 60 70
36 71 82 80 81 80
36 72 37 43 36 42
36 73 81 78 79 81
36 74 23 22 26 22
36 75 95 86 92 92
36 76 51 53 46 54
36 77 26 31 29 26
36 78 46 45 49 43
36 79 49 47 45 48
36 80 88 81 83 83
36 81 5 5 6 12
36 82 97 92 97 92
36 83 41 45 39 40
36 84 16 23 24 17
36 85 2 11 10 9
36 86 42 39 43 39
36 87 99 99 91 93
36 88 15 21 20 20
36 89 20 19 20 21
36 90 7 8 13 16
36 91 39 36 43 44
36 92 24 26 24 30
36 93 85 82 80 83
36 94 84 78 77 79
36 95 2 5 8 2
36 96 87 86 85 81
36 97 80 78 79 81
36 98 84 81 84 84
36 99 35 37 41 33
37 38 16 22 18 20
37 39 73 67 69 71
37 40 83 84 82 81
37 41 9 18 16 18
37 42 43 41 39 47
37 43 32 38 35 31
37 44 65 59 60 64
37 45 97 95 94 90
37 46 82 80 79 74
37 47 98 90 96 95
37 48 92 83 89 88
37 49 67 67 66 62
37 50 41 43 37 39
37 51 90 84 82 85
37 52 47 45 43 53
37 53 4 9 12 11
37 54 88 83 86 86
37 55 24 27 30 27
37 56 46 45 45 45
37 57 31 34 35 32
37 58 27 27 26 27
37 59 11 10 10 12
37 60 53 56 56 48
37 61 98 92 89 97
37 62 43 39 47 48
37 63 47 45 50 52
37 64 62 58 64 61
37 65 27 28 27 32
37 66 28 31 29 28
37 67 83 81 75 84
37 68 65 68 62 61
37 69 87 80 84 85
37 70 53 57 51 50
37 71 30 37 34 34
37 72 27 31 33 30
37 73 95 94 94 85
37 74 90 84 86 87
37 75 27 25 33 33
37 76 99 95 98 93
37 77 53 51 54 51
37 78 90 88 85 88
37 79 31 35 30 33
37 80 22 29 20 22
37 81 73 74 71 74
37 82 35 36 38 36
37 83 67 67 65 68
37 84 64 66 62 62
37 85 2 4 8 7
37 86 43 47 41 44
37 87 98 94 95 90
37 88 42 41 44 38
37 89 46 47 46 48
37 90 43 45 45 40
37 91 83 76 79 82
37 92 54 53 57 54
37 93 93 84 92 84
37 94 3 8 10 6
37 95 79 81 79 74
37 96 71 73 72 67
37 97 30 31 29 29
37 98 44 47 49 49
37 99 33 33 38 39
38 39 17 22 23 21
38 40 15 17 16 22
38 41 20 21 24 24
38 42 90 86 82 88
38 43 44 45 42 47
38 44 90 89 90 89
38 45 32 35 31 33
38 46 60 60 58 63
38 47 85 82 80 86
38 48 83 82 80 76
38 49 93 87 84 92
38 50 32 29 37 36
38 51 79 77 78 81
38 52 74 67 70 70
38 53 41 43 39 39
38 54 35 34 35 39
38 55 95 90 92 88
38 56 74 70 71 72
38 57 35 34 41 37
38 58 52 48 52 54
38 59 32 34 34 34
38 60 45 47 50 42
38 61 7 7 14 10
38 62 52 50 49 47
38 63 75 75 69 74
38 64 72 68 71 72
38 65 17 20 23 17
38 66 12 12 12 19
38 67 38 36 37 38
38 68 92 85 86 92
38 69 72 71 71 70
38 70 86 78 82 79
38 71 82 77 79 77
38 72 38 42 43 44
38 73 24 31 31 31
38 74 8 13 15 8
38 75 53 50 51 50
38 76 43 48 49 45
38 77 69 68 64 72
38 78 45 50 45 43
38 79 58 55 58 55
38 80 53 53 57 56
38 81 84 76 80 83
38 82 72 67 73 73
38 83 97 91 95 96
38 84 72 69 66 69
38 85 59 58 61 53
38 86 71 71 73 71
38 87 65 65 68 63
38 88 53 49 58 50
38 89 67 69 67 61
38 90 11 12 18 16
38 91 52 56 57 56
38 92 92 88 88 91
38 93 97 91 93 97
38 94 63 59 64 59
38 95 17 16 18 25
38 96 30 35 28 35
38 97 67 67 62 66
38 98 65 65 66 64
38 99 99 97 92 90
39 40 78 71 75 76
39 41 73 75 67 70
39 42 18 23 17 21
39 43 27 31 31 27
39 44 82 80 81 75
39 45 52 47 55 55
39 46 32 30 36 35
39 47 29 34 36 27
39 48 25 29 24 31
39 49 26 26 27 28
39 50 75 76 76 70
39 51 26 24 33 28
39 52 86 87 79 83
39 53 46 50 43 48
39 54 65 60 58 61
39 55 71 69 69 71
39 56 1 3 9 6
39 57 26 30 25 31
39 58 34 40 40 33
39 59 89 90 84 82
39 60 37 37 40 39
39 61 7 13 14 12
39 62 27 32 24 26
39 63 84 80 84 79
39 64 1 11 2 10
39 65 30 32 34 35
39 66 84 84 78 84
39 67 27 28 25 25
39 68 44 46 44 49
39 69 91 84 87 84
39 70 53 51 57 50
39 71 18 20 20 24
39 72 0 3 5 0
39 73 17 16 20 22
39 74 19 18 23 22
39 75 88 87 88 87
39 76 2 8 8 5
39 77 32 36 34 31
39 78 8 8 16 12
39 79 68 65 68 63
39 80 15 18 23 20
39 81 11 12 15 10
39 82 10 16 18 16
39 83 39 37 38 43
39 84 61 58 55 65
39 85 77 75 71 76
39 86 70 67 69 68
39 87 99 92 92 92
39 88 72 69 65 71
39 89 86 82 79 85
39 90 29 35 30 27
39 91 32 38 35 30
39 92 73 70 75 66
39 93 87 88 80 81
39 94 21 19 26 21
39 95 49 51 54 48
39 96 21 28 20 22
39 97 60 58 59 60
39 98 56 53 57 54
39 99 75 76 71 72
40 41 23 27 22 24
40 42 37 42 40 40
40 43 45 42 47 41
40 44 63 62 62 58
40 45 34 39 35 36
40 46 90 88 85 85
40 47 58 60 59 56
40 48 66 69 66 61
40 49 46 45 50 48
40 50 8 10 7 11
40 51 8 10 14 9
40 52 77 78 73 70
40 53 59 56 60 62
40 54 27 31 26 31
40 55 64 59 59 60
40 56 4 9 4 7
40 57 13 12 16 20
40 58 48 52 44 48
40 59 57 54 57 61
40 60 86 81 80 79
40 61 51 55 47 52
40 62 81 78 75 77
40 63 41 41 40 41
40 64 53 52 52 54
40 65 60 59 60 63
40 66 95 91 93 91
40 67 93 88 93 87
40 68 15 22 23 19
40 69 83 82 81 83
40 70 33 37 37 35
40 71 90 87 82 85
40 72 64 66 60 60
40 73 44 42 45 41
40 74 15 17 24 15
40 75 44 40 40 43
40 76 64 61 67 62
40 77 49 52 45 48
40 78 85 86 78 79
40 79 59 59 62 56
40 80 73 73 72 74
40 81 25 24 23 31
40 82 73 75 74 73
40 83 42 42 48 42
40 84 88 86 88 89
40 85 8 9 8 12
40 86 77 71 73 75
40 87 16 23 23 22
40 88 64 59 59 63
40 89 43 43 43 48
40 90 99 89 94 95
40 91 44 47 50 46
40 92 67 69 65 61
40 93 77 74 71 78
40 94 80 80 76 80
40 95 25 23 24 29
40 96 65 66 64 67
40 97 17 18 18 19
40 98 5 5 6 6
40 99 79 77 75 79
41 42 87 82 86 87
41 43 74 74 68 76
41 44 6 10 9 15
41 45 74 68 70 69
41 46 52 50 51 57
41 47 89 89 89 88
41 48 60 61 55 63
41 49 94 93 93 88
41 50 2 10 8 11
41 51 55 50 57 55
41 52 44 48 46 48
41 53 2 4 2 3
41 54 55 59 54 54
41 55 27 29 27 30
41 56 91 85 89 89
41 57 76 72 70 69
41 58 43 46 40 41
41 59 63 58 66 58
41 60 18 21 23 24
41 61 82 75 81 77
41 62 5 10 7 7
41 63 20 23 27 19
41 64 63 64 61 66
41 65 46 45 48 51
41 66 75 71 77 74
41 67 47 43 43 49
41 68 58 59 57 58
41 69 19 17 21 26
41 70 40 45 46 36
41 71 75 71 70 68
41 72 18 23 23 26
41 73 42 42 39 44
41 74 78 77 80 77
41 75 83 78 76 75
41 76 7 8 9 12
41 77 96 92 90 91
41 78 90 84 84 90
41 79 42 44 39 38
41 80 40 38 46 45
41 81 45 49 47 49
41 82 54 50 49 55
41 83 41 42 42 42
41 84 92 83 88 92
41 85 98 96 91 97
41 86 73 68 71 67
41 87 99 90 93 93
41 88 33 33 35 37
41 89 14 20 22 15
41 90 19 20 20 23
41 91 48 44 49 53
41 92 29 32 27 27
41 93 99 97 97 96
41 94 32 29 33 36
41 95 59 62 63 55
41 96 7 14 13 12
41 97 16 15 23 18
41 98 30 35 32 31
41 99 20 26 23 19
42 43 2 9 9 9
42 44 61 62 62 55
42 45 27 30 24 30
42 46 3 6 12 8
42 47 6 6 11 12
42 48 52 55 56 57
42 49 27 25 30 30
42 50 25 29 28 25
42 51 20 20 18 24
42 52 98 96 94 97
42 53 90 89 81 82
42 54 25 31 29 31
42 55 68 65 69 66
42 56 29 34 30 35
42 57 38 42 36 37
42 58 71 69 63 66
42 59 46 45 41 46
42 60 44 46 41 45
42 61 6 15 11 14
42 62 88 83 80 87
42 63 75 72 70 74
42 64 57 58 57 52
42 65 12 12 15 12
42 66 28 28 29 34
42 67 98 94 91 88
42 68 95 89 88 93
42 69 75 74 69 72
42 70 85 85 85 80
42 71 83 80 76 77
42 72 5 7 8 12
42 73 79 76 71 78
42 74 66 62 63 61
42 75 81 83 73 76
42 76 66 65 64 61
42 77 48 47 53 44
42 78 91 86 88 87
42 79 38 43 38 35
42 80 23 27 27 29
42 81 32 36 35 35
42 82 20 18 26 26
42 83 85 77 77 83
42 84 6 12 10 11
42 85 19 17 26 23
42 86 5 11 13 11
42 87 42 43 41 40
42 88 18 17 25 19
42 89 66 60 60 62
42 90 61 56 63 55
42 91 38 38 44 40
42 92 30 29 35 28
42 93 25 29 31 31
42 94 45 45 44 42
42 95 9 9 10 11
42 96 38 41 36 38
42 97 10 18 12 15
42 98 0 5 10 3
42 99 39 42 40 45
43 44 49 50 50 46
43 45 67 69 66 65
43 46 53 51 52 53
43 47 3 5 4 12
43 48 77 78 71 73
43 49 83 83 82 81
43 50 63 59 57 58
43 51 98 90 98 91
43 52 67 64 61 62
43 53 55 59 55 50
43 54 67 65 66 63
43 55 88 83 80 88
43 56 69 65 65 71
43 57 20 26 21 23
43 58 66 65 69 61
43 59 88 85 86 87
43 60 3 10 5 8
43 61 75 77 75 76
43 62 3 3 12 8
43 63 65 60 63 65
43 64 32 39 32 34
43 65 83 80 84 82
43 66 56 57 57 54
43 67 14 16 16 19
43 68 28 27 30 35
43 69 42 43 41 38
43 70 35 34 41 39
43 71 24 22 31 27
43 72 15 21 19 19
43 73 12 15 11 11
43 74 16 22 16 17
43 75 49 45 47 49
43 76 40 39 42 41
43 77 24 26 30 22
43 78 45 49 48 46
43 79 12 13 16 14
43 80 54 56 55 57
43 81 36 40 40 42
43 82 27 25 25 31
43 83 37 40 37 39
43 84 29 29 35 27
43 85 1 5 8 11
43 86 99 98 94 89
43 87 3 9 6 3
43 88 51 51 49 54
43 89 16 17 21 17
43 90 69 64 66 72
43 91 25 22 30 31
43 92 91 84 91 86
43 93 24 22 23 23
43 94 93 90 93 91
43 95 89 86 87 87
43 96 13 17 14 19
43 97 41 39 45 42
43 98 12 19 17 13
43 99 94 90 86 85
44 45 17 18 25 22
44 46 47 52 45 50
44 47 6 7 9 11
44 48 31 28 36 33
44 49 31 33 29 28
44 50 65 63 62 63
44 51 87 81 80 84
44 52 87 86 81 86
44 53 19 19 19 17
44 54 25 31 28 27
44 55 50 50 52 51
44 56 16 17 21 18
44 57 94 86 92 92
44 58 1 9 6 5
44 59 28 31 32 31
44 60 73 73 67 75
44 61 15 17 23 19
44 62 40 45 41 44
44 63 12 11 14 16
44 64 58 59 59 56
44 65 6 9 7 12
44 66 48 50 49 46
44 67 36 32 41 33
44 68 15 18 18 18
44 69 47 49 48 51
44 70 61 61 56 55
44 71 25 29 32 27
44 72 77 70 79 71
44 73 18 25 25 20
44 74 87 88 85 81
44 75 15 21 21 18
44 76 53 52 53 51
44 77 21 28 20 24
44 78 50 51 49 54
44 79 38 37 35 44
44 80 44 49 45 43
44 81 32 36 32 29
44 82 9 13 9 18
44 83 2 11 10 2
44 84 55 50 56 49
44 85 43 45 45 45
44 86 57 57 58 57
44 87 24 27 31 30
44 88 70 65 63 69
44 89 22 24 23 23
44 90 48 44 50 44
44 91 90 81 82 88
44 92 68 67 71 70
44 93 71 73 71 72
44 94 82 79 74 77
44 95 34 36 40 38
44 96 60 63 62 55
44 97 55 53 58 56
44 98 21 20 29 23
44 99 71 72 70 70
45 46 16 16 19 20
45 47 94 86 85 93
45 48 60 54 61 63
45 49 43 45 44 43
45 50 43 41 40 41
45 51 83 82 80 81
45 52 95 91 88 92
45 53 3 9 9 10
45 54 56 51 56 58
45 55 70 63 67 67
45 56 28 27 26 34
45 57 25 28 25 31
45 58 89 86 86 82
45 59 34 35 35 38
45 60 24 31 22 23
45 61 73 68 66 72
45 62 35 36 41 40
45 63 24 25 26 23
45 64 7 12 14 7
45 65 56 58 51 54
45 66 70 71 68 66
45 67 3 3 10 4
45 68 57 53 59 61
45 69 14 14 21 18
45 70 36 39 40 37
45 71 56 57 53 51
45 72 92 84 83 88
45 73 43 44 48 42
45 74 33 36 30 31
45 75 51 47 56 55
45 76 30 29 34 29
45 77 15 23 16 18
45 78 31 35 34 34
45 79 25 27 32 23
45 80 76 71 73 72
45 81 27 30 25 29
45 82 46 48 43 49
45 83 2 10 11 6
45 84 70 73 69 71
45 85 20 19 23 28
45 86 98 97 90 94
45 87 39 43 39 36
45 88 11 19 14 14
45 89 40 37 45 42
45 90 72 70 68 69
45 91 98 91 89 89
45 92 19 24 26 23
45 93 0 3 6 5
45 94 76 73 71 75
45 95 88 82 83 83
45 96 15 19 20 15
45 97 7 7 14 8
45 98 74 74 74 72
45 99 99 93 89 90
46 47 18 26 21 24
46 48 40 39 42 43
46 49 4 8 13 10
46 50 32 32 34 34
46 51 0 1 8 3
46 52 58 56 59 59
46 53 89 85 85 81
46 54 93 89 93 86
46 55 93 85 84 88
46 56 44 48 48 45
46 57 15 21 18 14
46 58 21 21 23 22
46 59 3 12 12 3
46 60 95 90 90 88
46 61 71 66 69 64
46 62 18 17 26 19
46 63 6 15 8 10
46 64 35 31 37 40
46 65 25 28 25 23
46 66 40 38 46 41
46 67 78 72 72 70
46 68 94 90 90 93
46 69 32 35 30 36
46 70 17 18 17 19
46 71 41 43 47 42
46 72 51 56 47 55
46 73 91 89 87 91
46 74 84 83 80 78
46 75 73 75 74 73
46 76 56 53 50 58
46 77 73 69 69 66
46 78 42 39 45 41
46 79 69 71 70 70
46 80 25 32 29 32
46 81 35 35 36 41
46 82 49 45 52 50
46 83 25 25 26 26
46 84 92 82 84 82
46 85 6 6 15 13
46 86 8 14 14 10
46 87 19 19 26 20
46 88 97 89 95 93
46 89 23 25 30 29
46 90 87 85 85 86
46 91 71 69 72 70
46 92 41 38 44 40
46 93 86 81 78 85
46 94 82 79 76 82
46 95 86 83 80 80
46 96 0 1 1 9
46 97 8 12 14 13
46 98 31 35 34 37
46 99 83 77 84 81
47 48 17 24 16 17
47 49 61 58 62 57
47 50 70 64 72 68
47 51 15 13 15 22
47 52 62 56 61 66
47 53 99 91 91 95
47 54 77 70 72 77
47 55 45 49 49 42
47 56 44 43 42 49
47 57 49 53 50 48
47 58 70 66 63 63
47 59 50 48 45 53
47 60 67 65 61 65
47 61 30 32 35 33
47 62 84 79 85 81
47 63 69 67 66 67
47 64 28 27 32 30
47 65 33 36 35 37
47 66 63 58 59 62
47 67 27 29 29 28
47 68 35 38 36 33
47 69 53 56 51 50
47 70 30 37 34 30
47 71 6 8 7 9
47 72 70 70 68 64
47 73 29 33 36 35
47 74 15 17 17 16
47 75 83 75 83 81
47 76 25 25 25 27
47 77 54 57 57 50
47 78 66 63 64 66
47 79 34 32 38 35
47 80 27 31 32 27
47 81 93 91 84 90
47 82 61 55 61 59
47 83 30 30 28 28
47 84 47 52 49 46
47 85 84 84 85 79
47 86 79 74 73 73
47 87 96 95 96 86
47 88 77 78 79 75
47 89 11 16 10 11
47 90 87 88 87 83
47 91 44 49 45 48
47 92 4 6 9 8
47 93 86 83 79 87
47 94 66 61 61 63
47 95 44 46 43 46
47 96 38 44 37 41
47 97 53 51 57 55
47 98 58 56 57 61
47 99 83 85 76 79
48 49 12 13 15 20
48 50 55 55 50 57
48 51 65 68 60 66
48 52 84 79 84 75
48 53 60 60 64 58
48 54 3 6 12 11
48 55 78 76 80 79
48 56 53 54 55 53
48 57 23 26 28 29
48 58 27 34 26 25
48 59 59 56 57 63
48 60 13 20 17 17
48 61 52 51 56 48
48 62 25 27 23 23
48 63 55 51 57 52
48 64 67 63 69 63
48 65 97 95 88 94
48 66 74 67 72 69
48 67 91 85 87 90
48 68 43 43 46 48
48 69 42 41 43 47
48 70 88 85 86 87
48 71 39 41 41 44
48 72 18 23 21 25
48 73 67 69 68 63
48 74 66 62 67 65
48 75 99 90 91 90
48 76 80 74 75 80
48 77 36 36 35 37
48 78 20 27 23 25
48 79 61 63 59 65
48 80 88 80 89 87
48 81 14 16 15 21
48 82 16 16 17 19
48 83 61 56 60 64
48 84 27 33 29 33
48 85 99 97 98 91
48 86 32 35 29 30
48 87 58 58 61 55
48 88 79 75 80 77
48 89 83 80 81 75
48 90 10 17 10 18
48 91 74 68 71 75
48 92 84 86 85 77
48 93 57 52 52 55
48 94 24 28 32 31
48 95 71 72 66 73
48 96 64 61 62 62
48 97 1 10 10 6
48 98 72 71 68 72
48 99 35 37 36 34
49 50 63 60 58 66
49 51 0 0 7 2
49 52 25 25 26 23
49 53 83 79 76 79
49 54 82 83 76 82
49 55 36 40 41 35
49 56 23 31 30 24
49 57 29 34 27 30
49 58 58 60 55 61
49 59 90 89 84 89
49 60 18 21 17 16
49 61 73 68 71 69
49 62 94 92 93 95
49 63 4 13 9 10
49 64 50 55 50 50
49 65 3 8 5 3
49 66 53 58 57 53
49 67 56 51 56 58
49 68 21 28 20 26
49 69 92 85 89 84
49 70 73 74 73 75
49 71 14 14 20 19
49 72 61 64 64 57
49 73 46 42 43 45
49 74 99 94 94 94
49 75 36 41 32 38
49 76 50 52 45 54
49 77 55 52 56 53
49 78 2 11 6 10
49 79 16 23 22 20
49 80 46 47 48 46
49 81 29 31 32 35
49 82 62 59 61 64
49 83 13 19 15 13
49 84 77 70 70 75
49 85 30 33 31 29
49 86 46 45 51 50
49 87 94 91 86 87
49 88 86 84 79 87
49 89 59 57 57 55
49 90 33 39 37 39
49 91 39 43 43 38
49 92 9 17 17 10
49 93 57 59 58 56
49 94 50 53 47 47
49 95 4 6 12 5
49 96 12 17 16 17
49 97 86 79 82 80
49 98 45 49 49 42
49 99 22 23 23 21
50 51 4 11 7 11
50 52 35 39 39 39
50 53 80 75 79 78
50 54 6 11 15 8
50 55 39 41 43 37
50 56 92 88 89 85
50 57 82 78 81 83
50 58 89 85 89 87
50 59 58 53 57 55
50 60 67 65 63 61
50 61 49 51 46 53
50 62 5 13 11 14
50 63 6 11 14 13
50 64 75 72 73 73
50 65 37 33 34 39
50 66 27 29 33 30
50 67 21 25 28 28
50 68 63 65 64 66
50 69 54 49 57 50
50 70 50 45 54 50
50 71 62 59 66 62
50 72 84 81 83 85
50 73 87 79 87 81
50 74 59 58 56 62
50 75 17 15 19 23
50 76 4 13 13 7
50 77 22 26 22 22
50 78 34 39 31 35
50 79 16 24 20 20
50 80 30 28 31 31
50 81 5 13 6 11
50 82 20 19 25 21
50 83 21 22 28 28
50 84 86 78 80 85
50 85 74 67 69 72
50 86 19 24 23 17
50 87 57 54 60 55
50 88 48 44 45 46
50 89 25 27 30 23
50 90 11 10 17 11
50 91 76 77 77 73
50 92 53 54 54 54
50 93 5 5 12 11
50 94 0 4 5 7
50 95 64 62 67 59
50 96 70 73 64 70
50 97 20 26 21 20
50 98 74 76 73 76
50 99 36 38 36 39
51 52 14 17 22 17
51 53 78 73 78 76
51 54 90 82 86 88
51 55 33 33 32 38
51 56 73 72 71 67
51 57 0 9 2 1
51 58 3 7 11 11
51 59 74 77 71 76
51 60 67 63 69 67
51 61 74 71 71 69
51 62 59 60 60 55
51 63 96 90 88 87
51 64 73 74 72 75
51 65 89 84 83 87
51 66 57 52 57 53
51 67 33 37 32 35
51 68 20 27 23 25
51 69 32 33 34 30
51 70 47 46 50 49
51 71 58 57 53 58
51 72 39 39 37 37
51 73 82 83 75 77
51 74 84 79 84 78
51 75 33 38 39 39
51 76 70 68 68 65
51 77 75 74 76 69
51 78 55 55 57 58
51 79 49 49 47 53
51 80 32 37 36 35
51 81 47 43 46 43
51 82 97 95 95 87
51 83 18 24 25 24
51 84 25 29 24 30
51 85 14 14 15 22
51 86 61 63 55 60
51 87 52 52 56 54
51 88 70 72 71 65
51 89 45 45 48 45
51 90 81 78 77 78
51 91 21 23 27 21
51 92 63 57 61 63
51 93 86 78 78 87
51 94 29 30 33 28
51 95 62 58 65 64
51 96 58 57 61 60
51 97 74 68 70 67
51 98 33 30 31 38
51 99 94 88 89 92
52 53 94 94 87 85
52 54 96 93 94 90
52 55 95 91 88 95
52 56 1 3 8 4
52 57 42 38 41 47
52 58 60 62 55 60
52 59 29 34 36 28
52 60 39 42 40 38
52 61 40 45 37 42
52 62 96 91 95 91
52 63 55 56 58 54
52 64 69 64 71 64
52 65 96 96 91 93
52 66 80 79 74 78
52 67 17 23 16 23
52 68 65 61 68 66
52 69 69 62 65 67
52 70 53 53 54 53
52 71 71 71 71 72
52 72 17 21 24 20
52 73 54 50 51 49
52 74 90 81 86 82
52 75 28 25 34 34
52 76 17 23 20 21
52 77 74 69 68 74
52 78 16 22 15 22
52 79 99 93 92 93
52 80 22 24 22 29
52 81 66 69 69 68
52 82 66 63 69 60
52 83 91 85 84 88
52 84 94 87 91 87
52 85 91 85 90 91
52 86 66 61 60 64
52 87 87 83 80 79
52 88 22 20 20 23
52 89 23 30 24 29
52 90 2 3 7 6
52 91 3 7 3 11
52 92 51 49 47 47
52 93 85 83 85 80
52 94 98 88 88 89
52 95 99 91 96 99
52 96 26 31 33 26
52 97 75 75 73 76
52 98 68 61 65 69
52 99 15 17 16 18
53 54 96 91 91 91
53 55 99 91 93 96
53 56 16 20 22 17
53 57 78 74 73 76
53 58 1 4 3 7
53 59 68 65 61 64
53 60 12 20 18 15
53 61 93 92 92 85
53 62 16 16 15 20
53 63 54 56 50 49
53 64 62 59 61 61
53 65 48 47 44 48
53 66 64 66 62 67
53 67 4 9 9 4
53 68 72 74 68 71
53 69 56 57 57 58
53 70 14 15 13 15
53 71 96 89 89 95
53 72 67 63 63 62
53 73 89 90 88 83
53 74 72 70 67 73
53 75 51 52 51 53
53 76 59 58 63 62
53 77 30 30 37 36
53 78 36 36 41 32
53 79 36 41 33 40
53 80 86 78 84 86
53 81 26 30 27 32
53 82 1 8 8 3
53 83 31 35 36 36
53 84 53 58 57 57
53 85 9 16 14 18
53 86 32 37 33 30
53 87 64 63 66 59
53 88 35 35 33 38
53 89 37 37 35 34
53 90 88 81 88 87
53 91 75 71 75 71
53 92 8 17 16 14
53 93 35 33 35 36
53 94 95 91 89 90
53 95 97 89 88 92
53 96 22 27 23 28
53 97 0 5 5 5
53 98 28 32 30 31
53 99 32 33 35 34
54 55 6 9 6 7
54 56 11 14 19 13
54 57 79 78 79 74
54 58 60 57 60 60
54 59 45 47 41 49
54 60 64 61 62 67
54 61 92 86 89 92
54 62 83 79 75 82
54 63 15 22 20 19
54 64 13 21 18 19
54 65 46 48 45 45
54 66 43 39 46 40
54 67 54 53 51 52
54 68 89 82 89 81
54 69 14 16 14 22
54 70 95 90 93 94
54 71 0 3 7 6
54 72 13 13 13 17
54 73 57 52 57 57
54 74 91 85 90 85
54 75 6 6 13 14
54 76 0 9 0 5
54 77 66 65 69 69
54 78 5 11 11 5
54 79 96 92 89 91
54 80 87 80 83 83
54 81 94 91 87 86
54 82 46 42 43 44
54 83 2 5 3 6
54 84 7 11 14 7
54 85 69 63 69 66
54 86 2 8 11 7
54 87 51 49 48 48
54 88 23 29 29 25
54 89 29 31 35 28
54 90 39 45 39 36
54 91 8 7 16 13
54 92 42 39 40 48
54 93 9 12 15 15
54 94 26 29 29 29
54 95 40 41 45 42
54 96 57 58 53 60
54 97 9 16 18 10
54 98 30 37 34 31
54 99 51 52 47 53
55 56 45 48 49 45
55 57 29 27 27 34
55 58 66 64 63 62
55 59 74 67 76 72
55 60 60 62 62 58
55 61 42 43 45 43
55 62 13 20 18 13
55 63 70 66 68 64
55 64 90 82 89 89
55 65 42 40 41 40
55 66 77 71 71 71
55 67 9 10 12 14
55 68 17 15 19 23
55 69 76 74 70 74
55 70 17 23 21 16
55 71 91 90 83 91
55 72 2 7 3 5
55 73 84 76 81 84
55 74 89 81 83 85
55 75 55 50 56 52
55 76 28 29 32 33
55 77 10 10 15 17
55 78 19 24 20 21
55 79 81 77 80 74
55 80 88 83 84 87
55 81 38 44 40 41
55 82 36 38 38 41
55 83 44 41 46 42
55 84 78 77 72 79
55 85 55 56 56 52
55 86 60 54 61 56
55 87 45 45 50 45
55 88 18 25 16 24
55 89 53 50 55 53
55 90 83 77 80 81
55 91 59 53 60 53
55 92 33 34 35 37
55 93 7 12 10 15
55 94 76 69 71 73
55 95 62 59 57 59
55 96 16 18 16 20
55 97 67 68 68 63
55 98 75 72 70 73
55 99 9 12 15 8
56 57 16 20 21 23
56 58 2 11 7 9
56 59 50 54 51 54
56 60 83 75 83 83
56 61 5 7 12 12
56 62 96 93 96 95
56 63 98 94 96 97
56 64 80 74 79 74
56 65 4 7 8 7
56 66 61 56 64 63
56 67 71 70 69 68
56 68 63 57 61 63
56 69 59 55 56 55
56 70 48 49 47 52
56 71 99 96 91 92
56 72 72 72 68 73
56 73 42 47 38 40
56 74 38 37 39 44
56 75 29 35 28 31
56 76 27 27 31 27
56 77 67 66 68 64
56 78 58 53 52 62
56 79 4 13 8 5
56 80 72 66 74 65
56 81 31 31 36 33
56 82 27 28 29 33
56 83 11 19 20 18
56 84 0 4 2 8
56 85 40 44 36 37
56 86 63 58 61 58
56 87 27 26 28 32
56 88 6 11 6 14
56 89 34 38 31 33
56 90 86 83 78 84
56 91 0 4 0 8
56 92 8 13 8 13
56 93 75 73 75 77
56 94 41 43 42 46
56 95 90 87 88 85
56 96 25 23 29 25
56 97 11 18 19 10
56 98 38 44 35 40
56 99 99 98 94 98
57 58 38 39 36 34
57 59 75 75 74 69
57 60 17 24 21 18
57 61 4 7 7 14
57 62 30 36 36 31
57 63 28 32 27 35
57 64 87 80 87 86
57 65 90 81 89 91
57 66 82 84 79 75
57 67 84 82 81 82
57 68 65 64 63 61
57 69 1 7 11 1
57 70 53 48 51 50
57 71 43 46 39 42
57 72 8 9 13 13
57 73 39 36 38 42
57 74 46 47 42 44
57 75 13 21 19 21
57 76 43 45 47 45
57 77 80 79 72 74
57 78 41 37 45 47
57 79 38 38 40 39
57 80 62 56 56 64
57 81 49 44 52 51
57 82 56 54 54 59
57 83 76 77 71 70
57 84 66 68 63 66
57 85 15 23 19 23
57 86 65 66 69 63
57 87 11 15 11 15
57 88 31 29 36 34
57 89 4 12 8 13
57 90 17 24 17 20
57 91 50 51 48 53
57 92 19 25 26 24
57 93 63 58 56 66
57 94 9 17 12 13
57 95 87 84 81 83
57 96 85 84 78 79
57 97 66 65 64 69
57 98 5 14 9 12
57 99 41 45 46 39
58 59 26 25 33 28
58 60 59 54 55 55
58 61 73 68 74 75
58 62 82 76 73 81
58 63 75 71 69 72
58 64 40 39 43 40
58 65 0 1 3 3
58 66 11 13 12 16
58 67 57 60 55 58
58 68 90 88 81 87
58 69 28 33 34 30
58 70 15 21 16 17
58 71 97 94 89 88
58 72 84 80 77 81
58 73 70 70 66 67
58 74 26 30 24 25
58 75 33 39 38 30
58 76 31 37 31 38
58 77 15 23 20 22
58 78 87 84 81 81
58 79 50 51 49 51
58 80 93 89 93 91
58 81 8 10 9 11
58 82 86 78 87 87
58 83 46 44 42 42
58 84 1 1 7 5
58 85 93 92 87 90
58 86 96 90 87 89
58 87 87 81 88 82
58 88 69 68 65 71
58 89 63 66 65 58
58 90 17 24 16 15
58 91 73 74 67 66
58 92 71 70 71 69
58 93 98 89 95 92
58 94 14 21 20 19
58 95 41 44 43 38
58 96 12 12 20 17
58 97 53 54 48 53
58 98 20 21 18 26
58 99 58 57 60 56
59 60 82 83 76 75
59 61 52 52 47 55
59 62 77 71 76 76
59 63 27 34 25 34
59 64 40 41 41 40
59 65 71 74 70 68
59 66 21 20 20 19
59 67 20 21 19 24
59 68 62 62 61 62
59 69 16 18 16 20
59 70 95 88 94 89
59 71 55 55 57 56
59 72 28 33 31 35
59 73 9 14 12 13
59 74 86 84 84 78
59 75 97 92 97 94
59 76 45 48 48 49
59 77 53 56 48 57
59 78 2 7 9 11
59 79 63 65 62 63
59 80 99 96 89 95
59 81 35 40 41 34
59 82 88 82 81 88
59 83 90 83 90 86
59 84 82 81 80 80
59 85 17 22 16 18
59 86 82 84 75 76
59 87 47 49 49 42
59 88 25 28 29 23
59 89 54 55 50 55
59 90 69 64 64 66
59 91 53 49 56 55
59 92 10 12 16 11
59 93 67 67 61 61
59 94 72 68 70 74
59 95 67 66 64 67
59 96 89 88 87 83
59 97 92 92 83 92
59 98 84 77 85 86
59 99 81 83 77 82
60 61 45 50 43 47
60 62 98 89 96 90
60 63 69 68 68 66
60 64 1 5 10 4
60 65 4 9 7 5
60 66 73 70 76 74
60 67 65 63 68 59
60 68 21 28 20 23
60 69 55 56 53 55
60 70 55 59 50 55
60 71 85 85 80 86
60 72 37 34 43 34
60 73 58 61 62 61
60 74 23 30 26 25
60 75 92 87 93 89
60 76 39 41 45 39
60 77 71 68 66 67
60 78 44 44 41 43
60 79 91 84 90 83
60 80 74 76 67 76
60 81 76 74 76 77
60 82 9 12 9 12
60 83 58 54 56 55
60 84 92 83 89 92
60 85 27 33 34 27
60 86 50 49 55 51
60 87 59 60 57 61
60 88 39 40 39 35
60 89 60 55 55 64
60 90 64 61 63 66
60 91 90 82 87 90
60 92 28 28 27 30
60 93 96 86 92 93
60 94 89 87 81 82
60 95 92 86 91 90
60 96 74 72 67 68
60 97 63 58 61 61
60 98 22 22 29 22
60 99 77 76 73 72
61 62 93 84 92 92
61 63 70 66 68 63
61 64 11 15 16 17
61 65 19 22 24 26
61 66 65 62 66 65
61 67 24 32 25 28
61 68 30 31 33 28
61 69 69 66 63 63
61 70 8 10 14 11
61 71 68 69 62 62
61 72 9 12 11 9
61 73 82 82 75 81
61 74 41 40 42 41
61 75 23 22 27 21
61 76 24 23 23 23
61 77 15 21 18 21
61 78 78 79 75 71
61 79 9 18 10 14
61 80 99 93 96 97
61 81 9 12 14 12
61 82 10 10 10 14
61 83 94 86 86 88
61 84 39 37 45 37
61 85 36 36 39 41
61 86 33 30 36 36
61 87 20 21 23 24
61 88 92 85 89 84
61 89 12 17 18 11
61 90 69 64 69 65
61 91 68 62 64 66
61 92 65 62 62 68
61 93 49 52 54 49
61 94 33 34 32 35
61 95 81 75 75 76
61 96 11 17 20 17
61 97 27 30 32 27
61 98 46 49 45 42
61 99 68 71 63 66
62 63 12 14 18 16
62 64 29 29 31 33
62 65 66 60 63 69
62 66 49 53 49 52
62 67 56 59 60 60
62 68 25 23 30 27
62 69 62 59 59 63
62 70 68 68 66 68
62 71 13 17 21 19
62 72 78 77 72 78
62 73 29 27 34 32
62 74 96 94 95 87
62 75 83 80 75 76
62 76 71 68 72 66
62 77 52 52 50 48
62 78 86 78 84 85
62 79 3 9 4 3
62 80 44 47 41 41
62 81 37 37 42 42
62 82 3 5 8 4
62 83 50 51 53 52
62 84 14 16 21 21
62 85 28 28 28 33
62 86 5 11 10 14
62 87 29 34 30 29
62 88 66 60 66 62
62 89 4 8 8 13
62 90 38 42 39 36
62 91 17 18 24 21
62 92 83 76 77 81
62 93 91 83 82 88
62 94 3 7 6 12
62 95 53 51 54 52
62 96 91 89 88 85
62 97 75 70 75 69
62 98 62 57 63 62
62 99 85 86 85 82
63 64 88 86 83 87
63 65 53 49 53 58
63 66 69 64 70 62
63 67 95 90 87 90
63 68 40 39 38 40
63 69 90 89 81 83
63 70 3 4 9 8
63 71 83 80 77 77
63 72 21 28 27 28
63 73 14 23 22 20
63 74 89 84 81 89
63 75 3 4 12 4
63 76 47 49 47 49
63 77 65 64 67 59
63 78 76 72 78 71
63 79 67 64 68 68
63 80 70 67 71 63
63 81 78 74 71 74
63 82 60 60 57 59
63 83 38 43 37 43
63 84 22 26 28 24
63 85 33 30 32 32
63 86 42 47 42 45
63 87 71 67 67 68
63 88 82 74 74 83
63 89 54 54 49 53
63 90 58 60 62 58
63 91 5 12 12 14
63 92 82 78 78 82
63 93 91 83 86 88
63 94 99 96 94 91
63 95 88 81 87 81
63 96 97 89 93 90
63 97 11 15 11 12
63 98 90 82 88 83
63 99 39 40 39 39
64 65 76 69 78 76
64 66 1 1 2 5
64 67 60 56 61 57
64 68 76 78 70 71
64 69 98 96 96 90
64 70 50 50 48 47
64 71 12 20 16 17
64 72 44 41 47 46
64 73 19 18 21 27
64 74 81 80 76 73
64 75 66 66 61 61
64 76 63 58 65 60
64 77 14 15 20 21
64 78 75 75 72 77
64 79 41 38 46 46
64 80 45 43 44 45
64 81 84 83 77 82
64 82 11 19 18 17
64 83 67 67 62 66
64 84 41 42 38 47
64 85 93 88 88 92
64 86 79 76 77 80
64 87 86 83 85 85
64 88 9 17 9 11
64 89 52 53 56 53
64 90 1 6 2 9
64 91 5 12 11 7
64 92 90 85 82 88
64 93 59 54 63 61
64 94 72 73 73 67
64 95 49 47 49 46
64 96 38 44 36 38
64 97 47 43 44 48
64 98 43 47 40 39
64 99 29 33 33 33
65 66 33 30 30 34
65 67 53 54 50 53
65 68 9 12 10 9
65 69 20 20 23 21
65 70 35 34 36 39
65 71 93 86 84 91
65 72 39 43 43 40
65 73 21 21 22 29
65 74 52 51 56 55
65 75 95 95 89 92
65 76 17 24 25 20
65 77 51 52 51 52
65 78 58 57 58 62
65 79 11 17 13 19
65 80 63 64 62 60
65 81 1 8 10 7
65 82 83 81 81 77
65 83 50 47 54 53
65 84 15 21 16 21
65 85 62 65 63 59
65 86 33 32 34 32
65 87 47 48 48 44
65 88 0 4 4 0
65 89 82 76 74 78
65 90 47 48 42 52
65 91 9 10 8 10
65 92 9 14 18 12
65 93 20 24 23 25
65 94 98 90 92 94
65 95 15 19 18 22
65 96 1 4 9 5
65 97 61 57 61 56
65 98 28 28 26 26
65 99 0 0 4 3
66 67 23 26 27 27
66 68 12 13 20 18
66 69 12 18 15 19
66 70 92 85 88 87
66 71 38 42 36 44
66 72 2 8 5 3
66 73 29 33 33 27
66 74 73 68 70 68
66 75 33 38 30 33
66 76 45 45 45 49
66 77 50 47 50 51
66 78 62 61 59 61
66 79 44 48 48 42
66 80 53 57 54 55
66 81 49 49 45 53
66 82 75 78 71 76
66 83 75 69 68 78
66 84 62 59 61 62
66 85 44 41 49 40
66 86 51 48 51 48
66 87 42 40 44 44
66 88 24 24 25 26
66 89 33 36 32 38
66 90 34 39 40 35
66 91 97 96 88 89
66 92 10 19 19 15
66 93 16 21 18 21
66 94 86 87 78 82
66 95 81 76 77 77
66 96 89 88 82 86
66 97 53 50 52 52
66 98 55 52 52 51
66 99 36 41 38 42
67 68 18 21 22 21
67 69 69 69 64 62
67 70 85 82 81 85
67 71 54 51 52 53
67 72 34 35 40 32
67 73 1 9 3 1
67 74 30 28 36 35
67 75 84 82 84 79
67 76 0 7 10 9
67 77 87 81 80 80
67 78 32 37 36 30
67 79 10 12 14 15
67 80 90 83 89 85
67 81 46 45 41 47
67 82 65 60 59 67
67 83 27 28 31 31
67 84 41 45 42 41
67 85 54 56 50 51
67 86 65 66 63 62
67 87 0 0 2 8
67 88 89 80 82 88
67 89 63 66 61 62
67 90 79 78 75 80
67 91 24 26 25 29
67 92 88 85 86 84
67 93 98 97 96 97
67 94 80 82 72 77
67 95 17 25 21 17
67 96 33 33 34 39
67 97 51 51 52 51
67 98 97 97 94 90
67 99 24 28 21 30
68 69 97 90 88 90
68 70 99 96 97 94
68 71 88 85 88 81
68 72 3 7 9 11
68 73 19 25 19 20
68 74 57 56 60 56
68 75 35 36 34 37
68 76 22 28 24 22
68 77 43 43 39 48
68 78 57 54 53 59
68 79 26 25 34 33
68 80 46 42 45 51
68 81 50 48 54 47
68 82 60 57 58 60
68 83 69 67 71 64
68 84 82 81 83 74
68 85 16 14 23 22
68 86 44 44 47 46
68 87 71 72 68 71
68 88 13 12 18 16
68 89 95 92 91 95
68 90 76 76 70 75
68 91 19 24 24 24
68 92 73 74 71 75
68 93 17 21 15 21
68 94 0 5 6 0
68 95 79 75 77 72
68 96 68 65 64 64
68 97 40 40 44 37
68 98 60 54 59 61
68 99 24 25 24 27
69 70 72 75 71 74
69 71 49 48 52 51
69 72 30 31 33 30
69 73 22 21 28 28
69 74 12 18 14 14
69 75 37 38 35 34
69 76 37 37 43 41
69 77 8 12 16 16
69 78 36 39 38 35
69 79 44 47 39 48
69 80 71 67 71 73
69 81 35 38 40 33
69 82 43 41 40 42
69 83 0 8 4 6
69 84 5 14 13 5
69 85 17 17 21 15
69 86 89 82 85 86
69 87 84 78 85 79
69 88 90 83 87 82
69 89 96 94 86 95
69 90 18 24 25 19
69 91 79 73 72 74
69 92 59 54 59 56
69 93 44 46 41 47
69 94 70 67 69 63
69 95 1 4 2 4
69 96 57 61 61 53
69 97 21 24 28 23
69 98 59 61 57 57
69 99 33 34 39 34
70 71 67 69 64 64
70 72 33 35 36 34
70 73 17 21 17 20
70 74 66 66 63 66
70 75 22 22 22 24
70 76 86 85 78 86
70 77 28 26 32 31
70 78 96 90 88 95
70 79 17 20 15 19
70 80 38 37 41 41
70 81 37 39 35 39
70 82 94 88 87 92
70 83 28 29 29 34
70 84 5 8 7 13
70 85 79 77 78 81
70 86 87 88 79 79
70 87 33 36 35 35
70 88 22 29 23 28
70 89 80 79 78 73
70 90 57 53 58 58
70 91 23 20 21 24
70 92 88 83 82 86
70 93 83 80 84 81
70 94 14 17 22 16
70 95 31 31 33 34
70 96 82 77 81 83
70 97 91 87 91 84
70 98 77 71 79 71
70 99 82 83 76 75
71 72 49 45 51 49
71 73 83 84 78 82
71 74 18 17 20 17
71 75 8 14 14 12
71 76 89 81 86 81
71 77 54 50 55 53
71 78 48 45 48 45
71 79 23 28 24 26
71 80 61 61 64 56
71 81 2 10 7 11
71 82 32 33 30 31
71 83 64 63 63 61
71 84 42 45 47 40
71 85 75 75 72 71
71 86 28 28 32 32
71 87 0 1 4 8
71 88 57 60 56 56
71 89 9 10 11 16
71 90 57 51 53 54
71 91 98 89 97 90
71 92 12 15 17 19
71 93 47 51 51 45
71 94 14 17 15 20
71 95 15 18 14 19
71 96 77 70 72 77
71 97 64 64 67 59
71 98 53 53 57 54
71 99 41 46 39 45
72 73 48 52 50 47
72 74 85 78 80 85
72 75 18 20 19 23
72 76 39 36 44 42
72 77 29 31 34 31
72 78 12 14 15 13
72 79 51 51 50 53
72 80 68 70 64 61
72 81 25 26 28 26
72 82 70 66 72 72
72 83 93 90 91 88
72 84 61 57 63 58
72 85 12 17 17 20
72 86 42 41 42 38
72 87 89 89 88 84
72 88 7 14 11 17
72 89 87 82 85 82
72 90 66 63 69 65
72 91 2 6 5 10
72 92 82 79 77 76
72 93 56 53 59 54
72 94 7 15 7 7
72 95 62 61 57 58
72 96 97 91 92 89
72 97 38 41 40 37
72 98 86 87 85 86
72 99 15 16 17 16
73 74 16 19 23 14
73 75 81 81 80 77
73 76 47 50 51 46
73 77 23 21 21 26
73 78 27 26 32 32
73 79 43 41 41 46
73 80 88 81 84 81
73 81 78 80 72 73
73 82 50 52 48 51
73 83 98 97 89 90
73 84 23 25 23 23
73 85 61 61 62 62
73 86 12 20 18 14
73 87 87 80 81 81
73 88 6 15 10 12
73 89 71 65 73 66
73 90 19 21 24 17
73 91 2 8 2 10
73 92 29 31 35 27
73 93 9 14 17 12
73 94 55 59 57 54
73 95 95 91 92 86
73 96 26 25 31 33
73 97 55 51 51 56
73 98 44 41 48 40
73 99 27 33 27 28
74 75 83 80 77 76
74 76 99 91 98 95
74 77 50 53 48 45
74 78 25 24 26 23
74 79 74 76 69 75
74 80 83 78 80 78
74 81 97 95 97 95
74 82 25 30 29 28
74 83 45 42 50 50
74 84 21 26 27 29
74 85 67 64 69 66
74 86 49 46 51 50
74 87 68 67 68 68
74 88 27 30 26 32
74 89 31 35 33 36
74 90 69 71 64 71
74 91 98 92 94 97
74 92 71 69 66 71
74 93 20 23 24 26
74 94 18 22 18 21
74 95 16 14 22 23
74 96 76 76 74 75
74 97 78 80 80 73
74 98 4 8 11 9
74 99 28 31 32 33
75 76 92 90 87 87
75 77 36 35 42 38
75 78 67 69 65 70
75 79 65 64 64 66
75 80 40 46 45 41
75 81 81 78 78 79
75 82 96 94 87 93
75 83 95 92 86 87
75 84 76 78 78 76
75 85 69 64 64 70
75 86 78 76 80 77
75 87 74 75 69 73
75 88 28 34 35 29
75 89 91 83 82 87
75 90 56 60 54 56
75 91 19 24 22 25
75 92 53 57 56 48
75 93 66 65 63 64
75 94 19 24 17 23
75 95 29 32 32 33
75 96 24 27 28 29
75 97 98 91 92 95
75 98 62 63 59 64
75 99 26 25 25 29
76 77 97 94 95 97
76 78 94 92 91 92
76 79 68 62 62 65
76 80 22 21 21 24
76 81 52 52 52 55
76 82 68 70 70 69
76 83 97 93 88 87
76 84 74 72 70 74
76 85 99 96 97 94
76 86 63 66 60 57
76 87 99 91 99 91
76 88 85 84 85 78
76 89 5 9 6 12
76 90 34 33 38 34
76 91 70 69 70 65
76 92 36 38 37 41
76 93 91 85 87 87
76 94 77 77 74 74
76 95 43 46 43 39
76 96 48 51 53 48
76 97 98 89 94 97
76 98 20 28 21 23
76 99 57 58 56 56
77 78 15 23 14 21
77 79 73 68 76 68
77 80 7 8 10 10
77 81 73 72 73 72
77 82 51 48 54 52
77 83 42 39 44 47
77 84 14 15 19 20
77 85 54 50 55 51
77 86 72 66 70 66
77 87 60 58 63 60
77 88 9 14 13 11
77 89 35 32 37 38
77 90 26 24 31 29
77 91 59 58 53 59
77 92 83 82 83 79
77 93 69 70 63 62
77 94 73 72 71 76
77 95 71 67 72 66
77 96 70 64 68 70
77 97 74 68 76 74
77 98 56 58 56 54
77 99 22 24 26 26
78 79 85 78 85 82
78 80 68 69 64 62
78 81 24 25 28 26
78 82 46 49 42 44
78 83 6 6 10 8
78 84 70 71 63 72
78 85 26 25 24 27
78 86 31 35 31 35
78 87 21 23 28 23
78 88 85 85 78 77
78 89 66 60 59 62
78 90 88 80 82 79
78 91 65 66 66 64
78 92 32 32 35 30
78 93 2 3 2 4
78 94 79 76 78 80
78 95 78 71 70 76
78 96 53 51 51 53
78 97 66 60 63 66
78 98 11 10 19 12
78 99 24 25 31 29
79 80 74 68 70 71
79 81 89 84 80 84
79 82 19 19 24 21
79 83 23 21 27 23
79 84 18 26 21 20
79 85 55 56 54 54
79 86 0 6 5 2
79 87 39 44 40 41
79 88 46 43 45 49
79 89 35 32 34 34
79 90 38 37 41 42
79 91 29 30 35 29
79 92 97 90 92 93
79 93 29 35 27 29
79 94 28 35 32 30
79 95 66 62 67 68
79 96 29 26 35 35
79 97 89 81 85 89
79 98 97 90 95 88
79 99 96 96 94 88
80 81 87 82 79 81
80 82 74 70 76 67
80 83 0 2 3 6
80 84 93 88 89 86
80 85 51 51 50 53
80 86 5 4 8 11
80 87 12 14 13 15
80 88 87 81 85 80
80 89 45 47 48 47
80 90 67 70 64 63
80 91 41 37 42 38
80 92 64 66 63 64
80 93 63 62 64 62
80 94 90 84 87 84
80 95 61 64 58 57
80 96 35 38 38 39
80 97 35 40 40 36
80 98 17 21 17 24
80 99 9 18 13 9
81 82 29 33 28 35
81 83 72 71 67 70
81 84 40 42 41 38
81 85 78 77 79 72
81 86 80 78 73 80
81 87 23 28 23 25
81 88 21 24 21 25
81 89 52 56 49 53
81 90 19 19 25 22
81 91 22 20 21 27
81 92 36 35 35 36
81 93 96 90 94 88
81 94 93 84 84 89
81 95 48 49 50 47
81 96 24 30 28 28
81 97 69 65 70 66
81 98 0 10 7 5
81 99 39 41 38 37
82 83 98 97 89 98
82 84 12 16 16 18
82 85 58 54 58 55
82 86 66 62 63 60
82 87 73 74 75 66
82 88 68 62 66 70
82 89 6 11 12 9
82 90 57 52 51 58
82 91 16 18 17 16
82 92 21 27 27 28
82 93 67 67 63 64
82 94 81 81 74 75
82 95 57 52 61 59
82 96 38 38 40 42
82 97 68 67 68 66
82 98 88 82 86 85
82 99 98 90 91 92
83 84 29 26 27 32
83 85 81 82 79 74
83 86 73 66 74 69
83 87 2 4 6 9
83 88 49 45 52 51
83 89 40 45 41 45
83 90 32 37 33 30
83 91 88 84 87 88
83 92 77 77 76 74
83 93 92 85 87 85
83 94 16 21 21 22
83 95 63 63 60 60
83 96 1 4 4 5
83 97 51 52 50 55
83 98 40 43 45 41
83 99 23 28 21 23
84 85 23 30 22 25
84 86 95 91 91 86
84 87 39 36 44 42
84 88 56 53 55 59
84 89 87 83 88 85
84 90 72 68 65 71
84 91 6 10 13 9
84 92 26 25 27 32
84 93 38 40 34 41
84 94 95 94 91 92
84 95 15 21 19 22
84 96 68 62 66 63
84 97 46 44 43 47
84 98 67 68 67 67
84 99 41 45 46 38
85 86 98 95 92 96
85 87 30 30 29 29
85 88 23 22 23 28
85 89 76 69 76 69
85 90 35 34 34 37
85 91 74 68 73 75
85 92 80 79 75 82
85 93 90 88 83 90
85 94 22 22 22 29
85 95 15 23 21 23
85 96 70 72 70 65
85 97 80 74 74 79
85 98 30 33 33 32
85 99 78 75 80 71
86 87 42 39 43 46
86 88 51 52 51 51
86 89 70 66 68 71
86 90 20 26 25 18
86 91 33 38 34 30
86 92 16 17 24 20
86 93 85 82 83 85
86 94 16 19 17 21
86 95 84 79 81 85
86 96 12 12 20 11
86 97 50 45 47 45
86 98 70 66 66 70
86 99 3 10 11 7
87 88 86 87 85 81
87 89 29 32 29 30
87 90 87 84 87 86
87 91 25 31 30 26
87 92 45 47 44 44
87 93 81 81 79 82
87 94 55 55 56 55
87 95 10 17 9 17
87 96 59 54 62 60
87 97 98 90 95 89
87 98 51 55 52 54
87 99 64 65 58 63
88 89 72 74 74 72
88 90 51 54 47 49
88 91 9 14 17 9
88 92 11 14 11 13
88 93 66 68 60 61
88 94 68 66 64 63
88 95 32 33 34 33
88 96 88 88 85 88
88 97 5 10 11 8
88 98 25 32 29 29
88 99 69 63 68 69
89 90 15 16 20 18
89 91 43 40 47 45
89 92 93 87 88 90
89 93 42 44 38 42
89 94 6 8 11 12
89 95 32 33 35 33
89 96 79 78 77 81
89 97 38 39 38 34
89 98 3 8 5 9
89 99 47 50 44 50
90 91 94 85 90 92
90 92 29 33 32 29
90 93 14 20 20 19
90 94 76 76 76 73
90 95 43 47 44 44
90 96 16 22 23 20
90 97 90 89 85 87
90 98 59 61 56 61
90 99 20 20 25 23
91 92 34 37 34 41
91 93 30 31 33 31
91 94 44 42 46 43
91 95 79 76 78 72
91 96 75 76 76 76
91 97 9 10 14 10
91 98 39 44 41 36
91 99 49 47 46 47
92 93 93 94 93 93
92 94 52 54 56 52
92 95 16 17 21 18
92 96 43 45 42 44
92 97 75 70 77 75
92 98 77 75 72 70
92 99 35 32 38 37
93 94 57 54 52 52
93 95 13 18 19 14
93 96 20 18 22 21
93 97 46 47 44 48
93 98 84 79 84 79
93 99 59 56 59 55
94 95 41 43 41 45
94 96 20 18 22 20
94 97 69 71 63 72
94 98 54 52 58 58
94 99 97 95 94 92
95 96 54 57 56 56
95 97 62 65 64 65
95 98 57 60 57 57
95 99 0 6 4 7
96 97 65 62 62 59
96 98 79 74 71 72
96 99 72 66 74 71
97 98 13 20 13 17
97 99 92 90 92 83
98 99 33 38 36 32
