100
0 1 41 76 8 41
0 2 25 44 75 61
0 3 47 46 21 80
0 4 11 90 65 49
0 5 64 64 71 73
0 6 33 18 90 52
0 7 55 68 65 21
0 8 95 40 69 70
0 9 77 71 16 31
0 10 25 91 56 55
0 11 13 58 71 14
0 12 88 69 75 94
0 13 82 41 12 52
0 14 72 30 94 26
0 15 13 12 66 3
0 16 1 74 8 78
0 17 29 18 20 79
0 18 52 18 8 60
0 19 85 17 87 41
0 20 21 56 36 41
0 21 4 84 20 25
0 22 15 39 91 88
0 23 92 61 21 19
0 24 48 51 52 8
0 25 29 50 47 17
0 26 54 44 89 32
0 27 85 38 42 28
0 28 96 69 98 61
0 29 4 41 78 76
0 30 74 69 74 97
0 31 33 30 5 92
0 32 19 22 14 19
0 33 69 16 91 55
0 34 61 16 49 21
0 35 52 79 30 47
0 36 39 50 49 83
0 37 72 35 83 59
0 38 56 40 50 74
0 39 4 37 10 64
0 40 21 25 18 37
0 41 63 94 75 16
0 42 22 88 70 4
0 43 51 28 63 56
0 44 7 70 29 86
0 45 98 60 83 99
0 46 16 12 88 38
0 47 44 43 4 73
0 48 29 77 82 77
0 49 12 72 82 13
0 50 44 16 59 4
0 51 16 54 46 72
0 52 0 50 36 74
0 53 97 69 66 44
0 54 6 88 62 39
0 55 60 56 36 68
0 56 33 5 70 20
0 57 69 39 89 86
0 58 10 1 50 76
0 59 47 13 14 87
0 60 11 35 9 81
0 61 30 29 43 17
0 62 95 75 18 44
0 63 89 12 52 34
0 64 82 40 93 71
0 65 69 59 95 51
0 66 7 14 72 49
0 67 38 35 49 77
0 68 4 41 18 8
0 69 49 40 23 58
0 70 55 41 38 80
0 71 85 86 83 76
0 72 68 58 42 24
0 73 81 72 31 31
0 74 6 14 45 34
0 75 26 6 9 63
0 76 53 10 6 93
0 77 17 72 7 33
0 78 34 83 77 49
0 79 65 38 58 53
0 80 0 26 20 10
0 81 50 82 76 79
0 82 46 6 89 60
0 83 54 62 74 44
0 84 68 44 77 41
0 85 10 90 54 33
0 86 79 10 41 49
0 87 14 32 10 85
0 88 34 48 10 16
0 89 41 91 77 43
0 90 82 71 24 92
0 91 88 97 92 85
0 92 67 25 7 49
0 93 82 87 30 18
0 94 14 87 60 20
0 95 93 75 95 92
0 96 79 77 27 30
0 97 53 26 28 78
0 98 0 62 14 50
0 99 97 86 67 87
1 2 20 73 34 68
1 3 84 96 53 87
1 4 49 66 85 79
1 5 46 84 79 33
1 6 94 50 63 47
1 7 49 77 45 17
1 8 11 24 7 51
1 9 65 86 21 76
1 10 32 6 76 29
1 11 83 27 30 22
1 12 62 69 88 35
1 13 68 30 68 31
1 14 2 44 81 17
1 15 42 47 19 22
1 16 17 59 73 71
1 17 42 8 34 28
1 18 68 92 70 49
1 19 21 77 8 88
1 20 50 26 57 71
1 21 74 51 55 65
1 22 38 15 90 84
1 23 33 10 26 56
1 24 32 52 75 71
1 25 77 97 92 83
1 26 94 98 43 72
1 27 14 55 89 45
1 28 42 39 11 74
1 29 43 53 63 82
1 30 20 66 48 25
1 31 26 8 26 87
1 32 41 90 79 75
1 33 50 56 66 43
1 34 67 12 69 50
1 35 42 71 85 44
1 36 27 3 72 24
1 37 23 42 68 77
1 38 81 15 17 70
1 39 19 28 14 33
1 40 52 68 83 72
1 41 29 47 62 35
1 42 77 9 92 48
1 43 68 30 28 29
1 44 23 83 43 22
1 45 82 50 92 23
1 46 17 88 73 71
1 47 47 20 42 51
1 48 67 27 16 81
1 49 86 43 49 90
1 50 96 33 80 59
1 51 16 75 3 10
1 52 11 8 27 77
1 53 18 30 56 13
1 54 32 22 59 67
1 55 81 28 20 25
1 56 67 70 91 78
1 57 29 60 62 23
1 58 53 63 43 43
1 59 39 75 63 40
1 60 4 81 9 22
1 61 68 47 56 73
1 62 42 48 35 12
1 63 44 92 47 51
1 64 36 38 92 43
1 65 75 80 86 32
1 66 85 94 47 64
1 67 42 46 31 17
1 68 43 82 40 39
1 69 16 61 58 63
1 70 0 81 80 51
1 71 90 71 14 63
1 72 26 88 3 70
1 73 18 78 74 34
1 74 87 24 85 20
1 75 47 89 12 82
1 76 69 93 46 22
1 77 10 53 51 74
1 78 73 11 9 30
1 79 63 41 60 73
1 80 1 55 43 14
1 81 14 31 68 22
1 82 61 43 36 93
1 83 25 27 76 47
1 84 84 76 48 79
1 85 15 57 7 21
1 86 36 52 27 34
1 87 79 40 9 95
1 88 62 93 44 36
1 89 27 87 49 15
1 90 91 41 17 42
1 91 28 74 90 53
1 92 90 56 97 9
1 93 11 60 18 82
1 94 66 27 49 91
1 95 86 47 18 43
1 96 71 36 60 59
1 97 13 39 85 75
1 98 48 70 49 83
1 99 5 73 88 42
2 3 73 65 56 48
2 4 26 37 27 77
2 5 31 61 25 4
2 6 50 82 74 71
2 7 49 25 23 18
2 8 68 86 74 68
2 9 96 53 44 58
2 10 72 49 89 87
2 11 35 60 57 44
2 12 79 88 48 33
2 13 61 15 92 89
2 14 14 88 56 50
2 15 4 5 7 57
2 16 4 29 18 30
2 17 71 86 62 92
2 18 16 12 70 54
2 19 75 64 32 62
2 20 28 69 59 55
2 21 86 31 82 94
2 22 88 89 44 69
2 23 73 75 94 38
2 24 37 25 37 48
2 25 50 58 85 7
2 26 44 11 83 66
2 27 95 87 75 46
2 28 39 70 93 69
2 29 22 67 10 51
2 30 61 49 61 33
2 31 98 20 87 83
2 32 18 83 11 30
2 33 77 16 65 19
2 34 9 8 54 11
2 35 43 42 61 65
2 36 99 10 47 89
2 37 95 48 38 21
2 38 63 30 56 70
2 39 31 39 7 40
2 40 16 22 15 31
2 41 85 48 35 29
2 42 76 40 33 58
2 43 55 76 41 78
2 44 10 10 28 65
2 45 7 11 38 12
2 46 56 63 66 17
2 47 79 13 68 43
2 48 55 13 65 9
2 49 71 36 16 19
2 50 95 75 61 16
2 51 50 76 77 21
2 52 96 93 60 62
2 53 44 45 60 92
2 54 3 76 20 22
2 55 70 68 61 28
2 56 83 60 38 38
2 57 44 27 93 47
2 58 22 46 72 36
2 59 11 80 12 47
2 60 96 30 32 27
2 61 81 12 71 59
2 62 38 39 93 9
2 63 55 56 84 72
2 64 50 73 52 38
2 65 54 89 72 77
2 66 88 87 46 93
2 67 14 12 43 29
2 68 83 91 87 16
2 69 81 56 62 21
2 70 69 37 91 90
2 71 2 78 35 84
2 72 28 37 41 68
2 73 90 65 95 57
2 74 13 81 89 65
2 75 83 65 43 54
2 76 42 89 10 12
2 77 1 57 14 73
2 78 60 19 56 25
2 79 7 0 80 80
2 80 98 19 88 49
2 81 61 93 49 26
2 82 71 60 25 49
2 83 70 81 94 20
2 84 71 72 45 57
2 85 90 43 87 47
2 86 78 84 58 89
2 87 72 12 45 42
2 88 9 4 49 69
2 89 23 76 73 77
2 90 32 11 27 21
2 91 58 31 42 17
2 92 32 4 49 37
2 93 10 80 6 67
2 94 45 56 34 10
2 95 80 74 12 84
2 96 8 65 48 83
2 97 9 49 70 70
2 98 42 50 71 79
2 99 84 77 25 51
3 4 50 16 56 50
3 5 21 9 7 23
3 6 42 46 5 16
3 7 46 31 31 6
3 8 2 45 85 50
3 9 2 39 21 20
3 10 40 46 76 18
3 11 57 69 28 34
3 12 89 68 22 33
3 13 58 76 51 12
3 14 52 32 74 16
3 15 14 65 10 11
3 16 29 54 31 42
3 17 7 20 6 58
3 18 88 47 32 38
3 19 0 49 18 84
3 20 39 20 5 88
3 21 34 48 46 44
3 22 92 37 30 43
3 23 0 71 47 52
3 24 63 49 26 19
3 25 52 23 18 37
3 26 74 35 13 30
3 27 38 81 36 67
3 28 32 22 57 3
3 29 75 84 85 58
3 30 42 68 52 11
3 31 94 69 20 21
3 32 3 39 61 31
3 33 56 64 24 24
3 34 31 15 38 88
3 35 28 14 68 22
3 36 20 60 25 74
3 37 85 12 34 86
3 38 0 30 68 42
3 39 73 8 58 40
3 40 57 87 91 51
3 41 39 77 20 78
3 42 6 63 89 63
3 43 50 29 7 38
3 44 8 69 86 65
3 45 80 74 96 32
3 46 60 46 33 17
3 47 36 42 4 53
3 48 93 37 58 23
3 49 0 39 15 44
3 50 62 71 36 91
3 51 70 23 65 94
3 52 27 45 32 57
3 53 43 8 73 38
3 54 19 58 60 44
3 55 61 93 35 32
3 56 64 67 83 57
3 57 5 61 38 3
3 58 68 59 92 83
3 59 20 80 65 40
3 60 75 27 22 67
3 61 38 28 41 90
3 62 31 9 64 8
3 63 26 74 22 60
3 64 97 35 39 60
3 65 0 65 35 82
3 66 38 82 84 80
3 67 15 73 43 86
3 68 64 59 76 67
3 69 90 75 31 40
3 70 73 57 26 89
3 71 37 72 53 91
3 72 18 84 85 27
3 73 42 13 60 59
3 74 76 76 48 80
3 75 66 71 6 77
3 76 10 69 65 50
3 77 30 23 46 45
3 78 29 34 85 22
3 79 92 62 97 25
3 80 95 45 22 38
3 81 14 66 68 54
3 82 51 39 6 89
3 83 80 73 88 38
3 84 75 9 90 17
3 85 55 45 7 43
3 86 44 64 7 14
3 87 88 83 33 34
3 88 25 81 91 80
3 89 83 30 86 49
3 90 70 40 87 57
3 91 70 12 39 39
3 92 72 84 35 96
3 93 36 80 50 75
3 94 79 22 51 23
3 95 81 18 84 58
3 96 96 36 17 85
3 97 20 76 13 12
3 98 78 36 33 56
3 99 46 16 27 13
4 5 19 5 61 8
4 6 14 22 1 87
4 7 73 21 59 56
4 8 59 58 47 35
4 9 56 58 27 9
4 10 83 88 91 38
4 11 83 41 50 57
4 12 22 55 43 7
4 13 15 57 75 24
4 14 15 64 87 2
4 15 75 66 9 59
4 16 1 56 21 47
4 17 59 8 49 29
4 18 65 94 46 87
4 19 2 10 89 62
4 20 93 78 46 62
4 21 69 40 95 54
4 22 99 31 9 75
4 23 10 58 31 87
4 24 31 61 11 39
4 25 0 27 81 45
4 26 77 55 43 33
4 27 21 6 85 26
4 28 18 29 64 80
4 29 20 4 41 88
4 30 91 95 88 75
4 31 98 14 28 78
4 32 43 5 57 54
4 33 56 89 75 94
4 34 66 11 47 39
4 35 86 20 67 51
4 36 88 28 35 11
4 37 58 48 8 92
4 38 49 9 10 16
4 39 97 54 38 86
4 40 66 18 89 90
4 41 24 12 12 91
4 42 72 92 74 69
4 43 37 53 40 57
4 44 53 90 63 16
4 45 13 19 9 37
4 46 59 42 7 27
4 47 46 90 28 58
4 48 63 69 52 67
4 49 32 43 88 10
4 50 71 50 65 24
4 51 26 41 55 73
4 52 63 86 60 31
4 53 23 83 28 46
4 54 30 85 79 62
4 55 99 97 72 99
4 56 54 76 41 70
4 57 39 88 93 41
4 58 39 57 58 16
4 59 91 55 98 62
4 60 36 56 40 52
4 61 37 24 75 66
4 62 57 25 82 81
4 63 92 36 84 88
4 64 66 93 72 9
4 65 64 53 92 87
4 66 49 41 44 52
4 67 82 86 66 26
4 68 97 38 10 84
4 69 44 76 58 54
4 70 11 5 35 14
4 71 34 82 65 6
4 72 66 75 59 64
4 73 15 4 22 15
4 74 74 87 72 74
4 75 66 43 23 60
4 76 0 50 45 30
4 77 18 20 17 88
4 78 19 19 60 10
4 79 73 39 13 71
4 80 51 22 86 41
4 81 81 76 14 37
4 82 51 37 83 20
4 83 5 66 62 54
4 84 25 19 19 60
4 85 43 27 62 60
4 86 14 19 80 29
4 87 51 51 47 66
4 88 44 74 72 70
4 89 14 80 61 83
4 90 61 47 66 32
4 91 11 10 62 54
4 92 42 73 21 75
4 93 12 48 15 84
4 94 0 14 32 62
4 95 62 14 49 67
4 96 39 73 83 18
4 97 39 37 26 84
4 98 16 17 40 10
4 99 41 40 73 13
5 6 57 44 49 85
5 7 80 32 52 20
5 8 50 73 55 11
5 9 27 18 22 14
5 10 9 69 26 17
5 11 46 30 57 70
5 12 18 55 18 30
5 13 76 43 67 19
5 14 87 74 77 82
5 15 96 42 53 86
5 16 19 54 54 49
5 17 80 34 12 80
5 18 22 32 40 44
5 19 68 20 31 48
5 20 47 14 58 48
5 21 36 44 32 81
5 22 25 62 73 73
5 23 72 23 40 54
5 24 72 46 93 13
5 25 12 5 40 76
5 26 48 67 22 40
5 27 16 11 6 59
5 28 16 61 48 43
5 29 95 12 46 28
5 30 32 37 61 72
5 31 90 20 17 97
5 32 69 62 20 84
5 33 73 15 69 17
5 34 57 67 32 82
5 35 70 63 22 82
5 36 45 78 26 4
5 37 20 14 24 76
5 38 88 34 93 37
5 39 29 44 17 75
5 40 32 61 8 90
5 41 38 90 60 73
5 42 75 61 75 57
5 43 39 28 86 18
5 44 51 36 40 21
5 45 9 71 32 49
5 46 56 22 67 7
5 47 88 51 93 10
5 48 72 82 10 48
5 49 14 78 44 79
5 50 35 85 90 37
5 51 30 39 80 69
5 52 60 30 13 25
5 53 76 82 80 59
5 54 66 91 31 93
5 55 38 40 30 9
5 56 14 30 63 50
5 57 21 17 2 6
5 58 60 48 68 37
5 59 83 42 17 12
5 60 22 82 64 52
5 61 77 61 92 8
5 62 87 93 12 19
5 63 29 45 22 32
5 64 36 59 28 91
5 65 84 56 46 26
5 66 3 19 30 63
5 67 24 39 33 76
5 68 88 98 62 91
5 69 64 86 72 46
5 70 62 19 38 77
5 71 60 95 43 33
5 72 47 51 10 76
5 73 5 65 70 54
5 74 3 58 54 59
5 75 48 90 50 7
5 76 17 61 28 46
5 77 27 20 16 49
5 78 24 37 63 89
5 79 56 62 15 44
5 80 79 56 55 24
5 81 45 78 58 52
5 82 87 58 28 35
5 83 92 38 69 78
5 84 12 77 11 86
5 85 83 30 9 52
5 86 16 42 78 54
5 87 27 21 32 16
5 88 68 62 64 84
5 89 6 73 85 54
5 90 87 43 84 57
5 91 39 60 93 9
5 92 33 73 33 11
5 93 60 76 32 25
5 94 31 13 75 58
5 95 30 62 83 64
5 96 78 41 62 58
5 97 53 93 35 87
5 98 74 34 53 41
5 99 62 29 72 79
6 7 26 47 84 40
6 8 2 31 74 77
6 9 97 78 76 90
6 10 50 48 62 47
6 11 75 21 84 55
6 12 51 39 94 45
6 13 64 14 78 35
6 14 7 51 28 77
6 15 67 16 50 31
6 16 72 28 46 87
6 17 12 6 50 28
6 18 68 18 66 36
6 19 70 49 86 15
6 20 78 64 75 19
6 21 63 27 89 75
6 22 93 12 48 71
6 23 43 16 77 73
6 24 37 33 91 79
6 25 45 29 6 88
6 26 79 70 32 68
6 27 57 83 75 43
6 28 17 15 7 14
6 29 83 35 56 70
6 30 3 56 53 20
6 31 62 10 8 41
6 32 50 32 35 59
6 33 21 4 83 62
6 34 87 86 9 87
6 35 16 33 70 1
6 36 47 59 8 20
6 37 24 8 10 70
6 38 61 88 66 33
6 39 33 41 52 61
6 40 62 38 30 54
6 41 37 15 14 44
6 42 57 24 25 20
6 43 90 50 31 20
6 44 59 49 37 65
6 45 75 70 12 87
6 46 66 12 45 32
6 47 70 47 12 13
6 48 36 22 45 40
6 49 37 26 15 36
6 50 63 49 85 75
6 51 90 10 43 64
6 52 11 49 15 26
6 53 75 24 62 40
6 54 96 30 56 14
6 55 81 33 90 67
6 56 6 70 77 16
6 57 39 53 23 36
6 58 79 76 91 68
6 59 89 65 49 73
6 60 93 88 77 62
6 61 23 10 37 82
6 62 78 50 31 67
6 63 32 17 35 6
6 64 38 32 18 63
6 65 19 68 62 49
6 66 56 88 11 9
6 67 35 37 44 89
6 68 37 11 69 45
6 69 13 28 13 12
6 70 8 9 26 1
6 71 31 89 3 32
6 72 7 34 2 36
6 73 41 62 22 88
6 74 32 19 82 51
6 75 19 44 18 39
6 76 61 74 61 57
6 77 17 30 41 53
6 78 70 53 91 31
6 79 64 28 61 66
6 80 84 30 83 46
6 81 90 40 25 84
6 82 75 89 80 74
6 83 51 7 22 94
6 84 83 68 26 59
6 85 26 34 78 58
6 86 33 89 24 23
6 87 15 44 42 9
6 88 70 88 29 42
6 89 9 30 86 70
6 90 60 86 71 51
6 91 98 29 53 18
6 92 11 17 49 30
6 93 58 76 23 53
6 94 51 23 84 47
6 95 21 50 70 62
6 96 53 56 12 29
6 97 92 17 17 63
6 98 42 38 87 51
6 99 61 46 38 50
7 8 78 37 50 8
7 9 90 74 75 69
7 10 28 23 91 77
7 11 82 85 15 65
7 12 10 33 82 55
7 13 87 45 71 81
7 14 85 10 79 91
7 15 54 72 92 87
7 16 77 56 54 18
7 17 84 97 46 76
7 18 53 44 18 74
7 19 28 65 88 57
7 20 84 54 47 75
7 21 15 34 23 79
7 22 65 61 61 25
7 23 92 49 52 52
7 24 94 65 33 36
7 25 59 10 90 16
7 26 38 26 11 58
7 27 5 81 23 54
7 28 52 39 85 38
7 29 25 77 40 74
7 30 3 28 52 24
7 31 99 24 83 53
7 32 12 36 82 51
7 33 58 33 81 19
7 34 84 40 36 66
7 35 52 15 46 24
7 36 70 78 37 30
7 37 12 18 38 70
7 38 86 43 83 80
7 39 4 85 75 41
7 40 74 82 53 39
7 41 35 83 62 40
7 42 49 17 69 46
7 43 10 16 73 13
7 44 28 84 34 26
7 45 31 13 12 54
7 46 10 60 32 89
7 47 73 51 71 96
7 48 4 13 63 29
7 49 69 14 84 20
7 50 52 87 52 39
7 51 34 40 57 6
7 52 62 10 46 6
7 53 52 34 56 39
7 54 85 12 11 54
7 55 98 44 61 73
7 56 33 33 24 76
7 57 64 23 52 33
7 58 14 18 90 63
7 59 92 36 65 42
7 60 38 79 16 79
7 61 24 61 53 44
7 62 15 25 51 32
7 63 9 14 3 3
7 64 17 55 82 59
7 65 50 93 56 79
7 66 28 80 53 14
7 67 23 49 7 63
7 68 82 40 28 78
7 69 34 10 59 21
7 70 38 37 61 54
7 71 39 10 30 92
7 72 28 61 67 42
7 73 98 85 75 62
7 74 68 16 69 85
7 75 66 90 44 20
7 76 55 21 61 7
7 77 68 48 22 52
7 78 11 54 72 85
7 79 97 26 54 86
7 80 17 28 9 72
7 81 6 21 18 65
7 82 26 67 20 39
7 83 19 49 73 83
7 84 61 74 68 27
7 85 20 42 45 45
7 86 62 30 76 39
7 87 16 66 51 23
7 88 71 36 67 47
7 89 72 80 16 61
7 90 82 42 28 68
7 91 11 19 52 17
7 92 26 55 78 34
7 93 3 26 37 14
7 94 96 95 50 65
7 95 65 25 30 49
7 96 61 82 19 12
7 97 38 42 15 41
7 98 91 92 69 23
7 99 44 90 84 10
8 9 24 88 84 14
8 10 51 76 88 35
8 11 59 72 10 33
8 12 24 50 46 82
8 13 80 23 49 12
8 14 89 82 24 67
8 15 51 22 38 22
8 16 15 91 72 42
8 17 60 11 30 71
8 18 54 34 63 12
8 19 95 47 62 29
8 20 44 41 65 49
8 21 93 49 64 11
8 22 69 70 81 82
8 23 93 30 10 70
8 24 15 88 29 55
8 25 74 62 31 42
8 26 69 59 12 23
8 27 52 36 46 66
8 28 6 13 47 8
8 29 41 50 93 11
8 30 43 52 90 73
8 31 78 45 46 18
8 32 21 41 86 24
8 33 91 68 45 76
8 34 15 31 38 79
8 35 10 57 65 36
8 36 56 94 40 47
8 37 9 71 64 30
8 38 58 13 89 35
8 39 5 41 36 42
8 40 62 63 80 94
8 41 88 55 40 98
8 42 69 66 17 52
8 43 62 34 11 13
8 44 8 86 20 5
8 45 21 8 12 43
8 46 5 42 45 44
8 47 76 50 12 49
8 48 77 94 23 27
8 49 20 67 66 24
8 50 19 73 14 1
8 51 71 53 78 12
8 52 47 92 65 54
8 53 99 25 22 27
8 54 14 51 74 72
8 55 32 22 31 72
8 56 96 36 47 23
8 57 50 85 6 81
8 58 69 66 94 44
8 59 56 16 29 93
8 60 85 32 81 41
8 61 78 95 75 88
8 62 48 27 18 49
8 63 64 59 69 56
8 64 87 56 63 78
8 65 85 16 84 11
8 66 20 13 76 85
8 67 34 9 34 39
8 68 70 37 39 65
8 69 49 11 33 94
8 70 4 3 3 3
8 71 58 15 93 9
8 72 26 41 16 72
8 73 96 93 89 91
8 74 13 82 84 65
8 75 79 37 65 67
8 76 23 36 24 26
8 77 19 46 15 18
8 78 47 30 5 85
8 79 84 62 38 54
8 80 62 66 28 35
8 81 0 7 8 61
8 82 51 6 63 23
8 83 28 30 20 13
8 84 94 18 93 35
8 85 36 13 80 23
8 86 52 8 44 48
8 87 42 20 6 86
8 88 56 23 86 47
8 89 66 73 64 69
8 90 98 11 68 80
8 91 43 21 54 75
8 92 6 64 4 51
8 93 72 43 96 33
8 94 25 83 83 13
8 95 10 31 66 27
8 96 54 94 72 61
8 97 41 66 86 72
8 98 81 95 44 39
8 99 1 48 37 75
9 10 60 47 26 16
9 11 2 44 85 70
9 12 72 56 42 79
9 13 41 7 61 24
9 14 42 39 16 57
9 15 27 90 85 80
9 16 72 65 37 96
9 17 54 77 43 32
9 18 41 91 8 88
9 19 64 48 89 41
9 20 68 9 35 90
9 21 69 90 52 61
9 22 15 73 25 64
9 23 37 36 57 6
9 24 3 51 28 51
9 25 72 96 10 22
9 26 92 93 65 25
9 27 72 54 86 47
9 28 95 56 56 86
9 29 40 86 22 73
9 30 50 59 92 26
9 31 19 54 74 47
9 32 37 54 58 63
9 33 24 48 75 82
9 34 21 32 63 53
9 35 30 18 38 67
9 36 83 33 28 77
9 37 76 91 57 82
9 38 74 33 31 82
9 39 82 90 95 81
9 40 14 44 61 37
9 41 89 20 91 84
9 42 94 39 41 25
9 43 75 38 16 84
9 44 73 67 94 91
9 45 27 45 90 9
9 46 77 29 11 71
9 47 19 44 52 23
9 48 92 44 47 79
9 49 8 27 8 21
9 50 78 70 81 65
9 51 55 81 33 19
9 52 48 39 77 46
9 53 76 81 95 42
9 54 77 18 86 47
9 55 39 31 85 80
9 56 17 28 6 42
9 57 51 42 46 55
9 58 2 29 29 29
9 59 10 67 32 25
9 60 10 38 13 3
9 61 63 52 63 70
9 62 33 73 86 55
9 63 20 23 57 10
9 64 53 62 85 91
9 65 51 11 58 63
9 66 45 16 44 56
9 67 95 68 62 75
9 68 41 36 18 75
9 69 47 72 94 43
9 70 18 26 29 27
9 71 48 23 20 23
9 72 82 50 79 62
9 73 26 83 7 80
9 74 87 14 97 85
9 75 35 42 5 36
9 76 60 89 66 81
9 77 92 93 47 12
9 78 3 15 16 89
9 79 62 81 65 14
9 80 27 51 52 34
9 81 45 5 54 75
9 82 25 70 67 56
9 83 10 53 21 14
9 84 86 76 60 53
9 85 26 33 64 42
9 86 48 80 22 51
9 87 5 56 40 85
9 88 64 25 10 22
9 89 5 16 36 43
9 90 56 44 34 86
9 91 96 92 74 63
9 92 54 53 17 82
9 93 63 35 32 51
9 94 60 53 41 61
9 95 57 52 47 25
9 96 51 16 67 61
9 97 12 89 56 66
9 98 64 72 64 32
9 99 49 79 17 77
10 11 79 44 74 36
10 12 87 25 42 20
10 13 47 41 40 66
10 14 47 86 11 52
10 15 56 80 18 20
10 16 18 44 71 48
10 17 78 17 45 35
10 18 35 13 84 85
10 19 64 12 60 77
10 20 91 42 60 47
10 21 68 42 40 18
10 22 40 55 20 22
10 23 42 67 73 36
10 24 75 13 45 17
10 25 30 90 65 26
10 26 64 61 57 15
10 27 77 35 18 64
10 28 31 23 85 81
10 29 98 31 12 42
10 30 33 81 14 47
10 31 89 90 27 15
10 32 36 42 49 82
10 33 85 76 81 48
10 34 56 68 55 11
10 35 86 93 35 34
10 36 0 58 83 43
10 37 88 17 44 27
10 38 84 84 91 67
10 39 94 46 69 80
10 40 74 7 24 57
10 41 47 42 12 45
10 42 4 76 18 31
10 43 42 21 81 57
10 44 3 79 20 21
10 45 17 18 80 46
10 46 56 55 6 73
10 47 57 14 80 67
10 48 36 72 48 40
10 49 57 82 53 32
10 50 79 72 90 96
10 51 82 74 76 35
10 52 17 12 85 4
10 53 87 58 81 62
10 54 67 24 62 14
10 55 8 9 87 59
10 56 43 80 39 56
10 57 8 41 31 63
10 58 92 81 61 57
10 59 40 8 12 31
10 60 73 83 76 87
10 61 75 94 76 88
10 62 85 62 42 36
10 63 40 29 38 62
10 64 4 76 44 87
10 65 56 83 24 57
10 66 12 88 4 79
10 67 17 52 88 29
10 68 14 77 4 3
10 69 96 14 79 92
10 70 12 91 90 36
10 71 91 10 54 23
10 72 92 57 30 42
10 73 47 40 91 6
10 74 46 13 47 12
10 75 3 47 82 43
10 76 82 85 86 16
10 77 27 44 17 55
10 78 60 44 56 80
10 79 16 69 69 40
10 80 32 56 78 88
10 81 40 16 57 30
10 82 87 27 33 78
10 83 57 60 70 8
10 84 94 50 17 35
10 85 49 35 11 75
10 86 4 1 84 63
10 87 31 90 92 77
10 88 43 22 55 78
10 89 96 57 61 38
10 90 99 13 64 97
10 91 7 61 10 32
10 92 77 10 67 26
10 93 45 39 39 89
10 94 36 38 46 66
10 95 25 31 71 80
10 96 30 49 28 35
10 97 76 92 86 81
10 98 96 31 56 23
10 99 9 50 89 15
11 12 48 31 56 88
11 13 60 57 9 24
11 14 66 61 75 94
11 15 56 21 68 51
11 16 34 17 32 20
11 17 51 28 7 28
11 18 86 50 89 46
11 19 33 43 25 23
11 20 90 28 85 50
11 21 5 77 4 76
11 22 86 46 30 65
11 23 31 29 23 23
11 24 4 41 9 36
11 25 48 36 63 54
11 26 20 82 46 11
11 27 53 53 19 28
11 28 22 49 33 37
11 29 9 65 12 50
11 30 2 54 85 31
11 31 91 58 60 67
11 32 82 17 82 67
11 33 96 29 19 83
11 34 51 16 68 15
11 35 30 51 89 78
11 36 4 1 0 86
11 37 65 62 77 21
11 38 36 62 27 30
11 39 88 45 97 35
11 40 87 57 89 89
11 41 78 84 72 50
11 42 2 12 68 33
11 43 98 24 58 51
11 44 5 67 69 84
11 45 32 77 27 72
11 46 91 81 9 68
11 47 50 76 70 33
11 48 53 70 59 26
11 49 74 35 47 60
11 50 58 83 22 70
11 51 62 85 50 22
11 52 45 49 81 23
11 53 91 58 92 87
11 54 95 95 15 56
11 55 48 71 76 38
11 56 60 11 61 49
11 57 94 26 84 30
11 58 51 37 18 50
11 59 55 53 15 43
11 60 38 31 29 46
11 61 65 55 31 30
11 62 11 46 74 50
11 63 31 53 35 89
11 64 6 48 21 26
11 65 96 76 16 44
11 66 29 79 15 45
11 67 33 55 68 24
11 68 73 71 43 63
11 69 73 82 81 37
11 70 49 24 51 40
11 71 74 41 8 84
11 72 41 38 54 91
11 73 32 39 52 13
11 74 75 48 17 50
11 75 81 64 93 24
11 76 86 38 79 34
11 77 71 69 70 47
11 78 52 88 27 74
11 79 27 21 24 76
11 80 42 36 61 75
11 81 84 52 74 26
11 82 87 84 73 84
11 83 92 64 50 67
11 84 61 93 51 66
11 85 26 89 49 77
11 86 51 38 36 85
11 87 74 73 9 91
11 88 4 53 38 13
11 89 14 44 55 23
11 90 24 39 36 40
11 91 56 93 12 6
11 92 80 14 80 29
11 93 76 62 75 67
11 94 70 13 59 84
11 95 42 10 10 62
11 96 69 39 36 68
11 97 96 15 39 25
11 98 84 9 81 76
11 99 80 62 37 43
12 13 18 24 41 29
12 14 46 15 45 56
12 15 43 85 44 86
12 16 73 37 74 86
12 17 82 9 30 12
12 18 62 64 58 74
12 19 26 17 65 91
12 20 48 13 9 15
12 21 39 26 33 59
12 22 84 47 45 78
12 23 35 51 42 62
12 24 52 36 26 60
12 25 42 5 6 47
12 26 29 35 88 20
12 27 8 38 31 43
12 28 44 66 39 5
12 29 75 43 51 52
12 30 99 52 26 35
12 31 53 51 23 53
12 32 90 59 72 39
12 33 64 65 94 77
12 34 99 81 38 66
12 35 0 75 12 37
12 36 31 38 32 74
12 37 76 11 54 89
12 38 99 37 73 11
12 39 78 42 79 38
12 40 31 70 72 10
12 41 89 35 12 56
12 42 96 15 42 11
12 43 68 93 91 40
12 44 47 23 17 31
12 45 27 58 9 84
12 46 77 13 28 21
12 47 79 24 41 10
12 48 14 36 10 64
12 49 52 14 20 93
12 50 50 15 18 49
12 51 24 15 66 70
12 52 68 72 23 71
12 53 42 86 64 82
12 54 0 13 63 9
12 55 11 10 70 64
12 56 96 13 19 32
12 57 40 7 24 13
12 58 88 29 57 71
12 59 47 57 88 92
12 60 39 33 33 49
12 61 11 23 14 30
12 62 24 53 73 47
12 63 64 33 23 19
12 64 46 79 47 59
12 65 38 59 89 47
12 66 62 33 66 95
12 67 90 54 58 84
12 68 72 34 28 54
12 69 57 38 35 71
12 70 24 69 29 14
12 71 74 84 79 61
12 72 71 91 56 23
12 73 64 82 34 43
12 74 71 23 19 14
12 75 14 71 27 70
12 76 3 77 51 53
12 77 24 10 39 52
12 78 56 37 7 61
12 79 69 48 47 19
12 80 51 39 8 63
12 81 5 67 64 53
12 82 61 64 38 30
12 83 24 15 21 82
12 84 66 29 66 18
12 85 24 45 35 74
12 86 69 87 80 29
12 87 91 97 47 50
12 88 72 13 90 78
12 89 17 32 11 13
12 90 6 30 14 48
12 91 32 22 87 30
12 92 1 66 73 51
12 93 47 81 14 46
12 94 57 14 40 68
12 95 92 75 76 32
12 96 36 87 81 42
12 97 35 60 65 26
12 98 15 71 30 30
12 99 57 16 87 84
13 14 31 58 10 45
13 15 56 59 56 16
13 16 50 61 32 32
13 17 74 86 83 89
13 18 51 75 51 27
13 19 85 79 68 37
13 20 45 44 78 77
13 21 4 46 30 50
13 22 3 87 43 62
13 23 7 6 53 29
13 24 49 82 29 91
13 25 8 21 29 4
13 26 69 50 24 64
13 27 66 80 85 21
13 28 91 55 45 70
13 29 64 39 17 89
13 30 11 11 77 22
13 31 31 12 38 80
13 32 94 71 12 66
13 33 13 18 77 23
13 34 45 33 47 66
13 35 75 11 22 54
13 36 87 88 49 23
13 37 4 87 75 1
13 38 35 70 43 65
13 39 17 80 6 46
13 40 56 48 73 39
13 41 61 9 29 13
13 42 13 82 7 60
13 43 97 85 59 50
13 44 0 48 66 44
13 45 99 67 14 66
13 46 38 44 71 48
13 47 35 33 62 26
13 48 41 23 75 94
13 49 7 45 79 15
13 50 65 9 25 77
13 51 7 72 50 11
13 52 40 60 67 37
13 53 0 33 57 51
13 54 3 8 47 78
13 55 61 64 81 45
13 56 77 93 20 53
13 57 13 34 26 36
13 58 73 35 38 72
13 59 36 56 80 79
13 60 38 12 42 64
13 61 87 69 16 47
13 62 27 63 7 82
13 63 20 56 8 71
13 64 55 60 40 55
13 65 37 69 22 37
13 66 40 67 73 79
13 67 43 69 67 58
13 68 24 13 6 14
13 69 14 84 13 81
13 70 31 46 72 66
13 71 9 49 15 53
13 72 6 29 55 50
13 73 13 84 41 10
13 74 83 27 48 93
13 75 65 64 61 38
13 76 89 74 55 41
13 77 26 65 49 78
13 78 13 24 87 40
13 79 2 44 13 25
13 80 94 87 77 90
13 81 56 46 92 60
13 82 96 95 26 57
13 83 54 41 43 62
13 84 87 21 61 24
13 85 68 31 25 55
13 86 52 36 82 24
13 87 34 77 52 27
13 88 24 14 74 5
13 89 76 26 73 84
13 90 5 81 73 48
13 91 33 77 90 22
13 92 2 46 34 27
13 93 83 38 54 50
13 94 49 14 75 44
13 95 17 54 90 38
13 96 90 87 41 45
13 97 50 76 18 92
13 98 73 51 87 86
13 99 35 88 47 50
14 15 0 34 45 7
14 16 27 49 60 42
14 17 97 51 70 96
14 18 14 78 35 47
14 19 28 50 72 56
14 20 56 52 51 78
14 21 31 14 59 48
14 22 60 9 14 62
14 23 5 58 5 17
14 24 45 12 8 88
14 25 94 76 24 78
14 26 90 29 10 42
14 27 77 29 37 45
14 28 22 82 12 78
14 29 68 77 31 12
14 30 10 27 30 22
14 31 32 13 24 90
14 32 87 49 44 18
14 33 97 33 54 67
14 34 45 42 67 23
14 35 74 48 95 44
14 36 48 45 60 70
14 37 43 38 22 46
14 38 60 35 12 78
14 39 25 39 20 50
14 40 54 39 36 67
14 41 53 88 79 68
14 42 24 26 73 88
14 43 43 73 67 80
14 44 0 11 51 19
14 45 46 6 10 93
14 46 51 66 81 22
14 47 26 23 91 30
14 48 38 52 13 91
14 49 93 77 47 71
14 50 3 61 37 59
14 51 86 95 63 90
14 52 20 37 59 2
14 53 6 87 88 28
14 54 11 11 36 77
14 55 39 49 28 31
14 56 67 41 11 30
14 57 18 26 85 57
14 58 82 81 88 49
14 59 0 9 64 74
14 60 87 51 59 34
14 61 2 85 25 65
14 62 30 79 21 44
14 63 37 56 36 13
14 64 71 71 29 45
14 65 63 76 29 90
14 66 93 68 28 37
14 67 17 26 44 88
14 68 33 17 63 77
14 69 84 88 35 59
14 70 89 98 83 50
14 71 23 27 18 90
14 72 68 91 54 48
14 73 40 81 64 16
14 74 74 13 83 31
14 75 34 72 69 92
14 76 10 88 29 9
14 77 43 90 44 45
14 78 43 12 48 11
14 79 71 65 20 80
14 80 16 74 14 43
14 81 7 85 11 61
14 82 86 33 28 31
14 83 58 65 30 66
14 84 14 90 32 20
14 85 2 73 21 17
14 86 29 4 15 27
14 87 28 90 74 40
14 88 3 21 62 23
14 89 69 55 39 14
14 90 80 72 28 41
14 91 26 79 68 28
14 92 5 72 7 33
14 93 21 81 80 18
14 94 0 66 80 3
14 95 31 55 53 42
14 96 60 76 73 17
14 97 33 49 8 69
14 98 62 46 43 31
14 99 95 70 90 16
15 16 92 98 98 46
15 17 48 91 92 32
15 18 83 15 70 49
15 19 55 74 51 86
15 20 82 24 15 66
15 21 82 32 14 47
15 22 80 29 57 57
15 23 46 58 89 25
15 24 90 38 53 76
15 25 86 18 18 98
15 26 62 45 6 47
15 27 7 37 61 71
15 28 22 41 15 8
15 29 72 36 50 40
15 30 80 40 52 13
15 31 99 98 57 27
15 32 40 57 20 82
15 33 33 20 39 77
15 34 22 6 68 26
15 35 47 34 21 25
15 36 69 45 7 84
15 37 61 72 69 50
15 38 58 21 57 12
15 39 61 65 36 26
15 40 95 58 73 20
15 41 41 27 40 4
15 42 59 6 54 6
15 43 23 85 4 89
15 44 27 26 12 7
15 45 21 75 62 17
15 46 54 79 54 35
15 47 18 61 25 34
15 48 42 58 43 91
15 49 92 17 53 88
15 50 36 29 20 51
15 51 71 69 8 37
15 52 45 23 57 75
15 53 31 71 79 65
15 54 71 45 67 96
15 55 96 56 69 28
15 56 31 88 92 18
15 57 17 35 14 79
15 58 40 54 88 58
15 59 21 55 68 8
15 60 80 72 88 93
15 61 77 27 50 32
15 62 76 44 23 39
15 63 52 28 32 8
15 64 85 18 78 88
15 65 34 79 33 51
15 66 38 25 76 34
15 67 27 75 22 72
15 68 94 75 23 33
15 69 24 36 47 15
15 70 33 13 38 87
15 71 83 44 9 12
15 72 53 29 80 63
15 73 34 14 18 56
15 74 66 11 46 84
15 75 33 75 5 61
15 76 93 44 75 11
15 77 13 34 9 42
15 78 47 37 93 56
15 79 7 84 82 72
15 80 76 92 15 60
15 81 29 54 30 89
15 82 19 2 66 83
15 83 40 91 36 89
15 84 8 67 22 20
15 85 34 81 58 51
15 86 60 6 82 72
15 87 14 34 16 47
15 88 94 96 68 14
15 89 84 33 42 90
15 90 46 89 65 89
15 91 5 29 41 79
15 92 76 87 12 86
15 93 21 75 88 58
15 94 15 49 33 77
15 95 64 25 82 10
15 96 77 23 35 41
15 97 28 47 35 23
15 98 19 11 89 90
15 99 23 77 17 21
16 17 35 70 16 18
16 18 10 88 78 6
16 19 0 64 57 69
16 20 21 71 88 32
16 21 59 92 79 47
16 22 33 14 42 85
16 23 84 22 43 51
16 24 49 77 69 42
16 25 35 70 84 8
16 26 42 93 65 57
16 27 49 50 52 41
16 28 26 36 54 68
16 29 59 22 36 10
16 30 12 81 29 59
16 31 73 74 11 77
16 32 95 88 56 10
16 33 20 27 9 80
16 34 15 18 13 83
16 35 9 39 15 43
16 36 59 79 34 16
16 37 39 82 38 31
16 38 6 39 64 68
16 39 14 31 63 43
16 40 5 40 56 54
16 41 60 7 74 78
16 42 75 7 47 54
16 43 52 25 46 90
16 44 45 92 29 56
16 45 70 35 9 65
16 46 45 8 89 48
16 47 99 58 13 46
16 48 0 41 6 1
16 49 31 42 89 33
16 50 85 25 15 77
16 51 72 77 73 63
16 52 39 29 82 10
16 53 59 87 79 9
16 54 54 61 38 18
16 55 10 35 7 71
16 56 31 84 77 43
16 57 39 6 61 8
16 58 90 91 61 92
16 59 43 24 33 32
16 60 19 88 46 37
16 61 65 37 84 53
16 62 99 12 21 71
16 63 92 63 19 13
16 64 13 58 39 84
16 65 14 49 4 8
16 66 65 11 81 26
16 67 42 8 70 17
16 68 24 75 67 15
16 69 58 26 53 27
16 70 98 37 26 41
16 71 29 86 14 51
16 72 20 11 81 84
16 73 20 22 65 70
16 74 46 47 19 45
16 75 28 65 85 60
16 76 57 67 91 61
16 77 66 54 13 81
16 78 26 55 31 56
16 79 2 32 29 5
16 80 17 38 87 71
16 81 81 88 63 37
16 82 9 1 52 50
16 83 51 63 49 11
16 84 36 81 41 35
16 85 6 8 51 61
16 86 37 80 91 86
16 87 8 3 57 39
16 88 26 92 45 55
16 89 21 26 51 39
16 90 23 23 29 43
16 91 33 89 83 47
16 92 3 53 85 87
16 93 95 58 29 34
16 94 65 79 86 29
16 95 16 72 58 88
16 96 5 2 64 28
16 97 32 33 38 28
16 98 78 12 89 38
16 99 58 87 6 62
17 18 25 38 38 65
17 19 61 86 23 61
17 20 83 83 31 55
17 21 29 30 80 19
17 22 70 11 71 64
17 23 62 20 26 42
17 24 15 64 42 74
17 25 56 80 18 84
17 26 43 32 85 44
17 27 23 30 73 42
17 28 13 59 50 58
17 29 16 86 27 20
17 30 14 31 8 13
17 31 65 89 36 17
17 32 91 93 17 39
17 33 88 26 24 18
17 34 7 62 15 82
17 35 52 25 67 53
17 36 70 15 11 82
17 37 70 7 84 22
17 38 36 68 56 18
17 39 85 32 94 78
17 40 30 75 3 76
17 41 89 67 97 45
17 42 69 89 51 29
17 43 19 54 72 27
17 44 49 93 48 13
17 45 2 64 52 68
17 46 13 14 5 6
17 47 91 36 14 47
17 48 46 75 86 15
17 49 85 28 45 89
17 50 34 33 81 34
17 51 63 59 69 21
17 52 28 84 60 80
17 53 10 67 51 83
17 54 30 76 13 53
17 55 48 30 75 19
17 56 97 69 67 55
17 57 57 17 74 22
17 58 64 30 66 24
17 59 8 79 42 77
17 60 64 34 8 91
17 61 23 6 28 68
17 62 95 49 47 79
17 63 48 57 14 43
17 64 85 15 15 59
17 65 78 53 17 89
17 66 21 60 67 81
17 67 60 65 83 21
17 68 51 86 70 89
17 69 29 48 83 52
17 70 58 92 74 7
17 71 96 21 24 84
17 72 38 34 91 36
17 73 39 42 20 83
17 74 43 9 44 12
17 75 63 86 21 58
17 76 32 85 54 75
17 77 7 6 46 38
17 78 65 9 66 56
17 79 44 8 77 18
17 80 29 9 12 63
17 81 92 97 51 75
17 82 8 17 46 83
17 83 35 6 48 88
17 84 64 25 85 77
17 85 54 91 8 29
17 86 98 13 80 18
17 87 60 22 75 16
17 88 56 80 7 57
17 89 70 84 87 83
17 90 70 44 41 17
17 91 80 79 89 36
17 92 37 54 39 54
17 93 15 59 78 51
17 94 48 86 42 89
17 95 39 19 82 76
17 96 56 6 61 11
17 97 44 49 91 28
17 98 64 25 8 66
17 99 11 55 26 78
18 19 18 32 72 77
18 20 81 28 39 92
18 21 23 32 54 47
18 22 11 61 75 12
18 23 9 25 21 44
18 24 10 13 25 37
18 25 74 50 21 90
18 26 85 92 28 44
18 27 20 90 39 73
18 28 69 79 40 19
18 29 70 11 72 32
18 30 14 33 74 2
18 31 17 38 49 15
18 32 23 35 81 80
18 33 1 65 6 52
18 34 31 21 77 27
18 35 26 27 62 10
18 36 41 72 33 74
18 37 11 59 87 8
18 38 77 52 33 77
18 39 7 46 67 80
18 40 83 26 91 13
18 41 20 26 21 26
18 42 48 63 21 65
18 43 5 5 27 66
18 44 88 64 34 10
18 45 27 85 9 11
18 46 40 60 75 55
18 47 21 25 12 65
18 48 16 85 18 12
18 49 4 77 4 81
18 50 75 80 94 50
18 51 52 41 63 50
18 52 6 27 29 33
18 53 96 55 70 69
18 54 26 53 40 39
18 55 10 56 49 62
18 56 36 32 57 19
18 57 54 91 31 26
18 58 78 14 8 56
18 59 14 34 29 7
18 60 44 39 46 39
18 61 26 8 30 62
18 62 82 14 71 23
18 63 38 15 29 83
18 64 81 24 33 50
18 65 49 63 86 23
18 66 19 6 15 18
18 67 10 58 53 46
18 68 59 86 27 21
18 69 94 87 20 44
18 70 56 86 42 15
18 71 87 72 11 32
18 72 8 23 79 49
18 73 25 80 46 76
18 74 78 14 84 58
18 75 87 12 90 20
18 76 75 62 85 29
18 77 47 22 17 7
18 78 74 26 38 12
18 79 0 44 24 16
18 80 27 30 59 8
18 81 99 72 39 45
18 82 5 51 39 60
18 83 43 59 36 34
18 84 73 8 34 50
18 85 65 92 38 57
18 86 63 36 77 28
18 87 71 14 35 25
18 88 64 10 31 34
18 89 83 72 44 47
18 90 48 61 10 86
18 91 46 35 60 64
18 92 61 92 29 79
18 93 93 53 13 43
18 94 10 29 28 78
18 95 26 71 36 6
18 96 50 39 42 32
18 97 65 50 22 67
18 98 56 77 63 62
18 99 66 95 87 81
19 20 5 19 32 76
19 21 45 52 8 17
19 22 55 53 21 86
19 23 92 56 44 30
19 24 1 53 6 16
19 25 14 31 22 14
19 26 43 30 20 44
19 27 28 7 81 11
19 28 97 70 77 57
19 29 35 17 87 44
19 30 38 85 8 85
19 31 53 8 11 52
19 32 61 12 85 25
19 33 26 19 48 52
19 34 88 44 86 49
19 35 62 10 94 7
19 36 82 52 73 52
19 37 20 73 82 42
19 38 80 62 90 96
19 39 56 52 20 65
19 40 64 37 71 10
19 41 89 12 42 79
19 42 4 15 55 69
19 43 5 67 77 9
19 44 38 42 61 26
19 45 74 69 7 18
19 46 25 33 71 41
19 47 74 22 45 71
19 48 85 42 61 65
19 49 45 16 78 87
19 50 63 25 63 43
19 51 78 38 86 37
19 52 90 19 18 9
19 53 96 43 43 82
19 54 88 74 27 35
19 55 84 26 15 46
19 56 58 28 5 39
19 57 79 42 22 61
19 58 91 90 26 39
19 59 18 13 58 75
19 60 9 9 51 53
19 61 11 27 85 16
19 62 53 12 77 39
19 63 20 21 35 65
19 64 51 52 88 36
19 65 95 33 20 10
19 66 62 80 80 78
19 67 25 86 43 85
19 68 34 59 33 27
19 69 18 80 31 37
19 70 11 37 74 86
19 71 28 71 69 47
19 72 55 11 74 16
19 73 86 63 26 62
19 74 95 36 67 90
19 75 92 86 21 88
19 76 20 12 28 17
19 77 94 73 62 15
19 78 77 50 16 88
19 79 10 19 25 57
19 80 19 47 52 54
19 81 54 13 44 36
19 82 30 40 26 11
19 83 28 74 14 67
19 84 21 77 2 83
19 85 12 90 83 53
19 86 97 75 14 71
19 87 38 41 22 51
19 88 33 70 29 4
19 89 40 84 36 40
19 90 11 29 72 62
19 91 48 82 66 25
19 92 94 27 81 17
19 93 0 9 41 87
19 94 36 42 8 74
19 95 47 7 86 87
19 96 16 30 36 64
19 97 81 62 67 42
19 98 40 41 7 59
19 99 82 89 59 41
20 21 93 50 98 44
20 22 21 20 24 85
20 23 81 49 72 8
20 24 35 38 32 70
20 25 48 16 58 73
20 26 19 13 13 67
20 27 23 33 92 59
20 28 41 37 39 91
20 29 57 69 36 72
20 30 52 50 36 44
20 31 4 71 57 30
20 32 25 74 90 67
20 33 16 63 87 82
20 34 22 34 4 26
20 35 25 20 40 73
20 36 41 8 33 33
20 37 30 12 14 57
20 38 65 50 91 79
20 39 84 49 83 35
20 40 81 10 11 94
20 41 27 36 13 45
20 42 51 38 44 47
20 43 2 14 54 1
20 44 85 69 67 94
20 45 22 84 22 50
20 46 30 42 62 3
20 47 44 51 37 65
20 48 46 35 6 94
20 49 27 88 55 92
20 50 71 55 94 89
20 51 24 84 34 39
20 52 56 27 56 66
20 53 9 61 23 85
20 54 65 90 87 68
20 55 73 42 86 82
20 56 4 7 20 74
20 57 68 96 83 44
20 58 20 45 74 57
20 59 40 21 4 54
20 60 75 88 90 33
20 61 39 46 39 87
20 62 91 53 53 98
20 63 60 60 86 57
20 64 77 64 78 37
20 65 41 82 79 88
20 66 88 87 42 94
20 67 26 87 14 87
20 68 50 51 77 86
20 69 17 53 46 64
20 70 68 39 76 35
20 71 81 65 78 10
20 72 30 10 57 52
20 73 80 12 32 78
20 74 47 92 20 16
20 75 21 51 48 42
20 76 59 53 87 82
20 77 2 9 6 8
20 78 33 31 80 4
20 79 36 80 84 76
20 80 82 21 85 67
20 81 52 48 33 33
20 82 23 55 33 30
20 83 1 60 65 1
20 84 26 21 47 70
20 85 71 14 21 17
20 86 4 38 56 7
20 87 54 59 87 93
20 88 27 6 67 76
20 89 44 56 12 31
20 90 50 57 24 87
20 91 80 23 79 12
20 92 40 10 50 59
20 93 47 88 46 46
20 94 89 74 14 11
20 95 43 14 20 22
20 96 22 69 81 33
20 97 79 28 34 44
20 98 46 38 68 83
20 99 29 15 34 4
21 22 93 79 42 18
21 23 1 40 68 48
21 24 93 43 74 88
21 25 86 77 78 93
21 26 86 15 24 97
21 27 90 19 92 21
21 28 38 13 25 16
21 29 96 32 21 99
21 30 29 87 5 4
21 31 59 8 24 32
21 32 45 55 51 56
21 33 56 10 71 34
21 34 21 62 20 16
21 35 54 21 54 79
21 36 69 49 14 7
21 37 86 46 56 10
21 38 54 36 84 38
21 39 35 90 10 46
21 40 93 23 34 19
21 41 25 13 44 22
21 42 12 69 30 27
21 43 9 76 63 30
21 44 22 64 63 11
21 45 78 27 18 60
21 46 81 20 61 80
21 47 53 48 77 46
21 48 98 74 30 37
21 49 89 61 85 86
21 50 46 8 64 59
21 51 52 88 95 18
21 52 59 86 8 14
21 53 49 58 92 53
21 54 66 15 59 70
21 55 50 79 38 45
21 56 25 83 3 27
21 57 93 65 93 17
21 58 82 13 92 24
21 59 5 43 11 72
21 60 1 76 70 51
21 61 55 24 89 9
21 62 74 85 52 49
21 63 88 23 22 76
21 64 44 54 21 16
21 65 18 7 62 36
21 66 22 40 68 23
21 67 48 23 84 35
21 68 46 12 30 32
21 69 4 50 44 89
21 70 36 57 79 23
21 71 16 42 78 47
21 72 49 34 92 88
21 73 36 38 84 77
21 74 80 80 19 18
21 75 43 63 66 38
21 76 10 34 45 21
21 77 95 36 17 22
21 78 62 35 37 78
21 79 6 29 87 41
21 80 32 63 41 49
21 81 17 20 89 66
21 82 77 45 24 89
21 83 92 73 42 32
21 84 18 20 22 4
21 85 68 8 83 7
21 86 66 32 58 88
21 87 77 82 24 21
21 88 87 45 39 27
21 89 85 30 45 71
21 90 90 36 29 9
21 91 69 89 77 44
21 92 18 85 65 40
21 93 73 20 30 46
21 94 66 27 18 57
21 95 27 42 39 67
21 96 74 24 8 97
21 97 39 43 34 16
21 98 80 91 18 51
21 99 49 42 46 83
22 23 27 39 77 4
22 24 62 8 88 44
22 25 15 7 3 27
22 26 72 73 31 52
22 27 54 16 44 88
22 28 78 17 50 72
22 29 86 27 21 9
22 30 66 69 36 79
22 31 79 25 35 60
22 32 52 50 52 17
22 33 9 38 31 89
22 34 3 2 27 41
22 35 73 84 83 91
22 36 8 47 45 87
22 37 6 16 61 40
22 38 67 56 17 33
22 39 16 69 19 65
22 40 29 34 58 92
22 41 24 88 39 68
22 42 52 23 91 8
22 43 67 66 57 85
22 44 72 44 78 69
22 45 81 70 46 36
22 46 32 10 56 45
22 47 9 90 8 18
22 48 95 71 46 23
22 49 74 48 88 24
22 50 95 10 28 60
22 51 76 43 67 81
22 52 15 58 18 11
22 53 78 74 61 56
22 54 98 23 19 45
22 55 36 32 81 93
22 56 6 16 55 30
22 57 83 58 85 60
22 58 88 64 44 17
22 59 99 56 48 33
22 60 87 32 83 60
22 61 89 32 78 37
22 62 25 24 30 46
22 63 57 88 35 9
22 64 49 68 41 36
22 65 85 32 52 75
22 66 56 13 84 7
22 67 11 90 9 34
22 68 16 55 4 48
22 69 12 31 68 79
22 70 50 59 37 90
22 71 2 6 21 7
22 72 33 43 31 55
22 73 31 56 64 28
22 74 84 61 55 34
22 75 32 34 9 26
22 76 37 63 81 39
22 77 9 29 19 84
22 78 95 67 36 61
22 79 46 23 36 56
22 80 14 17 41 36
22 81 83 33 58 38
22 82 70 43 30 30
22 83 89 82 87 47
22 84 4 32 52 13
22 85 26 90 60 48
22 86 39 32 75 14
22 87 6 56 86 31
22 88 66 71 58 91
22 89 30 20 72 77
22 90 83 84 47 68
22 91 71 47 25 85
22 92 50 48 63 89
22 93 43 14 9 35
22 94 44 5 88 26
22 95 99 16 68 32
22 96 89 43 29 28
22 97 83 33 8 54
22 98 88 39 31 81
22 99 36 42 17 52
23 24 98 29 67 42
23 25 83 91 15 96
23 26 83 96 50 50
23 27 55 19 24 37
23 28 25 30 83 42
23 29 7 63 8 72
23 30 66 27 7 61
23 31 3 32 63 22
23 32 96 91 27 33
23 33 40 75 9 31
23 34 70 8 19 13
23 35 70 55 15 66
23 36 20 9 52 64
23 37 72 14 95 25
23 38 82 97 24 93
23 39 35 82 70 13
23 40 28 52 71 18
23 41 64 53 32 73
23 42 37 44 82 81
23 43 37 76 72 13
23 44 1 70 63 80
23 45 93 34 44 11
23 46 62 31 84 60
23 47 47 91 17 23
23 48 24 63 53 72
23 49 54 66 40 52
23 50 42 4 80 46
23 51 43 37 21 14
23 52 33 63 78 10
23 53 79 35 42 89
23 54 45 10 87 91
23 55 53 5 38 89
23 56 89 25 62 17
23 57 85 82 38 9
23 58 56 86 64 10
23 59 13 8 82 75
23 60 7 22 22 36
23 61 71 52 14 61
23 62 16 55 67 80
23 63 77 23 60 26
23 64 97 64 71 55
23 65 90 43 55 45
23 66 87 71 81 19
23 67 7 22 33 11
23 68 44 33 91 28
23 69 30 26 38 10
23 70 25 48 8 40
23 71 47 91 78 31
23 72 89 45 64 19
23 73 15 36 27 15
23 74 64 74 68 50
23 75 25 56 47 34
23 76 63 19 58 11
23 77 39 77 25 48
23 78 96 23 10 77
23 79 37 24 82 32
23 80 74 23 33 93
23 81 57 15 79 74
23 82 16 71 8 13
23 83 83 64 42 15
23 84 98 63 69 50
23 85 74 53 34 66
23 86 3 82 22 31
23 87 33 46 53 31
23 88 35 57 24 45
23 89 87 61 35 96
23 90 80 64 43 52
23 91 70 67 56 61
23 92 21 20 15 6
23 93 25 91 28 81
23 94 82 84 38 73
23 95 54 29 27 64
23 96 61 74 89 68
23 97 55 37 54 92
23 98 51 81 84 93
23 99 9 27 63 86
24 25 90 44 93 69
24 26 71 85 19 55
24 27 83 53 19 22
24 28 50 78 70 61
24 29 84 46 80 41
24 30 48 21 90 29
24 31 64 27 84 88
24 32 47 72 35 76
24 33 75 90 57 37
24 34 71 79 32 69
24 35 34 10 49 27
24 36 76 40 48 42
24 37 40 11 53 82
24 38 19 51 45 51
24 39 46 71 75 13
24 40 60 62 76 23
24 41 66 13 62 62
24 42 33 92 48 28
24 43 4 20 11 59
24 44 31 42 45 35
24 45 61 91 61 67
24 46 46 76 82 34
24 47 74 17 72 66
24 48 18 18 79 65
24 49 77 20 51 22
24 50 25 46 14 24
24 51 47 87 87 50
24 52 26 62 60 4
24 53 0 28 81 37
24 54 83 91 54 17
24 55 77 66 83 74
24 56 50 72 80 40
24 57 95 62 75 87
24 58 27 7 32 39
24 59 36 4 52 66
24 60 76 92 45 54
24 61 82 41 53 86
24 62 47 28 21 10
24 63 96 56 22 76
24 64 81 93 20 91
24 65 88 93 72 76
24 66 41 38 22 19
24 67 22 70 56 23
24 68 92 54 13 39
24 69 64 58 13 40
24 70 26 13 83 21
24 71 39 59 13 85
24 72 99 40 95 84
24 73 81 9 13 8
24 74 74 63 71 21
24 75 22 59 77 36
24 76 47 48 73 67
24 77 44 51 9 81
24 78 77 20 35 29
24 79 79 62 11 24
24 80 60 12 59 75
24 81 73 94 93 72
24 82 81 60 61 58
24 83 57 21 85 67
24 84 69 51 38 68
24 85 49 91 50 31
24 86 93 16 16 70
24 87 4 66 14 89
24 88 46 65 36 69
24 89 57 87 50 64
24 90 1 13 64 77
24 91 27 50 27 6
24 92 13 5 19 12
24 93 87 44 93 30
24 94 88 90 37 15
24 95 77 78 81 69
24 96 8 32 80 82
24 97 36 23 44 17
24 98 96 64 80 88
24 99 92 27 82 88
25 26 28 53 5 21
25 27 70 33 54 66
25 28 13 45 21 4
25 29 11 15 83 79
25 30 45 27 59 44
25 31 15 14 73 89
25 32 64 63 13 12
25 33 39 85 14 24
25 34 58 37 41 15
25 35 43 89 30 70
25 36 1 26 8 25
25 37 65 65 71 76
25 38 21 42 64 9
25 39 59 79 24 23
25 40 99 51 93 85
25 41 66 46 47 35
25 42 53 9 58 75
25 43 55 32 23 42
25 44 17 82 14 54
25 45 56 88 72 75
25 46 58 9 93 90
25 47 11 65 58 82
25 48 87 9 34 43
25 49 14 28 90 3
25 50 48 27 76 41
25 51 52 46 55 35
25 52 39 42 58 34
25 53 65 75 75 28
25 54 52 70 66 53
25 55 94 66 26 60
25 56 74 32 43 70
25 57 42 16 22 9
25 58 12 63 62 75
25 59 72 19 59 58
25 60 78 65 44 22
25 61 38 45 93 8
25 62 58 85 40 67
25 63 58 51 85 94
25 64 91 59 52 64
25 65 21 7 65 65
25 66 40 35 84 80
25 67 2 47 37 3
25 68 94 14 31 29
25 69 54 15 74 66
25 70 95 89 71 69
25 71 17 45 31 10
25 72 51 83 7 64
25 73 45 10 46 83
25 74 62 56 10 9
25 75 28 59 52 77
25 76 43 28 24 30
25 77 51 17 28 93
25 78 56 83 73 85
25 79 42 80 16 41
25 80 83 15 23 63
25 81 22 76 31 78
25 82 83 83 44 26
25 83 70 35 53 13
25 84 75 53 65 91
25 85 94 58 85 13
25 86 3 17 49 57
25 87 29 8 5 54
25 88 97 10 68 68
25 89 58 59 52 19
25 90 72 79 44 24
25 91 27 88 55 21
25 92 12 14 33 83
25 93 58 44 24 82
25 94 62 33 80 56
25 95 81 20 85 23
25 96 89 63 35 59
25 97 69 9 36 31
25 98 93 47 54 95
25 99 65 52 16 76
26 27 48 58 85 67
26 28 20 69 2 54
26 29 33 20 6 11
26 30 93 87 15 57
26 31 64 24 91 74
26 32 69 92 25 16
26 33 56 7 33 58
26 34 31 3 78 86
26 35 55 9 95 35
26 36 88 16 77 32
26 37 11 58 90 72
26 38 37 82 39 6
26 39 88 88 10 82
26 40 94 11 77 36
26 41 3 5 74 7
26 42 64 70 61 83
26 43 40 20 67 81
26 44 35 64 35 54
26 45 80 28 25 97
26 46 26 85 4 89
26 47 16 75 29 7
26 48 77 26 15 72
26 49 12 71 29 81
26 50 98 20 58 47
26 51 3 40 31 80
26 52 67 22 85 77
26 53 57 51 29 22
26 54 83 35 45 56
26 55 25 36 76 25
26 56 93 41 49 56
26 57 86 82 36 47
26 58 85 88 13 30
26 59 5 19 51 18
26 60 77 56 63 38
26 61 34 32 26 77
26 62 88 89 15 34
26 63 73 10 46 56
26 64 26 16 26 81
26 65 70 49 30 40
26 66 97 95 57 81
26 67 90 54 51 34
26 68 19 23 11 69
26 69 26 58 39 48
26 70 66 64 56 74
26 71 16 50 55 14
26 72 25 54 24 88
26 73 31 29 89 23
26 74 11 20 74 26
26 75 75 10 9 7
26 76 14 78 37 8
26 77 72 18 72 24
26 78 37 56 15 61
26 79 37 16 77 50
26 80 58 49 14 45
26 81 0 89 51 79
26 82 59 34 82 29
26 83 44 15 10 6
26 84 49 5 15 86
26 85 57 9 67 36
26 86 52 47 74 54
26 87 24 21 58 24
26 88 11 26 86 15
26 89 66 29 62 14
26 90 61 57 7 62
26 91 50 66 77 30
26 92 86 96 52 27
26 93 92 66 41 92
26 94 52 19 72 62
26 95 45 73 79 17
26 96 27 54 44 53
26 97 9 14 60 18
26 98 60 30 91 38
26 99 38 23 6 84
27 28 60 27 88 52
27 29 88 60 41 54
27 30 60 23 75 35
27 31 44 77 43 19
27 32 7 24 33 20
27 33 10 72 66 2
27 34 72 96 34 76
27 35 94 14 92 64
27 36 97 14 97 21
27 37 23 61 47 32
27 38 45 36 39 26
27 39 61 48 27 93
27 40 37 56 43 67
27 41 7 38 11 16
27 42 76 8 51 34
27 43 23 88 28 65
27 44 94 70 69 24
27 45 46 45 49 88
27 46 76 75 48 85
27 47 11 40 60 55
27 48 74 79 11 52
27 49 25 17 43 59
27 50 9 39 78 28
27 51 82 48 12 66
27 52 23 69 33 77
27 53 21 77 72 55
27 54 66 30 46 79
27 55 82 53 35 26
27 56 31 8 77 24
27 57 95 63 29 83
27 58 12 83 60 21
27 59 42 57 56 8
27 60 55 72 80 69
27 61 30 91 58 67
27 62 77 55 63 84
27 63 54 38 54 40
27 64 24 42 6 16
27 65 55 55 18 44
27 66 93 79 65 82
27 67 48 64 81 5
27 68 78 43 81 90
27 69 52 73 10 7
27 70 59 54 92 62
27 71 18 86 80 15
27 72 43 80 85 37
27 73 42 44 43 47
27 74 1 89 2 38
27 75 88 35 95 20
27 76 66 70 39 37
27 77 6 71 55 65
27 78 34 26 23 4
27 79 51 55 59 71
27 80 12 36 33 86
27 81 55 40 16 55
27 82 96 80 19 24
27 83 34 19 46 36
27 84 25 14 51 39
27 85 36 45 33 24
27 86 7 15 19 29
27 87 36 49 85 74
27 88 85 16 84 76
27 89 77 83 48 55
27 90 43 21 42 74
27 91 73 11 16 88
27 92 61 67 96 24
27 93 69 56 38 24
27 94 40 18 76 64
27 95 76 93 57 25
27 96 90 35 68 98
27 97 31 74 13 69
27 98 7 41 45 59
27 99 62 80 80 10
28 29 74 75 48 44
28 30 41 42 79 15
28 31 44 39 10 94
28 32 89 67 59 12
28 33 77 89 92 60
28 34 98 39 13 48
28 35 59 90 80 76
28 36 52 75 29 7
28 37 60 89 67 10
28 38 25 51 36 75
28 39 15 12 39 82
28 40 79 69 58 19
28 41 60 81 80 24
28 42 2 22 35 22
28 43 44 42 8 65
28 44 6 38 32 37
28 45 42 90 61 38
28 46 93 17 68 43
28 47 53 84 9 76
28 48 81 95 69 19
28 49 64 10 48 55
28 50 34 33 25 37
28 51 83 75 36 69
28 52 26 90 89 91
28 53 29 16 21 47
28 54 66 46 89 38
28 55 36 73 45 22
28 56 43 91 31 13
28 57 32 14 81 73
28 58 32 21 24 47
28 59 36 34 15 6
28 60 79 75 59 94
28 61 52 17 52 28
28 62 78 50 52 57
28 63 52 54 29 22
28 64 18 71 53 37
28 65 27 41 83 77
28 66 84 59 64 20
28 67 25 10 52 17
28 68 56 64 23 17
28 69 74 10 33 15
28 70 20 68 36 16
28 71 48 68 25 26
28 72 66 60 28 7
28 73 10 13 32 84
28 74 70 82 81 95
28 75 89 24 31 59
28 76 5 16 24 88
28 77 96 96 22 13
28 78 1 80 42 73
28 79 70 79 67 96
28 80 85 58 25 25
28 81 9 71 89 39
28 82 69 54 73 32
28 83 52 53 90 87
28 84 23 83 58 92
28 85 88 81 41 52
28 86 24 55 9 18
28 87 31 51 63 44
28 88 22 6 13 22
28 89 0 20 31 5
28 90 57 91 49 16
28 91 88 71 37 55
28 92 70 47 70 34
28 93 17 89 62 43
28 94 66 93 52 54
28 95 4 8 56 51
28 96 62 58 63 39
28 97 69 81 50 53
28 98 38 43 82 35
28 99 76 36 14 18
29 30 9 6 47 43
29 31 31 62 20 9
29 32 63 10 82 48
29 33 44 65 5 50
29 34 82 88 63 82
29 35 27 16 48 21
29 36 63 71 24 38
29 37 28 31 68 5
29 38 44 5 61 58
29 39 50 88 55 66
29 40 13 3 72 44
29 41 18 31 39 37
29 42 62 57 87 66
29 43 8 70 58 62
29 44 39 81 24 62
29 45 12 30 7 80
29 46 3 88 81 77
29 47 60 47 56 38
29 48 39 20 93 33
29 49 53 21 57 7
29 50 2 78 49 77
29 51 89 34 51 62
29 52 16 26 39 62
29 53 15 77 23 62
29 54 67 37 53 17
29 55 13 67 71 69
29 56 61 82 75 35
29 57 69 83 19 76
29 58 24 87 50 75
29 59 11 63 2 58
29 60 53 85 56 91
29 61 68 40 92 62
29 62 61 86 46 16
29 63 17 64 50 22
29 64 6 9 30 79
29 65 48 79 18 74
29 66 60 86 39 47
29 67 35 10 52 85
29 68 16 30 19 9
29 69 94 28 90 81
29 70 51 57 47 65
29 71 30 30 80 39
29 72 80 52 74 62
29 73 7 44 57 66
29 74 6 43 45 76
29 75 5 46 16 44
29 76 37 39 55 55
29 77 61 34 46 19
29 78 35 55 86 3
29 79 84 22 79 41
29 80 23 60 83 11
29 81 95 97 41 42
29 82 38 92 17 41
29 83 53 57 85 37
29 84 36 73 79 39
29 85 50 94 52 51
29 86 34 35 5 27
29 87 64 23 18 76
29 88 52 12 42 71
29 89 87 23 78 15
29 90 60 11 13 81
29 91 78 59 15 80
29 92 57 57 58 94
29 93 35 68 21 21
29 94 14 66 28 77
29 95 23 30 90 27
29 96 78 50 91 32
29 97 3 64 18 17
29 98 18 56 10 50
29 99 19 82 70 26
30 31 47 9 92 21
30 32 81 49 69 42
30 33 95 92 36 33
30 34 21 22 14 9
30 35 24 60 54 91
30 36 10 72 58 11
30 37 64 95 25 84
30 38 98 45 81 82
30 39 33 28 74 34
30 40 73 39 50 86
30 41 32 25 80 22
30 42 29 34 56 69
30 43 79 57 35 21
30 44 97 55 63 29
30 45 23 33 15 23
30 46 44 54 78 48
30 47 84 30 43 18
30 48 60 72 69 37
30 49 60 89 94 69
30 50 67 9 66 90
30 51 97 15 72 33
30 52 61 61 56 14
30 53 52 55 50 93
30 54 95 71 59 88
30 55 43 76 86 59
30 56 20 78 85 49
30 57 97 16 16 83
30 58 86 80 51 73
30 59 15 37 18 46
30 60 44 60 42 27
30 61 2 21 22 22
30 62 37 42 60 51
30 63 29 25 3 45
30 64 60 54 87 19
30 65 96 46 49 10
30 66 62 72 32 61
30 67 67 64 49 32
30 68 2 67 44 14
30 69 81 70 47 87
30 70 22 13 31 85
30 71 77 56 61 33
30 72 24 85 77 88
30 73 67 24 17 39
30 74 88 51 16 97
30 75 18 10 7 28
30 76 8 83 27 18
30 77 7 22 4 56
30 78 68 75 81 21
30 79 49 20 32 21
30 80 26 45 74 78
30 81 1 32 71 83
30 82 49 46 50 16
30 83 68 71 75 13
30 84 90 31 93 77
30 85 47 58 5 23
30 86 56 31 42 39
30 87 21 2 60 44
30 88 80 11 54 13
30 89 91 36 36 93
30 90 38 27 63 49
30 91 52 62 74 78
30 92 83 21 62 37
30 93 23 36 47 71
30 94 40 68 61 82
30 95 59 85 61 12
30 96 77 30 97 63
30 97 19 74 8 72
30 98 85 58 84 51
30 99 95 19 44 85
31 32 44 25 10 86
31 33 86 57 53 31
31 34 84 56 53 10
31 35 68 52 57 42
31 36 35 9 89 47
31 37 78 14 80 20
31 38 62 60 57 59
31 39 14 40 52 24
31 40 27 78 60 27
31 41 18 68 29 75
31 42 1 29 84 40
31 43 2 32 33 45
31 44 40 27 26 62
31 45 77 18 83 10
31 46 8 71 9 79
31 47 68 13 64 91
31 48 53 10 44 22
31 49 62 9 39 67
31 50 94 40 34 48
31 51 26 8 58 18
31 52 52 26 70 5
31 53 57 78 36 23
31 54 55 6 55 26
31 55 56 80 8 85
31 56 17 27 39 81
31 57 61 16 58 69
31 58 46 49 44 72
31 59 22 45 29 19
31 60 31 30 71 39
31 61 68 8 58 73
31 62 31 87 47 83
31 63 13 32 41 39
31 64 48 84 63 63
31 65 81 30 87 17
31 66 90 41 40 98
31 67 30 12 89 12
31 68 1 87 21 31
31 69 81 26 90 47
31 70 58 92 17 18
31 71 3 77 64 10
31 72 34 74 45 9
31 73 58 58 55 52
31 74 93 46 35 55
31 75 16 79 78 71
31 76 13 60 72 8
31 77 64 83 22 80
31 78 74 83 76 43
31 79 94 64 67 40
31 80 99 93 37 82
31 81 95 33 32 92
31 82 13 67 78 71
31 83 24 13 47 61
31 84 29 20 32 28
31 85 73 50 84 65
31 86 20 52 80 36
31 87 46 14 13 89
31 88 79 61 32 70
31 89 80 16 95 42
31 90 65 28 54 61
31 91 79 33 53 96
31 92 80 91 40 84
31 93 72 56 59 49
31 94 9 59 38 18
31 95 21 84 15 59
31 96 72 62 41 58
31 97 52 12 49 85
31 98 17 8 17 48
31 99 80 82 71 51
32 33 11 33 35 63
32 34 48 73 15 38
32 35 77 51 60 63
32 36 82 64 10 24
32 37 36 18 54 63
32 38 36 80 44 87
32 39 85 48 13 27
32 40 6 9 45 22
32 41 95 47 71 18
32 42 49 44 62 82
32 43 37 74 20 10
32 44 52 69 13 28
32 45 82 8 66 48
32 46 66 91 86 50
32 47 6 11 5 75
32 48 52 26 87 21
32 49 64 56 74 40
32 50 81 68 41 24
32 51 4 15 41 69
32 52 98 64 89 29
32 53 58 59 90 81
32 54 39 7 16 18
32 55 98 40 88 61
32 56 83 84 45 38
32 57 93 93 41 20
32 58 16 27 9 12
32 59 54 70 55 75
32 60 85 85 62 76
32 61 36 11 8 12
32 62 18 71 39 6
32 63 99 84 11 58
32 64 7 16 16 17
32 65 83 47 53 31
32 66 89 67 33 72
32 67 62 36 58 59
32 68 12 34 2 40
32 69 61 16 7 22
32 70 96 60 79 96
32 71 1 60 41 57
32 72 25 27 81 73
32 73 73 84 15 16
32 74 78 72 42 25
32 75 79 28 64 72
32 76 35 16 58 3
32 77 98 80 74 57
32 78 27 8 53 11
32 79 37 67 8 92
32 80 15 28 28 40
32 81 61 45 57 37
32 82 58 33 83 92
32 83 86 20 73 35
32 84 32 31 90 93
32 85 33 53 56 73
32 86 30 9 7 81
32 87 62 81 49 18
32 88 47 54 20 62
32 89 59 38 43 90
32 90 33 67 73 72
32 91 44 61 48 24
32 92 4 32 5 59
32 93 55 23 56 46
32 94 29 4 7 59
32 95 44 13 60 92
32 96 25 24 63 84
32 97 24 53 44 4
32 98 19 48 85 42
32 99 74 35 57 55
33 34 36 49 60 90
33 35 60 84 73 80
33 36 56 23 42 61
33 37 3 29 42 88
33 38 19 47 41 54
33 39 38 53 8 87
33 40 41 72 62 15
33 41 48 5 68 36
33 42 48 38 92 39
33 43 8 27 86 25
33 44 80 39 56 44
33 45 36 6 80 65
33 46 12 75 61 59
33 47 28 71 69 10
33 48 37 61 85 31
33 49 87 27 37 49
33 50 5 66 14 9
33 51 2 49 37 76
33 52 65 28 52 60
33 53 84 26 90 96
33 54 17 49 41 27
33 55 82 43 23 45
33 56 82 91 76 76
33 57 54 82 76 45
33 58 40 52 55 12
33 59 26 58 61 89
33 60 96 49 22 66
33 61 23 82 69 40
33 62 7 57 34 47
33 63 39 10 55 15
33 64 45 18 63 58
33 65 3 66 42 47
33 66 56 41 26 55
33 67 79 59 39 91
33 68 43 76 20 63
33 69 94 77 16 65
33 70 92 41 55 48
33 71 56 40 15 26
33 72 7 63 67 27
33 73 11 13 64 47
33 74 26 60 25 17
33 75 50 14 51 30
33 76 81 9 87 34
33 77 24 84 79 28
33 78 11 25 1 20
33 79 48 61 34 46
33 80 37 70 69 52
33 81 23 25 37 9
33 82 93 65 27 73
33 83 59 50 83 47
33 84 7 51 29 16
33 85 82 85 95 77
33 86 15 29 30 52
33 87 96 80 90 83
33 88 51 18 56 52
33 89 50 19 75 32
33 90 49 7 56 82
33 91 50 11 64 51
33 92 9 15 83 55
33 93 95 65 86 19
33 94 27 55 91 29
33 95 11 39 63 50
33 96 70 58 31 70
33 97 28 75 67 79
33 98 15 24 52 55
33 99 9 18 36 8
34 35 59 9 40 46
34 36 67 28 48 61
34 37 50 90 84 46
34 38 90 41 15 45
34 39 5 46 26 2
34 40 64 49 90 38
34 41 92 31 23 50
34 42 44 57 88 34
34 43 72 28 96 32
34 44 41 31 71 66
34 45 35 17 17 16
34 46 36 84 31 56
34 47 26 24 82 13
34 48 77 62 48 41
34 49 58 80 53 60
34 50 75 10 48 10
34 51 48 45 56 82
34 52 92 31 42 14
34 53 34 41 64 87
34 54 42 53 20 35
34 55 74 62 32 96
34 56 59 83 77 41
34 57 83 48 64 58
34 58 61 51 43 60
34 59 81 30 14 88
34 60 31 82 47 29
34 61 60 79 22 79
34 62 89 87 55 29
34 63 20 13 90 20
34 64 81 36 49 54
34 65 9 25 30 39
34 66 98 20 91 71
34 67 85 12 48 49
34 68 5 15 3 45
34 69 2 43 8 7
34 70 16 90 27 47
34 71 23 29 70 39
34 72 61 39 9 76
34 73 88 28 46 55
34 74 99 94 23 41
34 75 10 60 84 66
34 76 35 76 45 19
34 77 99 45 19 19
34 78 95 91 33 59
34 79 16 65 52 18
34 80 98 57 79 40
34 81 60 94 66 29
34 82 12 57 31 44
34 83 80 46 37 42
34 84 47 88 85 85
34 85 33 43 41 72
34 86 49 49 60 18
34 87 55 83 44 35
34 88 47 76 82 68
34 89 52 59 94 85
34 90 12 31 76 56
34 91 90 11 11 91
34 92 7 38 2 22
34 93 70 10 78 48
34 94 56 11 12 36
34 95 52 25 45 10
34 96 2 12 14 74
34 97 66 59 89 78
34 98 43 18 20 18
34 99 49 50 61 29
35 36 35 63 57 70
35 37 88 47 80 12
35 38 43 26 22 10
35 39 25 72 69 13
35 40 74 61 59 30
35 41 35 92 24 84
35 42 11 78 83 64
35 43 43 37 42 69
35 44 63 42 73 73
35 45 65 94 75 39
35 46 6 43 24 12
35 47 31 42 30 67
35 48 53 10 23 75
35 49 9 47 64 80
35 50 95 53 10 63
35 51 46 7 12 26
35 52 21 90 16 5
35 53 29 25 30 54
35 54 81 12 31 88
35 55 46 94 88 17
35 56 69 62 72 82
35 57 14 73 3 83
35 58 33 91 56 90
35 59 66 83 13 54
35 60 71 17 80 37
35 61 7 0 56 75
35 62 19 68 62 16
35 63 51 22 57 36
35 64 0 28 14 50
35 65 29 27 31 74
35 66 61 62 16 66
35 67 10 45 22 10
35 68 68 56 51 33
35 69 67 27 87 67
35 70 16 3 24 20
35 71 25 5 41 3
35 72 67 16 27 49
35 73 53 30 50 41
35 74 79 77 70 19
35 75 88 69 83 76
35 76 79 74 17 90
35 77 33 87 70 44
35 78 49 37 60 38
35 79 62 51 52 80
35 80 67 45 14 94
35 81 63 86 94 13
35 82 46 7 39 60
35 83 45 26 33 23
35 84 37 58 71 25
35 85 33 27 84 90
35 86 78 87 15 61
35 87 6 66 87 72
35 88 28 39 31 16
35 89 87 64 87 45
35 90 55 45 88 76
35 91 67 86 29 63
35 92 42 87 18 32
35 93 6 49 55 38
35 94 96 69 10 93
35 95 81 72 12 63
35 96 40 26 19 24
35 97 34 89 10 64
35 98 7 23 30 71
35 99 31 67 74 76
36 37 49 10 73 17
36 38 17 58 40 88
36 39 98 66 77 59
36 40 84 22 91 66
36 41 42 90 50 85
36 42 54 26 10 60
36 43 2 52 37 41
36 44 68 42 86 82
36 45 61 94 92 7
36 46 95 19 17 64
36 47 72 72 56 86
36 48 27 9 37 26
36 49 99 48 14 84
36 50 82 25 83 40
36 51 50 27 86 94
36 52 91 20 81 47
36 53 84 81 27 33
36 54 48 54 9 54
36 55 55 33 87 37
36 56 64 39 71 17
36 57 6 85 58 12
36 58 86 62 60 83
36 59 4 80 52 75
36 60 98 12 13 46
36 61 37 6 87 64
36 62 13 42 19 62
36 63 76 54 80 34
36 64 76 55 53 35
36 65 94 28 75 20
36 66 30 43 78 68
36 67 28 84 50 9
36 68 67 39 24 60
36 69 62 25 25 91
36 70 3 16 47 10
36 71 72 41 33 49
36 72 46 90 72 75
36 73 12 80 7 31
36 74 42 39 58 85
36 75 24 20 22 91
36 76 97 53 87 28
36 77 24 40 20 42
36 78 45 69 14 33
36 79 98 62 47 63
36 80 71 59 71 46
36 81 15 78 56 12
36 82 84 92 55 61
36 83 83 77 76 50
36 84 66 40 50 48
36 85 44 58 82 4
36 86 95 88 78 59
36 87 59 63 91 39
36 88 41 62 93 28
36 89 99 78 29 53
36 90 28 49 29 49
36 91 93 60 69 11
36 92 25 57 82 14
36 93 76 61 51 61
36 94 59 40 46 45
36 95 48 42 71 92
36 96 81 11 98 86
36 97 78 31 85 66
36 98 75 75 14 63
36 99 94 38 50 15
37 38 56 87 24 30
37 39 56 42 73 10
37 40 23 37 80 31
37 41 59 24 28 94
37 42 59 87 37 75
37 43 86 8 43 18
37 44 73 83 61 9
37 45 94 68 58 51
37 46 59 52 63 66
37 47 57 90 12 90
37 48 7 15 3 81
37 49 14 12 86 74
37 50 98 23 21 89
37 51 1 50 42 43
37 52 89 13 10 18
37 53 90 28 45 59
37 54 8 79 58 75
37 55 3 64 13 73
37 56 76 82 34 23
37 57 37 67 45 34
37 58 27 27 77 28
37 59 96 51 19 56
37 60 50 19 74 91
37 61 95 29 56 27
37 62 11 87 32 79
37 63 96 46 63 12
37 64 98 98 89 20
37 65 32 17 88 21
37 66 93 45 44 73
37 67 52 57 47 69
37 68 25 63 31 14
37 69 12 67 3 78
37 70 84 39 24 16
37 71 87 42 48 13
37 72 16 60 29 17
37 73 72 69 10 64
37 74 89 53 73 77
37 75 8 30 67 30
37 76 59 61 14 42
37 77 18 9 54 80
37 78 10 44 50 13
37 79 52 39 59 24
37 80 66 92 62 50
37 81 5 36 6 52
37 82 4 4 30 39
37 83 42 88 34 74
37 84 52 44 9 70
37 85 14 25 7 26
37 86 75 26 95 94
37 87 27 44 65 18
37 88 73 42 18 32
37 89 65 11 77 96
37 90 45 30 82 49
37 91 68 94 9 81
37 92 33 34 92 62
37 93 73 87 63 60
37 94 82 61 56 75
37 95 81 31 59 32
37 96 7 51 28 66
37 97 37 84 85 71
37 98 5 76 58 53
37 99 36 19 43 79
38 39 24 54 48 15
38 40 39 40 77 88
38 41 44 66 84 31
38 42 6 70 27 18
38 43 50 63 92 47
38 44 95 89 37 48
38 45 1 45 68 1
38 46 29 32 64 83
38 47 75 34 30 53
38 48 42 45 12 16
38 49 20 85 11 77
38 50 30 77 17 4
38 51 2 11 46 42
38 52 50 53 7 36
38 53 76 54 15 61
38 54 62 11 6 75
38 55 66 29 70 29
38 56 44 73 60 9
38 57 19 56 13 5
38 58 57 45 91 44
38 59 90 23 51 41
38 60 48 83 87 89
38 61 7 80 17 55
38 62 38 41 31 56
38 63 28 34 85 13
38 64 88 55 79 40
38 65 41 40 5 83
38 66 60 95 42 93
38 67 56 55 18 48
38 68 54 86 26 14
38 69 9 51 14 45
38 70 66 85 40 39
38 71 44 58 62 88
38 72 1 3 40 89
38 73 63 15 42 62
38 74 89 65 30 91
38 75 76 48 80 62
38 76 91 50 70 76
38 77 47 71 62 11
38 78 47 45 67 91
38 79 91 88 58 14
38 80 70 56 15 77
38 81 16 48 6 12
38 82 17 73 3 45
38 83 37 91 31 91
38 84 46 86 84 85
38 85 58 34 62 68
38 86 14 39 14 90
38 87 68 96 30 36
38 88 84 40 40 31
38 89 5 32 51 27
38 90 38 13 92 86
38 91 68 15 46 32
38 92 58 85 30 83
38 93 74 42 41 72
38 94 37 10 40 35
38 95 15 52 34 36
38 96 39 19 24 30
38 97 0 51 13 69
38 98 94 99 98 58
38 99 17 29 44 54
39 40 32 30 59 79
39 41 78 57 52 29
39 42 70 48 72 95
39 43 44 52 32 92
39 44 43 54 30 71
39 45 64 60 55 41
39 46 9 79 53 25
39 47 63 31 86 19
39 48 14 75 7 31
39 49 27 10 7 63
39 50 96 79 94 93
39 51 4 31 89 79
39 52 76 73 45 74
39 53 1 7 37 36
39 54 4 20 89 42
39 55 86 11 76 26
39 56 50 66 40 42
39 57 37 18 83 18
39 58 94 93 17 9
39 59 79 56 11 26
39 60 44 57 38 59
39 61 45 31 61 59
39 62 4 5 14 89
39 63 50 6 18 93
39 64 61 26 38 51
39 65 52 60 23 86
39 66 86 55 42 12
39 67 93 14 92 87
39 68 53 82 8 40
39 69 22 36 56 79
39 70 80 77 16 26
39 71 5 67 38 64
39 72 0 52 50 13
39 73 5 86 49 44
39 74 28 14 81 13
39 75 55 35 65 23
39 76 49 48 68 52
39 77 53 16 59 89
39 78 28 8 68 77
39 79 21 66 81 63
39 80 9 2 10 41
39 81 21 40 60 31
39 82 50 40 32 66
39 83 85 54 25 90
39 84 38 57 85 52
39 85 60 43 33 76
39 86 69 93 86 96
39 87 15 62 89 43
39 88 57 10 49 30
39 89 83 30 32 65
39 90 86 90 62 87
39 91 97 21 59 48
39 92 4 55 58 18
39 93 31 49 70 74
39 94 94 92 43 71
39 95 44 43 35 24
39 96 40 80 69 45
39 97 73 82 62 43
39 98 71 16 29 30
39 99 73 90 86 78
40 41 6 39 83 3
40 42 29 48 81 44
40 43 98 66 25 71
40 44 14 84 44 48
40 45 79 81 76 37
40 46 37 60 32 17
40 47 10 11 61 10
40 48 0 38 8 43
40 49 84 49 69 30
40 50 87 15 59 95
40 51 47 22 64 19
40 52 69 73 29 13
40 53 29 87 34 12
40 54 65 38 42 16
40 55 32 16 76 65
40 56 96 57 50 70
40 57 58 41 85 49
40 58 8 82 80 57
40 59 98 52 32 60
40 60 11 68 80 79
40 61 84 49 42 39
40 62 2 60 24 7
40 63 23 42 24 23
40 64 99 25 98 46
40 65 71 10 16 8
40 66 3 58 14 53
40 67 15 46 47 19
40 68 51 56 43 78
40 69 10 9 73 63
40 70 41 33 52 72
40 71 76 83 51 66
40 72 3 4 42 48
40 73 19 78 13 41
40 74 35 25 47 38
40 75 8 12 80 11
40 76 78 49 94 36
40 77 97 74 16 76
40 78 59 23 91 83
40 79 90 11 32 91
40 80 24 20 36 85
40 81 16 56 78 32
40 82 56 86 70 55
40 83 33 10 70 37
40 84 97 51 27 66
40 85 84 48 54 60
40 86 73 31 17 73
40 87 22 21 38 82
40 88 68 50 19 12
40 89 31 42 53 40
40 90 15 31 71 38
40 91 33 19 15 53
40 92 92 94 15 42
40 93 57 57 86 53
40 94 91 43 58 11
40 95 63 57 70 75
40 96 15 17 17 77
40 97 51 92 72 5
40 98 27 45 7 59
40 99 98 45 64 81
41 42 63 56 56 12
41 43 76 27 86 69
41 44 25 31 91 79
41 45 86 97 78 75
41 46 75 55 23 43
41 47 75 55 41 16
41 48 1 37 12 80
41 49 68 74 23 33
41 50 17 6 37 61
41 51 83 30 57 58
41 52 34 7 33 20
41 53 4 26 69 32
41 54 16 77 50 34
41 55 28 21 17 79
41 56 78 89 12 30
41 57 22 52 28 2
41 58 95 67 94 34
41 59 96 86 58 37
41 60 77 48 57 83
41 61 1 36 65 67
41 62 87 75 67 96
41 63 18 29 60 28
41 64 39 83 11 81
41 65 94 73 73 63
41 66 87 22 20 80
41 67 4 69 13 28
41 68 1 80 25 19
41 69 27 60 39 39
41 70 61 68 60 62
41 71 94 91 43 44
41 72 95 27 40 71
41 73 75 94 35 41
41 74 56 70 61 20
41 75 44 8 41 32
41 76 41 76 32 34
41 77 69 83 27 73
41 78 90 21 89 25
41 79 3 58 5 84
41 80 7 34 43 7
41 81 42 40 78 74
41 82 17 48 29 71
41 83 18 38 87 77
41 84 79 28 23 36
41 85 70 61 83 40
41 86 34 12 11 21
41 87 21 54 23 74
41 88 43 35 24 53
41 89 20 26 34 45
41 90 98 67 71 93
41 91 19 26 71 83
41 92 6 64 82 78
41 93 36 85 58 69
41 94 51 27 49 12
41 95 38 17 12 4
41 96 34 12 15 7
41 97 55 21 75 28
41 98 77 9 22 16
41 99 67 23 45 23
42 43 93 82 65 85
42 44 98 27 83 75
42 45 17 4 27 57
42 46 8 47 73 82
42 47 75 72 31 96
42 48 70 81 44 41
42 49 80 22 61 94
42 50 61 43 91 30
42 51 52 37 11 93
42 52 32 89 62 80
42 53 49 7 33 37
42 54 56 59 86 10
42 55 68 67 71 73
42 56 28 28 40 19
42 57 48 34 13 62
42 58 18 21 37 5
42 59 98 91 85 14
42 60 11 29 52 46
42 61 30 19 54 83
42 62 95 57 64 94
42 63 42 13 71 53
42 64 18 3 71 15
42 65 69 20 37 16
42 66 45 23 22 25
42 67 83 34 24 83
42 68 14 12 73 18
42 69 16 60 36 84
42 70 54 21 21 68
42 71 25 4 52 32
42 72 75 52 32 42
42 73 5 83 70 42
42 74 77 11 31 66
42 75 11 13 17 66
42 76 75 16 22 34
42 77 12 18 48 64
42 78 61 72 17 82
42 79 20 46 13 16
42 80 39 42 27 79
42 81 14 50 32 66
42 82 37 10 83 31
42 83 50 53 80 48
42 84 42 81 38 93
42 85 71 23 75 58
42 86 84 79 80 44
42 87 36 75 28 22
42 88 12 73 72 29
42 89 82 37 96 34
42 90 49 25 42 25
42 91 76 86 38 52
42 92 76 26 87 32
42 93 36 85 80 81
42 94 67 45 11 28
42 95 5 48 62 88
42 96 68 94 43 67
42 97 96 19 66 77
42 98 97 65 12 17
42 99 84 68 91 85
43 44 22 77 30 31
43 45 56 81 10 12
43 46 15 30 85 11
43 47 81 25 52 27
43 48 86 41 78 53
43 49 92 38 86 55
43 50 58 90 78 11
43 51 47 20 12 91
43 52 83 30 28 89
43 53 9 81 33 22
43 54 98 79 87 40
43 55 33 40 72 44
43 56 36 47 34 88
43 57 85 84 52 96
43 58 30 69 85 86
43 59 55 58 43 81
43 60 69 16 39 40
43 61 58 44 79 67
43 62 66 36 94 63
43 63 79 58 38 63
43 64 46 91 86 59
43 65 10 24 7 40
43 66 50 72 84 43
43 67 73 34 29 12
43 68 82 48 73 32
43 69 27 17 34 50
43 70 16 37 37 8
43 71 98 99 63 65
43 72 70 57 83 89
43 73 15 33 44 10
43 74 34 8 8 40
43 75 9 47 59 81
43 76 49 51 36 83
43 77 99 80 24 28
43 78 71 69 8 78
43 79 86 19 48 51
43 80 41 11 57 43
43 81 47 11 69 77
43 82 10 36 53 85
43 83 14 67 56 2
43 84 34 49 12 79
43 85 99 90 91 97
43 86 23 21 29 54
43 87 55 52 62 18
43 88 49 80 16 22
43 89 56 63 34 49
43 90 16 2 83 13
43 91 21 6 15 68
43 92 97 46 64 68
43 93 97 13 62 58
43 94 53 44 49 45
43 95 84 91 97 15
43 96 68 37 43 57
43 97 40 68 6 7
43 98 12 45 8 30
43 99 85 74 14 19
44 45 84 80 88 45
44 46 95 41 89 88
44 47 71 22 24 29
44 48 45 88 48 49
44 49 89 19 23 65
44 50 45 30 19 84
44 51 43 73 25 49
44 52 15 23 16 4
44 53 69 9 37 66
44 54 1 18 30 84
44 55 98 84 63 28
44 56 73 25 41 29
44 57 91 73 45 45
44 58 51 26 55 5
44 59 44 9 88 10
44 60 7 65 50 77
44 61 36 39 76 89
44 62 79 48 56 90
44 63 21 9 86 51
44 64 73 9 96 79
44 65 10 32 20 11
44 66 17 76 54 34
44 67 26 42 53 40
44 68 98 66 13 31
44 69 91 60 51 76
44 70 62 63 56 86
44 71 29 45 50 45
44 72 18 55 10 86
44 73 72 33 39 82
44 74 33 40 91 13
44 75 8 20 47 88
44 76 9 1 87 25
44 77 71 37 65 48
44 78 57 85 64 90
44 79 27 18 14 14
44 80 76 22 80 58
44 81 52 24 28 81
44 82 77 17 8 41
44 83 29 42 86 89
44 84 57 21 86 41
44 85 40 33 87 40
44 86 33 9 71 68
44 87 49 18 20 34
44 88 51 37 76 69
44 89 38 20 61 16
44 90 13 87 12 72
44 91 25 48 19 71
44 92 28 7 54 7
44 93 73 37 36 93
44 94 62 22 89 61
44 95 58 14 16 24
44 96 37 42 54 28
44 97 27 63 59 53
44 98 61 49 24 50
44 99 43 60 75 10
45 46 34 69 68 31
45 47 56 88 14 12
45 48 6 1 68 87
45 49 10 3 2 20
45 50 54 69 45 22
45 51 56 50 45 6
45 52 91 90 13 83
45 53 41 75 24 51
45 54 50 21 91 92
45 55 3 20 65 12
45 56 56 81 30 29
45 57 35 53 54 35
45 58 67 35 93 62
45 59 85 61 8 31
45 60 45 59 81 26
45 61 15 3 13 33
45 62 86 79 55 86
45 63 96 97 97 22
45 64 95 63 47 74
45 65 86 95 20 29
45 66 47 12 14 89
45 67 81 80 41 25
45 68 22 61 71 20
45 69 68 50 64 78
45 70 2 39 83 82
45 71 63 83 19 40
45 72 96 92 78 37
45 73 7 89 75 31
45 74 93 14 17 74
45 75 66 64 37 17
45 76 2 89 36 36
45 77 73 77 20 77
45 78 36 9 27 37
45 79 27 79 81 58
45 80 6 90 30 41
45 81 52 62 12 53
45 82 55 79 11 60
45 83 32 27 45 24
45 84 80 87 45 9
45 85 49 52 76 62
45 86 42 65 26 9
45 87 37 43 13 62
45 88 83 90 93 30
45 89 5 66 51 20
45 90 72 13 52 57
45 91 51 50 81 76
45 92 47 89 30 7
45 93 33 68 79 90
45 94 82 30 40 21
45 95 29 84 82 16
45 96 45 36 79 60
45 97 10 37 37 83
45 98 87 88 53 64
45 99 29 5 57 29
46 47 96 59 28 38
46 48 24 20 66 82
46 49 60 78 7 42
46 50 97 35 69 94
46 51 52 37 84 91
46 52 33 36 61 89
46 53 71 84 50 16
46 54 2 89 27 57
46 55 71 45 10 19
46 56 67 22 77 77
46 57 87 76 35 12
46 58 45 81 61 71
46 59 65 85 12 24
46 60 77 68 60 32
46 61 73 50 21 61
46 62 8 41 33 46
46 63 53 72 75 75
46 64 42 41 72 19
46 65 67 56 33 50
46 66 9 36 27 78
46 67 68 85 79 33
46 68 18 3 16 83
46 69 18 25 39 34
46 70 57 64 68 12
46 71 80 78 9 84
46 72 59 46 52 33
46 73 70 43 12 18
46 74 3 46 1 32
46 75 35 43 79 19
46 76 67 36 75 49
46 77 56 31 84 43
46 78 61 9 75 39
46 79 50 26 56 50
46 80 84 23 67 18
46 81 85 90 98 22
46 82 74 91 45 52
46 83 69 63 50 54
46 84 18 50 82 22
46 85 11 60 36 28
46 86 21 50 58 33
46 87 40 63 27 35
46 88 51 34 87 82
46 89 62 63 92 83
46 90 14 42 51 32
46 91 34 76 9 86
46 92 33 54 7 23
46 93 74 64 47 57
46 94 3 82 83 69
46 95 95 16 44 52
46 96 8 5 4 58
46 97 81 16 73 11
46 98 55 48 84 16
46 99 61 64 91 90
47 48 11 4 89 74
47 49 88 94 37 42
47 50 80 44 32 96
47 51 23 14 88 28
47 52 79 39 86 57
47 53 71 85 90 38
47 54 19 72 56 63
47 55 67 66 57 17
47 56 4 53 56 79
47 57 98 93 24 68
47 58 51 23 22 17
47 59 83 48 11 34
47 60 6 37 71 3
47 61 82 84 74 30
47 62 16 83 28 64
47 63 1 50 23 28
47 64 42 84 55 76
47 65 71 27 57 68
47 66 59 90 8 31
47 67 34 86 18 38
47 68 15 72 83 49
47 69 95 84 27 64
47 70 71 26 40 48
47 71 20 23 56 6
47 72 88 48 75 81
47 73 28 79 32 89
47 74 94 60 56 10
47 75 29 45 35 45
47 76 49 92 60 31
47 77 71 50 15 40
47 78 15 39 15 11
47 79 72 18 45 28
47 80 41 74 34 62
47 81 57 19 34 37
47 82 16 71 72 65
47 83 26 38 47 47
47 84 15 23 54 24
47 85 50 15 42 66
47 86 53 19 19 50
47 87 27 67 90 71
47 88 95 78 70 24
47 89 51 57 17 45
47 90 89 32 80 59
47 91 29 53 33 43
47 92 26 19 82 62
47 93 11 45 60 75
47 94 3 11 24 61
47 95 6 23 12 86
47 96 4 46 62 21
47 97 16 7 2 87
47 98 29 73 43 35
47 99 56 21 11 6
48 49 60 91 93 8
48 50 32 70 63 83
48 51 31 79 37 91
48 52 35 38 52 73
48 53 95 78 21 45
48 54 68 44 11 29
48 55 24 35 57 55
48 56 46 55 84 16
48 57 86 40 63 36
48 58 96 28 27 25
48 59 50 56 31 35
48 60 62 29 79 92
48 61 39 19 39 45
48 62 43 69 49 51
48 63 59 19 42 13
48 64 60 57 81 36
48 65 29 37 60 90
48 66 48 48 76 35
48 67 58 34 65 63
48 68 52 55 41 34
48 69 86 84 62 91
48 70 47 85 78 9
48 71 23 56 85 47
48 72 16 59 71 10
48 73 72 59 79 18
48 74 80 79 79 42
48 75 23 52 24 34
48 76 35 35 24 39
48 77 8 44 16 63
48 78 26 53 83 32
48 79 39 74 62 43
48 80 82 34 12 85
48 81 44 8 61 64
48 82 93 21 62 66
48 83 97 28 23 55
48 84 0 39 82 45
48 85 74 84 28 19
48 86 81 55 85 95
48 87 88 44 42 64
48 88 94 66 18 89
48 89 63 86 44 77
48 90 68 37 19 40
48 91 43 40 86 40
48 92 8 65 37 89
48 93 97 88 10 99
48 94 13 72 53 61
48 95 88 27 73 82
48 96 27 84 66 65
48 97 59 67 50 59
48 98 98 63 84 97
48 99 82 40 94 53
49 50 36 19 10 4
49 51 26 30 17 27
49 52 66 23 73 86
49 53 14 13 36 16
49 54 15 77 69 39
49 55 35 54 24 26
49 56 19 88 42 23
49 57 58 64 9 19
49 58 14 29 6 9
49 59 39 5 58 32
49 60 74 90 90 88
49 61 95 68 25 66
49 62 55 93 80 50
49 63 56 87 85 18
49 64 99 58 76 84
49 65 33 27 92 85
49 66 61 47 52 11
49 67 70 91 86 62
49 68 54 92 34 38
49 69 83 11 26 74
49 70 57 37 76 34
49 71 61 61 14 77
49 72 58 87 63 20
49 73 64 93 83 22
49 74 30 53 27 51
49 75 4 26 56 1
49 76 6 19 18 10
49 77 89 73 12 54
49 78 63 21 27 14
49 79 0 4 44 13
49 80 25 78 82 90
49 81 37 15 12 12
49 82 74 15 14 38
49 83 37 55 27 67
49 84 49 55 65 53
49 85 12 44 13 80
49 86 54 75 26 20
49 87 36 93 42 53
49 88 61 27 27 90
49 89 86 11 29 75
49 90 27 36 79 52
49 91 23 81 44 31
49 92 19 67 48 88
49 93 55 15 44 32
49 94 66 91 70 85
49 95 12 84 51 2
49 96 17 32 58 38
49 97 30 52 68 60
49 98 57 81 37 59
49 99 71 94 23 42
50 51 75 44 88 66
50 52 5 67 41 55
50 53 54 27 54 33
50 54 37 23 69 6
50 55 10 52 77 10
50 56 49 54 56 91
50 57 23 41 18 6
50 58 71 64 79 60
50 59 8 41 19 43
50 60 28 9 29 32
50 61 55 61 20 24
50 62 30 69 88 43
50 63 50 37 10 14
50 64 47 87 59 25
50 65 62 12 45 95
50 66 79 28 28 47
50 67 44 59 66 24
50 68 26 62 71 25
50 69 74 50 72 27
50 70 55 27 26 30
50 71 9 71 5 67
50 72 27 46 57 35
50 73 75 87 37 91
50 74 77 33 85 83
50 75 27 41 41 87
50 76 3 62 82 83
50 77 3 39 57 58
50 78 60 43 69 18
50 79 13 64 71 80
50 80 68 81 86 50
50 81 60 11 41 70
50 82 47 17 23 71
50 83 97 45 54 31
50 84 56 38 70 7
50 85 20 91 28 67
50 86 62 90 85 42
50 87 33 18 92 29
50 88 98 96 26 90
50 89 6 10 40 49
50 90 53 74 72 39
50 91 25 28 69 7
50 92 46 64 67 49
50 93 3 81 18 61
50 94 71 32 96 70
50 95 47 20 32 35
50 96 88 63 59 90
50 97 52 13 61 21
50 98 84 54 77 90
50 99 52 60 13 82
51 52 20 45 40 67
51 53 25 58 21 62
51 54 81 9 93 42
51 55 43 46 9 6
51 56 70 21 57 7
51 57 26 27 13 34
51 58 33 19 68 11
51 59 33 50 50 81
51 60 94 84 30 29
51 61 65 76 49 71
51 62 81 19 72 39
51 63 88 48 80 98
51 64 64 83 22 62
51 65 18 11 84 13
51 66 88 45 98 92
51 67 42 56 62 73
51 68 87 77 21 59
51 69 38 64 30 30
51 70 23 54 12 10
51 71 76 21 27 29
51 72 83 51 26 42
51 73 31 31 68 36
51 74 85 83 67 62
51 75 7 44 64 46
51 76 96 30 23 77
51 77 28 13 4 61
51 78 41 24 18 32
51 79 97 80 47 94
51 80 57 91 11 66
51 81 57 89 57 71
51 82 9 79 71 10
51 83 24 40 23 59
51 84 71 58 23 89
51 85 51 58 28 93
51 86 62 70 33 61
51 87 97 54 10 74
51 88 53 18 58 26
51 89 82 36 35 33
51 90 89 36 65 64
51 91 65 72 30 12
51 92 46 63 27 38
51 93 67 87 87 13
51 94 19 59 33 74
51 95 55 88 28 88
51 96 94 22 35 72
51 97 90 24 12 50
51 98 71 93 65 96
51 99 59 77 34 67
52 53 85 62 29 63
52 54 94 26 98 74
52 55 90 30 66 77
52 56 58 74 26 65
52 57 92 23 67 27
52 58 82 89 19 81
52 59 73 49 35 63
52 60 66 86 19 70
52 61 26 81 90 91
52 62 24 22 53 85
52 63 87 32 73 64
52 64 82 30 45 86
52 65 90 61 97 37
52 66 92 39 24 43
52 67 78 56 52 65
52 68 44 72 40 83
52 69 38 71 10 69
52 70 82 89 95 94
52 71 59 44 38 48
52 72 27 33 9 3
52 73 5 11 52 77
52 74 0 37 22 19
52 75 43 27 41 30
52 76 44 28 20 30
52 77 49 68 71 5
52 78 63 19 36 30
52 79 83 55 53 40
52 80 17 78 44 32
52 81 70 86 77 85
52 82 5 12 79 30
52 83 9 81 37 37
52 84 18 68 21 3
52 85 62 64 65 74
52 86 87 41 27 81
52 87 33 5 15 64
52 88 90 29 98 33
52 89 55 69 77 73
52 90 90 55 54 21
52 91 58 35 19 66
52 92 43 81 20 29
52 93 62 91 26 35
52 94 13 7 82 83
52 95 81 28 32 38
52 96 16 16 36 3
52 97 87 36 11 23
52 98 47 50 77 79
52 99 42 71 91 78
53 54 38 92 54 55
53 55 36 53 18 81
53 56 61 32 67 83
53 57 97 71 58 84
53 58 0 58 83 3
53 59 97 51 11 80
53 60 64 65 31 67
53 61 79 55 31 61
53 62 55 88 40 93
53 63 6 5 29 63
53 64 33 91 84 58
53 65 25 73 39 10
53 66 65 51 34 16
53 67 59 18 32 19
53 68 76 48 85 49
53 69 54 37 34 12
53 70 52 20 23 32
53 71 95 62 32 45
53 72 89 95 58 87
53 73 83 16 35 61
53 74 74 51 74 72
53 75 8 84 6 19
53 76 35 12 28 88
53 77 55 79 85 15
53 78 18 4 22 56
53 79 3 75 45 52
53 80 87 87 32 75
53 81 91 70 9 92
53 82 77 24 53 12
53 83 55 46 41 18
53 84 20 86 10 60
53 85 26 82 26 18
53 86 45 26 21 41
53 87 65 48 39 87
53 88 45 25 40 83
53 89 0 47 56 65
53 90 71 48 58 34
53 91 78 26 72 81
53 92 69 72 17 88
53 93 97 80 34 43
53 94 69 20 32 77
53 95 58 94 46 86
53 96 53 30 49 32
53 97 78 43 40 19
53 98 71 96 14 15
53 99 27 30 9 57
54 55 95 53 50 21
54 56 10 51 35 75
54 57 50 32 72 21
54 58 35 68 73 27
54 59 40 80 51 87
54 60 12 20 69 51
54 61 74 86 59 31
54 62 65 47 78 80
54 63 14 51 23 87
54 64 55 85 80 9
54 65 17 45 42 38
54 66 23 17 68 88
54 67 7 70 17 10
54 68 14 15 3 28
54 69 60 65 90 83
54 70 95 14 58 50
54 71 57 5 77 90
54 72 22 17 18 50
54 73 57 29 23 94
54 74 47 80 62 77
54 75 37 16 67 21
54 76 99 33 35 81
54 77 6 75 57 8
54 78 87 17 52 18
54 79 29 29 54 20
54 80 56 60 54 15
54 81 51 33 36 39
54 82 56 53 52 86
54 83 6 20 29 44
54 84 51 79 91 78
54 85 0 26 62 40
54 86 69 37 94 83
54 87 97 33 29 36
54 88 91 73 58 76
54 89 0 51 69 68
54 90 93 82 61 93
54 91 8 71 19 40
54 92 13 69 41 25
54 93 19 91 47 37
54 94 55 17 52 45
54 95 19 2 15 31
54 96 26 68 15 27
54 97 80 94 97 43
54 98 1 64 12 47
54 99 76 60 12 41
55 56 57 77 36 62
55 57 2 13 0 83
55 58 98 52 30 80
55 59 25 75 56 3
55 60 8 55 16 22
55 61 98 20 96 92
55 62 90 85 27 13
55 63 11 24 85 28
55 64 7 62 83 82
55 65 50 35 61 27
55 66 17 31 74 91
55 67 20 7 47 78
55 68 87 49 37 58
55 69 21 88 27 37
55 70 68 83 11 94
55 71 51 92 89 52
55 72 86 20 82 84
55 73 99 90 40 96
55 74 75 46 38 38
55 75 19 34 2 27
55 76 85 31 44 74
55 77 83 46 37 51
55 78 68 95 24 91
55 79 90 63 15 90
55 80 83 42 21 34
55 81 89 93 55 28
55 82 38 76 75 25
55 83 19 28 16 37
55 84 52 49 84 52
55 85 45 70 6 45
55 86 98 84 41 75
55 87 89 9 27 62
55 88 26 29 43 53
55 89 83 61 22 24
55 90 64 84 36 51
55 91 63 72 26 23
55 92 15 10 83 55
55 93 91 69 67 55
55 94 97 24 62 43
55 95 49 61 29 20
55 96 1 57 89 19
55 97 81 18 92 31
55 98 17 23 83 12
55 99 97 55 71 81
56 57 82 64 47 52
56 58 12 72 7 76
56 59 72 45 56 54
56 60 91 17 73 38
56 61 80 95 50 31
56 62 19 68 33 58
56 63 13 87 6 11
56 64 99 18 28 90
56 65 2 38 21 24
56 66 59 92 95 46
56 67 28 31 88 60
56 68 80 50 57 21
56 69 68 29 9 75
56 70 46 94 48 87
56 71 1 2 8 77
56 72 71 52 9 37
56 73 5 46 25 65
56 74 37 4 8 8
56 75 92 20 64 43
56 76 3 2 73 57
56 77 57 24 7 67
56 78 39 85 35 76
56 79 20 23 76 49
56 80 86 40 98 82
56 81 61 92 41 13
56 82 16 37 56 32
56 83 52 8 25 88
56 84 19 5 77 90
56 85 68 79 80 29
56 86 84 68 49 27
56 87 31 88 62 22
56 88 85 72 9 48
56 89 67 48 96 81
56 90 62 58 59 29
56 91 28 50 23 67
56 92 84 8 55 19
56 93 4 84 57 41
56 94 26 13 83 63
56 95 98 92 73 15
56 96 95 41 82 77
56 97 68 63 71 31
56 98 70 76 82 90
56 99 46 40 22 16
57 58 2 71 80 80
57 59 42 36 88 86
57 60 30 60 80 92
57 61 38 86 62 34
57 62 92 55 55 12
57 63 82 85 84 37
57 64 56 58 41 90
57 65 91 93 36 47
57 66 70 72 89 25
57 67 86 30 82 95
57 68 33 61 81 82
57 69 93 83 64 47
57 70 60 64 7 8
57 71 80 76 69 36
57 72 0 31 66 34
57 73 21 2 2 2
57 74 19 52 30 52
57 75 34 45 29 84
57 76 77 45 12 47
57 77 36 63 44 81
57 78 6 13 51 48
57 79 50 58 30 94
57 80 83 89 75 70
57 81 38 70 69 63
57 82 54 52 55 11
57 83 24 90 8 20
57 84 28 74 36 81
57 85 74 46 87 92
57 86 23 56 73 65
57 87 70 39 80 83
57 88 48 63 83 90
57 89 1 16 73 85
57 90 40 83 85 68
57 91 38 85 36 51
57 92 88 19 23 47
57 93 42 51 38 58
57 94 86 57 89 12
57 95 59 35 54 54
57 96 35 54 23 76
57 97 23 81 6 42
57 98 15 32 87 33
57 99 69 61 56 39
58 59 19 30 3 82
58 60 54 31 65 69
58 61 25 71 67 28
58 62 35 15 71 64
58 63 61 79 41 34
58 64 18 39 8 69
58 65 19 89 79 8
58 66 17 59 21 72
58 67 5 3 65 23
58 68 65 89 52 25
58 69 88 50 38 77
58 70 7 28 81 10
58 71 35 32 77 52
58 72 9 20 63 72
58 73 40 41 48 32
58 74 36 8 15 17
58 75 53 71 80 63
58 76 30 30 4 40
58 77 34 14 13 50
58 78 79 34 72 26
58 79 17 59 21 73
58 80 22 87 15 89
58 81 67 47 77 86
58 82 36 85 92 34
58 83 40 89 43 62
58 84 68 91 75 72
58 85 23 65 60 4
58 86 86 20 60 70
58 87 12 77 59 40
58 88 41 67 16 48
58 89 25 26 53 29
58 90 41 65 16 71
58 91 87 14 71 29
58 92 68 81 94 60
58 93 67 41 71 70
58 94 57 87 8 62
58 95 66 85 11 76
58 96 27 43 64 45
58 97 32 36 39 89
58 98 63 66 17 42
58 99 69 30 24 92
59 60 49 30 53 82
59 61 44 14 44 15
59 62 29 17 80 41
59 63 47 65 25 73
59 64 14 27 5 28
59 65 98 48 24 63
59 66 76 9 74 52
59 67 19 53 8 9
59 68 38 33 65 56
59 69 27 73 47 16
59 70 67 12 77 74
59 71 4 22 39 5
59 72 99 87 76 96
59 73 84 56 74 70
59 74 48 46 92 22
59 75 51 55 60 14
59 76 37 79 28 82
59 77 93 84 40 13
59 78 79 66 20 33
59 79 68 53 55 18
59 80 31 72 45 51
59 81 52 87 53 61
59 82 39 42 20 27
59 83 35 89 43 59
59 84 19 91 7 37
59 85 93 41 39 12
59 86 42 41 11 49
59 87 45 27 23 87
59 88 69 55 33 70
59 89 29 75 62 79
59 90 66 23 78 92
59 91 42 90 88 18
59 92 44 25 44 50
59 93 53 30 37 52
59 94 61 85 93 67
59 95 53 62 39 87
59 96 11 22 63 77
59 97 49 82 32 88
59 98 68 10 44 25
59 99 10 3 54 19
60 61 42 30 94 53
60 62 37 84 17 88
60 63 8 79 4 48
60 64 8 17 61 83
60 65 52 69 58 28
60 66 18 73 83 27
60 67 50 35 77 34
60 68 53 31 51 86
60 69 36 77 66 86
60 70 58 65 84 36
60 71 54 16 60 78
60 72 83 97 91 98
60 73 86 89 56 48
60 74 46 92 28 86
60 75 20 40 69 11
60 76 71 33 47 10
60 77 94 13 43 52
60 78 29 40 16 11
60 79 17 17 20 52
60 80 8 4 76 61
60 81 78 65 28 28
60 82 77 78 48 15
60 83 79 82 41 37
60 84 85 32 17 86
60 85 48 54 28 49
60 86 1 69 24 6
60 87 53 81 17 63
60 88 99 25 89 19
60 89 56 26 62 35
60 90 72 67 76 76
60 91 99 37 95 16
60 92 62 43 46 29
60 93 87 65 33 31
60 94 71 89 70 60
60 95 95 86 57 76
60 96 95 38 24 63
60 97 78 22 64 48
60 98 72 78 60 91
60 99 59 53 78 28
61 62 67 7 47 61
61 63 76 71 60 43
61 64 42 62 85 23
61 65 97 34 94 48
61 66 49 78 42 86
61 67 26 47 83 21
61 68 96 19 28 79
61 69 37 54 61 7
61 70 17 49 63 84
61 71 54 21 63 12
61 72 8 65 73 25
61 73 19 46 34 5
61 74 56 88 14 32
61 75 18 35 88 71
61 76 20 29 76 62
61 77 26 83 62 48
61 78 60 9 22 92
61 79 44 35 37 33
61 80 17 87 47 16
61 81 65 51 44 34
61 82 48 31 73 37
61 83 15 54 81 57
61 84 2 17 68 71
61 85 53 61 93 55
61 86 10 23 75 76
61 87 16 89 60 4
61 88 8 37 76 31
61 89 19 6 41 88
61 90 7 47 25 80
61 91 10 25 18 19
61 92 93 78 59 48
61 93 79 72 16 84
61 94 93 82 14 63
61 95 35 5 74 15
61 96 20 62 60 39
61 97 43 62 53 39
61 98 88 95 78 16
61 99 44 50 66 61
62 63 95 54 63 67
62 64 50 29 86 42
62 65 90 37 30 81
62 66 7 25 43 31
62 67 41 22 10 25
62 68 5 9 52 67
62 69 97 25 74 24
62 70 95 42 47 29
62 71 19 7 17 3
62 72 50 27 94 45
62 73 14 19 22 46
62 74 96 84 28 11
62 75 73 29 14 27
62 76 49 26 89 74
62 77 85 82 15 47
62 78 38 54 82 36
62 79 32 37 66 3
62 80 25 71 89 13
62 81 80 66 69 83
62 82 22 11 77 90
62 83 43 39 28 86
62 84 86 16 66 14
62 85 22 74 69 78
62 86 85 69 55 84
62 87 71 81 16 11
62 88 25 14 70 37
62 89 81 57 66 49
62 90 79 87 33 19
62 91 47 30 66 34
62 92 16 57 34 71
62 93 79 18 34 82
62 94 71 84 59 59
62 95 60 10 10 38
62 96 27 75 32 8
62 97 60 32 67 95
62 98 77 23 80 7
62 99 77 45 31 73
63 64 38 16 82 44
63 65 8 88 42 49
63 66 42 52 75 18
63 67 20 78 4 31
63 68 41 13 37 29
63 69 0 69 49 79
63 70 15 84 64 11
63 71 97 76 22 47
63 72 65 73 10 13
63 73 15 60 77 35
63 74 77 53 60 76
63 75 56 64 69 83
63 76 12 6 89 8
63 77 87 84 31 62
63 78 18 67 53 87
63 79 32 29 53 67
63 80 52 57 71 69
63 81 44 37 52 65
63 82 57 75 85 18
63 83 92 26 17 59
63 84 93 79 42 59
63 85 74 76 46 29
63 86 21 8 15 71
63 87 48 38 89 20
63 88 71 17 82 47
63 89 93 44 20 15
63 90 88 70 39 14
63 91 1 26 43 85
63 92 94 29 74 41
63 93 11 28 76 12
63 94 41 76 90 67
63 95 22 34 9 80
63 96 89 83 96 32
63 97 39 84 56 23
63 98 82 67 59 28
63 99 6 2 50 21
64 65 96 41 38 85
64 66 29 39 77 38
64 67 80 87 11 13
64 68 7 64 86 26
64 69 3 2 19 83
64 70 92 78 67 13
64 71 95 59 17 71
64 72 74 40 95 95
64 73 87 70 83 12
64 74 24 13 81 64
64 75 5 32 12 11
64 76 54 43 60 45
64 77 20 44 40 2
64 78 80 12 68 43
64 79 9 73 46 53
64 80 74 10 77 26
64 81 80 83 27 56
64 82 71 48 9 77
64 83 30 83 20 72
64 84 61 83 25 22
64 85 14 56 54 89
64 86 76 53 90 8
64 87 79 77 21 30
64 88 29 45 47 35
64 89 58 91 46 81
64 90 27 19 15 24
64 91 55 72 87 30
64 92 50 92 54 82
64 93 11 1 39 65
64 94 22 41 43 22
64 95 78 55 46 83
64 96 96 60 99 67
64 97 10 90 82 4
64 98 94 38 13 85
64 99 97 65 82 50
65 66 76 87 31 61
65 67 45 27 50 84
65 68 82 21 38 96
65 69 23 76 13 91
65 70 36 51 50 87
65 71 49 47 80 73
65 72 70 65 73 65
65 73 81 64 78 64
65 74 31 37 90 85
65 75 98 85 16 35
65 76 52 7 36 84
65 77 79 50 40 82
65 78 83 12 98 15
65 79 94 24 79 73
65 80 39 10 31 42
65 81 69 11 39 48
65 82 54 17 73 74
65 83 51 67 40 67
65 84 76 88 31 49
65 85 85 63 75 52
65 86 76 57 70 83
65 87 91 44 42 93
65 88 47 62 51 67
65 89 51 28 58 8
65 90 67 94 9 85
65 91 33 67 29 78
65 92 67 76 10 34
65 93 94 19 83 16
65 94 84 87 18 10
65 95 72 20 84 38
65 96 11 2 43 3
65 97 95 69 42 38
65 98 92 63 39 41
65 99 12 57 67 5
66 67 17 55 6 42
66 68 93 52 55 18
66 69 30 54 88 3
66 70 22 59 91 55
66 71 45 45 24 7
66 72 44 50 55 37
66 73 17 49 89 14
66 74 84 84 13 72
66 75 86 81 11 10
66 76 50 89 70 64
66 77 59 23 32 62
66 78 35 92 27 36
66 79 33 17 43 25
66 80 5 66 0 68
66 81 45 87 39 12
66 82 61 47 51 59
66 83 46 29 34 49
66 84 45 72 30 46
66 85 41 23 75 8
66 86 80 86 97 70
66 87 98 80 28 66
66 88 94 42 80 94
66 89 98 98 59 66
66 90 68 44 89 92
66 91 80 39 25 64
66 92 21 69 49 71
66 93 62 31 64 50
66 94 39 36 7 74
66 95 74 30 57 36
66 96 71 25 26 55
66 97 62 23 68 12
66 98 67 91 32 44
66 99 34 80 92 76
67 68 9 89 75 79
67 69 22 83 24 42
67 70 89 97 98 24
67 71 41 13 78 11
67 72 63 72 20 27
67 73 34 36 17 67
67 74 20 23 48 77
67 75 2 30 27 54
67 76 3 43 29 62
67 77 3 3 45 2
67 78 69 35 15 51
67 79 85 23 86 39
67 80 11 23 79 9
67 81 9 36 48 69
67 82 5 24 18 16
67 83 42 78 52 56
67 84 80 73 73 50
67 85 19 86 20 27
67 86 65 93 75 30
67 87 14 51 88 84
67 88 0 44 64 12
67 89 86 17 10 38
67 90 55 85 93 9
67 91 49 67 64 40
67 92 25 50 31 44
67 93 78 17 97 84
67 94 95 52 54 86
67 95 96 26 83 49
67 96 96 40 19 75
67 97 14 22 47 72
67 98 1 32 51 23
67 99 15 55 15 20
68 69 32 79 64 25
68 70 14 3 85 56
68 71 89 18 22 14
68 72 83 69 27 47
68 73 25 79 37 8
68 74 59 67 88 52
68 75 70 63 25 75
68 76 28 30 70 53
68 77 7 34 76 86
68 78 90 88 89 65
68 79 62 63 62 9
68 80 84 33 83 42
68 81 18 63 6 73
68 82 55 73 8 93
68 83 73 43 12 21
68 84 13 74 19 41
68 85 26 31 23 79
68 86 41 62 7 68
68 87 87 35 77 9
68 88 40 79 53 72
68 89 69 23 67 33
68 90 86 48 57 41
68 91 1 76 60 22
68 92 86 74 88 17
68 93 89 39 91 29
68 94 18 89 16 61
68 95 75 25 85 82
68 96 6 52 42 54
68 97 85 98 44 68
68 98 5 6 54 32
68 99 85 25 71 70
69 70 11 44 85 41
69 71 94 67 80 78
69 72 78 92 91 49
69 73 5 62 23 21
69 74 87 12 22 61
69 75 57 38 7 65
69 76 53 89 28 42
69 77 33 59 45 61
69 78 56 13 86 31
69 79 50 22 86 76
69 80 77 93 67 80
69 81 81 17 53 28
69 82 7 7 57 49
69 83 6 22 42 16
69 84 89 43 74 97
69 85 80 26 33 18
69 86 44 63 46 42
69 87 32 37 58 91
69 88 31 21 9 8
69 89 31 10 88 81
69 90 33 25 38 61
69 91 29 27 10 47
69 92 7 2 58 72
69 93 12 25 30 71
69 94 24 60 72 62
69 95 76 81 24 83
69 96 46 18 57 8
69 97 45 26 75 48
69 98 93 28 56 20
69 99 58 46 63 69
70 71 89 58 28 94
70 72 75 15 81 88
70 73 23 10 75 31
70 74 66 55 91 24
70 75 16 48 13 65
70 76 29 61 32 59
70 77 99 52 90 72
70 78 41 82 71 33
70 79 37 5 90 21
70 80 65 51 52 51
70 81 37 60 7 75
70 82 70 96 33 42
70 83 90 78 28 90
70 84 49 68 76 54
70 85 61 56 60 35
70 86 11 3 84 3
70 87 27 54 39 26
70 88 74 39 81 69
70 89 24 25 86 85
70 90 7 36 15 45
70 91 52 7 18 94
70 92 88 33 95 15
70 93 58 62 25 20
70 94 42 25 34 79
70 95 98 24 97 68
70 96 65 64 72 43
70 97 40 50 90 12
70 98 47 27 66 31
70 99 69 48 22 59
71 72 59 29 46 14
71 73 56 94 50 7
71 74 93 20 68 68
71 75 69 19 49 54
71 76 69 41 94 27
71 77 5 61 46 19
71 78 2 69 73 61
71 79 95 84 91 55
71 80 87 50 20 14
71 81 69 70 29 68
71 82 50 7 69 71
71 83 6 83 60 75
71 84 15 76 50 73
71 85 83 32 50 66
71 86 56 79 84 77
71 87 19 50 85 59
71 88 17 88 63 30
71 89 45 6 67 12
71 90 46 44 93 45
71 91 73 84 72 43
71 92 29 27 39 84
71 93 54 43 34 36
71 94 75 58 91 40
71 95 85 37 37 76
71 96 79 21 26 27
71 97 77 36 77 37
71 98 90 25 63 94
71 99 8 39 0 69
72 73 35 46 28 37
72 74 3 8 67 39
72 75 3 65 62 17
72 76 58 28 89 23
72 77 84 47 87 69
72 78 19 19 85 48
72 79 34 41 62 33
72 80 67 94 76 93
72 81 40 24 36 28
72 82 2 8 81 65
72 83 66 73 70 33
72 84 71 84 95 22
72 85 50 23 60 42
72 86 49 77 20 83
72 87 45 58 79 43
72 88 7 69 19 54
72 89 54 12 52 93
72 90 26 42 63 34
72 91 1 43 45 18
72 92 66 19 39 27
72 93 84 20 71 73
72 94 44 67 75 71
72 95 92 88 72 72
72 96 40 93 93 12
72 97 24 31 29 25
72 98 81 11 21 97
72 99 26 27 44 52
73 74 46 72 53 7
73 75 7 79 50 26
73 76 50 9 9 23
73 77 58 25 93 49
73 78 0 38 57 59
73 79 37 36 63 13
73 80 43 58 34 37
73 81 23 85 48 16
73 82 97 86 84 74
73 83 93 89 84 88
73 84 99 30 62 38
73 85 51 22 17 24
73 86 76 63 65 85
73 87 93 61 39 62
73 88 99 97 54 73
73 89 19 81 46 26
73 90 74 51 84 63
73 91 98 98 53 90
73 92 36 92 50 64
73 93 6 79 71 89
73 94 59 32 84 12
73 95 45 54 91 66
73 96 96 61 41 85
73 97 33 50 29 18
73 98 98 26 45 96
73 99 95 89 45 15
74 75 12 35 53 65
74 76 45 44 24 41
74 77 97 16 65 30
74 78 44 70 48 12
74 79 22 77 51 66
74 80 26 9 10 24
74 81 39 17 51 33
74 82 29 87 73 41
74 83 59 93 84 58
74 84 85 80 16 16
74 85 64 36 27 33
74 86 59 84 78 79
74 87 18 11 74 19
74 88 36 14 87 33
74 89 69 59 62 35
74 90 76 17 47 41
74 91 71 11 58 82
74 92 76 40 85 68
74 93 61 20 60 79
74 94 44 49 88 23
74 95 97 92 33 81
74 96 61 63 87 28
74 97 54 11 50 70
74 98 21 43 14 7
74 99 60 71 59 38
75 76 66 90 31 21
75 77 23 39 34 89
75 78 29 30 4 55
75 79 68 49 31 12
75 80 65 58 89 24
75 81 27 36 9 60
75 82 15 56 45 3
75 83 97 49 84 97
75 84 11 9 67 49
75 85 31 17 41 43
75 86 0 27 9 18
75 87 81 77 67 33
75 88 97 37 31 16
75 89 99 12 61 14
75 90 30 48 87 27
75 91 68 48 63 65
75 92 57 83 56 79
75 93 64 29 74 8
75 94 66 90 25 63
75 95 46 16 35 79
75 96 56 93 18 20
75 97 83 39 60 58
75 98 65 48 63 38
75 99 83 28 48 33
76 77 41 44 26 54
76 78 21 10 71 70
76 79 69 80 57 82
76 80 38 5 27 72
76 81 58 94 91 6
76 82 41 44 87 79
76 83 40 58 6 28
76 84 7 51 36 14
76 85 69 42 33 64
76 86 30 36 64 32
76 87 21 45 60 79
76 88 24 39 17 12
76 89 87 74 8 16
76 90 40 53 53 29
76 91 46 84 4 63
76 92 30 48 40 9
76 93 82 82 93 41
76 94 89 49 82 98
76 95 72 33 65 91
76 96 28 55 42 54
76 97 29 47 87 84
76 98 78 56 28 96
76 99 17 90 89 42
77 78 24 4 76 41
77 79 76 64 84 44
77 80 59 95 81 48
77 81 21 46 18 33
77 82 60 68 94 33
77 83 60 74 14 31
77 84 53 23 7 73
77 85 62 26 93 61
77 86 57 26 91 49
77 87 86 72 88 91
77 88 60 63 17 38
77 89 69 16 45 59
77 90 6 63 25 82
77 91 34 10 54 17
77 92 92 30 14 84
77 93 61 8 57 23
77 94 27 82 90 91
77 95 40 12 92 91
77 96 9 17 50 21
77 97 96 45 83 14
77 98 78 75 94 34
77 99 87 36 28 55
78 79 51 94 16 78
78 80 83 45 86 36
78 81 39 61 67 59
78 82 34 19 71 70
78 83 8 22 47 35
78 84 78 14 12 71
78 85 65 15 96 41
78 86 40 28 90 92
78 87 43 28 33 55
78 88 39 33 77 85
78 89 53 60 80 60
78 90 66 31 94 88
78 91 86 89 60 90
78 92 49 92 15 53
78 93 40 89 15 43
78 94 41 33 37 41
78 95 21 2 79 64
78 96 86 43 39 65
78 97 9 61 89 65
78 98 71 77 74 42
78 99 76 70 70 55
79 80 11 67 35 30
79 81 54 23 65 56
79 82 31 73 25 55
79 83 1 27 77 10
79 84 11 8 30 36
79 85 56 75 89 84
79 86 19 86 36 22
79 87 75 20 26 77
79 88 30 62 45 19
79 89 38 86 29 46
79 90 28 11 20 2
79 91 84 77 21 36
79 92 28 89 58 48
79 93 28 18 10 20
79 94 27 78 66 45
79 95 2 47 31 23
79 96 1 83 36 4
79 97 43 90 67 31
79 98 23 48 89 50
79 99 36 54 64 60
80 81 66 17 78 96
80 82 79 92 35 96
80 83 79 36 34 28
80 84 34 20 59 44
80 85 59 67 21 8
80 86 24 89 51 59
80 87 48 60 6 63
80 88 36 10 47 67
80 89 26 24 52 42
80 90 75 55 84 50
80 91 80 38 72 27
80 92 40 9 54 70
80 93 13 86 28 34
80 94 50 66 62 61
80 95 98 41 44 51
80 96 67 81 37 90
80 97 43 34 27 5
80 98 88 63 12 83
80 99 19 87 27 90
81 82 66 49 7 32
81 83 30 35 71 34
81 84 99 67 33 42
81 85 40 7 53 83
81 86 52 83 11 73
81 87 84 11 86 93
81 88 24 38 17 53
81 89 15 28 44 39
81 90 14 4 37 84
81 91 6 62 88 48
81 92 67 94 35 44
81 93 3 31 18 11
81 94 65 92 61 30
81 95 41 34 6 66
81 96 90 74 29 77
81 97 90 84 45 48
81 98 80 92 86 65
81 99 94 21 50 92
82 83 5 55 80 21
82 84 31 50 19 55
82 85 83 40 71 48
82 86 14 29 69 67
82 87 61 64 9 78
82 88 69 44 39 41
82 89 91 36 24 71
82 90 7 23 79 31
82 91 27 13 53 72
82 92 5 53 9 79
82 93 7 1 24 79
82 94 13 52 5 65
82 95 66 18 72 88
82 96 59 67 58 68
82 97 97 61 72 56
82 98 86 88 26 63
82 99 49 21 51 54
83 84 49 91 71 16
83 85 66 45 83 21
83 86 10 14 3 90
83 87 53 59 92 41
83 88 98 41 49 80
83 89 59 64 34 90
83 90 6 20 40 38
83 91 6 39 38 74
83 92 11 8 29 71
83 93 48 55 11 34
83 94 21 37 21 68
83 95 68 23 14 67
83 96 0 45 56 54
83 97 62 86 65 59
83 98 17 23 37 77
83 99 76 58 25 44
84 85 43 24 21 24
84 86 86 19 69 26
84 87 66 15 16 61
84 88 99 95 81 63
84 89 18 29 61 44
84 90 92 81 15 41
84 91 22 87 31 79
84 92 14 89 49 6
84 93 64 47 82 72
84 94 0 21 4 12
84 95 76 52 33 92
84 96 77 80 79 55
84 97 64 8 64 45
84 98 98 28 97 13
84 99 83 24 19 26
85 86 16 68 40 8
85 87 73 11 55 82
85 88 35 12 67 34
85 89 36 38 81 12
85 90 48 31 46 23
85 91 20 66 75 61
85 92 68 96 47 69
85 93 52 18 18 46
85 94 43 89 64 23
85 95 39 42 56 73
85 96 79 14 57 76
85 97 19 88 7 19
85 98 56 81 67 91
85 99 70 30 56 20
86 87 25 58 43 71
86 88 20 50 18 41
86 89 50 82 41 46
86 90 55 6 91 66
86 91 99 52 42 68
86 92 38 87 32 4
86 93 1 49 69 71
86 94 71 22 41 76
86 95 14 86 37 63
86 96 47 81 78 30
86 97 1 26 62 69
86 98 92 60 79 12
86 99 79 32 28 49
87 88 74 31 28 49
87 89 18 69 55 57
87 90 57 85 16 57
87 91 31 45 55 50
87 92 70 47 59 21
87 93 69 85 71 55
87 94 61 64 23 19
87 95 38 10 80 85
87 96 86 92 40 52
87 97 45 81 61 48
87 98 69 48 92 29
87 99 51 40 29 23
88 89 17 28 64 74
88 90 69 22 17 39
88 91 2 31 22 44
88 92 40 25 59 12
88 93 69 70 18 92
88 94 14 70 31 90
88 95 9 57 30 83
88 96 84 92 21 61
88 97 94 9 13 77
88 98 65 70 66 22
88 99 67 79 22 11
89 90 97 87 71 51
89 91 9 34 50 76
89 92 0 37 85 23
89 93 23 52 18 16
89 94 27 22 44 51
89 95 45 56 87 23
89 96 94 65 41 82
89 97 19 43 71 31
89 98 17 47 72 78
89 99 63 16 16 80
90 91 61 41 95 27
90 92 27 41 6 7
90 93 45 60 32 53
90 94 94 18 87 84
90 95 50 63 12 18
90 96 81 62 13 28
90 97 80 73 97 12
90 98 36 92 11 88
90 99 57 76 89 41
91 92 69 92 69 25
91 93 27 40 49 63
91 94 4 55 32 78
91 95 12 74 60 10
91 96 17 47 67 29
91 97 84 97 30 44
91 98 56 26 47 51
91 99 36 82 91 39
92 93 27 92 75 61
92 94 7 14 89 43
92 95 49 61 74 80
92 96 60 82 75 30
92 97 50 80 32 60
92 98 99 79 82 10
92 99 58 52 20 57
93 94 21 84 18 11
93 95 18 58 83 68
93 96 19 78 34 35
93 97 87 42 37 78
93 98 3 77 72 42
93 99 25 85 50 41
94 95 88 26 81 41
94 96 87 77 55 43
94 97 39 13 22 18
94 98 20 80 51 87
94 99 17 45 15 52
95 96 31 29 71 90
95 97 56 43 85 68
95 98 36 45 69 50
95 99 57 92 46 86
96 97 79 95 79 39
96 98 11 35 45 17
96 99 77 50 87 84
97 98 23 80 62 72
97 99 42 65 37 34
98 99 85 25 95 23
