100
0 1 77 26 69 59
0 2 4 30 26 6
0 3 96 55 52 54
0 4 92 75 77 53
0 5 74 42 81 67
0 6 1 46 49 32
0 7 69 88 70 57
0 8 76 68 90 65
0 9 35 62 53 23
0 10 90 30 61 27
0 11 41 45 65 74
0 12 93 91 30 76
0 13 85 39 90 71
0 14 6 69 43 5
0 15 19 10 16 66
0 16 20 58 45 70
0 17 3 44 43 39
0 18 4 50 5 38
0 19 7 71 29 68
0 20 90 83 87 53
0 21 83 56 31 33
0 22 2 5 33 29
0 23 95 72 91 53
0 24 1 29 65 34
0 25 57 62 42 61
0 26 9 36 68 44
0 27 95 50 34 96
0 28 63 45 85 33
0 29 76 79 61 83
0 30 36 46 11 25
0 31 86 33 55 35
0 32 97 40 43 55
0 33 48 78 30 29
0 34 62 65 74 37
0 35 59 54 40 62
0 36 51 49 25 47
0 37 28 55 75 43
0 38 45 27 81 51
0 39 53 32 27 71
0 40 4 66 48 37
0 41 5 32 30 32
0 42 9 33 46 59
0 43 19 16 73 10
0 44 60 68 60 60
0 45 57 43 25 86
0 46 94 66 45 42
0 47 77 50 78 33
0 48 49 30 15 23
0 49 18 73 23 54
0 50 27 55 28 51
0 51 94 34 83 87
0 52 15 26 43 13
0 53 7 20 29 36
0 54 73 42 50 49
0 55 60 69 22 62
0 56 45 82 59 39
0 57 41 47 55 21
0 58 45 75 29 42
0 59 73 71 62 25
0 60 3 41 54 39
0 61 81 72 33 34
0 62 97 80 92 42
0 63 35 73 32 30
0 64 52 61 42 53
0 65 75 63 56 30
0 66 79 76 85 51
0 67 57 23 31 51
0 68 96 79 95 61
0 69 14 35 67 55
0 70 83 51 34 46
0 71 49 28 18 49
0 72 48 49 79 82
0 73 76 22 72 29
0 74 19 31 48 64
0 75 93 60 29 80
0 76 85 78 64 88
0 77 98 90 58 41
0 78 56 67 60 79
0 79 46 65 67 19
0 80 48 37 39 73
0 81 41 63 59 42
0 82 49 77 22 78
0 83 3 14 43 67
0 84 74 31 85 77
0 85 10 46 27 6
0 86 63 55 23 47
0 87 64 88 56 48
0 88 27 40 53 52
0 89 8 66 65 13
0 90 10 59 62 68
0 91 55 53 70 21
0 92 60 54 42 84
0 93 57 57 24 81
0 94 59 33 80 68
0 95 47 60 59 41
0 96 83 63 59 70
0 97 30 51 49 63
0 98 93 76 74 54
0 99 11 14 6 16
1 2 19 70 14 24
1 3 75 30 46 90
1 4 45 65 25 80
1 5 99 69 96 40
1 6 81 70 65 58
1 7 90 79 55 37
1 8 50 27 70 38
1 9 25 51 70 54
1 10 69 54 54 37
1 11 21 61 19 14
1 12 82 77 39 49
1 13 17 62 49 63
1 14 3 35 54 27
1 15 55 78 85 82
1 16 59 29 26 79
1 17 33 43 65 12
1 18 82 81 88 81
1 19 34 15 40 21
1 20 7 17 23 33
1 21 14 9 64 73
1 22 28 76 46 77
1 23 92 83 93 68
1 24 99 93 62 90
1 25 45 77 48 51
1 26 71 58 60 52
1 27 20 37 15 27
1 28 59 72 59 29
1 29 24 56 55 31
1 30 38 33 30 49
1 31 58 45 87 84
1 32 70 45 59 87
1 33 27 24 42 35
1 34 38 64 43 76
1 35 55 85 23 19
1 36 79 29 73 30
1 37 50 26 58 39
1 38 23 23 54 55
1 39 42 56 58 43
1 40 12 37 9 53
1 41 26 34 76 23
1 42 20 70 52 38
1 43 66 38 68 52
1 44 71 62 67 29
1 45 15 33 38 33
1 46 1 60 51 58
1 47 78 33 45 77
1 48 77 37 29 69
1 49 14 36 38 63
1 50 7 6 71 47
1 51 44 82 52 24
1 52 50 57 77 23
1 53 60 50 33 51
1 54 60 79 50 79
1 55 5 39 22 62
1 56 54 37 29 62
1 57 41 44 48 74
1 58 60 24 79 22
1 59 81 36 74 72
1 60 85 64 78 76
1 61 14 66 59 59
1 62 61 65 41 68
1 63 6 48 69 62
1 64 36 50 29 24
1 65 98 62 94 40
1 66 44 38 24 58
1 67 0 9 16 2
1 68 44 24 23 49
1 69 19 18 67 29
1 70 62 53 46 49
1 71 87 75 84 94
1 72 18 9 47 56
1 73 91 79 76 73
1 74 15 61 26 69
1 75 56 17 79 62
1 76 45 57 72 38
1 77 86 35 58 29
1 78 47 56 42 63
1 79 57 61 40 32
1 80 12 8 34 46
1 81 78 40 25 73
1 82 2 23 6 30
1 83 3 16 64 61
1 84 15 29 62 69
1 85 77 60 39 65
1 86 48 71 39 49
1 87 11 43 7 12
1 88 69 38 75 60
1 89 21 6 32 22
1 90 78 84 74 85
1 91 73 29 87 22
1 92 74 83 52 67
1 93 69 70 21 86
1 94 22 56 45 32
1 95 56 50 20 57
1 96 76 52 44 90
1 97 53 58 55 46
1 98 11 37 21 26
1 99 59 74 58 36
2 3 6 15 28 48
2 4 65 64 27 40
2 5 90 81 67 74
2 6 65 30 32 40
2 7 80 28 43 83
2 8 70 57 24 75
2 9 65 21 87 75
2 10 8 70 34 3
2 11 72 42 24 42
2 12 35 41 45 31
2 13 89 28 52 57
2 14 20 16 23 40
2 15 58 51 61 82
2 16 16 48 56 19
2 17 46 48 83 17
2 18 26 44 54 15
2 19 82 87 34 34
2 20 96 44 30 41
2 21 41 39 71 55
2 22 68 60 59 70
2 23 42 40 59 70
2 24 3 23 32 40
2 25 6 9 4 49
2 26 60 32 37 61
2 27 55 75 81 43
2 28 17 9 14 46
2 29 85 71 28 46
2 30 82 85 71 84
2 31 78 91 23 69
2 32 84 41 46 67
2 33 14 53 68 70
2 34 75 47 89 58
2 35 23 16 57 54
2 36 45 71 20 37
2 37 20 59 51 52
2 38 12 47 21 55
2 39 38 63 13 24
2 40 40 82 40 41
2 41 0 19 17 54
2 42 78 89 78 30
2 43 6 27 28 39
2 44 18 15 70 55
2 45 3 56 45 44
2 46 76 30 25 41
2 47 51 59 66 51
2 48 68 59 47 71
2 49 6 68 3 31
2 50 23 28 23 22
2 51 46 83 71 68
2 52 9 58 36 60
2 53 26 46 38 57
2 54 7 16 2 26
2 55 52 80 15 84
2 56 64 35 23 72
2 57 91 56 74 44
2 58 46 16 75 78
2 59 73 51 34 48
2 60 63 46 20 54
2 61 83 78 83 92
2 62 3 21 27 37
2 63 97 95 76 98
2 64 98 56 32 33
2 65 88 29 58 77
2 66 76 71 61 68
2 67 34 57 44 44
2 68 37 45 59 11
2 69 31 75 77 12
2 70 2 22 22 14
2 71 48 17 25 55
2 72 71 49 86 40
2 73 23 57 48 15
2 74 11 15 50 6
2 75 71 74 67 57
2 76 2 42 42 64
2 77 5 46 38 66
2 78 23 63 46 58
2 79 46 63 51 35
2 80 40 32 47 41
2 81 22 76 20 21
2 82 65 40 54 63
2 83 14 13 59 67
2 84 66 48 41 72
2 85 39 70 54 15
2 86 83 76 92 46
2 87 95 85 56 88
2 88 77 40 39 76
2 89 90 62 80 30
2 90 76 86 67 54
2 91 20 24 39 32
2 92 24 8 74 26
2 93 45 14 65 25
2 94 99 44 30 77
2 95 25 57 70 20
2 96 87 91 76 56
2 97 37 25 29 53
2 98 96 34 57 38
2 99 16 37 56 70
3 4 27 25 57 52
3 5 85 74 80 62
3 6 5 45 40 2
3 7 29 68 55 74
3 8 80 85 82 51
3 9 6 19 67 31
3 10 42 40 64 65
3 11 59 36 49 65
3 12 44 56 42 36
3 13 82 80 29 31
3 14 73 90 25 79
3 15 38 51 53 76
3 16 30 52 21 43
3 17 81 72 35 78
3 18 54 38 50 66
3 19 91 65 58 52
3 20 31 49 25 57
3 21 19 27 31 64
3 22 95 56 88 36
3 23 74 64 69 90
3 24 45 40 38 35
3 25 82 33 39 58
3 26 86 85 39 71
3 27 33 42 56 19
3 28 68 31 53 87
3 29 33 55 47 51
3 30 65 46 50 66
3 31 72 79 66 61
3 32 61 84 32 38
3 33 63 42 25 49
3 34 87 50 30 62
3 35 99 51 73 37
3 36 54 18 24 35
3 37 36 76 15 12
3 38 68 58 73 52
3 39 39 51 59 51
3 40 60 21 63 42
3 41 6 63 36 51
3 42 89 75 37 57
3 43 21 33 67 41
3 44 10 33 51 8
3 45 66 49 72 49
3 46 52 30 64 85
3 47 8 42 47 69
3 48 4 4 54 66
3 49 90 87 95 72
3 50 46 32 59 34
3 51 69 70 71 53
3 52 72 91 36 88
3 53 10 11 40 58
3 54 1 4 39 18
3 55 41 16 61 16
3 56 85 94 86 48
3 57 31 53 74 29
3 58 91 63 92 76
3 59 97 95 40 46
3 60 10 52 5 56
3 61 67 85 46 69
3 62 10 8 13 70
3 63 55 63 54 19
3 64 77 73 54 29
3 65 4 48 16 11
3 66 81 55 40 91
3 67 23 72 19 53
3 68 72 48 40 69
3 69 56 45 77 63
3 70 29 44 38 44
3 71 71 89 22 30
3 72 59 55 35 24
3 73 94 56 81 67
3 74 23 57 16 64
3 75 88 84 87 80
3 76 69 45 38 77
3 77 96 48 88 78
3 78 20 60 8 7
3 79 66 33 50 49
3 80 86 36 48 31
3 81 82 43 57 35
3 82 76 53 75 72
3 83 45 35 55 25
3 84 32 73 38 18
3 85 52 71 82 55
3 86 96 34 80 39
3 87 97 68 51 83
3 88 56 59 25 54
3 89 94 34 65 34
3 90 95 30 48 41
3 91 89 73 47 51
3 92 78 29 74 66
3 93 21 52 62 63
3 94 66 39 56 35
3 95 47 56 16 41
3 96 35 64 12 28
3 97 39 21 30 73
3 98 6 23 63 24
3 99 79 90 45 36
4 5 32 75 22 16
4 6 59 63 46 73
4 7 64 67 45 69
4 8 98 36 36 66
4 9 20 65 25 33
4 10 8 38 12 13
4 11 89 52 48 53
4 12 62 29 18 67
4 13 80 74 93 40
4 14 42 21 70 54
4 15 37 15 62 17
4 16 84 62 67 57
4 17 20 24 56 42
4 18 41 27 20 60
4 19 41 66 55 45
4 20 68 86 68 90
4 21 58 49 86 80
4 22 39 75 27 23
4 23 32 44 74 26
4 24 8 58 17 27
4 25 95 53 59 52
4 26 8 33 53 27
4 27 0 1 31 33
4 28 94 43 82 35
4 29 10 42 40 17
4 30 17 73 14 14
4 31 17 41 54 57
4 32 49 69 67 33
4 33 3 45 68 43
4 34 97 35 43 79
4 35 32 38 14 68
4 36 25 49 36 49
4 37 68 32 62 85
4 38 11 35 43 47
4 39 73 33 73 37
4 40 32 35 55 33
4 41 48 31 52 18
4 42 27 16 59 59
4 43 60 78 40 39
4 44 81 25 71 85
4 45 63 51 23 44
4 46 95 69 32 42
4 47 34 42 29 55
4 48 80 82 41 85
4 49 83 77 78 80
4 50 41 16 15 26
4 51 80 66 34 62
4 52 16 53 27 19
4 53 86 48 40 55
4 54 13 65 19 70
4 55 48 31 71 33
4 56 34 26 40 28
4 57 51 52 24 47
4 58 33 53 68 44
4 59 24 9 32 41
4 60 90 78 56 35
4 61 30 52 78 51
4 62 71 47 22 74
4 63 63 35 57 32
4 64 37 68 45 65
4 65 19 30 38 52
4 66 3 54 16 64
4 67 53 62 78 49
4 68 88 84 69 42
4 69 25 39 26 9
4 70 51 40 79 39
4 71 38 42 77 49
4 72 66 50 32 26
4 73 85 73 46 80
4 74 87 42 90 94
4 75 66 46 47 21
4 76 8 35 34 48
4 77 73 52 55 32
4 78 45 38 78 73
4 79 70 33 47 41
4 80 45 62 49 38
4 81 13 60 59 22
4 82 63 60 46 39
4 83 8 32 69 31
4 84 17 60 72 46
4 85 96 47 63 98
4 86 61 37 55 41
4 87 28 69 29 38
4 88 32 55 31 40
4 89 30 33 35 31
4 90 26 30 19 38
4 91 74 73 38 70
4 92 94 44 35 36
4 93 16 8 19 66
4 94 81 55 88 26
4 95 51 53 25 40
4 96 24 18 12 26
4 97 64 62 82 44
4 98 36 47 35 36
4 99 13 47 69 70
5 6 57 58 72 52
5 7 44 32 44 80
5 8 91 69 57 79
5 9 46 74 14 40
5 10 86 66 56 52
5 11 72 47 47 47
5 12 37 40 54 26
5 13 40 45 13 30
5 14 94 38 62 72
5 15 15 22 52 41
5 16 61 42 22 62
5 17 12 8 53 52
5 18 37 75 61 50
5 19 48 62 28 67
5 20 95 83 60 82
5 21 96 92 57 42
5 22 60 53 62 63
5 23 71 71 84 85
5 24 39 59 35 79
5 25 41 30 53 63
5 26 35 42 26 12
5 27 81 50 71 84
5 28 15 59 47 7
5 29 54 80 28 39
5 30 82 31 40 54
5 31 10 35 70 54
5 32 26 49 62 77
5 33 76 88 76 48
5 34 18 61 19 46
5 35 15 51 30 33
5 36 18 17 13 10
5 37 33 15 36 59
5 38 77 35 73 92
5 39 4 41 3 52
5 40 19 17 18 70
5 41 43 23 73 78
5 42 96 73 38 88
5 43 17 63 68 25
5 44 74 26 63 45
5 45 83 54 25 61
5 46 68 87 30 69
5 47 43 51 57 76
5 48 8 29 7 64
5 49 4 33 53 31
5 50 45 42 67 76
5 51 24 49 54 52
5 52 61 49 74 71
5 53 47 59 45 35
5 54 58 33 78 58
5 55 27 77 45 50
5 56 40 64 64 22
5 57 10 29 25 34
5 58 47 67 31 45
5 59 25 33 63 44
5 60 65 63 24 51
5 61 36 18 54 43
5 62 62 59 37 48
5 63 98 73 83 91
5 64 12 67 45 9
5 65 7 69 41 5
5 66 36 79 56 49
5 67 77 49 78 58
5 68 12 11 67 40
5 69 2 5 51 54
5 70 55 35 43 19
5 71 55 51 65 48
5 72 0 31 6 21
5 73 62 39 50 80
5 74 53 60 31 15
5 75 80 90 34 35
5 76 12 66 6 47
5 77 73 79 63 56
5 78 26 16 57 12
5 79 99 95 96 70
5 80 63 24 84 23
5 81 78 63 50 89
5 82 40 15 40 30
5 83 62 65 36 39
5 84 41 26 71 75
5 85 56 27 31 82
5 86 79 85 42 28
5 87 66 43 56 86
5 88 54 62 83 51
5 89 61 81 67 35
5 90 98 78 97 98
5 91 40 17 41 59
5 92 22 50 67 66
5 93 64 79 83 39
5 94 25 9 30 43
5 95 29 78 32 17
5 96 49 46 79 66
5 97 57 45 67 35
5 98 26 11 59 16
5 99 83 32 85 31
6 7 5 56 57 45
6 8 44 74 15 39
6 9 37 71 34 40
6 10 82 92 84 86
6 11 43 68 50 49
6 12 68 66 26 61
6 13 77 43 26 85
6 14 23 8 51 17
6 15 98 47 66 32
6 16 14 5 41 5
6 17 87 56 49 89
6 18 23 62 57 23
6 19 71 65 56 61
6 20 6 35 35 38
6 21 9 37 58 15
6 22 91 47 50 40
6 23 79 63 92 51
6 24 97 52 96 55
6 25 98 54 41 66
6 26 23 17 46 52
6 27 47 17 25 76
6 28 65 20 34 78
6 29 50 18 54 30
6 30 77 35 91 63
6 31 5 52 57 9
6 32 26 62 12 23
6 33 45 40 70 32
6 34 74 58 86 38
6 35 78 82 43 45
6 36 1 41 2 43
6 37 84 33 66 69
6 38 80 34 41 61
6 39 34 24 31 78
6 40 82 48 92 64
6 41 89 74 79 60
6 42 68 45 45 56
6 43 78 61 54 49
6 44 48 42 37 44
6 45 29 53 35 76
6 46 74 23 88 25
6 47 16 73 73 37
6 48 4 47 58 7
6 49 98 30 67 48
6 50 33 31 23 62
6 51 50 35 79 28
6 52 78 82 61 70
6 53 72 50 77 22
6 54 67 71 45 52
6 55 91 41 33 58
6 56 65 80 83 45
6 57 91 40 96 50
6 58 55 63 38 60
6 59 66 43 25 54
6 60 65 51 68 28
6 61 20 40 17 67
6 62 64 50 40 39
6 63 76 34 88 58
6 64 71 56 89 80
6 65 32 29 50 67
6 66 86 75 78 85
6 67 90 56 70 58
6 68 10 42 66 44
6 69 74 87 51 36
6 70 33 36 16 69
6 71 33 59 51 12
6 72 41 48 38 35
6 73 7 18 20 6
6 74 62 70 68 48
6 75 23 11 21 13
6 76 76 83 48 33
6 77 52 52 46 65
6 78 60 42 76 59
6 79 7 25 68 68
6 80 47 73 61 64
6 81 60 58 51 78
6 82 17 45 67 40
6 83 42 40 22 19
6 84 60 77 61 64
6 85 58 79 86 63
6 86 1 36 3 1
6 87 67 20 26 34
6 88 52 36 67 43
6 89 71 37 46 73
6 90 25 14 29 26
6 91 26 58 64 42
6 92 41 25 35 44
6 93 81 69 80 30
6 94 89 50 76 47
6 95 78 27 92 93
6 96 56 51 64 84
6 97 70 55 28 57
6 98 40 16 35 63
6 99 75 26 47 37
7 8 24 22 12 14
7 9 20 16 9 56
7 10 69 39 49 41
7 11 50 20 18 77
7 12 17 27 19 32
7 13 42 48 74 28
7 14 67 89 38 38
7 15 65 85 41 39
7 16 27 35 77 74
7 17 55 55 53 30
7 18 83 54 48 90
7 19 80 46 45 37
7 20 77 59 42 40
7 21 42 34 60 81
7 22 42 67 65 21
7 23 82 37 75 63
7 24 84 35 53 84
7 25 65 48 24 52
7 26 20 40 65 10
7 27 20 63 48 64
7 28 65 81 37 59
7 29 68 83 64 70
7 30 9 21 15 5
7 31 33 73 60 64
7 32 63 62 89 26
7 33 48 17 73 31
7 34 94 31 53 75
7 35 89 71 96 35
7 36 42 36 37 35
7 37 28 38 43 76
7 38 71 41 74 80
7 39 77 57 80 90
7 40 61 30 87 57
7 41 24 26 45 52
7 42 10 46 21 54
7 43 98 70 38 49
7 44 37 58 78 45
7 45 88 56 41 38
7 46 66 21 84 75
7 47 33 47 16 42
7 48 55 69 85 19
7 49 89 95 93 30
7 50 46 68 19 17
7 51 70 38 38 68
7 52 31 29 34 16
7 53 23 67 66 10
7 54 59 81 67 59
7 55 26 39 23 42
7 56 5 24 36 28
7 57 26 44 24 65
7 58 22 60 48 72
7 59 60 55 31 82
7 60 17 10 74 19
7 61 97 92 88 38
7 62 20 27 42 32
7 63 21 36 40 17
7 64 63 35 47 53
7 65 15 18 58 26
7 66 20 45 10 70
7 67 90 58 36 29
7 68 74 79 86 50
7 69 2 43 38 24
7 70 59 28 34 45
7 71 38 48 18 32
7 72 52 62 20 27
7 73 69 84 77 87
7 74 68 63 51 58
7 75 62 64 57 64
7 76 91 37 94 86
7 77 78 70 61 51
7 78 69 52 59 79
7 79 19 67 39 69
7 80 17 44 73 22
7 81 89 69 91 56
7 82 92 74 97 62
7 83 7 13 35 34
7 84 11 70 6 25
7 85 86 30 86 75
7 86 58 32 37 57
7 87 40 42 51 20
7 88 19 70 16 20
7 89 60 19 28 60
7 90 43 25 69 29
7 91 2 11 19 67
7 92 60 29 82 56
7 93 54 75 47 72
7 94 81 88 73 69
7 95 0 6 63 51
7 96 27 30 75 66
7 97 76 30 27 41
7 98 98 61 43 66
7 99 0 46 32 36
8 9 86 43 93 61
8 10 86 84 44 27
8 11 33 59 46 48
8 12 63 59 27 31
8 13 81 82 68 31
8 14 19 12 8 65
8 15 38 24 77 45
8 16 91 57 31 68
8 17 63 82 39 58
8 18 67 87 78 22
8 19 57 30 45 75
8 20 5 11 8 18
8 21 68 79 88 28
8 22 35 77 24 14
8 23 27 72 14 71
8 24 0 18 0 36
8 25 79 77 51 31
8 26 14 59 63 20
8 27 31 29 75 59
8 28 70 47 71 83
8 29 42 76 14 23
8 30 15 56 50 11
8 31 1 46 6 3
8 32 70 68 81 52
8 33 15 8 32 11
8 34 16 57 17 18
8 35 96 78 83 53
8 36 38 38 29 29
8 37 20 19 25 74
8 38 66 28 46 49
8 39 89 89 52 32
8 40 83 55 73 70
8 41 87 32 57 45
8 42 55 38 47 53
8 43 36 38 25 49
8 44 86 27 64 28
8 45 48 41 35 34
8 46 49 80 62 40
8 47 48 38 74 52
8 48 30 51 68 13
8 49 79 86 34 81
8 50 9 35 19 15
8 51 88 92 80 68
8 52 25 31 33 68
8 53 95 84 95 62
8 54 62 30 69 64
8 55 96 96 33 71
8 56 40 32 19 55
8 57 4 69 3 10
8 58 86 87 49 53
8 59 77 76 27 78
8 60 74 85 69 86
8 61 14 40 31 45
8 62 16 7 56 22
8 63 80 84 47 70
8 64 20 73 6 37
8 65 33 12 13 68
8 66 12 68 57 27
8 67 0 64 56 21
8 68 93 37 79 59
8 69 44 55 58 56
8 70 19 72 43 62
8 71 61 86 53 68
8 72 61 82 50 77
8 73 55 79 32 78
8 74 84 60 69 72
8 75 34 11 38 65
8 76 19 41 6 28
8 77 7 34 15 15
8 78 17 26 40 38
8 79 26 57 8 62
8 80 16 44 6 33
8 81 91 81 47 41
8 82 3 44 25 27
8 83 31 54 55 51
8 84 27 69 30 15
8 85 29 77 45 50
8 86 47 20 68 23
8 87 86 94 83 87
8 88 94 96 64 86
8 89 38 30 69 77
8 90 72 59 57 81
8 91 56 36 72 30
8 92 22 28 20 55
8 93 63 55 77 78
8 94 33 25 16 54
8 95 82 25 42 31
8 96 6 51 53 52
8 97 7 67 30 63
8 98 87 76 51 51
8 99 10 19 45 27
9 10 68 50 29 54
9 11 20 23 59 76
9 12 74 82 35 28
9 13 90 66 33 29
9 14 0 43 32 19
9 15 80 75 70 48
9 16 84 50 41 67
9 17 16 38 28 37
9 18 14 39 5 9
9 19 2 45 15 6
9 20 89 66 60 73
9 21 57 33 74 80
9 22 97 32 45 73
9 23 48 45 21 61
9 24 38 40 16 47
9 25 90 49 69 54
9 26 84 59 68 27
9 27 78 51 93 30
9 28 79 54 88 75
9 29 72 74 70 52
9 30 59 64 63 44
9 31 55 57 55 29
9 32 10 23 51 35
9 33 22 22 59 61
9 34 90 86 36 29
9 35 3 42 12 3
9 36 77 38 43 85
9 37 78 28 44 25
9 38 90 43 75 51
9 39 12 47 60 65
9 40 27 18 23 75
9 41 96 88 37 90
9 42 13 14 53 9
9 43 80 64 82 62
9 44 28 73 67 22
9 45 22 23 40 9
9 46 78 34 33 24
9 47 11 67 40 8
9 48 74 90 66 78
9 49 92 55 56 51
9 50 22 51 66 74
9 51 42 15 80 63
9 52 1 24 31 7
9 53 37 32 61 62
9 54 61 25 43 23
9 55 99 93 53 98
9 56 28 57 50 45
9 57 30 73 43 9
9 58 45 33 42 81
9 59 44 75 58 78
9 60 63 82 81 62
9 61 95 73 94 96
9 62 91 95 70 78
9 63 38 59 14 56
9 64 21 46 43 68
9 65 83 60 55 61
9 66 3 1 7 47
9 67 4 63 4 27
9 68 83 40 61 91
9 69 11 61 7 64
9 70 3 63 21 36
9 71 22 29 41 17
9 72 93 29 82 34
9 73 61 28 22 77
9 74 77 73 57 27
9 75 41 16 22 15
9 76 72 77 78 72
9 77 17 31 49 58
9 78 14 32 52 64
9 79 39 26 16 62
9 80 57 40 49 85
9 81 69 69 36 32
9 82 79 52 91 29
9 83 33 64 75 26
9 84 71 90 70 35
9 85 47 29 22 50
9 86 29 19 50 43
9 87 15 69 31 31
9 88 9 11 47 41
9 89 65 78 66 44
9 90 9 26 10 21
9 91 98 81 67 42
9 92 32 15 30 36
9 93 67 66 40 71
9 94 75 83 42 65
9 95 21 16 9 29
9 96 0 68 47 61
9 97 77 92 84 85
9 98 15 31 19 66
9 99 0 69 39 20
10 11 5 63 52 50
10 12 82 54 91 58
10 13 65 25 26 79
10 14 36 62 50 66
10 15 27 43 40 57
10 16 52 22 16 17
10 17 89 96 81 74
10 18 35 48 79 49
10 19 10 62 45 62
10 20 26 39 10 37
10 21 90 65 28 73
10 22 53 75 23 29
10 23 76 83 69 66
10 24 53 84 71 29
10 25 49 76 20 56
10 26 81 78 29 50
10 27 64 23 44 44
10 28 62 35 59 87
10 29 72 36 38 78
10 30 38 75 42 65
10 31 95 92 83 64
10 32 86 71 48 37
10 33 49 27 19 65
10 34 41 50 23 12
10 35 79 78 88 46
10 36 41 34 34 20
10 37 72 71 86 71
10 38 73 87 83 90
10 39 44 15 52 48
10 40 97 76 96 87
10 41 30 59 78 52
10 42 83 83 66 34
10 43 94 40 76 40
10 44 50 72 83 19
10 45 88 80 68 69
10 46 18 57 68 19
10 47 97 75 72 53
10 48 62 86 30 74
10 49 62 70 66 78
10 50 56 84 81 78
10 51 63 41 64 72
10 52 53 80 58 61
10 53 88 92 28 60
10 54 31 18 56 22
10 55 20 27 18 25
10 56 94 97 61 40
10 57 25 9 9 19
10 58 91 86 42 65
10 59 92 37 56 96
10 60 81 73 68 50
10 61 29 12 71 68
10 62 74 44 27 26
10 63 43 82 29 64
10 64 69 71 79 65
10 65 91 80 78 89
10 66 24 59 73 65
10 67 76 38 69 77
10 68 85 61 58 58
10 69 72 68 76 26
10 70 2 13 52 45
10 71 37 78 17 57
10 72 14 8 48 19
10 73 32 66 69 20
10 74 28 63 41 63
10 75 52 80 60 51
10 76 9 50 47 46
10 77 54 23 31 18
10 78 28 65 50 74
10 79 24 58 68 65
10 80 1 59 48 23
10 81 64 33 36 56
10 82 6 71 44 69
10 83 42 75 57 62
10 84 1 31 59 30
10 85 3 53 29 5
10 86 68 88 67 59
10 87 55 52 65 29
10 88 67 58 78 30
10 89 34 75 15 47
10 90 3 68 3 52
10 91 26 63 54 15
10 92 75 72 76 62
10 93 21 11 65 74
10 94 53 51 68 40
10 95 43 20 68 30
10 96 93 73 47 67
10 97 98 55 98 38
10 98 65 30 85 81
10 99 37 48 61 28
11 12 2 36 42 13
11 13 63 81 41 25
11 14 30 63 11 49
11 15 81 91 38 59
11 16 2 17 35 36
11 17 20 64 7 25
11 18 31 53 65 24
11 19 53 25 50 32
11 20 61 34 67 77
11 21 41 22 65 63
11 22 47 17 59 63
11 23 90 27 60 89
11 24 7 26 3 25
11 25 36 46 27 59
11 26 3 6 2 46
11 27 25 66 11 63
11 28 92 75 89 38
11 29 70 56 72 26
11 30 98 55 94 82
11 31 81 87 33 51
11 32 61 25 73 72
11 33 32 36 30 40
11 34 85 94 25 30
11 35 86 47 56 86
11 36 85 93 30 60
11 37 42 28 76 20
11 38 21 72 33 9
11 39 23 68 30 69
11 40 46 30 14 76
11 41 82 87 53 59
11 42 99 37 67 74
11 43 33 37 65 21
11 44 92 78 76 38
11 45 37 63 69 30
11 46 84 44 83 62
11 47 75 69 73 80
11 48 2 47 14 23
11 49 0 33 29 14
11 50 83 61 72 41
11 51 1 15 58 5
11 52 11 56 72 41
11 53 57 67 38 18
11 54 54 70 25 48
11 55 9 58 8 69
11 56 50 76 30 23
11 57 54 81 78 75
11 58 14 62 13 42
11 59 49 44 80 25
11 60 71 77 57 27
11 61 61 32 80 63
11 62 52 16 68 63
11 63 24 57 21 53
11 64 47 50 58 34
11 65 31 53 65 47
11 66 36 32 44 26
11 67 54 18 78 32
11 68 37 76 34 47
11 69 59 37 70 23
11 70 12 71 67 52
11 71 87 27 83 53
11 72 40 21 37 25
11 73 58 29 51 55
11 74 54 18 62 45
11 75 13 19 9 24
11 76 47 71 24 71
11 77 98 54 47 90
11 78 50 79 77 75
11 79 8 5 8 29
11 80 68 78 70 56
11 81 13 63 17 15
11 82 9 22 6 60
11 83 66 41 30 88
11 84 52 56 24 64
11 85 16 25 65 54
11 86 35 41 13 47
11 87 81 35 88 51
11 88 52 57 46 60
11 89 85 37 69 49
11 90 98 38 72 91
11 91 14 10 33 54
11 92 1 58 69 14
11 93 8 6 49 71
11 94 59 43 79 20
11 95 98 89 55 67
11 96 43 66 24 47
11 97 62 75 60 76
11 98 54 72 29 76
11 99 39 24 19 29
12 13 4 15 3 3
12 14 58 19 41 20
12 15 50 70 52 56
12 16 68 87 90 39
12 17 78 25 32 69
12 18 67 63 21 38
12 19 26 29 68 71
12 20 78 58 50 39
12 21 23 42 53 12
12 22 8 31 44 38
12 23 14 56 29 33
12 24 1 0 34 44
12 25 25 13 54 24
12 26 68 68 44 74
12 27 51 69 68 52
12 28 79 49 30 37
12 29 81 28 64 78
12 30 50 52 62 16
12 31 65 37 86 83
12 32 43 79 45 46
12 33 86 83 83 86
12 34 80 69 85 41
12 35 8 54 10 5
12 36 68 29 49 67
12 37 23 29 48 15
12 38 84 42 35 94
12 39 46 65 15 39
12 40 71 49 56 74
12 41 17 70 52 58
12 42 55 41 77 53
12 43 46 48 22 65
12 44 69 82 41 84
12 45 42 59 63 47
12 46 82 41 82 32
12 47 38 17 52 19
12 48 91 71 33 61
12 49 23 13 72 33
12 50 34 54 72 64
12 51 42 36 42 24
12 52 32 60 31 15
12 53 18 70 15 37
12 54 60 41 60 48
12 55 97 88 31 72
12 56 9 6 44 60
12 57 54 33 79 46
12 58 52 42 81 53
12 59 9 45 56 54
12 60 48 74 52 49
12 61 25 19 8 60
12 62 78 34 39 43
12 63 44 66 70 69
12 64 18 43 21 49
12 65 61 62 42 76
12 66 29 50 64 30
12 67 13 10 30 35
12 68 89 36 35 35
12 69 28 43 10 16
12 70 25 58 33 20
12 71 85 60 50 40
12 72 53 75 41 69
12 73 2 45 8 28
12 74 73 91 29 38
12 75 5 42 16 68
12 76 85 43 54 31
12 77 45 60 21 76
12 78 55 51 33 61
12 79 29 72 26 52
12 80 7 31 42 25
12 81 30 38 57 52
12 82 14 40 42 4
12 83 59 62 36 61
12 84 96 80 71 29
12 85 34 34 48 59
12 86 46 26 52 38
12 87 19 30 66 16
12 88 18 8 16 34
12 89 90 56 51 93
12 90 40 35 16 64
12 91 97 36 76 30
12 92 8 15 47 52
12 93 98 85 98 59
12 94 27 41 39 24
12 95 97 62 98 67
12 96 33 47 65 68
12 97 86 57 66 87
12 98 12 7 15 41
12 99 78 36 80 33
13 14 62 25 68 40
13 15 0 37 63 60
13 16 96 47 75 46
13 17 99 85 43 46
13 18 25 50 29 13
13 19 81 52 43 35
13 20 26 27 52 31
13 21 60 24 73 66
13 22 19 8 57 29
13 23 87 55 58 79
13 24 54 43 49 52
13 25 33 33 73 64
13 26 40 79 52 48
13 27 63 67 59 60
13 28 23 67 60 21
13 29 59 31 47 22
13 30 97 49 41 29
13 31 78 59 64 26
13 32 31 48 74 33
13 33 40 15 60 14
13 34 53 79 31 19
13 35 21 10 68 55
13 36 93 74 72 35
13 37 12 42 42 19
13 38 49 66 14 30
13 39 56 36 48 24
13 40 86 67 79 59
13 41 78 87 68 74
13 42 39 12 64 14
13 43 49 66 59 20
13 44 36 67 60 45
13 45 92 64 72 84
13 46 57 54 80 21
13 47 31 72 34 14
13 48 55 76 63 56
13 49 73 51 70 44
13 50 67 90 20 47
13 51 80 55 81 26
13 52 92 34 53 76
13 53 60 72 84 53
13 54 29 57 40 51
13 55 8 21 56 37
13 56 20 8 60 62
13 57 82 60 62 86
13 58 98 91 55 55
13 59 34 28 12 34
13 60 51 39 19 20
13 61 43 64 38 24
13 62 36 30 58 23
13 63 59 83 21 39
13 64 86 36 86 64
13 65 62 20 43 65
13 66 58 52 18 41
13 67 32 77 41 14
13 68 99 73 80 72
13 69 20 52 33 9
13 70 50 42 28 48
13 71 59 64 38 82
13 72 50 25 40 37
13 73 74 36 29 30
13 74 0 11 66 56
13 75 51 27 20 51
13 76 25 72 30 51
13 77 64 32 42 42
13 78 13 35 28 61
13 79 18 49 69 68
13 80 65 83 59 31
13 81 48 16 23 67
13 82 8 8 67 50
13 83 14 39 25 38
13 84 20 12 6 68
13 85 11 22 59 63
13 86 34 53 68 67
13 87 50 49 75 15
13 88 10 38 51 31
13 89 36 12 16 43
13 90 45 20 74 56
13 91 38 16 43 28
13 92 79 76 54 51
13 93 51 64 79 62
13 94 68 40 76 88
13 95 33 39 33 23
13 96 40 42 19 43
13 97 91 73 45 51
13 98 31 21 75 49
13 99 50 47 70 30
14 15 92 56 67 81
14 16 92 40 66 53
14 17 58 72 79 20
14 18 66 53 30 55
14 19 28 23 63 62
14 20 71 58 91 73
14 21 10 11 26 17
14 22 11 55 5 5
14 23 63 20 88 49
14 24 54 28 61 19
14 25 28 57 39 40
14 26 44 71 45 59
14 27 2 45 48 55
14 28 35 21 79 40
14 29 27 45 24 75
14 30 63 53 50 76
14 31 18 6 60 71
14 32 95 79 56 70
14 33 18 27 61 40
14 34 13 5 55 9
14 35 56 35 34 85
14 36 7 66 42 25
14 37 33 26 77 11
14 38 52 84 44 65
14 39 64 44 72 20
14 40 1 2 4 40
14 41 2 19 52 66
14 42 41 17 40 68
14 43 38 47 24 55
14 44 14 32 48 30
14 45 13 25 4 57
14 46 46 62 75 20
14 47 97 49 93 78
14 48 45 70 21 75
14 49 3 35 67 24
14 50 88 91 56 53
14 51 90 64 82 71
14 52 39 69 69 62
14 53 42 55 43 25
14 54 1 1 2 44
14 55 8 20 18 6
14 56 10 33 4 50
14 57 60 80 59 35
14 58 30 48 75 51
14 59 85 77 93 27
14 60 48 78 69 52
14 61 53 65 79 45
14 62 99 87 80 86
14 63 37 75 19 52
14 64 70 52 85 83
14 65 42 77 69 51
14 66 43 57 72 22
14 67 16 51 59 66
14 68 31 77 73 51
14 69 67 89 24 57
14 70 50 55 70 36
14 71 28 39 43 77
14 72 56 77 57 20
14 73 97 67 40 90
14 74 56 80 17 51
14 75 57 38 76 63
14 76 69 66 76 60
14 77 73 57 72 44
14 78 12 34 40 65
14 79 4 9 27 53
14 80 95 91 42 95
14 81 19 39 69 18
14 82 25 43 30 45
14 83 41 76 13 50
14 84 23 61 26 12
14 85 4 9 56 30
14 86 41 75 48 49
14 87 38 42 48 55
14 88 1 47 46 50
14 89 74 47 31 58
14 90 32 37 68 30
14 91 72 40 85 88
14 92 86 54 58 56
14 93 37 26 72 77
14 94 48 81 25 30
14 95 35 78 80 52
14 96 80 63 75 39
14 97 53 74 41 49
14 98 1 2 66 45
14 99 56 22 56 51
15 16 10 45 41 58
15 17 58 57 37 51
15 18 70 58 53 48
15 19 96 46 94 79
15 20 99 49 56 64
15 21 33 65 25 46
15 22 99 62 84 79
15 23 64 32 52 59
15 24 92 42 44 61
15 25 75 58 80 57
15 26 21 43 10 9
15 27 45 36 32 23
15 28 50 20 68 62
15 29 4 23 41 5
15 30 80 27 73 67
15 31 28 37 56 73
15 32 83 41 41 33
15 33 5 32 47 5
15 34 45 21 81 38
15 35 33 26 20 32
15 36 9 30 60 28
15 37 19 39 6 53
15 38 26 34 23 8
15 39 48 59 38 33
15 40 3 64 10 34
15 41 39 35 14 17
15 42 89 54 55 30
15 43 72 25 63 55
15 44 51 67 68 26
15 45 25 68 46 34
15 46 2 38 69 32
15 47 14 5 46 36
15 48 40 51 46 63
15 49 54 46 42 35
15 50 34 69 33 35
15 51 30 30 71 55
15 52 99 79 56 53
15 53 26 15 40 21
15 54 31 46 68 43
15 55 3 23 17 8
15 56 29 40 54 67
15 57 54 16 44 73
15 58 28 34 27 34
15 59 13 49 57 21
15 60 6 47 20 59
15 61 75 69 23 53
15 62 18 14 13 38
15 63 23 53 54 61
15 64 88 63 84 72
15 65 12 72 62 45
15 66 64 43 79 64
15 67 49 62 37 54
15 68 69 32 77 74
15 69 27 72 71 52
15 70 48 65 25 83
15 71 40 55 17 24
15 72 20 14 62 57
15 73 20 41 33 71
15 74 3 41 60 58
15 75 38 67 52 71
15 76 2 23 61 31
15 77 32 23 67 45
15 78 86 91 57 46
15 79 78 60 93 92
15 80 16 63 6 54
15 81 69 36 76 74
15 82 25 62 35 42
15 83 30 58 48 34
15 84 11 30 62 22
15 85 64 23 89 42
15 86 59 21 41 86
15 87 53 16 65 18
15 88 52 57 49 83
15 89 71 43 64 80
15 90 22 40 49 65
15 91 54 74 63 83
15 92 73 27 88 88
15 93 93 92 34 63
15 94 3 61 41 39
15 95 37 73 41 46
15 96 45 81 46 32
15 97 95 50 53 82
15 98 10 57 7 51
15 99 2 52 62 47
16 17 88 50 36 42
16 18 77 93 87 79
16 19 14 45 5 25
16 20 83 32 58 69
16 21 79 79 51 59
16 22 91 42 69 48
16 23 4 35 53 52
16 24 44 19 80 53
16 25 95 78 77 48
16 26 60 36 56 46
16 27 27 64 62 25
16 28 2 1 9 61
16 29 66 86 64 41
16 30 69 27 48 26
16 31 29 45 75 75
16 32 44 33 43 15
16 33 89 37 82 55
16 34 87 79 54 92
16 35 40 22 15 56
16 36 82 65 85 85
16 37 86 37 55 71
16 38 74 40 85 50
16 39 0 32 1 38
16 40 86 74 27 95
16 41 68 80 51 45
16 42 28 64 67 20
16 43 48 78 34 80
16 44 37 81 55 79
16 45 22 73 38 57
16 46 22 14 68 60
16 47 42 54 66 34
16 48 95 53 85 43
16 49 89 79 83 62
16 50 71 73 58 40
16 51 81 93 62 65
16 52 61 33 57 84
16 53 75 41 85 30
16 54 40 19 31 49
16 55 49 67 56 30
16 56 25 17 71 57
16 57 94 74 55 75
16 58 1 39 30 16
16 59 58 73 78 38
16 60 92 96 71 64
16 61 7 20 39 12
16 62 30 42 31 18
16 63 49 59 59 55
16 64 1 55 54 39
16 65 79 64 51 90
16 66 28 22 44 75
16 67 38 23 15 12
16 68 15 44 67 36
16 69 34 37 27 45
16 70 70 24 72 76
16 71 51 67 84 77
16 72 86 86 30 67
16 73 64 64 84 58
16 74 37 50 14 48
16 75 38 23 22 18
16 76 64 34 65 72
16 77 18 65 12 12
16 78 67 22 41 50
16 79 31 51 22 65
16 80 30 30 35 27
16 81 57 17 68 31
16 82 27 57 51 8
16 83 63 58 36 76
16 84 13 48 45 25
16 85 44 78 17 21
16 86 35 58 54 65
16 87 49 30 68 52
16 88 4 61 44 14
16 89 42 48 39 78
16 90 12 62 29 35
16 91 54 74 83 57
16 92 45 57 82 72
16 93 19 30 19 24
16 94 83 72 92 75
16 95 19 59 9 68
16 96 81 92 46 86
16 97 34 61 49 40
16 98 71 78 46 38
16 99 19 7 37 45
17 18 99 96 59 61
17 19 54 21 43 66
17 20 32 24 49 23
17 21 42 51 56 48
17 22 36 51 55 51
17 23 41 38 81 77
17 24 17 49 57 21
17 25 63 58 43 30
17 26 56 28 21 41
17 27 14 23 67 57
17 28 76 45 49 42
17 29 72 22 77 71
17 30 90 59 87 47
17 31 60 77 69 42
17 32 27 72 18 8
17 33 95 78 51 62
17 34 95 47 31 51
17 35 64 80 84 89
17 36 34 55 63 22
17 37 22 64 35 71
17 38 52 82 50 38
17 39 95 87 69 33
17 40 5 66 55 36
17 41 4 59 15 51
17 42 77 47 88 85
17 43 88 56 77 76
17 44 63 44 48 57
17 45 68 52 36 20
17 46 14 54 55 47
17 47 32 45 62 43
17 48 97 47 72 53
17 49 40 33 52 75
17 50 70 84 67 29
17 51 78 23 25 47
17 52 46 61 54 51
17 53 39 59 29 15
17 54 65 79 72 47
17 55 83 94 33 34
17 56 70 57 50 77
17 57 32 68 74 62
17 58 33 31 47 57
17 59 57 32 38 53
17 60 14 12 57 40
17 61 69 78 70 29
17 62 26 34 36 64
17 63 25 76 29 34
17 64 75 48 35 83
17 65 14 66 39 69
17 66 44 26 44 37
17 67 29 76 53 57
17 68 65 77 72 65
17 69 13 41 12 43
17 70 78 93 23 25
17 71 9 29 72 71
17 72 27 30 25 31
17 73 1 58 5 50
17 74 61 73 25 31
17 75 78 39 80 68
17 76 63 62 55 24
17 77 53 57 34 26
17 78 31 39 47 55
17 79 87 93 45 42
17 80 8 9 47 59
17 81 31 28 38 58
17 82 64 58 20 23
17 83 6 29 44 57
17 84 64 50 22 38
17 85 18 37 20 52
17 86 75 31 36 44
17 87 59 61 54 73
17 88 24 48 49 64
17 89 10 35 44 10
17 90 75 52 27 25
17 91 47 59 78 23
17 92 88 50 81 60
17 93 77 35 58 52
17 94 19 74 61 57
17 95 43 34 22 82
17 96 59 28 45 74
17 97 79 36 47 74
17 98 34 24 78 28
17 99 53 17 28 81
18 19 38 76 56 30
18 20 50 46 54 80
18 21 46 38 52 61
18 22 4 6 31 55
18 23 78 73 50 63
18 24 51 72 66 61
18 25 59 58 70 83
18 26 60 61 83 61
18 27 1 62 39 1
18 28 34 49 33 75
18 29 79 65 27 43
18 30 40 58 55 70
18 31 10 69 17 70
18 32 69 25 68 87
18 33 69 82 48 86
18 34 10 26 42 19
18 35 35 51 76 25
18 36 48 32 28 57
18 37 93 67 67 67
18 38 30 79 48 76
18 39 24 27 34 44
18 40 11 16 24 11
18 41 98 64 95 84
18 42 97 87 34 40
18 43 97 42 98 92
18 44 20 72 52 73
18 45 73 82 52 79
18 46 0 42 65 25
18 47 73 90 38 24
18 48 52 24 59 52
18 49 59 18 26 54
18 50 89 86 51 31
18 51 19 35 51 62
18 52 84 41 50 56
18 53 55 57 52 68
18 54 78 76 69 38
18 55 63 70 85 80
18 56 20 54 54 55
18 57 68 73 59 42
18 58 13 8 13 17
18 59 5 43 61 18
18 60 61 43 18 23
18 61 37 36 74 56
18 62 90 38 74 95
18 63 8 57 55 66
18 64 24 54 65 18
18 65 65 73 23 51
18 66 68 69 60 77
18 67 50 70 68 24
18 68 6 56 47 31
18 69 97 93 93 41
18 70 73 83 27 56
18 71 98 41 93 61
18 72 37 74 35 20
18 73 60 21 83 60
18 74 70 25 66 86
18 75 13 8 73 17
18 76 82 83 54 81
18 77 46 61 42 71
18 78 5 66 39 43
18 79 39 48 51 69
18 80 11 29 30 43
18 81 39 20 58 14
18 82 53 31 64 39
18 83 48 68 66 34
18 84 61 51 18 77
18 85 22 70 67 58
18 86 8 23 41 45
18 87 49 69 30 19
18 88 4 46 43 50
18 89 21 43 75 39
18 90 72 37 62 41
18 91 28 20 32 70
18 92 87 39 95 81
18 93 19 75 7 11
18 94 93 94 48 79
18 95 58 20 40 75
18 96 66 69 56 39
18 97 1 34 27 13
18 98 17 56 5 66
18 99 39 38 38 76
19 20 57 34 66 25
19 21 45 55 17 72
19 22 11 27 49 24
19 23 30 49 78 67
19 24 21 23 34 41
19 25 60 25 23 34
19 26 75 50 74 52
19 27 78 77 73 30
19 28 38 30 25 60
19 29 80 73 91 75
19 30 76 23 44 44
19 31 87 80 94 87
19 32 36 27 77 58
19 33 52 76 85 76
19 34 89 69 44 68
19 35 88 41 58 76
19 36 4 42 36 30
19 37 91 43 86 89
19 38 68 37 28 47
19 39 25 57 30 74
19 40 43 59 38 79
19 41 29 41 75 66
19 42 61 39 65 22
19 43 9 33 59 20
19 44 96 77 43 94
19 45 88 88 76 74
19 46 36 46 33 55
19 47 67 49 54 51
19 48 63 75 64 19
19 49 90 31 96 95
19 50 43 59 14 75
19 51 30 46 48 17
19 52 15 70 50 26
19 53 61 66 63 42
19 54 26 52 28 25
19 55 36 35 71 22
19 56 86 75 63 32
19 57 39 40 36 65
19 58 58 22 27 33
19 59 12 40 14 44
19 60 41 19 56 57
19 61 35 48 55 18
19 62 60 42 29 51
19 63 39 67 47 47
19 64 69 61 32 42
19 65 91 39 38 63
19 66 98 91 33 37
19 67 57 80 34 35
19 68 51 33 16 39
19 69 62 78 24 82
19 70 51 21 43 47
19 71 9 7 5 59
19 72 44 44 50 42
19 73 3 53 3 43
19 74 73 56 82 30
19 75 91 32 56 38
19 76 11 49 53 56
19 77 49 25 60 43
19 78 22 55 75 49
19 79 68 89 81 34
19 80 93 53 96 84
19 81 38 51 47 32
19 82 34 65 31 63
19 83 36 72 67 68
19 84 37 37 50 58
19 85 8 71 41 49
19 86 15 13 7 37
19 87 32 23 67 18
19 88 28 29 20 9
19 89 77 46 47 69
19 90 43 24 38 50
19 91 20 35 39 33
19 92 68 88 62 77
19 93 82 39 65 75
19 94 46 21 69 66
19 95 85 80 39 80
19 96 63 26 75 64
19 97 78 26 60 50
19 98 22 65 20 20
19 99 19 37 14 44
20 21 35 69 76 34
20 22 47 70 60 18
20 23 36 49 61 56
20 24 5 5 40 46
20 25 84 73 60 53
20 26 88 78 35 39
20 27 5 54 15 36
20 28 2 25 55 46
20 29 67 76 28 30
20 30 76 89 78 58
20 31 33 22 43 73
20 32 64 25 50 80
20 33 69 58 39 24
20 34 24 20 67 65
20 35 28 20 56 43
20 36 41 76 54 73
20 37 31 27 49 31
20 38 60 62 22 23
20 39 59 34 43 70
20 40 64 36 21 49
20 41 15 69 11 56
20 42 93 32 66 49
20 43 98 73 78 48
20 44 66 21 39 67
20 45 38 29 18 46
20 46 60 36 33 56
20 47 65 37 71 62
20 48 88 38 45 91
20 49 89 69 92 33
20 50 68 84 81 84
20 51 28 11 38 23
20 52 64 26 32 57
20 53 8 70 31 46
20 54 5 34 70 35
20 55 68 25 24 87
20 56 4 19 25 28
20 57 94 52 93 63
20 58 1 44 47 7
20 59 28 73 59 76
20 60 35 75 22 48
20 61 97 75 77 97
20 62 22 75 53 52
20 63 66 50 26 87
20 64 27 73 49 42
20 65 82 64 82 34
20 66 4 12 2 54
20 67 27 72 59 12
20 68 27 14 64 36
20 69 78 66 44 44
20 70 7 41 67 23
20 71 81 28 71 60
20 72 81 27 80 37
20 73 23 70 69 20
20 74 18 41 34 27
20 75 3 62 20 3
20 76 79 24 59 83
20 77 62 42 52 84
20 78 81 42 39 50
20 79 73 34 34 78
20 80 8 17 25 54
20 81 36 51 43 15
20 82 11 63 9 5
20 83 37 53 61 15
20 84 6 19 44 37
20 85 55 69 52 19
20 86 8 64 66 32
20 87 62 56 37 49
20 88 89 96 51 65
20 89 51 46 46 16
20 90 12 69 22 24
20 91 28 62 13 75
20 92 32 45 79 38
20 93 28 34 43 74
20 94 10 8 49 53
20 95 80 29 77 59
20 96 38 78 78 79
20 97 89 57 47 27
20 98 41 17 19 20
20 99 12 31 9 39
21 22 36 46 62 62
21 23 39 32 74 62
21 24 20 25 17 46
21 25 47 17 34 68
21 26 26 62 20 29
21 27 12 9 51 10
21 28 15 48 62 74
21 29 31 49 10 58
21 30 41 14 35 58
21 31 97 40 44 85
21 32 91 48 80 78
21 33 14 54 27 48
21 34 31 22 72 58
21 35 14 64 35 46
21 36 65 83 78 77
21 37 19 37 48 68
21 38 56 50 25 30
21 39 55 50 41 23
21 40 39 45 44 25
21 41 75 48 90 67
21 42 18 37 40 62
21 43 75 49 60 57
21 44 36 74 40 74
21 45 21 26 68 73
21 46 71 63 23 33
21 47 94 53 54 63
21 48 33 44 16 28
21 49 94 53 50 59
21 50 14 38 55 65
21 51 38 61 12 47
21 52 22 43 42 32
21 53 81 84 81 27
21 54 99 63 61 64
21 55 54 24 80 61
21 56 80 48 55 38
21 57 11 67 51 14
21 58 98 86 55 60
21 59 35 50 47 16
21 60 90 57 94 36
21 61 2 46 27 33
21 62 60 80 43 33
21 63 52 74 78 78
21 64 86 38 34 77
21 65 67 47 20 84
21 66 23 10 28 56
21 67 65 89 50 57
21 68 92 93 57 43
21 69 89 61 78 52
21 70 47 45 64 68
21 71 82 25 32 36
21 72 89 36 65 82
21 73 25 37 56 67
21 74 85 95 66 59
21 75 60 73 23 84
21 76 60 72 47 42
21 77 26 10 8 19
21 78 36 32 69 65
21 79 85 39 38 91
21 80 47 21 59 69
21 81 45 17 30 40
21 82 50 82 56 54
21 83 84 83 67 65
21 84 83 61 68 46
21 85 53 16 22 76
21 86 34 78 66 70
21 87 78 87 88 70
21 88 5 53 45 44
21 89 49 28 68 49
21 90 36 71 52 26
21 91 81 49 33 51
21 92 59 33 67 33
21 93 67 28 88 62
21 94 48 41 64 69
21 95 63 49 61 52
21 96 96 74 69 56
21 97 57 25 34 37
21 98 44 26 19 75
21 99 26 54 59 30
22 23 71 70 43 48
22 24 54 66 67 64
22 25 96 36 43 52
22 26 41 43 51 27
22 27 59 85 26 18
22 28 14 46 18 11
22 29 6 30 56 21
22 30 15 67 63 48
22 31 80 29 50 34
22 32 1 11 40 64
22 33 72 79 42 85
22 34 98 74 71 39
22 35 88 27 72 64
22 36 56 23 75 77
22 37 80 79 93 47
22 38 39 41 75 64
22 39 1 27 50 56
22 40 74 81 77 26
22 41 24 20 55 22
22 42 35 77 61 41
22 43 27 20 9 36
22 44 39 74 50 30
22 45 67 42 22 89
22 46 32 26 23 29
22 47 7 57 70 59
22 48 89 90 55 46
22 49 29 12 42 12
22 50 98 34 49 64
22 51 6 21 26 53
22 52 24 46 54 57
22 53 53 81 29 79
22 54 66 30 45 21
22 55 70 22 83 87
22 56 8 51 15 20
22 57 97 96 29 76
22 58 60 58 73 85
22 59 85 91 47 71
22 60 14 47 61 58
22 61 27 41 62 69
22 62 53 54 62 65
22 63 90 50 79 73
22 64 86 83 69 68
22 65 88 88 82 47
22 66 16 34 21 69
22 67 82 68 39 76
22 68 7 65 9 4
22 69 5 30 8 39
22 70 40 29 28 56
22 71 4 39 48 57
22 72 93 66 88 96
22 73 51 19 73 32
22 74 44 27 75 63
22 75 30 67 22 51
22 76 97 92 61 32
22 77 80 29 55 90
22 78 76 43 29 60
22 79 58 35 81 60
22 80 43 63 44 37
22 81 18 48 73 51
22 82 5 44 58 37
22 83 45 51 22 81
22 84 55 57 27 65
22 85 79 34 57 24
22 86 97 74 34 93
22 87 49 80 23 84
22 88 49 81 39 48
22 89 97 49 84 90
22 90 62 28 56 75
22 91 94 79 85 77
22 92 40 34 18 13
22 93 11 72 35 68
22 94 67 76 77 23
22 95 72 74 27 60
22 96 48 31 69 21
22 97 41 73 27 25
22 98 64 37 29 32
22 99 34 63 20 71
23 24 54 81 62 83
23 25 90 37 47 91
23 26 97 48 75 31
23 27 4 56 23 20
23 28 7 29 42 14
23 29 47 29 73 24
23 30 10 19 70 13
23 31 25 65 12 18
23 32 23 47 26 9
23 33 59 73 22 37
23 34 54 56 58 25
23 35 12 53 19 15
23 36 42 60 27 81
23 37 1 3 24 11
23 38 18 35 35 53
23 39 35 49 67 15
23 40 15 58 8 31
23 41 45 56 37 45
23 42 65 81 43 74
23 43 46 15 53 59
23 44 74 50 64 40
23 45 7 62 33 36
23 46 42 51 23 80
23 47 0 17 2 45
23 48 7 58 40 62
23 49 28 36 37 12
23 50 28 11 75 71
23 51 61 78 31 49
23 52 57 38 57 68
23 53 26 49 30 10
23 54 53 79 57 69
23 55 10 49 18 50
23 56 19 56 9 26
23 57 5 5 13 6
23 58 2 63 7 48
23 59 99 96 64 35
23 60 58 58 36 71
23 61 35 11 34 19
23 62 99 85 50 44
23 63 21 8 31 30
23 64 31 38 35 20
23 65 72 48 71 39
23 66 72 49 91 30
23 67 39 58 39 76
23 68 49 44 54 75
23 69 40 61 68 39
23 70 0 10 67 51
23 71 89 68 28 29
23 72 16 13 70 56
23 73 2 28 66 15
23 74 48 22 53 57
23 75 1 11 29 28
23 76 12 43 44 72
23 77 5 51 37 54
23 78 90 64 45 93
23 79 59 56 26 71
23 80 91 36 64 50
23 81 23 31 22 54
23 82 57 83 31 21
23 83 8 10 43 48
23 84 91 91 51 31
23 85 37 53 54 77
23 86 77 67 78 28
23 87 17 65 71 73
23 88 6 45 36 64
23 89 33 68 40 56
23 90 35 53 25 28
23 91 14 51 14 59
23 92 62 72 85 30
23 93 91 78 81 28
23 94 67 45 67 60
23 95 91 84 40 49
23 96 33 11 65 67
23 97 48 39 44 72
23 98 68 34 85 68
23 99 18 59 53 46
24 25 99 45 71 74
24 26 77 90 67 35
24 27 41 36 76 31
24 28 68 26 48 21
24 29 57 47 26 83
24 30 93 69 56 29
24 31 45 70 38 82
24 32 13 53 61 14
24 33 85 83 68 60
24 34 96 95 86 42
24 35 81 80 41 64
24 36 80 55 59 85
24 37 67 40 71 21
24 38 69 21 43 75
24 39 98 57 69 62
24 40 65 61 48 68
24 41 18 45 63 54
24 42 13 26 19 56
24 43 90 64 68 86
24 44 32 71 43 29
24 45 19 11 36 49
24 46 78 80 67 84
24 47 82 67 40 81
24 48 74 46 76 59
24 49 58 35 62 58
24 50 40 61 79 51
24 51 17 10 53 65
24 52 94 50 30 37
24 53 48 77 75 19
24 54 1 35 1 13
24 55 89 87 78 64
24 56 86 88 57 77
24 57 1 43 54 54
24 58 28 29 77 18
24 59 96 51 55 96
24 60 71 56 69 43
24 61 44 79 21 81
24 62 32 62 27 13
24 63 47 71 53 59
24 64 34 53 70 22
24 65 8 36 36 72
24 66 79 25 52 33
24 67 67 77 31 34
24 68 78 27 68 65
24 69 2 5 21 57
24 70 43 25 76 35
24 71 98 67 78 93
24 72 6 22 27 71
24 73 56 58 23 76
24 74 21 30 17 72
24 75 50 41 30 44
24 76 95 29 60 94
24 77 35 75 41 63
24 78 91 55 95 90
24 79 63 77 54 31
24 80 58 80 63 32
24 81 39 31 17 70
24 82 95 69 75 63
24 83 27 71 28 41
24 84 42 72 26 67
24 85 92 58 46 60
24 86 28 17 38 39
24 87 46 53 56 71
24 88 62 78 27 56
24 89 36 23 53 24
24 90 67 78 61 48
24 91 30 55 22 62
24 92 85 55 86 41
24 93 48 70 41 44
24 94 44 74 36 51
24 95 51 40 55 29
24 96 78 62 44 54
24 97 12 15 24 54
24 98 63 33 35 47
24 99 85 70 80 54
25 26 72 29 63 51
25 27 57 61 61 41
25 28 68 28 79 69
25 29 21 20 25 56
25 30 3 58 56 26
25 31 77 72 73 56
25 32 69 68 83 31
25 33 48 45 57 22
25 34 68 62 54 72
25 35 60 26 34 78
25 36 96 36 80 65
25 37 26 69 16 58
25 38 98 71 59 51
25 39 16 70 22 34
25 40 1 5 11 58
25 41 15 63 38 33
25 42 79 37 88 43
25 43 99 36 48 97
25 44 95 61 59 30
25 45 79 37 46 46
25 46 39 65 46 12
25 47 85 75 67 61
25 48 67 21 46 33
25 49 37 65 26 50
25 50 92 45 68 80
25 51 17 23 45 71
25 52 34 13 47 22
25 53 30 53 74 73
25 54 42 13 63 70
25 55 60 47 30 81
25 56 77 82 80 63
25 57 70 28 68 80
25 58 21 22 71 6
25 59 30 66 58 20
25 60 5 19 70 70
25 61 60 56 44 41
25 62 60 52 24 69
25 63 67 70 54 24
25 64 43 27 59 36
25 65 29 33 45 51
25 66 31 25 51 18
25 67 0 27 40 12
25 68 17 21 62 36
25 69 97 49 48 69
25 70 50 63 62 75
25 71 55 34 71 59
25 72 73 88 53 75
25 73 72 34 30 90
25 74 20 45 10 22
25 75 22 32 72 30
25 76 45 68 21 52
25 77 86 82 78 51
25 78 24 50 38 37
25 79 97 40 74 98
25 80 18 51 44 69
25 81 89 93 51 74
25 82 77 35 53 74
25 83 22 63 37 28
25 84 41 60 78 39
25 85 99 63 96 42
25 86 19 40 51 75
25 87 43 31 74 78
25 88 88 52 41 93
25 89 47 44 19 61
25 90 76 57 81 90
25 91 97 31 69 67
25 92 91 95 32 58
25 93 42 47 51 35
25 94 94 38 47 86
25 95 12 59 51 57
25 96 51 71 63 42
25 97 22 30 22 60
25 98 63 21 26 43
25 99 24 9 45 59
26 27 44 13 82 34
26 28 36 24 75 54
26 29 39 19 72 67
26 30 51 19 26 45
26 31 77 79 74 52
26 32 44 68 60 62
26 33 19 18 54 62
26 34 13 46 22 24
26 35 15 20 51 44
26 36 81 48 93 61
26 37 31 60 51 41
26 38 57 27 74 64
26 39 9 11 3 31
26 40 33 33 36 59
26 41 21 57 20 43
26 42 78 53 77 60
26 43 17 54 11 58
26 44 80 35 92 69
26 45 17 16 33 72
26 46 78 24 53 91
26 47 68 90 82 59
26 48 57 74 49 70
26 49 2 7 70 56
26 50 17 22 67 58
26 51 91 78 42 46
26 52 31 24 28 54
26 53 55 23 20 24
26 54 86 48 33 60
26 55 55 70 19 54
26 56 49 31 61 74
26 57 80 24 28 26
26 58 76 82 75 34
26 59 27 20 33 32
26 60 22 54 64 23
26 61 98 56 52 59
26 62 23 45 55 64
26 63 88 51 32 26
26 64 11 48 50 36
26 65 0 55 55 62
26 66 93 30 63 56
26 67 41 19 72 30
26 68 51 67 43 84
26 69 55 51 16 32
26 70 57 40 37 75
26 71 45 18 52 55
26 72 81 36 87 25
26 73 99 97 76 61
26 74 33 68 77 59
26 75 37 49 65 21
26 76 67 24 43 26
26 77 13 11 18 15
26 78 92 90 55 68
26 79 15 59 64 27
26 80 27 45 36 58
26 81 52 41 57 23
26 82 78 75 73 25
26 83 64 50 60 43
26 84 89 85 94 66
26 85 11 58 31 28
26 86 39 49 69 77
26 87 9 8 57 56
26 88 75 87 91 28
26 89 89 95 96 84
26 90 17 6 31 14
26 91 89 40 45 87
26 92 2 26 36 20
26 93 97 73 98 95
26 94 95 82 61 39
26 95 31 59 38 51
26 96 63 21 22 69
26 97 91 31 64 35
26 98 3 13 34 40
26 99 13 10 48 61
27 28 44 18 76 22
27 29 70 49 43 38
27 30 39 56 64 61
27 31 55 32 80 56
27 32 9 10 70 16
27 33 72 69 70 55
27 34 75 38 85 37
27 35 29 9 14 24
27 36 68 31 38 66
27 37 40 13 65 27
27 38 92 41 79 91
27 39 27 29 66 58
27 40 51 16 78 84
27 41 28 54 50 72
27 42 72 70 72 67
27 43 94 68 65 91
27 44 71 64 27 41
27 45 61 39 86 74
27 46 15 24 58 58
27 47 98 94 32 69
27 48 96 97 79 32
27 49 25 54 50 69
27 50 17 27 26 47
27 51 91 88 47 91
27 52 32 10 48 79
27 53 52 19 33 73
27 54 72 42 70 48
27 55 78 42 51 79
27 56 62 38 41 44
27 57 43 40 64 22
27 58 97 77 53 42
27 59 71 85 50 63
27 60 38 74 37 80
27 61 60 45 18 52
27 62 46 74 16 44
27 63 22 67 59 26
27 64 69 32 43 52
27 65 61 51 41 44
27 66 33 54 55 37
27 67 21 28 43 54
27 68 57 23 32 64
27 69 93 47 85 36
27 70 98 65 83 68
27 71 83 71 75 76
27 72 50 80 67 62
27 73 6 61 32 17
27 74 78 69 75 55
27 75 2 29 69 4
27 76 41 33 12 47
27 77 48 62 44 68
27 78 29 40 75 72
27 79 41 15 62 57
27 80 39 39 18 72
27 81 78 32 30 29
27 82 96 51 78 52
27 83 34 39 67 38
27 84 6 19 63 27
27 85 54 16 55 30
27 86 94 78 64 68
27 87 46 31 44 68
27 88 77 31 88 47
27 89 62 73 61 36
27 90 35 49 50 52
27 91 19 53 60 24
27 92 69 54 48 45
27 93 9 16 72 6
27 94 21 27 41 71
27 95 15 42 51 39
27 96 90 78 34 64
27 97 0 21 22 6
27 98 35 70 16 40
27 99 84 25 38 48
28 29 96 76 91 80
28 30 57 71 75 28
28 31 2 53 37 68
28 32 90 59 30 35
28 33 54 54 73 37
28 34 41 16 69 67
28 35 30 35 54 19
28 36 34 22 36 10
28 37 17 66 8 32
28 38 52 72 71 83
28 39 24 59 51 11
28 40 55 72 65 46
28 41 65 59 29 73
28 42 60 26 51 55
28 43 66 89 82 38
28 44 6 48 13 18
28 45 5 12 39 55
28 46 78 55 75 76
28 47 54 71 55 47
28 48 90 82 53 83
28 49 90 57 96 38
28 50 5 44 49 44
28 51 85 86 47 81
28 52 48 74 82 36
28 53 19 7 39 42
28 54 0 9 16 66
28 55 90 66 74 56
28 56 73 82 60 78
28 57 4 2 68 47
28 58 93 76 95 97
28 59 44 79 38 44
28 60 64 45 57 74
28 61 17 33 35 24
28 62 5 9 41 69
28 63 5 68 24 6
28 64 62 86 28 31
28 65 81 67 38 51
28 66 73 80 82 29
28 67 85 85 92 46
28 68 25 51 32 37
28 69 2 7 16 64
28 70 12 37 36 61
28 71 79 43 86 39
28 72 71 90 49 86
28 73 49 49 77 62
28 74 33 38 34 33
28 75 36 11 50 17
28 76 93 76 72 41
28 77 48 32 83 32
28 78 77 28 61 78
28 79 39 15 38 78
28 80 35 20 72 79
28 81 5 16 35 54
28 82 0 35 63 4
28 83 90 46 67 60
28 84 36 12 61 45
28 85 20 6 49 68
28 86 27 53 47 41
28 87 92 29 61 58
28 88 16 33 8 49
28 89 34 35 68 17
28 90 91 82 48 46
28 91 53 32 62 40
28 92 36 31 66 48
28 93 50 61 72 36
28 94 30 51 19 58
28 95 10 68 7 34
28 96 20 54 16 44
28 97 28 49 51 66
28 98 85 59 59 47
28 99 72 83 32 40
29 30 55 70 81 40
29 31 55 36 57 73
29 32 37 55 56 60
29 33 30 70 64 14
29 34 27 54 36 64
29 35 3 3 54 21
29 36 69 53 51 66
29 37 41 23 40 73
29 38 77 36 52 89
29 39 34 28 25 11
29 40 9 24 65 68
29 41 90 56 77 60
29 42 62 25 65 69
29 43 48 61 53 56
29 44 69 50 55 76
29 45 78 42 31 57
29 46 20 43 12 49
29 47 14 63 61 23
29 48 75 34 60 48
29 49 8 66 50 17
29 50 15 19 25 32
29 51 23 26 70 41
29 52 44 64 83 25
29 53 7 5 48 36
29 54 71 36 22 64
29 55 36 31 35 12
29 56 12 72 42 65
29 57 10 52 56 26
29 58 84 47 64 45
29 59 6 14 5 36
29 60 20 75 71 72
29 61 98 87 30 55
29 62 46 27 32 79
29 63 58 42 87 49
29 64 88 65 93 75
29 65 78 68 74 28
29 66 42 43 62 40
29 67 87 58 82 64
29 68 59 46 42 33
29 69 21 7 25 14
29 70 93 41 55 72
29 71 63 37 60 20
29 72 78 56 66 28
29 73 51 35 17 25
29 74 40 64 78 71
29 75 11 72 26 47
29 76 51 42 82 26
29 77 13 20 36 25
29 78 2 39 37 8
29 79 94 79 82 91
29 80 86 62 29 84
29 81 82 72 56 81
29 82 17 5 31 61
29 83 31 57 31 55
29 84 90 66 54 67
29 85 10 67 73 7
29 86 8 19 71 53
29 87 23 40 32 70
29 88 64 58 33 43
29 89 81 43 29 29
29 90 85 86 81 53
29 91 56 29 64 64
29 92 62 47 68 25
29 93 4 31 70 9
29 94 83 38 46 82
29 95 97 35 51 76
29 96 69 80 45 76
29 97 74 71 31 79
29 98 70 41 57 48
29 99 42 17 47 14
30 31 37 35 34 32
30 32 62 19 56 48
30 33 81 31 61 61
30 34 10 28 14 5
30 35 67 86 55 59
30 36 32 26 41 56
30 37 18 23 69 58
30 38 89 42 35 43
30 39 40 63 17 51
30 40 84 69 34 56
30 41 84 44 53 61
30 42 3 54 11 3
30 43 44 64 14 15
30 44 81 57 31 30
30 45 52 84 65 36
30 46 63 39 34 74
30 47 25 24 41 61
30 48 99 48 70 81
30 49 94 52 28 92
30 50 41 39 46 72
30 51 58 63 76 71
30 52 70 58 31 38
30 53 86 26 28 70
30 54 92 66 71 49
30 55 28 39 22 18
30 56 28 35 41 19
30 57 77 65 26 74
30 58 84 34 61 56
30 59 29 61 50 28
30 60 78 63 67 60
30 61 31 17 26 70
30 62 43 41 70 49
30 63 68 50 89 36
30 64 14 4 30 39
30 65 50 47 42 18
30 66 73 34 23 72
30 67 60 70 72 43
30 68 50 21 68 70
30 69 77 38 74 62
30 70 68 54 45 34
30 71 23 40 53 37
30 72 86 47 77 61
30 73 98 85 31 62
30 74 42 41 58 65
30 75 58 48 36 29
30 76 77 30 87 58
30 77 29 45 56 45
30 78 31 41 67 14
30 79 97 77 76 77
30 80 80 57 48 66
30 81 13 47 50 14
30 82 69 29 82 29
30 83 41 26 67 13
30 84 92 50 61 73
30 85 33 26 51 13
30 86 51 72 83 42
30 87 70 89 44 73
30 88 89 77 29 80
30 89 98 34 77 36
30 90 56 76 45 42
30 91 12 56 70 5
30 92 24 27 24 8
30 93 45 30 18 75
30 94 25 23 73 73
30 95 4 30 45 71
30 96 17 7 35 20
30 97 64 72 20 73
30 98 83 49 64 28
30 99 0 7 12 27
31 32 90 54 88 79
31 33 87 59 33 83
31 34 76 51 23 82
31 35 12 59 23 44
31 36 7 23 37 35
31 37 74 76 68 52
31 38 10 10 65 55
31 39 77 64 31 58
31 40 18 47 60 49
31 41 57 62 52 85
31 42 30 41 66 54
31 43 40 74 56 49
31 44 3 39 3 18
31 45 49 75 54 36
31 46 11 26 27 68
31 47 93 67 58 81
31 48 38 67 25 23
31 49 52 46 80 47
31 50 97 81 37 82
31 51 6 49 18 25
31 52 65 24 45 70
31 53 86 64 57 46
31 54 94 81 63 62
31 55 75 38 59 28
31 56 58 58 24 42
31 57 7 63 17 25
31 58 65 80 46 73
31 59 23 23 39 70
31 60 11 16 24 5
31 61 19 33 50 48
31 62 83 79 93 63
31 63 19 62 13 26
31 64 85 52 68 37
31 65 62 32 36 50
31 66 74 68 80 59
31 67 62 59 78 62
31 68 48 25 56 38
31 69 44 14 64 79
31 70 95 29 55 73
31 71 89 74 73 74
31 72 1 56 44 6
31 73 46 44 47 82
31 74 50 80 53 56
31 75 33 60 56 18
31 76 62 49 75 58
31 77 86 26 52 69
31 78 27 50 74 34
31 79 1 50 33 14
31 80 36 58 80 68
31 81 59 80 59 80
31 82 44 49 45 65
31 83 99 38 57 52
31 84 27 10 18 65
31 85 69 65 23 82
31 86 13 58 15 49
31 87 76 85 52 84
31 88 36 41 19 36
31 89 45 17 44 33
31 90 6 30 37 63
31 91 67 52 49 62
31 92 30 77 40 33
31 93 86 80 79 77
31 94 65 22 25 86
31 95 85 84 66 94
31 96 34 50 45 34
31 97 12 60 51 28
31 98 90 34 72 71
31 99 14 46 16 21
32 33 82 42 51 31
32 34 26 47 76 29
32 35 33 69 23 17
32 36 90 64 29 63
32 37 59 32 80 31
32 38 4 51 20 11
32 39 42 50 56 47
32 40 86 88 74 32
32 41 32 14 55 56
32 42 9 5 31 21
32 43 65 60 62 84
32 44 48 79 58 54
32 45 63 87 30 84
32 46 96 71 36 71
32 47 97 40 49 39
32 48 66 35 50 72
32 49 36 23 65 79
32 50 22 70 66 32
32 51 48 66 24 46
32 52 15 67 37 73
32 53 18 23 69 21
32 54 37 28 40 18
32 55 87 63 40 32
32 56 30 76 21 54
32 57 72 65 85 40
32 58 64 54 75 75
32 59 77 43 50 57
32 60 80 29 82 79
32 61 30 74 25 11
32 62 36 60 19 45
32 63 34 22 72 72
32 64 99 37 82 33
32 65 17 23 68 58
32 66 33 29 56 20
32 67 6 62 44 18
32 68 99 54 98 92
32 69 46 24 48 44
32 70 82 37 93 89
32 71 28 24 35 16
32 72 46 38 50 64
32 73 99 73 53 61
32 74 33 37 23 34
32 75 57 46 83 59
32 76 14 72 18 36
32 77 65 36 37 58
32 78 80 66 30 69
32 79 41 26 38 17
32 80 16 38 54 8
32 81 1 69 38 23
32 82 58 68 18 34
32 83 76 86 73 51
32 84 69 56 76 61
32 85 1 33 47 10
32 86 44 46 75 62
32 87 74 24 67 32
32 88 71 26 46 47
32 89 89 46 60 28
32 90 39 24 45 76
32 91 82 69 71 62
32 92 62 80 56 80
32 93 36 45 63 52
32 94 54 55 67 24
32 95 49 27 71 80
32 96 96 97 62 96
32 97 12 14 69 12
32 98 38 14 43 15
32 99 54 74 42 63
33 34 86 69 72 46
33 35 37 58 55 80
33 36 14 13 6 22
33 37 3 48 53 57
33 38 74 90 39 41
33 39 83 90 69 35
33 40 52 26 48 43
33 41 0 11 6 13
33 42 31 36 33 21
33 43 83 64 33 29
33 44 2 56 53 27
33 45 58 67 22 74
33 46 66 47 50 53
33 47 44 73 13 82
33 48 75 27 59 69
33 49 55 31 68 26
33 50 31 32 51 78
33 51 33 45 22 42
33 52 63 53 67 48
33 53 42 29 45 51
33 54 52 80 57 79
33 55 38 74 19 28
33 56 40 67 50 61
33 57 46 28 21 79
33 58 84 25 51 53
33 59 45 47 76 68
33 60 56 49 46 51
33 61 24 27 17 21
33 62 50 66 60 24
33 63 57 85 64 82
33 64 13 54 54 62
33 65 58 29 65 33
33 66 8 42 45 4
33 67 53 75 37 46
33 68 72 56 71 36
33 69 84 68 62 69
33 70 43 19 52 52
33 71 36 43 68 45
33 72 1 30 35 57
33 73 41 54 65 23
33 74 56 18 39 70
33 75 48 26 40 75
33 76 89 88 92 84
33 77 89 52 38 41
33 78 16 49 48 14
33 79 58 43 77 20
33 80 95 40 59 90
33 81 0 49 50 27
33 82 9 65 36 72
33 83 27 17 54 76
33 84 0 4 52 63
33 85 60 73 65 71
33 86 79 33 29 53
33 87 88 66 29 62
33 88 23 75 67 34
33 89 21 40 53 56
33 90 71 89 46 42
33 91 11 58 9 33
33 92 77 64 73 66
33 93 15 23 51 33
33 94 70 34 32 23
33 95 95 75 80 66
33 96 33 53 38 41
33 97 62 41 72 48
33 98 86 72 47 26
33 99 4 68 8 33
34 35 27 48 17 18
34 36 93 92 75 50
34 37 86 43 50 71
34 38 66 45 44 79
34 39 8 10 57 3
34 40 30 68 40 72
34 41 45 43 23 50
34 42 1 47 26 22
34 43 56 48 43 51
34 44 79 93 63 47
34 45 24 37 8 43
34 46 67 52 40 67
34 47 69 30 86 23
34 48 11 71 55 37
34 49 61 66 23 33
34 50 81 80 33 65
34 51 18 59 34 45
34 52 5 34 9 39
34 53 25 46 23 68
34 54 42 37 74 73
34 55 52 82 27 30
34 56 82 34 86 58
34 57 53 46 26 74
34 58 25 56 66 74
34 59 44 70 51 71
34 60 74 48 33 41
34 61 44 65 28 75
34 62 24 27 21 36
34 63 26 45 41 66
34 64 13 51 30 23
34 65 91 30 48 50
34 66 94 67 31 39
34 67 50 20 79 33
34 68 88 66 29 93
34 69 16 27 15 55
34 70 10 65 13 29
34 71 62 86 26 22
34 72 61 66 67 71
34 73 32 60 40 65
34 74 84 59 85 60
34 75 43 39 51 41
34 76 87 65 36 26
34 77 12 57 40 71
34 78 18 58 11 74
34 79 54 85 50 52
34 80 13 30 52 56
34 81 9 20 68 14
34 82 91 41 88 67
34 83 56 55 52 55
34 84 4 41 11 43
34 85 9 62 17 51
34 86 44 45 40 32
34 87 97 43 82 87
34 88 52 77 47 24
34 89 82 26 59 56
34 90 58 34 48 66
34 91 33 15 41 15
34 92 59 34 86 77
34 93 6 20 22 8
34 94 42 79 14 48
34 95 4 50 27 12
34 96 33 64 14 43
34 97 83 33 43 32
34 98 88 81 36 72
34 99 65 66 84 52
35 36 11 12 64 51
35 37 63 69 77 66
35 38 14 34 41 51
35 39 76 80 60 54
35 40 94 69 35 80
35 41 54 82 71 73
35 42 24 42 74 57
35 43 96 90 66 58
35 44 15 48 45 34
35 45 96 40 43 87
35 46 14 50 51 12
35 47 26 35 29 9
35 48 45 44 20 73
35 49 97 94 59 48
35 50 70 51 88 47
35 51 27 43 32 70
35 52 67 29 35 29
35 53 36 62 81 56
35 54 13 13 6 63
35 55 85 27 64 83
35 56 42 62 59 55
35 57 91 96 69 40
35 58 20 8 19 48
35 59 54 82 81 33
35 60 98 58 31 81
35 61 30 18 70 26
35 62 97 68 34 82
35 63 47 23 40 64
35 64 11 5 30 20
35 65 18 40 23 16
35 66 25 49 24 57
35 67 37 13 50 15
35 68 37 57 20 66
35 69 97 67 59 86
35 70 61 41 45 57
35 71 72 38 66 90
35 72 37 75 31 37
35 73 17 69 68 50
35 74 92 95 34 77
35 75 3 54 12 66
35 76 94 92 39 66
35 77 11 27 46 53
35 78 4 10 33 18
35 79 89 29 35 86
35 80 43 67 46 72
35 81 71 84 87 52
35 82 11 19 26 34
35 83 40 25 16 39
35 84 63 86 72 38
35 85 58 46 20 47
35 86 78 67 47 56
35 87 65 60 54 67
35 88 88 40 75 82
35 89 93 61 33 34
35 90 76 91 65 73
35 91 53 33 49 42
35 92 6 15 6 20
35 93 25 40 67 66
35 94 55 33 36 82
35 95 65 66 77 67
35 96 69 77 55 80
35 97 86 67 55 50
35 98 85 25 38 86
35 99 5 58 58 67
36 37 25 33 53 67
36 38 30 29 24 54
36 39 71 36 62 22
36 40 78 33 57 77
36 41 63 38 56 24
36 42 37 65 20 16
36 43 31 40 59 65
36 44 60 32 41 60
36 45 33 18 76 74
36 46 97 88 45 63
36 47 29 12 14 21
36 48 25 34 8 34
36 49 28 27 17 22
36 50 65 70 68 20
36 51 93 62 41 33
36 52 44 65 69 68
36 53 57 23 28 68
36 54 43 45 14 22
36 55 36 70 44 27
36 56 65 67 72 83
36 57 11 51 34 57
36 58 79 59 92 47
36 59 93 65 71 42
36 60 28 39 47 41
36 61 61 23 23 39
36 62 96 30 33 63
36 63 81 71 82 61
36 64 90 39 85 57
36 65 76 63 75 61
36 66 34 27 68 47
36 67 51 47 33 47
36 68 13 34 5 46
36 69 62 41 27 27
36 70 23 12 69 10
36 71 45 14 56 38
36 72 70 42 47 25
36 73 20 38 11 48
36 74 57 18 35 65
36 75 26 33 77 66
36 76 20 6 16 66
36 77 93 42 70 29
36 78 4 29 37 50
36 79 51 22 55 33
36 80 11 32 19 46
36 81 23 75 56 52
36 82 62 43 41 63
36 83 38 71 67 70
36 84 72 50 27 51
36 85 35 32 44 72
36 86 47 51 44 75
36 87 48 51 34 76
36 88 2 51 62 15
36 89 60 79 71 72
36 90 57 41 65 47
36 91 51 18 69 80
36 92 98 41 31 37
36 93 72 68 83 46
36 94 29 14 18 11
36 95 8 39 29 16
36 96 77 41 35 31
36 97 58 70 18 30
36 98 74 89 50 89
36 99 92 33 75 41
37 38 59 60 80 56
37 39 43 17 50 36
37 40 4 69 27 65
37 41 47 75 32 34
37 42 83 61 71 87
37 43 10 6 10 58
37 44 84 28 42 36
37 45 76 39 70 80
37 46 81 56 69 56
37 47 59 22 40 44
37 48 14 10 10 70
37 49 31 24 55 56
37 50 64 88 60 50
37 51 45 55 29 75
37 52 91 27 46 64
37 53 27 10 46 19
37 54 39 46 79 64
37 55 9 16 29 59
37 56 80 72 84 86
37 57 18 11 16 39
37 58 79 84 87 50
37 59 75 32 85 43
37 60 4 35 36 16
37 61 74 69 24 43
37 62 62 38 46 32
37 63 3 65 57 13
37 64 42 49 49 36
37 65 6 5 29 11
37 66 13 34 25 32
37 67 60 80 73 67
37 68 21 39 45 37
37 69 17 54 62 41
37 70 83 87 61 85
37 71 42 15 52 71
37 72 73 60 38 77
37 73 65 30 38 56
37 74 9 34 37 6
37 75 3 58 29 53
37 76 33 50 65 45
37 77 12 59 14 17
37 78 14 63 11 33
37 79 79 61 73 69
37 80 60 80 34 52
37 81 12 38 17 37
37 82 29 20 35 19
37 83 3 66 62 59
37 84 17 73 6 14
37 85 50 75 80 81
37 86 47 82 57 41
37 87 48 81 50 37
37 88 80 59 74 32
37 89 41 64 34 66
37 90 25 58 30 60
37 91 57 77 20 32
37 92 95 96 70 37
37 93 64 72 75 88
37 94 99 83 71 30
37 95 53 68 38 57
37 96 27 17 31 8
37 97 52 24 32 59
37 98 13 31 55 52
37 99 68 42 60 43
38 39 49 32 83 49
38 40 28 8 25 78
38 41 5 28 45 47
38 42 73 81 90 79
38 43 9 3 72 50
38 44 95 76 85 61
38 45 16 38 43 25
38 46 34 20 78 62
38 47 89 57 76 41
38 48 39 14 36 26
38 49 93 85 36 51
38 50 83 85 84 50
38 51 61 80 65 71
38 52 75 54 78 75
38 53 88 58 27 93
38 54 71 48 69 30
38 55 7 37 28 44
38 56 61 78 28 35
38 57 28 42 38 9
38 58 11 7 48 25
38 59 66 58 39 40
38 60 70 34 35 32
38 61 29 51 78 17
38 62 12 64 45 36
38 63 47 33 21 79
38 64 25 32 63 32
38 65 19 74 26 43
38 66 39 18 20 73
38 67 94 33 30 82
38 68 72 71 76 89
38 69 15 47 70 68
38 70 31 12 70 52
38 71 48 49 33 20
38 72 39 32 47 43
38 73 57 50 46 49
38 74 5 4 8 38
38 75 55 62 22 35
38 76 31 55 33 73
38 77 31 11 46 66
38 78 22 17 67 63
38 79 54 75 86 46
38 80 83 38 76 90
38 81 76 82 50 23
38 82 27 22 11 70
38 83 64 68 42 64
38 84 32 60 58 33
38 85 86 54 36 36
38 86 91 86 55 86
38 87 10 21 53 5
38 88 77 66 55 49
38 89 47 69 22 15
38 90 47 72 57 28
38 91 41 37 53 37
38 92 60 45 73 36
38 93 63 80 84 38
38 94 63 68 26 71
38 95 0 32 34 67
38 96 17 47 16 45
38 97 25 19 8 42
38 98 82 75 30 40
38 99 61 51 42 52
39 40 33 10 25 35
39 41 24 26 58 28
39 42 43 61 56 22
39 43 6 47 58 26
39 44 93 75 96 90
39 45 50 47 45 41
39 46 58 74 48 62
39 47 33 44 26 42
39 48 14 52 35 27
39 49 6 32 56 48
39 50 67 74 44 45
39 51 42 27 46 53
39 52 57 43 71 24
39 53 67 49 41 66
39 54 93 85 56 32
39 55 49 44 69 26
39 56 57 23 60 22
39 57 80 35 59 66
39 58 39 65 66 79
39 59 75 28 82 64
39 60 26 12 45 8
39 61 33 14 59 66
39 62 43 77 63 53
39 63 1 39 67 36
39 64 63 46 30 28
39 65 75 32 39 65
39 66 93 34 78 70
39 67 88 74 41 37
39 68 49 25 37 49
39 69 2 62 61 5
39 70 25 40 35 62
39 71 64 81 75 39
39 72 18 44 42 12
39 73 41 76 22 40
39 74 46 51 42 16
39 75 37 63 68 65
39 76 22 7 38 38
39 77 15 71 17 39
39 78 33 52 28 26
39 79 64 70 36 56
39 80 12 59 61 65
39 81 74 27 76 73
39 82 17 23 9 29
39 83 35 75 30 46
39 84 93 65 78 48
39 85 10 32 70 64
39 86 48 56 38 56
39 87 20 23 28 60
39 88 79 38 89 31
39 89 32 51 23 54
39 90 54 51 57 26
39 91 48 18 39 58
39 92 64 82 41 59
39 93 24 9 27 77
39 94 4 45 66 57
39 95 2 25 50 42
39 96 71 72 45 28
39 97 67 22 28 37
39 98 19 57 22 12
39 99 36 31 25 77
40 41 1 39 18 32
40 42 78 89 77 45
40 43 30 13 69 18
40 44 24 61 35 42
40 45 78 26 37 77
40 46 9 16 52 49
40 47 96 39 62 90
40 48 78 41 55 81
40 49 27 20 19 13
40 50 29 30 49 52
40 51 59 73 23 23
40 52 89 41 90 86
40 53 89 74 59 54
40 54 74 60 63 42
40 55 33 69 10 62
40 56 83 49 44 45
40 57 27 38 41 31
40 58 13 58 42 6
40 59 28 31 64 62
40 60 57 53 83 47
40 61 34 64 37 72
40 62 28 39 67 54
40 63 79 66 43 34
40 64 1 26 2 35
40 65 81 64 28 86
40 66 10 57 57 66
40 67 22 37 17 45
40 68 12 67 57 13
40 69 45 74 14 33
40 70 87 68 27 74
40 71 49 56 21 23
40 72 51 80 70 77
40 73 10 20 41 8
40 74 8 46 13 70
40 75 63 65 29 24
40 76 50 29 32 73
40 77 6 51 66 62
40 78 92 42 71 96
40 79 92 94 43 38
40 80 22 23 62 68
40 81 8 51 59 26
40 82 45 46 17 61
40 83 12 50 12 17
40 84 28 33 52 52
40 85 83 60 45 57
40 86 5 50 70 5
40 87 86 51 78 61
40 88 25 20 29 40
40 89 60 42 74 40
40 90 4 51 69 57
40 91 93 46 73 90
40 92 81 87 52 38
40 93 56 75 49 30
40 94 67 89 89 26
40 95 93 48 46 86
40 96 79 74 25 35
40 97 16 29 38 8
40 98 10 56 45 20
40 99 20 52 35 40
41 42 65 30 46 56
41 43 20 14 43 37
41 44 11 39 5 38
41 45 15 22 40 22
41 46 17 58 46 30
41 47 40 35 23 81
41 48 75 60 52 60
41 49 8 40 63 58
41 50 74 54 90 30
41 51 12 39 34 43
41 52 78 54 37 72
41 53 75 74 90 59
41 54 68 79 35 42
41 55 51 54 56 56
41 56 28 32 43 64
41 57 62 54 85 60
41 58 85 70 68 95
41 59 79 46 55 92
41 60 25 47 37 63
41 61 17 47 55 34
41 62 34 32 73 19
41 63 2 61 24 30
41 64 39 43 52 53
41 65 31 16 27 34
41 66 91 78 28 78
41 67 75 64 54 78
41 68 40 21 28 31
41 69 68 78 79 38
41 70 16 12 64 28
41 71 65 82 73 48
41 72 63 26 22 24
41 73 44 58 63 43
41 74 11 16 68 25
41 75 54 27 75 29
41 76 22 69 27 73
41 77 31 18 26 13
41 78 93 64 49 51
41 79 23 65 18 76
41 80 33 23 33 59
41 81 72 68 51 85
41 82 65 30 58 76
41 83 50 16 65 31
41 84 9 19 67 3
41 85 18 26 21 7
41 86 69 29 88 22
41 87 3 56 56 45
41 88 1 63 29 16
41 89 2 54 1 40
41 90 53 48 67 30
41 91 39 28 64 12
41 92 7 28 65 44
41 93 96 37 34 70
41 94 81 48 91 39
41 95 38 40 26 38
41 96 5 43 22 28
41 97 19 25 71 46
41 98 71 44 80 25
41 99 58 36 41 78
42 43 87 95 58 63
42 44 49 60 53 79
42 45 97 64 51 72
42 46 4 32 39 15
42 47 40 59 65 39
42 48 61 63 50 81
42 49 17 62 47 10
42 50 56 49 51 60
42 51 9 7 71 10
42 52 49 50 50 57
42 53 9 38 44 23
42 54 38 37 35 26
42 55 31 15 35 12
42 56 22 66 26 12
42 57 46 47 18 78
42 58 4 44 36 22
42 59 32 77 33 42
42 60 57 85 39 70
42 61 81 71 72 29
42 62 25 19 36 67
42 63 18 36 48 35
42 64 55 58 62 84
42 65 66 70 62 28
42 66 60 73 30 47
42 67 79 28 38 42
42 68 82 81 29 41
42 69 17 24 11 29
42 70 2 37 65 52
42 71 48 27 51 58
42 72 65 80 73 85
42 73 42 34 42 32
42 74 97 90 51 42
42 75 22 45 30 6
42 76 38 37 73 28
42 77 33 31 25 32
42 78 73 84 46 32
42 79 66 66 81 76
42 80 7 16 54 19
42 81 25 41 51 54
42 82 82 34 32 68
42 83 8 3 24 15
42 84 13 30 71 62
42 85 41 53 27 56
42 86 81 80 31 52
42 87 60 37 22 68
42 88 24 39 26 21
42 89 37 37 75 29
42 90 41 21 56 17
42 91 7 39 20 49
42 92 35 73 24 79
42 93 5 17 47 44
42 94 16 15 8 11
42 95 15 63 24 7
42 96 93 72 68 94
42 97 76 27 54 49
42 98 41 30 64 41
42 99 36 80 59 72
43 44 83 37 82 57
43 45 77 24 89 71
43 46 97 42 80 30
43 47 95 68 95 34
43 48 31 23 49 77
43 49 77 23 61 54
43 50 97 48 64 52
43 51 49 60 32 76
43 52 41 69 36 78
43 53 46 77 28 21
43 54 67 86 36 34
43 55 54 84 28 68
43 56 13 30 48 28
43 57 57 58 34 42
43 58 9 40 58 53
43 59 11 37 64 14
43 60 39 53 14 43
43 61 17 26 53 67
43 62 91 59 48 34
43 63 98 57 79 91
43 64 18 56 24 44
43 65 37 53 32 56
43 66 78 61 32 83
43 67 13 21 54 31
43 68 88 26 54 38
43 69 64 81 60 34
43 70 57 22 27 54
43 71 43 74 63 72
43 72 89 29 29 92
43 73 13 20 22 67
43 74 66 67 83 75
43 75 50 73 60 32
43 76 72 49 34 42
43 77 58 43 37 35
43 78 90 72 50 90
43 79 14 53 41 18
43 80 36 42 39 71
43 81 82 55 76 55
43 82 89 39 52 74
43 83 60 59 71 67
43 84 61 18 48 55
43 85 31 17 72 64
43 86 26 67 60 76
43 87 77 69 26 62
43 88 43 66 73 48
43 89 85 63 27 49
43 90 75 88 54 63
43 91 59 57 46 26
43 92 9 6 72 57
43 93 69 76 37 30
43 94 47 47 61 57
43 95 44 63 62 62
43 96 58 46 20 59
43 97 88 88 47 56
43 98 92 32 40 40
43 99 96 33 75 79
44 45 72 87 27 91
44 46 73 63 36 64
44 47 99 76 78 53
44 48 2 2 68 49
44 49 26 72 77 32
44 50 81 49 89 65
44 51 43 60 75 35
44 52 17 63 75 47
44 53 93 41 83 69
44 54 55 34 84 19
44 55 78 55 82 81
44 56 45 13 50 19
44 57 6 35 11 30
44 58 28 56 52 51
44 59 19 46 71 47
44 60 55 81 82 73
44 61 93 47 89 28
44 62 47 42 42 27
44 63 46 19 50 26
44 64 92 92 95 79
44 65 81 62 58 33
44 66 78 84 63 59
44 67 35 23 14 28
44 68 94 59 39 51
44 69 62 25 47 59
44 70 20 8 22 32
44 71 68 46 57 85
44 72 95 51 34 90
44 73 52 47 47 30
44 74 26 69 31 58
44 75 85 85 28 80
44 76 99 80 55 94
44 77 9 16 61 10
44 78 75 45 74 74
44 79 80 25 64 66
44 80 7 64 54 37
44 81 75 87 48 40
44 82 92 53 35 87
44 83 26 49 25 68
44 84 65 86 40 82
44 85 91 90 29 80
44 86 17 40 48 67
44 87 3 53 56 49
44 88 8 33 15 21
44 89 3 44 59 57
44 90 58 48 79 82
44 91 1 57 26 22
44 92 82 33 81 37
44 93 24 38 64 34
44 94 28 14 40 66
44 95 84 77 43 28
44 96 73 67 59 73
44 97 67 50 82 48
44 98 38 61 12 65
44 99 5 30 47 63
45 46 78 82 61 55
45 47 14 19 8 13
45 48 64 87 36 78
45 49 49 41 21 33
45 50 10 30 71 23
45 51 3 53 67 70
45 52 79 33 83 42
45 53 20 47 18 32
45 54 44 73 82 32
45 55 93 93 35 67
45 56 68 60 62 88
45 57 88 75 41 34
45 58 21 39 71 48
45 59 84 37 40 86
45 60 33 75 55 62
45 61 50 65 35 67
45 62 0 44 20 65
45 63 29 46 71 11
45 64 34 21 41 69
45 65 40 54 62 36
45 66 88 88 29 57
45 67 33 10 28 72
45 68 23 17 42 51
45 69 10 71 55 23
45 70 95 88 53 88
45 71 18 11 7 45
45 72 40 14 70 39
45 73 66 38 88 45
45 74 45 72 34 40
45 75 67 21 71 68
45 76 40 65 30 31
45 77 14 62 35 59
45 78 5 6 31 68
45 79 53 45 80 48
45 80 29 28 61 61
45 81 0 2 16 68
45 82 64 73 64 61
45 83 42 52 17 41
45 84 70 47 66 80
45 85 81 66 63 25
45 86 63 22 69 88
45 87 72 63 83 60
45 88 63 44 88 65
45 89 29 44 13 76
45 90 97 33 66 33
45 91 51 19 47 36
45 92 86 43 26 90
45 93 98 58 82 51
45 94 37 57 19 79
45 95 83 30 50 39
45 96 35 80 51 20
45 97 17 59 19 24
45 98 9 66 25 9
45 99 11 11 50 28
46 47 59 84 57 58
46 48 31 13 67 67
46 49 23 39 39 13
46 50 44 70 61 30
46 51 71 84 42 47
46 52 52 36 84 62
46 53 60 18 22 59
46 54 94 28 62 96
46 55 39 30 50 32
46 56 48 26 30 19
46 57 51 56 53 83
46 58 95 68 70 53
46 59 20 32 69 16
46 60 90 66 95 76
46 61 52 59 41 45
46 62 35 41 73 38
46 63 99 82 69 93
46 64 92 45 46 70
46 65 42 25 37 13
46 66 54 46 83 58
46 67 73 71 86 90
46 68 94 89 57 38
46 69 61 20 62 19
46 70 55 85 79 16
46 71 72 63 84 63
46 72 62 58 45 69
46 73 40 41 12 49
46 74 25 40 46 74
46 75 92 31 47 66
46 76 23 52 50 56
46 77 49 80 65 17
46 78 43 13 20 65
46 79 89 75 67 78
46 80 58 72 55 29
46 81 34 41 68 19
46 82 11 60 33 46
46 83 90 87 38 84
46 84 82 63 88 67
46 85 90 30 93 59
46 86 55 79 86 43
46 87 12 22 62 67
46 88 37 62 72 24
46 89 57 22 79 27
46 90 66 82 29 85
46 91 70 52 59 26
46 92 79 35 62 45
46 93 85 94 91 91
46 94 66 33 45 74
46 95 99 50 63 46
46 96 13 52 68 42
46 97 94 46 33 71
46 98 75 61 86 31
46 99 10 27 42 9
47 48 17 28 52 31
47 49 19 28 73 8
47 50 80 53 40 93
47 51 35 19 50 65
47 52 27 56 44 16
47 53 38 46 40 71
47 54 11 15 53 55
47 55 98 80 60 92
47 56 26 56 41 77
47 57 6 10 68 35
47 58 7 10 26 40
47 59 74 77 70 59
47 60 48 80 67 59
47 61 53 60 33 49
47 62 40 44 79 23
47 63 22 14 23 66
47 64 87 87 38 65
47 65 14 53 7 48
47 66 41 36 29 57
47 67 43 14 64 70
47 68 98 75 80 72
47 69 9 49 16 6
47 70 53 44 54 24
47 71 62 51 56 78
47 72 54 63 79 64
47 73 25 63 59 22
47 74 9 55 40 58
47 75 19 28 40 10
47 76 8 16 43 42
47 77 95 82 50 43
47 78 86 55 86 40
47 79 81 53 43 88
47 80 47 24 61 55
47 81 50 61 20 26
47 82 24 33 40 39
47 83 78 81 71 37
47 84 84 44 69 91
47 85 62 50 29 32
47 86 55 41 60 83
47 87 29 10 43 19
47 88 38 56 18 26
47 89 5 20 48 8
47 90 2 21 42 22
47 91 44 57 54 19
47 92 17 57 50 12
47 93 8 49 51 8
47 94 74 79 66 69
47 95 45 23 15 70
47 96 11 22 41 67
47 97 39 24 38 68
47 98 63 38 51 49
47 99 32 27 15 21
48 49 76 47 42 52
48 50 54 50 65 36
48 51 63 53 42 31
48 52 41 19 69 29
48 53 44 54 73 51
48 54 18 31 7 63
48 55 33 43 62 54
48 56 84 28 57 25
48 57 69 73 74 43
48 58 25 26 57 37
48 59 35 17 77 69
48 60 42 80 65 29
48 61 58 34 33 37
48 62 8 65 68 65
48 63 29 10 77 56
48 64 88 60 83 41
48 65 13 35 51 38
48 66 90 47 50 74
48 67 19 45 55 46
48 68 38 63 29 66
48 69 11 43 48 72
48 70 62 19 70 35
48 71 79 28 55 41
48 72 50 28 17 55
48 73 43 22 53 76
48 74 42 74 14 27
48 75 40 42 74 40
48 76 87 84 64 70
48 77 3 21 32 36
48 78 24 71 39 67
48 79 2 46 52 13
48 80 26 72 58 24
48 81 53 78 60 49
48 82 36 48 57 36
48 83 42 13 19 78
48 84 29 25 48 68
48 85 57 44 76 76
48 86 95 89 44 31
48 87 88 68 55 34
48 88 98 87 58 93
48 89 32 63 30 44
48 90 9 61 70 24
48 91 48 60 17 25
48 92 7 20 31 49
48 93 34 39 16 25
48 94 23 22 35 55
48 95 13 65 7 38
48 96 80 34 49 25
48 97 43 58 27 63
48 98 43 48 69 47
48 99 80 72 78 78
49 50 43 67 20 43
49 51 4 34 61 27
49 52 31 19 78 59
49 53 58 37 59 41
49 54 74 88 62 71
49 55 93 81 67 79
49 56 85 35 87 93
49 57 75 69 38 83
49 58 73 59 74 80
49 59 65 57 50 74
49 60 25 43 35 52
49 61 96 71 49 61
49 62 95 35 33 57
49 63 37 17 38 68
49 64 32 51 71 68
49 65 96 30 56 41
49 66 62 78 54 44
49 67 89 77 67 72
49 68 38 79 72 56
49 69 50 84 37 36
49 70 57 53 23 79
49 71 84 58 82 60
49 72 79 47 24 27
49 73 73 50 30 81
49 74 11 34 45 7
49 75 3 12 30 57
49 76 78 36 56 31
49 77 3 13 16 35
49 78 32 69 48 48
49 79 32 44 74 52
49 80 0 5 57 22
49 81 69 51 35 38
49 82 15 21 16 71
49 83 76 57 23 42
49 84 82 83 63 81
49 85 75 91 44 63
49 86 96 87 45 43
49 87 18 23 56 39
49 88 43 64 56 44
49 89 34 70 68 26
49 90 4 10 61 31
49 91 24 67 43 28
49 92 48 64 59 42
49 93 53 61 25 16
49 94 39 65 29 31
49 95 20 61 50 10
49 96 28 53 33 67
49 97 57 21 29 87
49 98 39 12 16 39
49 99 36 68 31 44
50 51 66 87 57 29
50 52 33 59 27 44
50 53 16 38 62 28
50 54 50 69 59 34
50 55 67 72 89 44
50 56 2 34 53 45
50 57 0 24 43 60
50 58 88 63 31 70
50 59 10 63 47 33
50 60 22 26 48 63
50 61 70 25 32 25
50 62 90 83 91 68
50 63 69 40 52 35
50 64 35 20 79 16
50 65 16 55 22 19
50 66 15 23 40 10
50 67 88 62 61 48
50 68 9 4 3 38
50 69 94 93 77 28
50 70 88 41 67 58
50 71 19 7 69 17
50 72 83 58 61 46
50 73 2 21 53 38
50 74 89 59 69 90
50 75 37 78 18 23
50 76 62 43 61 40
50 77 28 70 44 33
50 78 51 37 49 43
50 79 23 41 14 47
50 80 58 80 74 29
50 81 86 59 33 76
50 82 79 33 44 33
50 83 42 80 24 56
50 84 44 63 24 56
50 85 31 75 71 32
50 86 54 23 75 28
50 87 9 51 43 44
50 88 82 75 55 49
50 89 82 41 44 48
50 90 19 64 39 38
50 91 71 31 35 45
50 92 78 40 81 89
50 93 78 52 89 85
50 94 31 41 29 53
50 95 45 37 41 14
50 96 79 69 77 52
50 97 18 37 59 60
50 98 43 59 50 38
50 99 48 31 63 52
51 52 59 50 18 18
51 53 51 56 81 73
51 54 41 38 63 68
51 55 51 80 43 82
51 56 60 53 53 32
51 57 99 84 85 72
51 58 46 18 65 74
51 59 91 73 87 76
51 60 92 74 88 37
51 61 74 68 88 48
51 62 46 32 69 20
51 63 4 17 42 49
51 64 89 89 83 73
51 65 35 47 13 15
51 66 80 63 28 52
51 67 44 48 35 63
51 68 55 80 70 61
51 69 15 61 47 17
51 70 13 22 49 46
51 71 16 25 42 43
51 72 46 68 33 32
51 73 97 38 88 41
51 74 90 71 60 27
51 75 36 38 63 50
51 76 58 61 51 50
51 77 48 30 53 29
51 78 82 67 37 86
51 79 70 29 35 35
51 80 8 12 16 62
51 81 65 26 87 34
51 82 6 31 28 58
51 83 87 74 56 38
51 84 71 64 32 39
51 85 30 36 19 47
51 86 64 30 86 33
51 87 16 32 44 18
51 88 25 51 12 69
51 89 54 42 38 79
51 90 7 68 64 51
51 91 70 56 78 24
51 92 76 76 38 92
51 93 41 74 24 75
51 94 2 57 3 7
51 95 68 47 73 46
51 96 14 45 48 72
51 97 82 92 84 66
51 98 37 46 40 63
51 99 7 25 28 42
52 53 74 42 48 85
52 54 53 77 78 29
52 55 50 21 48 60
52 56 21 69 63 43
52 57 86 68 44 78
52 58 74 68 36 79
52 59 40 38 50 74
52 60 15 42 51 16
52 61 96 38 41 79
52 62 11 5 69 43
52 63 48 76 52 21
52 64 18 60 7 15
52 65 27 56 59 45
52 66 10 20 61 35
52 67 55 44 54 84
52 68 16 64 38 63
52 69 97 49 48 81
52 70 90 81 97 54
52 71 67 65 45 45
52 72 35 38 29 75
52 73 50 30 55 24
52 74 59 45 77 35
52 75 69 80 42 76
52 76 65 24 20 72
52 77 43 34 55 33
52 78 35 41 69 30
52 79 36 78 78 30
52 80 31 45 50 78
52 81 13 56 5 21
52 82 16 71 65 56
52 83 39 15 63 18
52 84 43 39 43 73
52 85 29 68 38 9
52 86 10 55 70 65
52 87 65 63 83 82
52 88 31 22 27 26
52 89 62 45 64 65
52 90 46 60 40 78
52 91 16 61 63 69
52 92 49 73 50 30
52 93 50 51 39 48
52 94 62 67 65 30
52 95 56 34 79 33
52 96 44 34 48 74
52 97 2 25 54 58
52 98 83 84 88 79
52 99 13 31 51 54
53 54 13 4 66 21
53 55 78 49 29 46
53 56 33 79 28 23
53 57 28 37 63 48
53 58 94 83 94 39
53 59 66 61 68 45
53 60 20 20 71 66
53 61 34 33 43 43
53 62 63 60 88 76
53 63 87 72 53 26
53 64 62 45 20 67
53 65 81 62 84 31
53 66 75 28 88 24
53 67 87 83 59 71
53 68 29 53 58 17
53 69 36 41 73 57
53 70 50 45 26 27
53 71 55 72 25 45
53 72 82 42 37 60
53 73 4 8 13 15
53 74 43 15 78 55
53 75 52 21 50 68
53 76 77 33 29 82
53 77 44 74 40 16
53 78 85 78 82 52
53 79 48 64 67 46
53 80 53 72 63 82
53 81 18 61 25 45
53 82 64 53 42 82
53 83 97 65 48 80
53 84 97 45 47 92
53 85 84 84 27 36
53 86 38 18 27 27
53 87 89 50 50 73
53 88 77 85 36 66
53 89 7 35 69 4
53 90 87 82 36 51
53 91 26 71 22 44
53 92 90 49 75 76
53 93 98 88 31 98
53 94 85 28 41 95
53 95 27 33 36 18
53 96 77 83 30 70
53 97 15 66 63 32
53 98 61 47 29 60
53 99 22 48 20 43
54 55 80 85 88 50
54 56 62 32 26 21
54 57 46 53 49 29
54 58 67 28 52 41
54 59 68 40 56 57
54 60 87 50 69 71
54 61 0 42 38 53
54 62 10 35 36 61
54 63 11 35 30 48
54 64 26 54 55 65
54 65 58 85 24 54
54 66 91 83 58 34
54 67 16 56 50 42
54 68 52 63 23 18
54 69 14 19 69 50
54 70 68 68 50 77
54 71 25 57 47 66
54 72 42 74 66 21
54 73 32 68 39 37
54 74 2 17 51 24
54 75 57 19 69 43
54 76 62 20 28 53
54 77 25 68 19 44
54 78 82 50 44 79
54 79 88 31 80 71
54 80 5 17 50 11
54 81 9 12 39 70
54 82 70 90 36 69
54 83 0 67 9 23
54 84 30 66 18 45
54 85 11 65 8 57
54 86 88 78 31 57
54 87 40 29 74 36
54 88 52 72 21 57
54 89 55 59 54 82
54 90 91 47 77 48
54 91 28 61 48 47
54 92 91 48 86 72
54 93 52 66 75 24
54 94 79 80 54 40
54 95 56 83 64 32
54 96 50 73 19 19
54 97 57 47 65 46
54 98 10 5 70 16
54 99 6 41 56 54
55 56 92 64 31 92
55 57 78 33 28 42
55 58 24 64 68 51
55 59 68 24 79 68
55 60 25 12 24 21
55 61 42 64 61 27
55 62 23 43 24 71
55 63 26 46 55 66
55 64 5 38 34 54
55 65 60 49 37 61
55 66 82 31 31 78
55 67 32 57 17 63
55 68 12 46 55 21
55 69 53 16 50 45
55 70 46 34 33 61
55 71 24 73 21 47
55 72 37 70 39 22
55 73 66 61 67 67
55 74 38 64 80 51
55 75 39 64 38 39
55 76 84 47 46 35
55 77 58 38 56 68
55 78 47 20 49 74
55 79 95 33 78 28
55 80 67 62 69 29
55 81 78 43 37 36
55 82 71 53 61 54
55 83 13 66 57 54
55 84 95 79 90 58
55 85 15 70 8 50
55 86 49 16 31 35
55 87 67 38 62 23
55 88 72 69 88 45
55 89 67 71 80 82
55 90 61 56 80 64
55 91 32 70 43 16
55 92 24 17 54 19
55 93 24 76 31 15
55 94 1 54 49 9
55 95 17 42 66 57
55 96 79 48 43 58
55 97 77 35 89 25
55 98 19 65 12 11
55 99 19 20 22 10
56 57 28 30 58 47
56 58 86 56 37 37
56 59 57 74 35 17
56 60 27 14 58 73
56 61 97 39 80 75
56 62 90 46 49 47
56 63 4 39 10 22
56 64 22 28 19 7
56 65 7 8 15 48
56 66 9 60 26 64
56 67 70 49 90 42
56 68 75 30 59 74
56 69 70 39 88 26
56 70 55 46 67 28
56 71 79 43 39 67
56 72 54 73 83 41
56 73 98 90 33 80
56 74 82 70 48 61
56 75 79 34 53 61
56 76 70 44 32 37
56 77 57 80 20 61
56 78 81 34 69 58
56 79 61 50 79 88
56 80 88 64 85 90
56 81 33 31 71 28
56 82 67 29 73 60
56 83 80 52 92 30
56 84 67 26 88 60
56 85 63 88 78 23
56 86 44 60 58 26
56 87 82 86 24 57
56 88 93 32 71 69
56 89 20 52 72 12
56 90 58 76 59 58
56 91 49 77 73 16
56 92 65 19 30 61
56 93 92 49 57 97
56 94 3 63 12 12
56 95 87 90 38 37
56 96 31 66 22 24
56 97 30 71 45 57
56 98 18 53 71 10
56 99 54 69 56 23
57 58 79 75 61 61
57 59 71 78 64 65
57 60 28 65 28 18
57 61 28 63 69 35
57 62 88 60 48 33
57 63 45 17 34 42
57 64 63 38 71 68
57 65 92 59 69 64
57 66 93 53 69 45
57 67 54 62 68 56
57 68 88 49 38 45
57 69 17 10 72 29
57 70 11 25 25 69
57 71 56 38 23 48
57 72 30 34 23 68
57 73 26 37 33 23
57 74 19 10 20 53
57 75 97 72 34 41
57 76 64 80 61 59
57 77 80 88 58 76
57 78 29 42 77 15
57 79 54 57 86 53
57 80 83 35 73 75
57 81 57 72 55 67
57 82 11 71 52 70
57 83 37 71 44 61
57 84 4 18 22 23
57 85 77 30 62 83
57 86 21 47 48 66
57 87 61 31 52 21
57 88 7 24 16 2
57 89 97 76 38 67
57 90 85 89 71 47
57 91 49 54 41 46
57 92 27 43 30 26
57 93 95 79 53 40
57 94 2 9 18 2
57 95 78 46 33 44
57 96 94 80 74 43
57 97 69 57 58 75
57 98 36 37 35 55
57 99 78 50 64 87
58 59 86 68 52 59
58 60 56 73 50 83
58 61 9 54 20 7
58 62 80 54 69 64
58 63 47 14 16 54
58 64 17 33 43 40
58 65 12 70 17 63
58 66 11 57 9 20
58 67 13 61 73 72
58 68 93 66 35 33
58 69 87 90 79 69
58 70 15 71 48 32
58 71 6 12 45 8
58 72 22 15 71 32
58 73 63 58 61 36
58 74 75 31 87 63
58 75 10 50 49 50
58 76 56 57 66 85
58 77 25 35 74 28
58 78 13 71 38 67
58 79 87 95 78 66
58 80 80 77 31 65
58 81 20 45 27 28
58 82 28 70 78 32
58 83 0 30 11 4
58 84 14 38 9 27
58 85 64 36 83 65
58 86 21 17 64 9
58 87 63 62 70 72
58 88 12 24 7 46
58 89 74 37 63 65
58 90 1 54 12 10
58 91 29 66 17 64
58 92 22 45 17 63
58 93 59 81 82 77
58 94 3 69 32 26
58 95 75 57 44 22
58 96 13 19 66 63
58 97 46 60 51 35
58 98 91 66 96 62
58 99 8 27 46 6
59 60 63 84 71 58
59 61 25 72 52 15
59 62 34 39 15 52
59 63 83 51 89 33
59 64 12 61 65 20
59 65 26 19 39 34
59 66 37 46 11 11
59 67 83 53 85 39
59 68 59 64 25 69
59 69 54 51 68 39
59 70 59 72 82 76
59 71 84 83 66 47
59 72 90 29 69 69
59 73 98 40 92 75
59 74 29 21 24 14
59 75 42 28 66 14
59 76 71 66 45 60
59 77 52 62 23 51
59 78 58 40 48 79
59 79 66 32 55 67
59 80 56 41 38 20
59 81 69 55 66 30
59 82 9 11 41 17
59 83 21 29 29 75
59 84 35 56 63 38
59 85 90 58 27 90
59 86 30 25 73 47
59 87 94 40 80 64
59 88 82 59 64 56
59 89 65 64 50 59
59 90 10 71 70 66
59 91 77 89 52 27
59 92 63 85 35 76
59 93 68 29 60 24
59 94 26 44 11 69
59 95 82 39 69 70
59 96 41 53 67 65
59 97 10 43 44 33
59 98 33 45 34 78
59 99 19 66 22 62
60 61 80 92 87 68
60 62 36 73 40 55
60 63 34 31 20 35
60 64 1 26 17 27
60 65 4 5 39 33
60 66 88 49 57 35
60 67 26 77 73 52
60 68 57 71 61 80
60 69 76 59 55 34
60 70 15 13 62 29
60 71 75 58 47 79
60 72 16 71 32 28
60 73 47 44 47 47
60 74 12 63 66 49
60 75 42 26 74 54
60 76 5 65 39 2
60 77 28 54 26 43
60 78 52 48 75 18
60 79 48 41 22 46
60 80 53 40 55 79
60 81 20 13 42 49
60 82 52 59 44 75
60 83 87 82 72 71
60 84 10 24 44 45
60 85 32 46 66 44
60 86 68 64 72 46
60 87 66 88 21 86
60 88 28 36 39 44
60 89 31 52 45 38
60 90 65 47 53 35
60 91 52 22 21 76
60 92 79 81 84 42
60 93 85 43 37 32
60 94 67 90 58 31
60 95 13 31 61 68
60 96 48 69 51 36
60 97 79 29 75 87
60 98 11 16 37 42
60 99 12 65 21 70
61 62 12 12 64 7
61 63 81 68 37 50
61 64 8 34 52 2
61 65 45 52 55 77
61 66 66 80 85 68
61 67 62 43 40 55
61 68 98 54 64 55
61 69 43 39 64 31
61 70 64 43 59 57
61 71 0 52 46 37
61 72 70 59 23 82
61 73 94 64 32 53
61 74 34 71 12 55
61 75 6 50 16 12
61 76 90 35 96 72
61 77 90 60 64 70
61 78 94 44 64 53
61 79 96 44 50 60
61 80 97 92 80 46
61 81 43 20 73 54
61 82 77 73 46 57
61 83 36 55 65 58
61 84 95 47 42 35
61 85 7 47 27 66
61 86 98 66 95 81
61 87 20 24 17 9
61 88 25 52 28 37
61 89 99 31 35 44
61 90 11 23 48 68
61 91 17 51 54 74
61 92 10 69 44 58
61 93 58 77 85 75
61 94 78 66 66 93
61 95 53 80 54 47
61 96 51 53 30 85
61 97 76 38 56 25
61 98 97 84 92 87
61 99 3 58 57 46
62 63 69 69 79 26
62 64 25 13 61 29
62 65 58 41 33 41
62 66 33 78 50 11
62 67 74 48 29 80
62 68 45 31 30 74
62 69 7 33 49 45
62 70 89 80 96 82
62 71 13 19 46 50
62 72 1 69 54 28
62 73 8 5 56 66
62 74 88 63 36 61
62 75 69 34 48 80
62 76 43 49 62 80
62 77 97 60 53 56
62 78 85 58 44 42
62 79 19 59 68 66
62 80 99 49 53 34
62 81 73 28 22 83
62 82 29 8 8 75
62 83 47 64 18 29
62 84 65 64 38 57
62 85 76 24 80 65
62 86 60 87 75 54
62 87 62 20 60 80
62 88 7 25 53 24
62 89 92 47 45 69
62 90 11 52 8 60
62 91 48 72 63 42
62 92 59 18 64 66
62 93 79 85 67 44
62 94 72 35 84 75
62 95 64 60 80 45
62 96 14 55 24 25
62 97 76 85 34 67
62 98 91 86 48 79
62 99 18 39 65 74
63 64 45 41 31 60
63 65 91 88 31 70
63 66 56 69 20 55
63 67 28 23 15 54
63 68 50 59 79 70
63 69 31 76 54 76
63 70 18 45 52 48
63 71 24 54 30 42
63 72 14 50 27 61
63 73 18 46 31 14
63 74 54 28 16 68
63 75 34 69 56 41
63 76 66 50 72 38
63 77 85 57 57 79
63 78 32 35 49 23
63 79 11 35 45 40
63 80 50 44 22 84
63 81 29 28 68 50
63 82 77 84 63 92
63 83 26 22 66 13
63 84 86 30 70 79
63 85 6 54 2 18
63 86 68 80 63 35
63 87 35 64 30 45
63 88 10 67 28 26
63 89 55 21 49 86
63 90 5 18 10 43
63 91 96 90 69 96
63 92 60 19 62 76
63 93 54 50 41 76
63 94 35 70 64 40
63 95 28 30 37 23
63 96 33 62 13 67
63 97 16 51 13 11
63 98 4 17 53 64
63 99 2 1 69 16
64 65 12 42 70 52
64 66 81 60 48 83
64 67 6 54 69 19
64 68 42 36 76 73
64 69 78 48 61 45
64 70 99 38 67 37
64 71 37 63 76 27
64 72 80 61 72 83
64 73 20 26 31 10
64 74 35 54 40 40
64 75 20 8 8 40
64 76 79 78 76 29
64 77 88 43 83 64
64 78 90 28 34 83
64 79 92 89 96 37
64 80 90 87 41 51
64 81 10 43 69 40
64 82 52 55 41 74
64 83 5 46 19 32
64 84 46 77 16 51
64 85 52 37 77 72
64 86 66 79 26 76
64 87 6 47 28 33
64 88 75 64 42 36
64 89 35 22 29 27
64 90 22 37 14 44
64 91 56 27 73 25
64 92 87 91 69 31
64 93 67 70 79 86
64 94 14 24 13 30
64 95 50 61 49 75
64 96 65 38 33 49
64 97 85 95 78 41
64 98 19 57 65 15
64 99 42 82 20 48
65 66 82 85 72 59
65 67 98 69 31 77
65 68 43 15 52 82
65 69 81 34 34 65
65 70 49 56 37 21
65 71 70 84 78 74
65 72 57 83 76 29
65 73 80 37 76 29
65 74 18 39 5 5
65 75 33 72 53 19
65 76 88 52 84 45
65 77 32 48 38 70
65 78 68 34 56 36
65 79 3 54 2 21
65 80 21 46 57 60
65 81 10 37 57 57
65 82 75 68 27 46
65 83 90 92 74 73
65 84 32 70 66 22
65 85 8 31 69 59
65 86 45 55 43 26
65 87 0 2 66 4
65 88 24 35 73 38
65 89 52 76 56 78
65 90 6 51 51 11
65 91 56 38 35 34
65 92 36 58 34 51
65 93 21 32 29 54
65 94 49 44 49 53
65 95 44 19 58 68
65 96 75 55 80 82
65 97 98 95 80 97
65 98 78 47 55 28
65 99 10 5 29 18
66 67 53 46 33 65
66 68 17 44 19 52
66 69 4 25 24 32
66 70 41 81 42 45
66 71 41 69 70 38
66 72 16 17 19 56
66 73 16 10 6 41
66 74 29 38 73 52
66 75 0 24 61 22
66 76 40 68 25 78
66 77 20 54 12 61
66 78 78 36 53 86
66 79 99 65 99 49
66 80 74 29 24 32
66 81 56 30 77 57
66 82 54 25 28 65
66 83 77 65 61 31
66 84 8 44 8 72
66 85 76 82 61 61
66 86 80 68 37 82
66 87 25 45 59 70
66 88 57 31 55 35
66 89 92 46 68 61
66 90 26 37 74 57
66 91 51 53 76 78
66 92 22 62 76 57
66 93 9 5 12 62
66 94 88 35 57 54
66 95 0 12 59 24
66 96 41 43 34 62
66 97 36 15 16 62
66 98 56 58 79 31
66 99 90 90 58 46
67 68 79 84 55 88
67 69 45 58 63 58
67 70 28 69 38 32
67 71 93 31 86 89
67 72 78 52 46 31
67 73 43 25 38 72
67 74 70 90 21 27
67 75 12 43 56 7
67 76 19 18 72 60
67 77 25 30 25 62
67 78 75 47 89 41
67 79 89 71 84 64
67 80 17 6 33 27
67 81 9 5 44 36
67 82 66 76 51 86
67 83 2 23 30 3
67 84 81 24 42 72
67 85 68 30 90 51
67 86 18 35 44 50
67 87 22 47 69 36
67 88 95 66 56 36
67 89 70 51 35 61
67 90 59 43 64 74
67 91 45 80 20 16
67 92 59 56 27 64
67 93 93 66 52 63
67 94 89 68 79 52
67 95 85 29 58 25
67 96 85 27 76 95
67 97 18 29 23 14
67 98 77 31 81 52
67 99 18 55 29 28
68 69 36 34 11 69
68 70 43 25 65 22
68 71 98 81 29 79
68 72 65 34 77 24
68 73 96 71 80 44
68 74 45 55 44 66
68 75 62 45 60 41
68 76 18 12 32 63
68 77 87 42 35 55
68 78 20 66 36 60
68 79 25 44 64 25
68 80 81 89 94 30
68 81 20 58 55 8
68 82 15 43 35 40
68 83 25 62 23 28
68 84 16 71 9 73
68 85 86 33 75 55
68 86 83 63 65 47
68 87 26 30 15 42
68 88 32 59 58 60
68 89 27 58 27 35
68 90 85 74 91 84
68 91 3 35 59 7
68 92 45 19 78 57
68 93 24 67 63 65
68 94 4 67 69 15
68 95 81 50 44 54
68 96 12 72 3 26
68 97 83 38 39 39
68 98 20 31 72 46
68 99 83 34 52 77
69 70 65 32 88 42
69 71 97 89 79 95
69 72 1 18 28 18
69 73 10 16 51 59
69 74 59 49 28 51
69 75 66 41 79 70
69 76 13 51 34 51
69 77 32 74 26 58
69 78 89 95 69 36
69 79 90 88 66 69
69 80 84 83 84 56
69 81 81 76 75 39
69 82 97 30 86 51
69 83 85 63 32 71
69 84 93 81 54 36
69 85 94 32 60 31
69 86 53 34 68 63
69 87 11 13 50 13
69 88 15 37 16 69
69 89 92 41 61 40
69 90 10 19 58 33
69 91 5 18 8 41
69 92 15 69 64 53
69 93 39 55 57 39
69 94 32 73 35 47
69 95 82 67 88 62
69 96 61 46 52 56
69 97 75 74 74 41
69 98 77 81 58 39
69 99 25 64 50 77
70 71 3 34 55 21
70 72 60 35 43 70
70 73 75 24 68 80
70 74 31 37 11 21
70 75 15 62 30 68
70 76 82 51 67 32
70 77 50 40 35 22
70 78 71 41 89 77
70 79 89 71 58 70
70 80 33 42 62 65
70 81 72 43 83 73
70 82 16 30 13 71
70 83 71 38 30 33
70 84 82 91 68 71
70 85 75 89 45 32
70 86 10 44 8 32
70 87 60 54 36 20
70 88 22 20 41 34
70 89 25 61 16 25
70 90 9 45 13 21
70 91 54 30 52 34
70 92 52 36 69 22
70 93 54 50 51 22
70 94 76 68 85 55
70 95 48 67 21 55
70 96 84 83 60 55
70 97 55 84 73 20
70 98 62 78 74 62
70 99 38 35 63 15
71 72 28 46 70 60
71 73 77 36 89 72
71 74 51 61 47 68
71 75 68 28 77 22
71 76 10 67 69 20
71 77 66 54 39 28
71 78 34 51 71 45
71 79 83 41 38 39
71 80 22 60 30 67
71 81 21 33 8 30
71 82 38 43 48 67
71 83 80 79 48 64
71 84 89 35 89 78
71 85 10 44 71 31
71 86 88 79 42 26
71 87 60 32 32 54
71 88 87 68 37 92
71 89 49 62 17 81
71 90 88 57 39 60
71 91 16 40 38 33
71 92 61 45 52 62
71 93 72 62 80 28
71 94 61 27 51 44
71 95 68 65 32 77
71 96 69 27 34 27
71 97 65 52 22 75
71 98 59 66 22 77
71 99 90 96 78 46
72 73 13 41 53 34
72 74 3 68 22 33
72 75 27 20 8 40
72 76 85 88 54 72
72 77 64 82 73 33
72 78 96 89 42 87
72 79 98 38 33 69
72 80 89 69 39 79
72 81 81 89 86 50
72 82 34 74 53 34
72 83 84 26 27 63
72 84 82 51 77 75
72 85 14 73 31 53
72 86 2 12 1 12
72 87 22 75 29 10
72 88 26 77 17 71
72 89 25 51 38 30
72 90 34 18 26 19
72 91 52 64 85 22
72 92 33 20 78 20
72 93 69 38 75 43
72 94 66 79 52 67
72 95 58 56 79 82
72 96 77 81 65 82
72 97 17 26 74 11
72 98 52 56 74 57
72 99 73 76 63 72
73 74 95 53 66 34
73 75 29 25 59 55
73 76 40 41 29 43
73 77 19 30 57 32
73 78 64 30 28 65
73 79 83 54 48 39
73 80 75 24 74 54
73 81 99 71 84 68
73 82 4 23 4 46
73 83 65 76 20 75
73 84 30 36 40 36
73 85 57 42 29 78
73 86 21 71 53 8
73 87 24 33 52 55
73 88 27 77 39 65
73 89 19 11 20 28
73 90 21 37 21 65
73 91 89 39 78 60
73 92 75 42 44 78
73 93 46 56 82 33
73 94 54 78 77 57
73 95 31 75 46 57
73 96 51 36 54 60
73 97 48 80 19 28
73 98 82 61 47 55
73 99 9 27 58 59
74 75 63 88 51 68
74 76 18 64 56 62
74 77 32 53 75 26
74 78 20 63 71 16
74 79 43 36 19 40
74 80 87 39 94 35
74 81 40 34 26 16
74 82 47 62 48 15
74 83 88 37 58 75
74 84 87 40 64 32
74 85 2 55 20 30
74 86 3 37 22 29
74 87 42 53 61 25
74 88 45 49 56 45
74 89 30 75 30 71
74 90 81 26 90 72
74 91 27 24 14 42
74 92 21 64 27 41
74 93 62 57 58 63
74 94 51 51 21 56
74 95 69 74 67 32
74 96 16 64 51 38
74 97 73 59 47 46
74 98 41 27 68 56
74 99 42 32 65 44
75 76 85 87 90 46
75 77 18 24 68 30
75 78 7 57 66 51
75 79 45 25 37 48
75 80 83 63 65 85
75 81 0 39 38 30
75 82 88 47 89 46
75 83 62 83 22 20
75 84 20 75 65 66
75 85 85 76 52 62
75 86 33 39 53 38
75 87 2 13 11 10
75 88 58 76 30 82
75 89 34 65 68 47
75 90 88 65 36 45
75 91 96 86 78 41
75 92 10 51 65 55
75 93 40 35 62 13
75 94 9 37 55 30
75 95 23 64 34 35
75 96 62 82 43 38
75 97 5 4 1 44
75 98 44 42 51 30
75 99 59 27 29 51
76 77 89 54 56 70
76 78 45 24 66 82
76 79 51 56 49 33
76 80 11 38 9 19
76 81 49 29 25 17
76 82 86 54 64 89
76 83 61 81 40 56
76 84 39 26 76 54
76 85 67 28 67 74
76 86 6 20 71 28
76 87 7 35 71 8
76 88 34 13 40 53
76 89 0 51 46 5
76 90 68 41 30 32
76 91 70 88 90 39
76 92 97 74 41 62
76 93 80 69 82 42
76 94 99 53 44 79
76 95 31 47 41 72
76 96 6 28 8 49
76 97 47 35 37 52
76 98 2 15 52 11
76 99 6 32 43 50
77 78 27 49 50 56
77 79 4 62 60 8
77 80 4 5 25 33
77 81 79 86 92 50
77 82 15 17 27 12
77 83 56 46 61 56
77 84 95 30 32 61
77 85 21 46 19 71
77 86 59 48 86 46
77 87 29 76 13 60
77 88 11 59 37 40
77 89 92 57 39 57
77 90 31 44 41 67
77 91 1 6 19 29
77 92 30 21 72 60
77 93 85 80 53 92
77 94 87 59 52 64
77 95 31 70 46 66
77 96 49 78 44 57
77 97 98 88 45 42
77 98 76 38 24 86
77 99 20 73 70 11
78 79 89 78 42 68
78 80 69 69 74 37
78 81 7 42 26 20
78 82 26 32 10 77
78 83 78 29 54 61
78 84 65 63 39 53
78 85 94 82 66 93
78 86 39 35 69 51
78 87 59 57 79 50
78 88 88 56 28 30
78 89 37 78 18 34
78 90 89 54 43 28
78 91 18 44 38 46
78 92 82 51 78 51
78 93 49 54 78 56
78 94 62 34 78 82
78 95 24 14 25 49
78 96 54 64 64 54
78 97 90 50 88 71
78 98 56 35 48 26
78 99 79 40 56 75
79 80 55 75 64 34
79 81 73 36 78 58
79 82 35 34 78 41
79 83 4 65 56 67
79 84 64 66 22 65
79 85 26 14 17 20
79 86 33 21 21 23
79 87 63 79 33 72
79 88 15 53 60 39
79 89 48 38 78 23
79 90 54 64 79 31
79 91 48 56 21 77
79 92 39 57 33 34
79 93 97 77 71 56
79 94 4 69 24 19
79 95 14 41 25 65
79 96 21 60 64 35
79 97 4 18 36 53
79 98 22 17 56 11
79 99 77 70 46 77
80 81 72 66 86 76
80 82 51 25 58 30
80 83 25 40 16 68
80 84 17 18 52 70
80 85 67 69 54 67
80 86 87 93 68 95
80 87 45 67 49 42
80 88 76 90 84 26
80 89 9 10 68 32
80 90 89 79 76 55
80 91 63 49 21 81
80 92 95 29 40 40
80 93 39 26 80 55
80 94 82 44 44 76
80 95 84 37 74 40
80 96 33 32 18 45
80 97 40 70 22 57
80 98 65 73 58 61
80 99 54 75 42 82
81 82 67 39 76 65
81 83 36 35 58 66
81 84 5 67 8 30
81 85 92 76 73 93
81 86 57 78 72 43
81 87 17 59 36 51
81 88 47 80 49 40
81 89 81 74 80 66
81 90 91 65 51 36
81 91 88 96 96 83
81 92 10 70 32 42
81 93 18 28 68 65
81 94 40 79 29 75
81 95 81 39 88 86
81 96 83 73 76 78
81 97 64 76 80 83
81 98 54 70 64 61
81 99 87 57 72 74
82 83 15 45 28 72
82 84 80 74 93 49
82 85 73 53 86 65
82 86 22 23 64 14
82 87 96 70 46 60
82 88 83 61 34 56
82 89 71 42 79 81
82 90 49 15 38 21
82 91 96 85 77 66
82 92 88 55 61 74
82 93 72 73 47 87
82 94 92 41 44 57
82 95 84 93 66 86
82 96 54 79 67 45
82 97 46 67 17 26
82 98 18 22 48 22
82 99 75 80 85 42
83 84 95 57 81 31
83 85 98 67 70 41
83 86 9 47 21 51
83 87 69 87 32 54
83 88 45 64 61 16
83 89 86 90 81 71
83 90 77 25 53 63
83 91 61 34 87 27
83 92 62 81 61 36
83 93 57 66 69 62
83 94 9 58 13 63
83 95 83 28 87 33
83 96 76 74 90 41
83 97 16 73 26 46
83 98 87 78 87 90
83 99 44 27 34 23
84 85 19 56 11 28
84 86 77 87 83 82
84 87 10 68 63 71
84 88 48 77 51 56
84 89 45 16 20 69
84 90 64 20 35 67
84 91 25 44 18 30
84 92 41 36 71 18
84 93 74 56 44 27
84 94 18 24 63 31
84 95 19 19 15 69
84 96 41 41 18 73
84 97 52 31 54 34
84 98 49 60 18 32
84 99 55 77 63 59
85 86 5 38 56 26
85 87 40 46 35 54
85 88 44 71 21 27
85 89 64 57 85 88
85 90 21 47 34 15
85 91 76 59 63 61
85 92 48 38 18 19
85 93 63 37 30 71
85 94 55 67 72 53
85 95 79 30 48 84
85 96 44 77 26 78
85 97 50 24 52 64
85 98 74 89 63 54
85 99 76 53 28 61
86 87 12 68 63 55
86 88 33 57 11 79
86 89 3 50 36 32
86 90 17 46 63 57
86 91 50 71 51 56
86 92 74 81 91 89
86 93 92 94 50 36
86 94 34 75 35 29
86 95 96 31 84 60
86 96 62 43 57 37
86 97 7 50 40 3
86 98 43 73 40 58
86 99 50 23 84 16
87 88 56 50 60 32
87 89 34 45 34 60
87 90 40 32 55 69
87 91 43 81 35 33
87 92 33 32 21 41
87 93 89 84 59 38
87 94 37 42 69 24
87 95 90 52 75 52
87 96 75 33 46 92
87 97 98 61 71 68
87 98 27 15 57 58
87 99 6 34 34 47
88 89 45 28 63 59
88 90 75 68 85 79
88 91 0 61 17 68
88 92 90 75 33 29
88 93 88 53 72 80
88 94 74 87 42 66
88 95 22 72 18 23
88 96 15 55 19 38
88 97 40 80 48 25
88 98 35 39 49 66
88 99 54 21 75 51
89 90 34 63 28 64
89 91 6 17 34 63
89 92 12 51 64 58
89 93 84 53 85 65
89 94 42 42 52 57
89 95 61 24 37 58
89 96 52 81 72 46
89 97 34 20 31 25
89 98 12 64 63 27
89 99 83 39 67 64
90 91 66 63 31 25
90 92 28 76 35 15
90 93 63 67 37 64
90 94 16 18 20 55
90 95 78 78 71 36
90 96 5 52 50 70
90 97 62 26 33 54
90 98 2 46 46 42
90 99 86 38 34 64
91 92 13 13 4 57
91 93 37 28 68 37
91 94 19 31 14 26
91 95 3 57 12 16
91 96 41 24 63 21
91 97 45 58 53 77
91 98 77 55 76 51
91 99 25 21 58 49
92 93 10 12 70 40
92 94 40 18 58 23
92 95 47 31 81 56
92 96 43 33 17 13
92 97 30 38 19 77
92 98 64 54 56 22
92 99 39 67 20 50
93 94 67 66 33 82
93 95 47 76 15 42
93 96 69 51 51 69
93 97 18 30 10 56
93 98 61 73 30 67
93 99 28 49 31 24
94 95 32 70 69 32
94 96 82 33 25 39
94 97 83 58 92 86
94 98 59 57 56 30
94 99 44 42 43 20
95 96 85 65 32 84
95 97 76 47 89 60
95 98 83 88 74 49
95 99 49 16 68 74
96 97 69 38 84 63
96 98 61 85 35 18
96 99 40 49 63 71
97 98 86 26 63 71
97 99 63 54 57 23
98 99 92 59 86 30
