100
0 1 48 41 46 45
0 2 63 64 57 52
0 3 94 82 83 94
0 4 52 52 38 61
0 5 91 69 77 74
0 6 30 44 25 50
0 7 85 68 66 77
0 8 72 64 58 76
0 9 34 44 28 48
0 10 84 60 72 75
0 11 86 76 81 83
0 12 89 66 71 64
0 13 89 86 83 84
0 14 15 27 40 23
0 15 10 18 8 32
0 16 30 32 23 23
0 17 21 40 19 24
0 18 6 7 18 16
0 19 5 24 29 17
0 20 61 70 69 59
0 21 52 38 42 64
0 22 28 32 34 26
0 23 14 37 23 19
0 24 78 77 58 74
0 25 46 53 51 36
0 26 92 71 67 88
0 27 90 75 89 74
0 28 88 86 63 78
0 29 63 54 71 61
0 30 7 7 21 23
0 31 92 91 94 66
0 32 73 67 51 61
0 33 87 71 72 85
0 34 4 7 7 16
0 35 77 64 70 61
0 36 2 23 30 22
0 37 86 65 76 71
0 38 33 24 33 30
0 39 97 92 83 76
0 40 14 39 25 39
0 41 94 86 83 89
0 42 19 16 40 42
0 43 7 14 26 32
0 44 49 45 63 37
0 45 98 72 76 72
0 46 57 50 54 59
0 47 82 70 70 58
0 48 60 46 64 46
0 49 38 49 53 46
0 50 20 28 35 21
0 51 42 32 50 42
0 52 54 54 50 56
0 53 60 42 56 52
0 54 79 60 72 58
0 55 51 55 59 48
0 56 92 84 68 70
0 57 91 65 81 71
0 58 21 42 27 30
0 59 31 49 33 48
0 60 79 55 64 73
0 61 19 16 26 37
0 62 32 39 24 45
0 63 4 26 7 20
0 64 91 64 68 85
0 65 13 15 22 30
0 66 23 30 23 30
0 67 39 33 52 30
0 68 31 22 22 23
0 69 67 67 58 64
0 70 30 28 42 38
0 71 88 80 91 88
0 72 61 50 66 60
0 73 51 49 57 65
0 74 64 62 71 52
0 75 6 10 21 15
0 76 10 37 32 12
0 77 20 16 37 42
0 78 97 96 72 92
0 79 43 43 45 51
0 80 18 17 25 27
0 81 81 82 68 82
0 82 73 76 55 71
0 83 49 63 53 43
0 84 30 23 32 48
0 85 40 31 37 46
0 86 55 68 47 53
0 87 15 31 16 34
0 88 91 64 80 68
0 89 31 44 27 50
0 90 95 83 70 93
0 91 13 36 36 38
0 92 45 54 35 56
0 93 85 79 64 88
0 94 32 25 25 26
0 95 60 48 45 57
0 96 56 68 53 48
0 97 83 88 68 86
0 98 2 5 13 7
0 99 6 25 10 25
1 2 33 44 53 24
1 3 2 11 4 24
1 4 8 14 10 13
1 5 92 78 76 89
1 6 81 72 57 71
1 7 95 67 92 69
1 8 47 54 51 58
1 9 91 77 69 91
1 10 91 86 73 65
1 11 33 52 51 42
1 12 55 55 64 62
1 13 94 85 84 70
1 14 93 72 87 71
1 15 85 81 65 67
1 16 47 59 41 47
1 17 17 17 18 42
1 18 87 66 77 66
1 19 53 55 39 60
1 20 48 50 44 64
1 21 76 67 68 67
1 22 63 58 44 64
1 23 2 1 12 30
1 24 14 17 10 16
1 25 31 28 36 36
1 26 5 20 4 22
1 27 97 90 96 74
1 28 14 32 34 11
1 29 62 66 44 58
1 30 2 17 14 5
1 31 12 8 26 24
1 32 5 28 29 25
1 33 37 34 30 26
1 34 67 76 75 50
1 35 99 92 91 81
1 36 62 54 59 45
1 37 75 62 70 69
1 38 86 74 63 72
1 39 68 63 60 74
1 40 64 59 58 74
1 41 14 37 21 24
1 42 42 42 55 32
1 43 53 53 48 38
1 44 45 36 34 51
1 45 90 82 74 63
1 46 48 63 53 51
1 47 99 84 92 96
1 48 78 79 83 75
1 49 69 73 63 73
1 50 24 23 25 22
1 51 74 54 53 71
1 52 49 49 53 41
1 53 16 13 27 33
1 54 7 21 30 20
1 55 15 16 39 16
1 56 83 87 67 82
1 57 67 60 71 72
1 58 69 61 62 65
1 59 80 73 69 58
1 60 1 8 5 13
1 61 14 37 26 15
1 62 73 71 59 69
1 63 57 59 45 50
1 64 81 75 80 61
1 65 27 47 44 30
1 66 72 52 73 79
1 67 97 84 91 97
1 68 19 24 27 41
1 69 59 48 49 60
1 70 10 14 31 18
1 71 12 26 16 13
1 72 96 73 75 80
1 73 51 51 42 36
1 74 6 15 5 19
1 75 56 58 67 42
1 76 35 46 46 47
1 77 91 68 82 70
1 78 86 83 74 77
1 79 4 16 30 22
1 80 72 64 55 59
1 81 10 9 29 15
1 82 70 79 70 71
1 83 49 58 36 47
1 84 69 57 64 56
1 85 73 79 57 79
1 86 1 20 7 11
1 87 94 69 82 66
1 88 98 86 88 82
1 89 33 29 36 51
1 90 66 73 71 67
1 91 19 38 31 37
1 92 28 43 34 20
1 93 30 36 31 46
1 94 42 53 51 32
1 95 9 23 33 27
1 96 99 85 81 76
1 97 26 41 25 36
1 98 84 87 68 69
1 99 81 70 67 74
2 3 12 32 31 17
2 4 73 80 73 74
2 5 98 95 79 85
2 6 64 66 59 65
2 7 33 46 37 29
2 8 51 36 65 47
2 9 44 33 38 50
2 10 77 64 63 56
2 11 42 40 48 47
2 12 29 47 24 34
2 13 73 70 69 75
2 14 68 49 76 49
2 15 30 47 29 29
2 16 72 55 76 77
2 17 50 63 35 44
2 18 15 25 40 30
2 19 84 77 71 61
2 20 62 64 69 53
2 21 50 52 38 54
2 22 73 55 73 55
2 23 41 43 54 37
2 24 91 83 80 65
2 25 87 72 79 70
2 26 93 71 70 89
2 27 15 21 16 38
2 28 38 38 52 29
2 29 84 85 61 75
2 30 2 9 4 26
2 31 54 55 45 56
2 32 15 27 20 13
2 33 7 30 19 10
2 34 86 64 64 62
2 35 61 50 70 70
2 36 35 41 54 39
2 37 33 52 44 33
2 38 41 59 49 41
2 39 10 23 17 9
2 40 19 39 35 27
2 41 39 44 51 44
2 42 98 76 93 93
2 43 98 71 81 96
2 44 48 38 59 45
2 45 8 16 16 17
2 46 86 80 77 71
2 47 77 54 62 56
2 48 58 46 54 67
2 49 79 70 85 65
2 50 27 25 29 48
2 51 42 47 43 30
2 52 50 62 40 52
2 53 75 81 59 61
2 54 55 41 54 68
2 55 29 21 34 49
2 56 14 12 28 36
2 57 86 89 89 78
2 58 48 39 63 61
2 59 99 97 83 85
2 60 21 43 26 29
2 61 45 58 54 61
2 62 43 47 42 60
2 63 19 41 14 36
2 64 5 25 13 9
2 65 53 42 60 47
2 66 8 17 28 14
2 67 69 69 67 64
2 68 18 36 32 20
2 69 62 57 49 61
2 70 20 22 27 17
2 71 61 62 54 61
2 72 45 51 59 33
2 73 13 30 18 38
2 74 2 15 21 24
2 75 48 43 54 54
2 76 56 63 51 64
2 77 7 12 30 5
2 78 5 32 9 23
2 79 96 95 71 74
2 80 13 9 25 35
2 81 35 45 42 29
2 82 85 84 72 90
2 83 82 77 72 76
2 84 80 59 73 81
2 85 20 34 41 14
2 86 96 92 89 93
2 87 70 53 69 59
2 88 36 32 33 38
2 89 56 43 48 59
2 90 20 24 37 44
2 91 3 6 18 13
2 92 38 33 32 56
2 93 12 22 13 30
2 94 7 32 7 13
2 95 35 33 44 41
2 96 38 48 44 50
2 97 78 77 59 61
2 98 31 36 40 46
2 99 7 18 21 7
3 4 40 28 48 51
3 5 48 50 56 51
3 6 18 16 34 41
3 7 68 54 72 59
3 8 74 67 53 81
3 9 28 42 45 35
3 10 22 34 27 44
3 11 67 50 70 64
3 12 21 25 33 32
3 13 17 26 17 23
3 14 37 36 46 41
3 15 61 44 52 67
3 16 92 90 81 77
3 17 39 39 52 42
3 18 35 43 40 44
3 19 36 35 31 44
3 20 95 68 84 81
3 21 31 38 34 40
3 22 84 78 80 88
3 23 46 51 49 35
3 24 72 67 51 74
3 25 9 13 28 20
3 26 59 50 66 66
3 27 12 31 28 29
3 28 45 50 42 60
3 29 25 39 33 44
3 30 44 33 34 53
3 31 46 48 49 49
3 32 46 38 61 45
3 33 25 18 38 19
3 34 40 52 45 56
3 35 95 87 71 96
3 36 84 72 84 77
3 37 59 51 65 61
3 38 2 13 18 20
3 39 32 40 35 27
3 40 84 63 76 74
3 41 81 68 70 68
3 42 74 57 76 64
3 43 79 63 69 76
3 44 23 30 29 19
3 45 28 23 31 42
3 46 35 28 47 52
3 47 13 24 10 24
3 48 2 10 13 11
3 49 38 44 56 53
3 50 18 32 19 18
3 51 4 10 8 16
3 52 60 59 55 43
3 53 40 47 36 36
3 54 39 39 39 41
3 55 74 78 67 81
3 56 71 63 77 50
3 57 97 96 97 80
3 58 42 54 55 50
3 59 96 90 84 75
3 60 13 31 19 21
3 61 13 26 14 16
3 62 63 69 67 46
3 63 32 41 27 37
3 64 79 62 79 82
3 65 93 66 86 83
3 66 2 6 15 6
3 67 68 54 76 67
3 68 63 64 48 54
3 69 38 39 47 35
3 70 76 59 70 61
3 71 27 32 38 19
3 72 17 31 31 23
3 73 2 25 12 5
3 74 64 58 73 62
3 75 6 10 27 24
3 76 75 63 66 56
3 77 37 55 49 53
3 78 83 81 71 60
3 79 1 14 12 22
3 80 71 76 65 71
3 81 11 25 12 9
3 82 30 46 37 45
3 83 15 18 27 22
3 84 34 49 27 30
3 85 74 53 67 72
3 86 73 69 51 63
3 87 4 6 4 12
3 88 4 8 16 25
3 89 85 60 77 68
3 90 13 36 28 10
3 91 27 33 35 26
3 92 99 71 84 78
3 93 14 12 33 34
3 94 65 62 48 51
3 95 12 15 37 34
3 96 1 12 5 15
3 97 73 59 59 80
3 98 98 76 84 77
3 99 87 77 68 81
4 5 42 46 56 51
4 6 52 44 49 54
4 7 60 57 66 53
4 8 62 68 48 51
4 9 12 10 13 38
4 10 50 57 63 46
4 11 97 76 79 86
4 12 86 69 78 90
4 13 82 65 75 64
4 14 92 86 69 86
4 15 53 40 40 50
4 16 7 16 30 13
4 17 89 83 86 87
4 18 81 69 63 69
4 19 26 24 40 29
4 20 24 38 36 36
4 21 0 5 13 6
4 22 68 58 60 66
4 23 75 61 78 55
4 24 14 27 25 36
4 25 29 50 43 32
4 26 66 73 71 48
4 27 86 74 65 84
4 28 36 47 54 27
4 29 94 90 75 89
4 30 91 68 93 93
4 31 66 49 57 59
4 32 91 90 91 66
4 33 79 59 55 85
4 34 34 46 41 26
4 35 16 14 33 20
4 36 74 74 77 80
4 37 56 43 49 53
4 38 33 37 28 24
4 39 87 87 86 63
4 40 19 31 21 37
4 41 15 33 32 24
4 42 82 70 79 85
4 43 12 12 34 23
4 44 41 57 41 35
4 45 61 60 46 65
4 46 23 40 22 34
4 47 99 85 97 86
4 48 60 55 65 48
4 49 71 62 79 63
4 50 70 73 76 79
4 51 37 44 55 48
4 52 84 83 83 81
4 53 15 24 11 22
4 54 92 74 72 71
4 55 28 26 36 35
4 56 1 24 20 20
4 57 88 88 65 63
4 58 71 63 54 61
4 59 15 38 33 24
4 60 53 50 56 46
4 61 52 41 62 58
4 62 45 41 38 58
4 63 20 29 25 41
4 64 73 80 72 78
4 65 65 57 68 69
4 66 24 32 19 19
4 67 36 50 29 54
4 68 99 95 96 69
4 69 21 18 23 31
4 70 96 92 89 68
4 71 27 22 20 31
4 72 66 59 50 55
4 73 55 59 56 63
4 74 63 69 56 47
4 75 64 49 58 68
4 76 6 7 20 25
4 77 82 61 68 74
4 78 44 34 54 56
4 79 75 75 81 72
4 80 5 32 28 6
4 81 71 61 69 51
4 82 53 51 45 51
4 83 3 6 20 20
4 84 12 31 22 28
4 85 72 63 74 50
4 86 90 91 86 72
4 87 1 23 18 3
4 88 35 39 27 49
4 89 91 93 79 79
4 90 62 58 45 44
4 91 42 50 55 52
4 92 83 78 65 83
4 93 33 43 51 52
4 94 87 90 62 77
4 95 81 72 84 62
4 96 52 54 45 59
4 97 94 78 69 89
4 98 63 66 55 60
4 99 20 28 24 25
5 6 16 40 39 27
5 7 27 43 42 42
5 8 28 35 31 41
5 9 51 43 47 39
5 10 57 55 57 61
5 11 0 22 26 23
5 12 26 34 30 26
5 13 48 62 55 38
5 14 66 54 70 76
5 15 72 71 74 65
5 16 35 47 27 37
5 17 8 31 24 29
5 18 60 52 71 65
5 19 48 56 59 62
5 20 33 52 49 43
5 21 60 50 67 61
5 22 84 86 84 63
5 23 64 56 62 65
5 24 89 81 85 63
5 25 28 38 45 43
5 26 39 55 52 32
5 27 37 35 30 39
5 28 90 70 76 77
5 29 62 72 68 46
5 30 43 39 33 46
5 31 44 34 34 58
5 32 54 52 49 56
5 33 34 34 42 51
5 34 93 70 84 82
5 35 7 23 23 25
5 36 4 20 3 17
5 37 21 26 43 37
5 38 16 31 27 19
5 39 34 29 33 53
5 40 61 54 57 61
5 41 5 14 23 31
5 42 25 38 21 25
5 43 81 86 84 63
5 44 21 22 36 22
5 45 48 37 35 61
5 46 25 42 24 18
5 47 30 43 43 41
5 48 30 22 43 30
5 49 93 93 73 66
5 50 38 30 40 39
5 51 68 64 61 64
5 52 53 58 37 57
5 53 48 38 62 36
5 54 34 26 27 44
5 55 85 67 80 82
5 56 42 54 46 56
5 57 6 22 20 5
5 58 92 67 87 94
5 59 30 30 38 25
5 60 52 48 41 37
5 61 75 57 72 73
5 62 35 45 41 47
5 63 70 56 63 66
5 64 18 15 32 37
5 65 91 87 93 86
5 66 24 45 19 19
5 67 99 91 88 95
5 68 27 47 25 36
5 69 83 61 61 67
5 70 75 53 79 58
5 71 68 55 70 68
5 72 73 65 57 73
5 73 19 18 36 40
5 74 35 42 31 38
5 75 36 29 55 51
5 76 47 49 35 44
5 77 47 37 61 37
5 78 41 37 34 57
5 79 19 43 39 19
5 80 73 61 80 60
5 81 76 77 80 54
5 82 68 71 69 50
5 83 9 10 30 9
5 84 30 29 32 40
5 85 17 17 40 24
5 86 65 59 65 54
5 87 74 71 59 68
5 88 1 1 19 21
5 89 50 59 44 40
5 90 25 20 36 28
5 91 54 42 49 51
5 92 73 62 52 67
5 93 13 31 37 19
5 94 27 20 19 27
5 95 23 41 28 32
5 96 44 42 53 59
5 97 41 43 49 40
5 98 22 38 17 31
5 99 88 70 64 90
6 7 4 32 31 27
6 8 43 54 40 39
6 9 65 69 69 55
6 10 45 40 34 53
6 11 68 68 71 60
6 12 49 36 48 61
6 13 41 41 43 58
6 14 60 52 64 51
6 15 28 48 45 45
6 16 23 45 32 41
6 17 18 34 31 17
6 18 30 27 32 51
6 19 72 60 70 50
6 20 2 27 16 16
6 21 9 31 31 8
6 22 89 85 79 79
6 23 38 43 30 44
6 24 15 24 24 19
6 25 15 18 13 17
6 26 46 53 62 39
6 27 12 33 21 32
6 28 94 92 94 77
6 29 2 27 15 10
6 30 91 93 87 90
6 31 56 49 50 51
6 32 44 58 46 38
6 33 89 65 79 79
6 34 18 35 27 35
6 35 61 61 58 44
6 36 34 38 33 36
6 37 36 50 53 43
6 38 99 80 95 88
6 39 75 79 69 76
6 40 10 28 24 25
6 41 51 44 38 53
6 42 74 61 75 80
6 43 27 37 44 40
6 44 72 51 57 61
6 45 70 56 68 62
6 46 9 25 13 30
6 47 15 18 34 32
6 48 23 18 40 19
6 49 16 27 25 28
6 50 33 41 46 34
6 51 12 36 26 13
6 52 75 70 58 81
6 53 25 22 34 37
6 54 16 32 39 40
6 55 38 45 41 53
6 56 23 39 25 46
6 57 4 32 27 7
6 58 67 62 73 57
6 59 60 53 58 65
6 60 8 16 35 16
6 61 40 38 46 54
6 62 80 64 75 66
6 63 99 94 97 75
6 64 93 78 81 85
6 65 9 11 32 7
6 66 93 90 65 83
6 67 19 20 37 40
6 68 47 42 59 41
6 69 83 61 71 79
6 70 85 80 67 83
6 71 46 36 33 34
6 72 49 58 37 55
6 73 55 41 59 48
6 74 56 43 60 57
6 75 90 67 72 78
6 76 31 50 43 25
6 77 22 28 31 33
6 78 48 41 57 41
6 79 0 25 7 19
6 80 88 72 64 76
6 81 20 41 33 32
6 82 29 41 28 23
6 83 10 17 16 22
6 84 86 79 69 89
6 85 15 11 18 38
6 86 71 65 74 77
6 87 13 33 29 19
6 88 70 69 68 68
6 89 68 58 62 65
6 90 49 49 59 53
6 91 29 35 25 25
6 92 98 83 77 87
6 93 75 59 63 71
6 94 26 40 33 18
6 95 66 58 75 55
6 96 59 57 50 60
6 97 84 81 67 73
6 98 70 59 78 75
6 99 93 70 68 72
7 8 72 80 51 79
7 9 38 44 33 54
7 10 0 2 25 25
7 11 59 62 60 54
7 12 2 27 14 17
7 13 11 8 34 12
7 14 34 47 30 39
7 15 21 18 21 34
7 16 77 62 73 77
7 17 41 53 35 43
7 18 36 28 32 39
7 19 7 18 24 21
7 20 84 80 70 67
7 21 54 38 67 45
7 22 52 59 65 60
7 23 42 35 40 56
7 24 60 70 48 56
7 25 86 67 70 81
7 26 25 20 37 23
7 27 18 24 31 26
7 28 52 38 54 60
7 29 83 63 69 75
7 30 55 46 43 44
7 31 98 79 89 95
7 32 59 43 57 53
7 33 29 23 44 48
7 34 84 87 77 76
7 35 94 93 88 79
7 36 85 88 74 66
7 37 5 6 19 11
7 38 64 55 49 47
7 39 94 79 75 68
7 40 89 91 86 74
7 41 53 64 53 38
7 42 14 18 20 20
7 43 3 20 27 4
7 44 5 29 17 29
7 45 62 45 44 47
7 46 4 28 9 32
7 47 87 72 88 62
7 48 50 61 38 42
7 49 89 74 70 88
7 50 45 40 44 57
7 51 72 75 62 58
7 52 6 25 19 21
7 53 81 81 82 68
7 54 22 44 44 27
7 55 8 8 8 15
7 56 7 6 32 9
7 57 80 58 72 66
7 58 83 64 66 84
7 59 32 23 44 34
7 60 29 45 23 43
7 61 58 52 51 71
7 62 41 48 29 48
7 63 35 39 42 38
7 64 61 63 59 54
7 65 90 66 73 64
7 66 63 72 69 55
7 67 57 46 49 64
7 68 59 46 62 54
7 69 48 55 55 61
7 70 77 57 73 76
7 71 93 69 93 74
7 72 27 34 42 32
7 73 97 86 72 70
7 74 14 14 26 20
7 75 36 28 26 52
7 76 77 73 82 83
7 77 48 48 60 62
7 78 46 36 36 55
7 79 78 82 69 76
7 80 91 82 77 90
7 81 99 94 96 70
7 82 54 40 41 62
7 83 51 48 65 44
7 84 97 70 96 92
7 85 98 89 78 77
7 86 19 34 19 17
7 87 41 50 57 47
7 88 81 82 75 82
7 89 10 18 27 21
7 90 72 73 60 55
7 91 95 75 95 77
7 92 79 62 83 76
7 93 10 24 29 27
7 94 75 62 58 61
7 95 97 82 68 88
7 96 91 70 69 74
7 97 52 40 49 38
7 98 56 52 58 42
7 99 88 74 81 89
8 9 25 34 32 19
8 10 69 66 67 76
8 11 36 30 40 44
8 12 27 34 46 33
8 13 11 10 19 31
8 14 30 29 27 33
8 15 80 70 77 69
8 16 45 41 61 33
8 17 78 83 67 65
8 18 38 54 36 52
8 19 92 66 71 66
8 20 98 98 79 86
8 21 21 30 24 16
8 22 54 50 59 62
8 23 77 73 72 62
8 24 75 72 55 70
8 25 7 25 13 15
8 26 82 70 72 68
8 27 46 33 38 33
8 28 81 77 80 76
8 29 36 47 30 51
8 30 7 20 28 24
8 31 58 47 42 51
8 32 52 55 49 38
8 33 69 60 60 56
8 34 89 74 67 91
8 35 20 26 29 42
8 36 92 77 65 68
8 37 11 33 19 36
8 38 47 42 47 43
8 39 72 62 61 76
8 40 33 47 44 27
8 41 35 47 40 43
8 42 29 38 45 33
8 43 69 71 64 69
8 44 33 39 34 52
8 45 67 71 54 69
8 46 53 63 58 43
8 47 7 31 29 17
8 48 62 50 56 68
8 49 44 54 36 44
8 50 14 15 36 32
8 51 18 26 39 27
8 52 39 46 44 27
8 53 32 28 26 24
8 54 43 45 32 41
8 55 57 66 49 54
8 56 17 28 41 18
8 57 8 29 29 23
8 58 32 36 49 32
8 59 58 64 68 42
8 60 22 44 30 16
8 61 93 88 74 87
8 62 0 5 24 13
8 63 37 47 49 39
8 64 40 43 34 42
8 65 62 73 63 50
8 66 76 68 54 69
8 67 51 48 48 63
8 68 70 49 50 53
8 69 55 65 53 42
8 70 34 44 53 26
8 71 84 88 69 70
8 72 45 45 42 50
8 73 23 31 32 46
8 74 7 9 32 12
8 75 76 62 62 83
8 76 69 60 60 58
8 77 52 42 45 59
8 78 45 39 60 32
8 79 70 71 54 63
8 80 4 19 6 31
8 81 1 12 29 11
8 82 30 48 25 40
8 83 61 53 44 45
8 84 58 42 41 61
8 85 71 69 76 69
8 86 65 52 70 71
8 87 36 40 46 44
8 88 31 38 47 45
8 89 59 43 57 56
8 90 80 66 84 65
8 91 54 51 54 39
8 92 48 46 55 59
8 93 8 24 21 36
8 94 11 22 37 28
8 95 88 65 84 72
8 96 57 58 61 42
8 97 83 65 61 64
8 98 88 67 81 63
8 99 26 29 36 42
9 10 71 50 50 59
9 11 37 37 38 43
9 12 0 3 23 28
9 13 86 63 75 71
9 14 21 16 30 33
9 15 97 74 90 91
9 16 68 73 60 54
9 17 73 59 54 55
9 18 81 71 77 86
9 19 40 45 53 32
9 20 17 22 26 34
9 21 20 31 32 37
9 22 3 21 18 4
9 23 45 34 59 50
9 24 52 37 54 43
9 25 26 34 23 27
9 26 86 89 67 64
9 27 60 66 66 43
9 28 47 45 45 37
9 29 38 38 33 40
9 30 21 37 33 15
9 31 76 79 66 62
9 32 74 71 63 63
9 33 40 56 57 49
9 34 48 40 34 37
9 35 18 39 24 33
9 36 34 28 29 34
9 37 87 84 74 75
9 38 4 25 2 14
9 39 94 81 91 82
9 40 92 86 82 85
9 41 77 59 57 55
9 42 92 79 77 72
9 43 16 37 15 22
9 44 42 49 57 54
9 45 94 81 84 86
9 46 98 79 91 97
9 47 64 66 66 46
9 48 11 20 17 9
9 49 18 20 25 40
9 50 38 45 43 37
9 51 57 52 45 54
9 52 4 3 10 7
9 53 88 68 90 74
9 54 7 19 7 7
9 55 95 83 91 70
9 56 30 24 28 28
9 57 2 19 9 1
9 58 34 42 47 26
9 59 43 35 39 31
9 60 2 27 2 27
9 61 45 43 45 52
9 62 53 46 51 48
9 63 66 58 67 68
9 64 78 63 58 67
9 65 73 53 54 56
9 66 87 75 85 71
9 67 70 73 50 71
9 68 30 21 31 49
9 69 11 22 24 23
9 70 88 87 71 79
9 71 95 74 77 81
9 72 14 32 18 33
9 73 81 78 76 84
9 74 37 53 36 40
9 75 65 58 69 65
9 76 79 75 79 76
9 77 8 35 35 8
9 78 29 25 39 49
9 79 57 41 60 67
9 80 87 77 67 66
9 81 17 27 32 30
9 82 33 38 41 43
9 83 45 49 48 42
9 84 46 45 45 47
9 85 72 74 54 67
9 86 10 17 35 21
9 87 7 15 22 12
9 88 24 44 31 33
9 89 18 28 16 16
9 90 51 65 38 50
9 91 74 69 77 72
9 92 78 55 81 58
9 93 86 63 87 60
9 94 57 66 66 65
9 95 64 48 49 56
9 96 37 32 34 38
9 97 29 49 21 32
9 98 74 69 67 61
9 99 80 69 60 83
10 11 42 43 41 30
10 12 69 65 57 61
10 13 31 41 32 31
10 14 31 48 35 45
10 15 78 75 79 69
10 16 83 87 70 65
10 17 60 67 43 42
10 18 19 33 42 19
10 19 97 80 70 68
10 20 48 63 47 61
10 21 34 44 41 52
10 22 6 7 12 8
10 23 38 36 47 40
10 24 24 33 35 32
10 25 32 24 22 28
10 26 14 18 21 18
10 27 75 71 80 60
10 28 21 39 35 26
10 29 57 58 66 46
10 30 72 68 55 66
10 31 91 70 71 66
10 32 30 40 26 21
10 33 4 20 24 25
10 34 14 24 12 14
10 35 54 65 39 54
10 36 36 26 30 43
10 37 31 34 24 51
10 38 26 41 36 38
10 39 11 22 34 24
10 40 67 65 68 72
10 41 9 8 12 33
10 42 46 59 47 45
10 43 26 27 44 33
10 44 48 47 40 46
10 45 2 3 2 8
10 46 56 49 51 42
10 47 24 46 34 45
10 48 87 62 73 68
10 49 75 78 53 54
10 50 91 85 74 86
10 51 48 44 47 52
10 52 28 37 41 42
10 53 59 56 48 58
10 54 55 53 67 68
10 55 16 33 26 20
10 56 13 14 32 32
10 57 95 83 81 68
10 58 61 57 52 67
10 59 25 41 21 32
10 60 79 77 81 75
10 61 26 47 22 22
10 62 77 59 67 77
10 63 51 54 56 54
10 64 13 19 14 36
10 65 36 43 51 27
10 66 48 58 53 39
10 67 46 44 35 36
10 68 16 12 27 23
10 69 67 60 49 52
10 70 55 61 45 49
10 71 87 90 83 81
10 72 29 34 24 47
10 73 83 58 77 82
10 74 9 18 10 11
10 75 30 51 30 28
10 76 87 63 86 66
10 77 47 42 52 60
10 78 56 60 42 59
10 79 59 71 61 55
10 80 69 72 63 52
10 81 68 68 69 55
10 82 72 61 76 51
10 83 52 55 62 52
10 84 99 82 86 88
10 85 15 25 16 25
10 86 7 13 14 18
10 87 7 19 31 30
10 88 47 59 35 45
10 89 1 22 27 15
10 90 44 46 61 51
10 91 37 47 29 41
10 92 53 64 46 45
10 93 30 26 50 43
10 94 76 61 63 79
10 95 28 33 38 33
10 96 0 13 27 6
10 97 23 31 42 18
10 98 73 61 62 55
10 99 54 59 49 45
11 12 52 60 65 50
11 13 71 74 64 72
11 14 80 76 69 71
11 15 39 31 53 53
11 16 1 12 25 17
11 17 52 49 49 49
11 18 20 19 16 21
11 19 99 75 83 89
11 20 80 69 69 76
11 21 70 71 75 57
11 22 87 86 88 77
11 23 69 54 77 62
11 24 99 90 69 75
11 25 8 6 35 21
11 26 67 54 67 52
11 27 20 18 41 20
11 28 73 56 67 58
11 29 6 21 13 5
11 30 34 53 46 47
11 31 85 77 77 60
11 32 96 90 94 75
11 33 87 90 89 74
11 34 24 31 42 23
11 35 21 32 27 31
11 36 29 34 43 21
11 37 26 27 30 32
11 38 8 18 11 7
11 39 35 31 29 30
11 40 82 61 76 78
11 41 72 60 71 67
11 42 63 62 67 60
11 43 16 11 37 25
11 44 41 54 47 38
11 45 44 35 59 48
11 46 25 37 18 23
11 47 45 36 52 44
11 48 12 26 28 35
11 49 51 48 61 48
11 50 54 48 65 42
11 51 75 72 81 80
11 52 28 20 46 20
11 53 6 8 26 27
11 54 18 17 39 19
11 55 57 58 46 63
11 56 49 55 48 46
11 57 84 75 82 81
11 58 7 20 27 35
11 59 21 22 33 31
11 60 80 81 82 70
11 61 83 77 60 64
11 62 46 46 62 59
11 63 44 57 38 39
11 64 67 70 66 50
11 65 4 31 8 10
11 66 49 51 61 42
11 67 75 63 68 80
11 68 54 57 59 63
11 69 77 76 64 58
11 70 96 78 82 76
11 71 80 85 58 60
11 72 94 90 92 91
11 73 24 25 44 44
11 74 19 20 39 19
11 75 76 69 56 66
11 76 63 72 68 58
11 77 35 28 43 30
11 78 4 11 13 12
11 79 4 17 3 12
11 80 75 75 63 82
11 81 86 74 70 63
11 82 54 59 52 65
11 83 31 33 47 34
11 84 68 70 67 50
11 85 62 46 52 47
11 86 75 75 59 80
11 87 58 66 44 59
11 88 46 41 54 39
11 89 80 77 63 84
11 90 87 66 86 62
11 91 23 19 31 20
11 92 77 54 78 75
11 93 2 2 22 13
11 94 81 74 62 76
11 95 31 33 36 43
11 96 7 18 35 18
11 97 54 45 40 59
11 98 16 16 34 16
11 99 16 12 35 27
12 13 62 65 46 67
12 14 78 59 67 83
12 15 96 86 73 80
12 16 8 32 26 32
12 17 93 92 84 84
12 18 8 33 26 23
12 19 53 54 57 62
12 20 92 90 81 83
12 21 50 50 45 35
12 22 55 50 42 61
12 23 17 37 23 30
12 24 59 44 64 64
12 25 62 70 64 50
12 26 70 72 55 50
12 27 35 33 32 43
12 28 74 60 66 54
12 29 55 48 54 58
12 30 43 58 37 39
12 31 11 28 26 23
12 32 68 66 73 74
12 33 76 58 82 60
12 34 94 69 79 73
12 35 69 77 70 68
12 36 62 54 47 47
12 37 49 57 45 58
12 38 20 28 23 21
12 39 55 54 64 54
12 40 17 32 29 25
12 41 95 94 88 92
12 42 72 70 77 64
12 43 14 34 12 39
12 44 61 57 71 48
12 45 6 30 16 12
12 46 68 60 55 57
12 47 30 42 37 33
12 48 97 81 76 88
12 49 35 54 31 46
12 50 78 55 65 83
12 51 82 68 66 63
12 52 50 60 41 49
12 53 0 22 21 27
12 54 95 85 87 78
12 55 67 60 73 52
12 56 18 30 15 30
12 57 36 43 49 29
12 58 0 7 18 4
12 59 60 43 55 45
12 60 91 84 85 91
12 61 21 15 28 15
12 62 70 74 49 54
12 63 15 31 38 25
12 64 94 93 71 66
12 65 6 8 17 32
12 66 26 21 45 43
12 67 72 60 56 56
12 68 44 56 40 49
12 69 99 81 90 89
12 70 52 48 42 40
12 71 40 36 45 43
12 72 79 60 78 79
12 73 87 63 83 90
12 74 83 69 61 75
12 75 42 31 30 59
12 76 13 39 34 22
12 77 18 16 16 42
12 78 25 45 44 39
12 79 62 49 59 45
12 80 3 4 2 18
12 81 59 52 62 69
12 82 20 40 35 37
12 83 26 18 28 19
12 84 43 57 32 35
12 85 81 61 58 75
12 86 31 37 26 51
12 87 15 33 22 30
12 88 59 53 58 64
12 89 96 80 84 79
12 90 6 13 6 6
12 91 58 43 45 58
12 92 94 88 67 72
12 93 97 81 75 72
12 94 64 73 73 61
12 95 77 83 83 67
12 96 69 59 63 60
12 97 90 89 81 66
12 98 67 69 63 62
12 99 98 82 77 86
13 14 42 47 45 33
13 15 10 36 31 35
13 16 81 61 79 83
13 17 63 71 64 53
13 18 78 62 56 74
13 19 97 82 89 82
13 20 1 1 12 11
13 21 75 66 60 67
13 22 84 79 61 61
13 23 74 64 79 54
13 24 22 44 44 32
13 25 13 18 30 20
13 26 90 82 74 84
13 27 11 19 25 31
13 28 2 22 29 24
13 29 74 58 77 55
13 30 9 22 8 10
13 31 11 21 31 21
13 32 75 77 72 67
13 33 12 31 30 34
13 34 14 32 32 21
13 35 33 38 25 48
13 36 40 31 46 29
13 37 50 65 62 57
13 38 24 35 22 41
13 39 14 11 26 38
13 40 96 91 74 74
13 41 70 71 60 51
13 42 4 12 26 28
13 43 21 34 22 42
13 44 66 73 60 46
13 45 57 63 63 47
13 46 82 77 78 74
13 47 96 94 74 74
13 48 7 14 14 14
13 49 43 39 41 41
13 50 84 62 69 82
13 51 73 76 66 53
13 52 56 60 68 60
13 53 30 25 28 24
13 54 76 68 81 72
13 55 19 41 39 19
13 56 78 62 79 84
13 57 58 61 66 65
13 58 12 18 26 16
13 59 2 28 19 14
13 60 91 90 80 78
13 61 78 69 83 73
13 62 56 41 44 63
13 63 83 72 86 74
13 64 3 14 8 7
13 65 74 56 74 80
13 66 41 41 34 33
13 67 31 32 22 37
13 68 81 73 83 84
13 69 34 46 29 48
13 70 18 35 26 19
13 71 70 60 79 61
13 72 94 77 83 71
13 73 91 85 78 84
13 74 70 78 78 56
13 75 4 16 30 6
13 76 84 88 86 65
13 77 99 86 85 86
13 78 10 14 14 12
13 79 48 46 47 53
13 80 95 81 89 90
13 81 34 37 30 35
13 82 65 54 65 69
13 83 82 68 78 85
13 84 50 52 56 46
13 85 89 65 82 86
13 86 89 65 79 73
13 87 41 30 34 52
13 88 0 21 21 0
13 89 78 66 56 55
13 90 22 22 26 20
13 91 39 42 31 43
13 92 37 50 29 28
13 93 17 40 23 17
13 94 14 33 21 17
13 95 54 50 52 64
13 96 78 82 73 61
13 97 95 88 95 80
13 98 17 38 36 37
13 99 85 72 86 79
14 15 83 72 64 85
14 16 76 73 78 81
14 17 60 43 64 58
14 18 10 34 28 17
14 19 22 41 19 20
14 20 31 44 23 25
14 21 62 48 69 58
14 22 20 31 24 33
14 23 74 76 66 67
14 24 78 59 58 67
14 25 72 65 75 74
14 26 34 30 48 52
14 27 97 80 88 72
14 28 40 32 46 38
14 29 0 23 25 16
14 30 34 48 31 42
14 31 10 24 14 34
14 32 88 69 74 84
14 33 41 55 49 41
14 34 3 13 31 18
14 35 45 51 44 55
14 36 65 67 49 48
14 37 97 78 70 71
14 38 16 40 23 34
14 39 20 19 33 26
14 40 42 57 43 54
14 41 89 70 72 81
14 42 16 25 31 34
14 43 56 55 59 60
14 44 64 51 59 57
14 45 17 39 40 12
14 46 26 30 18 44
14 47 30 40 28 45
14 48 89 78 65 68
14 49 84 62 61 75
14 50 76 67 54 75
14 51 86 78 87 75
14 52 34 49 53 27
14 53 76 74 61 78
14 54 32 48 28 35
14 55 52 43 44 43
14 56 30 44 38 22
14 57 11 33 18 30
14 58 77 71 70 66
14 59 68 67 72 54
14 60 9 19 8 22
14 61 0 1 29 15
14 62 20 36 14 28
14 63 2 12 17 2
14 64 68 70 77 65
14 65 85 78 80 89
14 66 26 48 27 27
14 67 40 35 52 45
14 68 66 60 71 59
14 69 66 56 70 55
14 70 98 89 90 94
14 71 90 81 92 89
14 72 49 63 61 57
14 73 46 37 36 38
14 74 37 40 37 50
14 75 66 66 69 74
14 76 43 55 56 47
14 77 49 58 34 48
14 78 74 55 55 59
14 79 93 79 92 77
14 80 32 37 40 48
14 81 85 86 84 69
14 82 68 56 76 54
14 83 61 58 43 55
14 84 78 74 63 82
14 85 54 62 57 42
14 86 98 84 76 82
14 87 35 48 32 31
14 88 41 53 46 48
14 89 58 58 49 63
14 90 73 62 52 60
14 91 41 51 49 55
14 92 79 66 77 76
14 93 60 46 53 52
14 94 71 52 77 62
14 95 77 61 73 83
14 96 60 67 44 48
14 97 27 34 22 33
14 98 3 23 13 14
14 99 10 17 35 23
15 16 9 22 22 19
15 17 90 89 86 77
15 18 31 39 38 35
15 19 34 34 40 43
15 20 95 88 74 70
15 21 56 67 41 44
15 22 44 56 35 47
15 23 78 73 68 78
15 24 20 42 17 25
15 25 27 48 34 38
15 26 89 63 67 76
15 27 36 43 27 36
15 28 93 93 82 76
15 29 90 85 65 78
15 30 89 82 68 75
15 31 23 34 38 20
15 32 33 38 26 44
15 33 94 70 92 81
15 34 61 57 44 62
15 35 48 42 58 44
15 36 13 25 37 13
15 37 70 62 72 71
15 38 29 43 45 41
15 39 54 63 62 42
15 40 29 36 47 22
15 41 68 72 64 63
15 42 70 72 73 50
15 43 28 29 25 47
15 44 27 25 47 19
15 45 66 74 47 50
15 46 9 9 34 33
15 47 49 39 50 40
15 48 67 55 59 54
15 49 7 12 12 21
15 50 43 33 42 40
15 51 6 17 15 14
15 52 29 49 22 49
15 53 8 14 23 34
15 54 63 44 62 68
15 55 43 31 49 46
15 56 50 44 61 38
15 57 59 46 54 69
15 58 32 48 31 37
15 59 62 49 45 66
15 60 12 32 16 30
15 61 16 23 25 20
15 62 23 27 30 39
15 63 41 52 41 42
15 64 9 31 26 34
15 65 78 74 79 80
15 66 68 60 57 70
15 67 41 58 41 56
15 68 37 26 47 30
15 69 73 58 68 73
15 70 79 67 60 76
15 71 4 31 14 22
15 72 37 43 40 44
15 73 48 35 39 37
15 74 80 74 63 70
15 75 22 24 38 42
15 76 72 66 57 53
15 77 65 61 60 65
15 78 67 61 53 63
15 79 18 25 33 38
15 80 89 71 80 66
15 81 74 58 80 59
15 82 96 69 67 84
15 83 60 60 71 54
15 84 28 48 20 22
15 85 11 30 28 18
15 86 30 48 31 50
15 87 29 35 22 25
15 88 75 54 76 64
15 89 53 52 66 44
15 90 29 46 30 22
15 91 68 51 50 76
15 92 68 72 53 56
15 93 24 42 38 38
15 94 35 25 52 35
15 95 23 33 37 17
15 96 24 43 43 37
15 97 40 30 40 37
15 98 63 46 66 49
15 99 34 52 29 46
16 17 5 13 10 22
16 18 33 47 45 44
16 19 64 72 56 64
16 20 69 50 50 54
16 21 52 49 61 38
16 22 20 27 25 33
16 23 73 56 69 76
16 24 37 55 32 39
16 25 46 58 42 56
16 26 96 76 83 72
16 27 34 23 32 31
16 28 59 54 61 57
16 29 92 77 86 73
16 30 80 56 70 85
16 31 9 11 17 29
16 32 70 49 71 68
16 33 82 77 72 70
16 34 49 57 49 48
16 35 6 19 6 10
16 36 12 25 13 22
16 37 16 32 21 37
16 38 40 30 50 40
16 39 52 56 40 40
16 40 62 53 54 67
16 41 95 71 93 80
16 42 15 12 26 18
16 43 52 61 37 61
16 44 73 60 68 68
16 45 43 56 57 53
16 46 59 47 51 52
16 47 40 31 37 57
16 48 34 48 30 32
16 49 69 71 62 55
16 50 87 75 79 79
16 51 58 63 48 69
16 52 80 84 72 68
16 53 62 49 65 65
16 54 46 32 49 35
16 55 33 38 53 25
16 56 42 32 35 39
16 57 68 53 75 53
16 58 25 31 47 31
16 59 9 34 8 26
16 60 86 71 70 67
16 61 91 92 78 65
16 62 86 67 79 87
16 63 22 17 18 42
16 64 73 68 65 53
16 65 39 49 45 29
16 66 19 16 37 30
16 67 85 90 64 69
16 68 52 49 47 38
16 69 35 51 39 38
16 70 18 42 32 21
16 71 90 69 79 91
16 72 74 63 68 75
16 73 37 35 36 33
16 74 28 42 47 22
16 75 13 28 18 36
16 76 43 35 31 38
16 77 1 1 30 14
16 78 24 41 45 32
16 79 68 75 50 50
16 80 24 42 26 19
16 81 31 42 44 26
16 82 49 37 53 53
16 83 10 18 20 31
16 84 3 10 20 31
16 85 59 43 66 60
16 86 17 13 30 33
16 87 43 56 56 50
16 88 87 90 81 73
16 89 51 53 50 50
16 90 69 59 53 55
16 91 88 91 73 63
16 92 90 75 89 68
16 93 6 6 16 9
16 94 22 41 34 42
16 95 92 84 81 81
16 96 33 23 28 38
16 97 35 29 54 54
16 98 18 17 38 23
16 99 94 79 73 70
17 18 62 46 70 55
17 19 35 36 34 38
17 20 35 37 42 25
17 21 87 80 68 86
17 22 98 78 93 75
17 23 41 55 30 51
17 24 28 25 41 32
17 25 61 59 69 62
17 26 25 47 21 20
17 27 42 51 38 35
17 28 32 36 39 34
17 29 51 57 51 42
17 30 78 56 56 74
17 31 62 56 69 72
17 32 11 15 36 22
17 33 98 88 95 74
17 34 81 68 67 81
17 35 15 39 29 13
17 36 98 73 79 92
17 37 24 23 30 21
17 38 88 71 63 81
17 39 17 13 39 28
17 40 12 10 16 20
17 41 84 62 84 79
17 42 76 69 80 63
17 43 70 54 51 61
17 44 67 57 57 76
17 45 83 71 62 84
17 46 38 43 48 54
17 47 27 31 43 21
17 48 48 47 36 34
17 49 13 10 17 33
17 50 19 34 31 17
17 51 60 65 53 70
17 52 90 89 91 70
17 53 67 69 73 50
17 54 20 23 24 44
17 55 49 38 64 34
17 56 25 19 25 40
17 57 33 39 45 26
17 58 23 40 25 18
17 59 74 54 69 62
17 60 15 31 13 17
17 61 26 35 31 24
17 62 61 64 46 62
17 63 18 25 14 30
17 64 1 8 10 7
17 65 20 31 41 30
17 66 92 69 76 73
17 67 0 5 13 13
17 68 0 19 21 18
17 69 82 61 83 80
17 70 51 59 60 65
17 71 87 70 68 77
17 72 63 56 47 49
17 73 21 17 44 28
17 74 66 53 73 52
17 75 39 51 31 40
17 76 26 29 48 41
17 77 78 66 67 69
17 78 12 25 19 9
17 79 3 8 21 27
17 80 7 7 16 16
17 81 25 21 37 32
17 82 51 49 39 44
17 83 3 23 29 24
17 84 11 26 16 15
17 85 71 53 56 64
17 86 90 79 70 77
17 87 30 44 40 42
17 88 10 8 25 28
17 89 66 75 64 56
17 90 78 75 59 71
17 91 28 32 21 20
17 92 14 30 33 17
17 93 78 83 77 57
17 94 68 65 74 60
17 95 47 44 42 43
17 96 25 28 44 42
17 97 36 38 43 31
17 98 67 68 67 49
17 99 10 37 37 27
18 19 37 52 27 42
18 20 69 73 70 60
18 21 70 76 54 75
18 22 98 75 70 73
18 23 90 77 69 91
18 24 48 34 54 45
18 25 84 80 71 88
18 26 81 82 76 85
18 27 21 21 38 35
18 28 16 31 28 14
18 29 44 47 50 58
18 30 46 58 50 45
18 31 50 35 44 38
18 32 0 11 23 2
18 33 64 70 70 54
18 34 92 83 65 89
18 35 15 14 27 20
18 36 49 53 57 39
18 37 6 26 7 31
18 38 43 42 46 34
18 39 98 78 70 71
18 40 97 85 86 68
18 41 71 55 52 72
18 42 63 64 58 53
18 43 11 20 17 27
18 44 25 32 23 22
18 45 81 81 79 67
18 46 38 30 32 43
18 47 71 57 57 79
18 48 88 79 91 82
18 49 58 54 53 69
18 50 68 59 69 61
18 51 6 16 30 28
18 52 23 22 41 34
18 53 63 68 52 50
18 54 64 68 66 54
18 55 85 67 60 85
18 56 65 65 48 45
18 57 49 46 59 55
18 58 10 7 36 23
18 59 42 36 42 41
18 60 5 5 21 10
18 61 98 93 94 74
18 62 29 21 31 33
18 63 28 31 22 49
18 64 90 81 85 88
18 65 62 54 53 57
18 66 1 26 22 5
18 67 73 53 68 55
18 68 92 69 71 67
18 69 4 25 21 14
18 70 51 56 56 38
18 71 76 60 74 60
18 72 58 59 60 60
18 73 89 79 88 68
18 74 90 91 92 63
18 75 29 47 37 27
18 76 60 58 61 68
18 77 56 53 69 48
18 78 71 64 67 64
18 79 13 39 32 31
18 80 69 63 50 71
18 81 11 25 14 25
18 82 58 63 52 42
18 83 39 56 51 56
18 84 13 17 36 26
18 85 71 74 51 57
18 86 51 41 57 56
18 87 70 59 62 55
18 88 71 56 51 75
18 89 74 79 66 62
18 90 93 92 75 72
18 91 79 56 65 61
18 92 41 47 54 29
18 93 57 45 51 43
18 94 27 32 31 43
18 95 45 44 33 35
18 96 19 23 15 40
18 97 53 41 54 58
18 98 41 40 32 30
18 99 90 70 71 69
19 20 38 36 45 44
19 21 10 36 12 33
19 22 77 72 83 82
19 23 67 50 75 76
19 24 34 30 53 34
19 25 18 20 41 14
19 26 51 61 48 58
19 27 8 15 6 15
19 28 84 69 65 87
19 29 49 46 44 64
19 30 26 20 29 34
19 31 42 36 55 40
19 32 68 72 54 73
19 33 11 32 16 18
19 34 85 70 85 88
19 35 97 68 86 97
19 36 91 76 87 77
19 37 14 37 19 38
19 38 88 74 63 64
19 39 61 46 64 43
19 40 62 44 70 60
19 41 36 44 49 52
19 42 99 94 70 75
19 43 82 79 86 73
19 44 37 41 37 49
19 45 4 28 4 4
19 46 51 41 41 57
19 47 58 56 48 69
19 48 45 33 36 34
19 49 93 75 67 86
19 50 81 67 72 84
19 51 70 60 56 75
19 52 3 25 24 22
19 53 12 21 20 24
19 54 6 25 11 16
19 55 56 53 52 45
19 56 62 54 54 56
19 57 73 59 56 52
19 58 80 57 61 60
19 59 18 41 14 27
19 60 98 75 71 79
19 61 13 30 9 13
19 62 59 66 47 52
19 63 31 37 39 33
19 64 7 16 24 10
19 65 13 38 18 22
19 66 35 26 51 44
19 67 41 34 41 47
19 68 34 32 48 46
19 69 92 77 76 84
19 70 57 48 44 68
19 71 46 51 32 38
19 72 14 12 28 11
19 73 81 66 79 60
19 74 70 62 65 67
19 75 77 70 57 71
19 76 76 57 57 74
19 77 91 73 91 85
19 78 35 35 53 44
19 79 98 92 70 84
19 80 69 61 65 69
19 81 85 86 79 67
19 82 16 12 25 18
19 83 0 1 24 26
19 84 52 40 51 62
19 85 14 26 21 36
19 86 56 58 42 50
19 87 87 63 77 89
19 88 72 75 69 72
19 89 25 30 31 27
19 90 33 35 38 47
19 91 79 57 67 62
19 92 27 28 25 38
19 93 83 62 61 80
19 94 85 61 77 75
19 95 19 39 25 38
19 96 39 39 32 32
19 97 26 20 35 36
19 98 86 86 85 89
19 99 83 58 70 73
20 21 43 55 53 37
20 22 21 32 31 21
20 23 23 19 27 43
20 24 90 89 89 90
20 25 96 94 92 79
20 26 20 40 17 43
20 27 92 72 69 83
20 28 90 79 65 86
20 29 56 49 40 68
20 30 59 54 43 60
20 31 69 65 73 75
20 32 28 34 25 19
20 33 44 54 39 54
20 34 35 46 48 28
20 35 48 34 46 60
20 36 78 78 60 73
20 37 24 35 22 42
20 38 7 23 9 14
20 39 25 35 21 46
20 40 89 88 91 66
20 41 56 54 45 62
20 42 26 30 22 45
20 43 42 46 37 50
20 44 18 22 37 16
20 45 60 49 52 42
20 46 90 70 65 70
20 47 58 51 60 45
20 48 71 63 67 50
20 49 78 80 82 61
20 50 14 33 17 22
20 51 39 53 55 27
20 52 11 33 21 12
20 53 29 46 46 42
20 54 60 57 64 69
20 55 4 18 14 11
20 56 12 29 21 24
20 57 32 25 36 47
20 58 80 73 60 73
20 59 20 43 33 39
20 60 53 50 45 65
20 61 62 73 51 50
20 62 55 49 48 65
20 63 1 30 12 9
20 64 48 46 40 38
20 65 4 9 24 8
20 66 91 81 88 66
20 67 93 71 86 83
20 68 60 47 52 58
20 69 86 63 89 83
20 70 40 40 40 54
20 71 83 82 82 84
20 72 0 29 17 5
20 73 38 29 33 44
20 74 51 61 63 54
20 75 99 84 83 93
20 76 72 60 58 60
20 77 59 57 52 53
20 78 78 64 64 66
20 79 14 31 29 39
20 80 37 49 53 28
20 81 31 40 51 23
20 82 18 29 20 23
20 83 84 66 65 72
20 84 87 74 82 81
20 85 28 32 45 42
20 86 66 67 71 73
20 87 17 28 35 27
20 88 18 25 41 32
20 89 37 31 33 37
20 90 21 18 41 40
20 91 43 54 56 36
20 92 29 26 23 43
20 93 72 53 51 77
20 94 46 47 54 55
20 95 23 35 41 26
20 96 35 53 28 41
20 97 54 43 58 47
20 98 33 36 41 45
20 99 68 63 49 71
21 22 55 66 43 45
21 23 41 54 34 40
21 24 3 26 6 20
21 25 98 93 71 92
21 26 70 66 66 66
21 27 84 84 72 70
21 28 79 77 78 67
21 29 31 31 27 22
21 30 42 36 33 50
21 31 93 72 72 80
21 32 65 57 66 65
21 33 95 74 89 73
21 34 10 30 31 12
21 35 37 40 34 42
21 36 1 14 23 17
21 37 89 83 89 75
21 38 26 23 42 47
21 39 26 24 33 18
21 40 52 51 52 48
21 41 51 45 42 54
21 42 37 35 35 41
21 43 98 70 75 97
21 44 59 43 60 46
21 45 27 47 43 31
21 46 16 19 34 23
21 47 90 75 75 76
21 48 70 64 74 58
21 49 90 79 66 92
21 50 34 36 40 39
21 51 65 64 55 54
21 52 48 57 49 41
21 53 70 78 67 52
21 54 94 69 79 69
21 55 20 42 29 35
21 56 32 24 52 22
21 57 0 22 8 20
21 58 64 58 65 47
21 59 43 35 51 53
21 60 36 54 55 33
21 61 92 87 75 70
21 62 75 52 56 82
21 63 9 9 33 19
21 64 15 36 33 22
21 65 51 62 61 57
21 66 93 80 89 82
21 67 37 42 42 41
21 68 85 71 67 66
21 69 0 26 29 0
21 70 62 63 72 54
21 71 53 47 59 58
21 72 54 58 40 58
21 73 29 21 35 23
21 74 96 94 69 80
21 75 82 66 86 68
21 76 38 32 34 37
21 77 34 28 41 25
21 78 14 37 33 14
21 79 40 56 39 52
21 80 16 39 28 19
21 81 66 73 65 51
21 82 34 48 46 30
21 83 2 21 26 6
21 84 94 84 87 71
21 85 56 56 57 58
21 86 39 56 51 39
21 87 10 9 35 14
21 88 58 52 44 46
21 89 19 32 30 13
21 90 33 42 26 45
21 91 39 31 33 51
21 92 51 53 52 60
21 93 85 70 69 62
21 94 50 62 55 59
21 95 14 26 11 24
21 96 55 43 54 51
21 97 16 38 26 25
21 98 38 54 51 30
21 99 96 77 68 72
22 23 86 85 67 68
22 24 59 66 62 45
22 25 43 58 44 34
22 26 71 72 66 53
22 27 1 9 21 11
22 28 86 87 65 79
22 29 7 5 14 15
22 30 45 47 33 34
22 31 95 72 89 69
22 32 83 75 63 70
22 33 33 32 35 51
22 34 53 56 41 49
22 35 62 58 60 50
22 36 59 62 42 58
22 37 58 51 67 50
22 38 95 85 77 74
22 39 1 6 24 12
22 40 68 74 63 52
22 41 95 94 84 88
22 42 92 91 67 74
22 43 13 37 27 36
22 44 79 70 63 82
22 45 52 58 41 51
22 46 86 68 72 85
22 47 3 16 7 22
22 48 89 79 86 75
22 49 5 32 4 19
22 50 64 58 59 64
22 51 22 45 45 37
22 52 66 72 66 65
22 53 89 71 63 85
22 54 90 87 71 77
22 55 48 54 34 34
22 56 97 89 79 86
22 57 60 64 58 64
22 58 3 32 16 10
22 59 47 56 41 37
22 60 45 36 38 45
22 61 85 79 79 89
22 62 33 44 51 33
22 63 93 92 77 75
22 64 67 63 69 70
22 65 3 27 32 23
22 66 26 28 29 48
22 67 16 30 24 18
22 68 33 51 28 36
22 69 11 33 17 23
22 70 39 36 56 38
22 71 17 23 17 33
22 72 76 82 68 70
22 73 68 66 68 48
22 74 78 69 78 57
22 75 48 50 58 63
22 76 31 30 29 34
22 77 50 45 36 35
22 78 32 51 25 42
22 79 41 41 35 52
22 80 19 36 21 37
22 81 93 69 88 71
22 82 46 38 49 60
22 83 94 84 93 77
22 84 36 28 38 41
22 85 58 46 46 70
22 86 14 16 26 31
22 87 20 33 25 36
22 88 5 7 14 33
22 89 45 46 43 55
22 90 83 81 82 82
22 91 68 48 64 62
22 92 31 45 44 24
22 93 86 86 87 80
22 94 98 97 74 71
22 95 21 35 43 17
22 96 2 4 22 26
22 97 93 87 88 81
22 98 32 30 46 35
22 99 16 40 33 30
23 24 38 42 46 31
23 25 68 69 77 57
23 26 47 40 44 46
23 27 79 74 74 65
23 28 70 73 65 71
23 29 38 38 30 52
23 30 71 63 52 79
23 31 5 17 18 31
23 32 27 31 47 33
23 33 0 6 29 22
23 34 73 69 65 57
23 35 91 69 70 66
23 36 56 44 46 66
23 37 44 33 31 59
23 38 91 83 90 81
23 39 85 86 84 86
23 40 18 19 25 36
23 41 71 71 56 74
23 42 50 57 65 51
23 43 74 70 81 61
23 44 62 60 65 66
23 45 62 60 45 66
23 46 40 45 51 38
23 47 54 47 62 39
23 48 54 57 66 68
23 49 34 47 52 34
23 50 78 58 70 68
23 51 58 62 43 62
23 52 41 38 43 41
23 53 95 80 82 85
23 54 97 91 74 97
23 55 58 56 67 51
23 56 63 48 46 59
23 57 92 77 69 82
23 58 70 70 68 70
23 59 81 77 61 63
23 60 48 61 44 51
23 61 17 30 32 12
23 62 99 82 91 89
23 63 77 81 83 83
23 64 66 69 70 57
23 65 89 70 67 74
23 66 0 17 7 25
23 67 4 18 25 12
23 68 46 53 57 43
23 69 25 41 27 36
23 70 0 9 23 15
23 71 7 9 30 33
23 72 17 22 17 15
23 73 34 38 52 49
23 74 26 48 31 29
23 75 71 69 75 78
23 76 36 53 46 37
23 77 3 3 24 3
23 78 41 33 46 29
23 79 33 42 51 25
23 80 53 41 48 46
23 81 67 53 71 61
23 82 9 22 19 24
23 83 26 31 26 43
23 84 32 30 45 26
23 85 80 74 62 74
23 86 19 24 15 16
23 87 99 69 93 71
23 88 5 11 26 15
23 89 99 84 85 80
23 90 68 55 68 60
23 91 25 47 37 25
23 92 88 82 67 72
23 93 15 34 23 39
23 94 24 35 44 44
23 95 19 13 19 38
23 96 90 81 77 88
23 97 69 62 68 48
23 98 48 63 49 59
23 99 82 80 68 80
24 25 94 83 86 90
24 26 38 47 36 56
24 27 75 53 63 52
24 28 28 25 21 32
24 29 21 20 44 29
24 30 34 48 37 51
24 31 52 63 58 59
24 32 73 58 57 64
24 33 46 51 35 60
24 34 83 85 84 59
24 35 90 67 65 88
24 36 33 41 27 39
24 37 32 34 35 30
24 38 95 77 96 96
24 39 72 52 64 64
24 40 92 68 84 75
24 41 0 9 6 13
24 42 70 72 58 57
24 43 31 30 27 47
24 44 67 51 47 49
24 45 26 36 30 42
24 46 75 57 63 69
24 47 64 68 62 45
24 48 79 60 67 69
24 49 15 40 21 36
24 50 49 45 63 39
24 51 18 40 34 16
24 52 64 72 50 73
24 53 80 56 61 65
24 54 0 16 4 27
24 55 65 53 50 71
24 56 15 32 24 22
24 57 69 65 56 70
24 58 19 16 29 39
24 59 79 77 80 66
24 60 38 27 27 46
24 61 99 93 89 81
24 62 84 64 87 77
24 63 93 94 69 77
24 64 44 53 55 51
24 65 56 65 47 58
24 66 81 65 85 61
24 67 75 53 68 74
24 68 77 60 58 68
24 69 35 33 34 32
24 70 82 62 79 77
24 71 30 36 23 47
24 72 86 77 78 87
24 73 92 66 74 76
24 74 68 73 50 65
24 75 25 39 20 23
24 76 61 63 53 59
24 77 47 62 51 58
24 78 52 38 60 41
24 79 41 30 36 47
24 80 24 44 28 27
24 81 51 44 52 45
24 82 27 32 27 34
24 83 0 4 8 16
24 84 89 82 89 77
24 85 6 24 17 27
24 86 19 43 22 24
24 87 85 70 67 70
24 88 94 75 70 66
24 89 49 64 51 51
24 90 24 21 36 18
24 91 70 67 76 71
24 92 27 23 31 33
24 93 85 75 67 88
24 94 64 59 66 65
24 95 70 68 61 49
24 96 94 75 75 74
24 97 57 62 68 67
24 98 38 52 29 28
24 99 28 31 49 41
25 26 14 31 37 29
25 27 20 18 30 26
25 28 95 81 85 76
25 29 11 27 37 17
25 30 94 93 66 78
25 31 79 63 57 82
25 32 96 82 85 86
25 33 44 55 42 60
25 34 22 35 38 26
25 35 53 58 47 47
25 36 22 32 40 29
25 37 79 76 84 58
25 38 17 15 20 18
25 39 0 27 6 28
25 40 93 77 85 74
25 41 96 89 73 82
25 42 57 67 43 57
25 43 25 22 19 20
25 44 49 39 34 40
25 45 35 53 30 38
25 46 28 33 36 25
25 47 88 88 75 83
25 48 98 80 96 97
25 49 83 66 87 65
25 50 55 44 54 64
25 51 11 17 22 25
25 52 12 32 33 32
25 53 46 54 42 54
25 54 24 32 29 42
25 55 18 33 41 23
25 56 94 88 87 78
25 57 2 28 11 28
25 58 68 58 71 52
25 59 70 58 61 61
25 60 11 30 26 25
25 61 65 65 50 63
25 62 1 30 7 6
25 63 9 16 28 32
25 64 65 47 46 73
25 65 20 43 25 21
25 66 90 67 67 69
25 67 28 38 42 37
25 68 91 92 92 74
25 69 85 72 68 61
25 70 69 70 75 71
25 71 57 53 43 51
25 72 23 24 24 41
25 73 32 37 40 41
25 74 65 58 49 75
25 75 61 64 49 57
25 76 34 43 38 49
25 77 46 54 46 33
25 78 28 32 34 39
25 79 81 75 61 80
25 80 28 25 39 38
25 81 36 26 50 31
25 82 76 59 76 68
25 83 52 56 50 63
25 84 81 77 79 60
25 85 86 89 66 76
25 86 30 25 21 37
25 87 48 51 52 43
25 88 32 39 34 34
25 89 72 79 72 77
25 90 7 33 33 26
25 91 89 69 64 71
25 92 10 33 21 30
25 93 23 19 19 23
25 94 27 39 28 23
25 95 25 35 23 40
25 96 48 35 41 49
25 97 58 64 43 68
25 98 67 67 51 58
25 99 10 22 11 14
26 27 32 36 32 43
26 28 85 68 72 78
26 29 2 15 24 6
26 30 25 46 32 21
26 31 74 70 66 54
26 32 35 35 52 49
26 33 0 28 13 26
26 34 58 50 48 53
26 35 49 35 55 54
26 36 43 42 53 30
26 37 40 34 30 50
26 38 96 84 69 76
26 39 35 48 37 38
26 40 53 46 67 41
26 41 53 63 55 47
26 42 8 32 14 29
26 43 32 22 42 45
26 44 48 40 58 64
26 45 60 46 66 55
26 46 80 78 83 85
26 47 19 36 18 25
26 48 4 7 19 26
26 49 73 74 53 73
26 50 50 41 59 47
26 51 40 45 36 44
26 52 13 19 21 35
26 53 32 41 48 31
26 54 59 43 42 62
26 55 55 63 64 45
26 56 14 15 33 32
26 57 77 72 63 66
26 58 9 13 28 33
26 59 37 38 36 27
26 60 4 24 4 10
26 61 47 33 45 53
26 62 57 47 41 49
26 63 37 38 46 30
26 64 73 75 76 80
26 65 57 48 50 50
26 66 46 38 49 36
26 67 3 18 28 19
26 68 13 11 13 14
26 69 34 30 48 53
26 70 89 73 91 71
26 71 3 18 13 24
26 72 0 24 0 15
26 73 66 51 65 47
26 74 87 62 86 77
26 75 62 50 57 69
26 76 39 39 46 34
26 77 22 22 29 44
26 78 34 26 49 53
26 79 44 47 60 56
26 80 11 29 21 9
26 81 36 33 50 33
26 82 71 59 56 69
26 83 33 34 52 51
26 84 88 85 72 85
26 85 40 49 42 37
26 86 71 77 64 57
26 87 62 70 52 47
26 88 30 27 30 39
26 89 66 72 74 49
26 90 89 80 64 78
26 91 89 85 87 84
26 92 7 24 10 29
26 93 8 32 18 33
26 94 99 74 74 91
26 95 51 58 52 64
26 96 80 65 61 67
26 97 38 54 35 45
26 98 61 59 47 50
26 99 36 25 33 44
27 28 63 62 45 64
27 29 63 49 47 51
27 30 19 17 26 35
27 31 88 90 79 78
27 32 65 67 75 49
27 33 94 79 73 72
27 34 27 35 37 29
27 35 37 52 44 33
27 36 33 29 24 43
27 37 95 82 67 74
27 38 45 48 32 44
27 39 18 35 37 39
27 40 80 66 77 69
27 41 32 31 27 40
27 42 65 50 54 73
27 43 38 41 54 40
27 44 47 34 56 54
27 45 94 72 76 72
27 46 1 4 14 4
27 47 50 41 64 43
27 48 79 79 84 62
27 49 49 34 48 60
27 50 35 43 38 40
27 51 15 13 19 17
27 52 39 42 39 49
27 53 18 27 14 26
27 54 96 70 85 93
27 55 24 42 24 32
27 56 92 70 79 87
27 57 26 48 37 31
27 58 20 33 38 37
27 59 78 73 74 63
27 60 75 60 73 67
27 61 34 31 52 38
27 62 20 31 20 38
27 63 18 29 38 27
27 64 96 76 74 88
27 65 92 73 90 92
27 66 62 44 58 62
27 67 56 67 54 43
27 68 72 54 60 71
27 69 92 91 81 77
27 70 82 58 82 68
27 71 65 53 69 46
27 72 62 69 52 59
27 73 79 77 81 62
27 74 81 82 61 70
27 75 36 34 30 44
27 76 24 29 40 28
27 77 98 80 69 76
27 78 70 65 72 62
27 79 24 27 32 41
27 80 68 49 75 50
27 81 39 43 48 45
27 82 40 33 42 33
27 83 59 68 43 49
27 84 89 78 82 84
27 85 19 24 29 14
27 86 45 44 57 32
27 87 76 78 83 71
27 88 84 83 69 78
27 89 63 71 69 53
27 90 68 69 60 63
27 91 86 90 88 90
27 92 85 72 66 68
27 93 86 64 77 80
27 94 77 57 71 59
27 95 33 29 36 25
27 96 98 96 80 91
27 97 78 55 64 72
27 98 47 56 33 59
27 99 15 30 28 36
28 29 30 28 46 34
28 30 86 65 79 80
28 31 57 62 44 59
28 32 64 60 48 55
28 33 94 66 91 89
28 34 34 29 42 26
28 35 46 44 53 46
28 36 6 13 5 11
28 37 66 73 48 48
28 38 60 51 59 60
28 39 36 39 47 53
28 40 84 59 82 83
28 41 49 51 43 61
28 42 35 29 53 53
28 43 5 20 27 22
28 44 4 20 22 6
28 45 84 68 76 66
28 46 57 51 57 42
28 47 3 29 20 25
28 48 77 80 63 80
28 49 69 55 69 50
28 50 52 57 64 51
28 51 0 1 5 17
28 52 85 65 85 81
28 53 9 18 16 16
28 54 67 65 63 66
28 55 98 88 69 83
28 56 67 64 52 59
28 57 30 45 45 33
28 58 88 84 75 65
28 59 19 28 18 31
28 60 70 67 55 50
28 61 23 29 24 17
28 62 7 21 5 27
28 63 11 18 11 15
28 64 45 36 42 54
28 65 89 70 84 67
28 66 97 74 71 97
28 67 77 76 79 66
28 68 45 56 57 45
28 69 3 8 25 18
28 70 0 4 1 15
28 71 66 61 67 56
28 72 6 27 14 13
28 73 12 16 36 22
28 74 32 35 25 33
28 75 69 68 60 75
28 76 55 51 56 51
28 77 56 45 60 67
28 78 22 16 35 44
28 79 11 20 25 20
28 80 31 22 48 29
28 81 92 70 89 77
28 82 3 17 23 29
28 83 68 73 62 71
28 84 14 37 29 20
28 85 4 6 8 11
28 86 29 45 48 26
28 87 19 22 39 39
28 88 72 61 73 71
28 89 77 78 80 81
28 90 45 42 39 45
28 91 33 48 35 44
28 92 89 76 81 85
28 93 73 54 61 71
28 94 12 25 10 28
28 95 35 33 52 43
28 96 1 6 21 23
28 97 67 63 53 76
28 98 91 83 84 88
28 99 19 42 28 32
29 30 85 67 83 63
29 31 2 11 30 18
29 32 49 50 59 56
29 33 95 82 74 71
29 34 48 63 37 46
29 35 40 57 38 45
29 36 21 26 16 28
29 37 49 40 53 58
29 38 75 63 66 76
29 39 83 61 72 83
29 40 37 53 51 36
29 41 57 48 40 47
29 42 23 30 26 35
29 43 41 56 47 36
29 44 28 32 41 38
29 45 10 14 27 33
29 46 28 31 24 42
29 47 6 30 14 8
29 48 53 49 44 59
29 49 92 90 84 90
29 50 66 54 57 54
29 51 98 68 95 75
29 52 12 20 30 31
29 53 95 96 79 68
29 54 51 42 47 49
29 55 54 62 65 62
29 56 61 59 48 51
29 57 6 6 9 33
29 58 90 66 69 69
29 59 82 83 76 86
29 60 7 27 15 13
29 61 91 91 90 63
29 62 50 36 47 62
29 63 74 60 57 52
29 64 86 62 68 66
29 65 77 69 81 59
29 66 65 70 64 52
29 67 42 39 50 56
29 68 1 5 23 27
29 69 1 22 4 22
29 70 62 60 58 64
29 71 26 18 24 46
29 72 0 24 18 29
29 73 73 76 55 58
29 74 44 61 46 51
29 75 2 5 20 31
29 76 86 88 70 88
29 77 53 64 61 52
29 78 26 41 37 21
29 79 26 35 24 41
29 80 82 81 84 64
29 81 10 15 12 8
29 82 22 44 36 27
29 83 61 72 47 60
29 84 24 43 22 20
29 85 39 47 33 40
29 86 25 33 21 47
29 87 8 18 14 29
29 88 12 34 27 17
29 89 82 69 80 83
29 90 10 9 17 34
29 91 1 4 10 28
29 92 80 65 66 66
29 93 52 40 46 60
29 94 82 76 61 68
29 95 2 15 2 14
29 96 29 21 21 36
29 97 26 28 47 31
29 98 29 46 42 35
29 99 22 35 33 34
30 31 12 17 21 15
30 32 10 14 21 20
30 33 6 24 5 12
30 34 43 52 43 58
30 35 26 36 24 45
30 36 73 61 77 63
30 37 82 78 82 76
30 38 61 47 67 47
30 39 72 56 60 70
30 40 87 74 69 83
30 41 19 18 29 14
30 42 73 63 71 72
30 43 99 86 87 74
30 44 49 50 35 64
30 45 43 52 46 35
30 46 13 32 11 27
30 47 21 39 19 16
30 48 85 84 61 64
30 49 88 66 67 62
30 50 70 55 70 75
30 51 26 47 39 22
30 52 6 28 10 15
30 53 57 70 67 43
30 54 48 37 47 48
30 55 53 41 56 48
30 56 68 77 69 52
30 57 7 34 9 18
30 58 56 68 46 58
30 59 64 56 53 75
30 60 74 63 80 64
30 61 31 49 45 36
30 62 28 36 28 21
30 63 96 80 92 70
30 64 10 11 20 18
30 65 2 23 30 27
30 66 51 40 65 41
30 67 37 49 31 26
30 68 27 45 42 30
30 69 69 71 53 64
30 70 67 73 69 77
30 71 45 36 51 44
30 72 95 83 66 90
30 73 54 40 66 67
30 74 59 56 45 49
30 75 25 39 22 40
30 76 3 27 19 13
30 77 14 12 25 11
30 78 88 63 83 65
30 79 21 26 44 27
30 80 68 52 62 73
30 81 19 15 16 29
30 82 85 59 66 77
30 83 97 97 90 93
30 84 47 35 56 35
30 85 59 65 58 59
30 86 95 79 91 73
30 87 13 13 37 29
30 88 31 51 46 51
30 89 22 42 26 39
30 90 34 27 38 37
30 91 67 71 60 48
30 92 93 76 66 79
30 93 57 40 51 64
30 94 51 54 36 53
30 95 3 13 32 24
30 96 10 28 17 26
30 97 25 28 20 42
30 98 10 26 26 15
30 99 24 22 26 46
31 32 39 49 42 50
31 33 38 29 34 34
31 34 27 32 42 34
31 35 78 77 75 74
31 36 75 72 55 77
31 37 83 76 69 60
31 38 73 61 58 60
31 39 8 27 31 34
31 40 7 17 19 34
31 41 81 81 86 59
31 42 21 19 43 44
31 43 42 49 50 38
31 44 9 17 12 21
31 45 66 76 64 63
31 46 13 24 26 28
31 47 99 80 79 98
31 48 75 63 52 67
31 49 62 58 58 47
31 50 23 44 45 41
31 51 9 21 29 14
31 52 89 70 80 84
31 53 21 22 23 28
31 54 45 60 48 45
31 55 11 34 16 18
31 56 95 94 95 89
31 57 13 39 19 27
31 58 78 65 61 83
31 59 73 81 54 65
31 60 22 36 38 30
31 61 40 35 50 30
31 62 85 73 74 61
31 63 64 47 49 63
31 64 49 44 63 35
31 65 46 61 52 53
31 66 83 68 59 78
31 67 1 12 8 15
31 68 18 23 31 33
31 69 22 26 32 22
31 70 46 61 56 32
31 71 58 51 64 52
31 72 1 20 21 3
31 73 62 54 53 67
31 74 47 47 41 44
31 75 9 25 20 17
31 76 57 63 45 43
31 77 4 28 25 10
31 78 85 73 79 70
31 79 76 76 60 76
31 80 62 46 65 70
31 81 10 13 30 34
31 82 4 12 7 21
31 83 3 10 5 7
31 84 39 39 43 39
31 85 48 48 40 37
31 86 12 32 25 22
31 87 87 80 61 86
31 88 75 62 76 70
31 89 66 55 61 50
31 90 60 49 42 70
31 91 11 8 28 9
31 92 30 26 50 33
31 93 52 57 55 56
31 94 26 31 29 24
31 95 25 25 42 37
31 96 2 13 4 11
31 97 77 60 76 76
31 98 68 75 77 74
31 99 24 25 29 44
32 33 83 76 75 76
32 34 96 73 80 81
32 35 61 50 72 54
32 36 88 76 65 86
32 37 95 89 92 91
32 38 83 86 66 65
32 39 60 48 45 64
32 40 71 53 53 75
32 41 51 56 60 55
32 42 34 53 29 53
32 43 5 10 31 5
32 44 68 56 53 47
32 45 37 30 44 46
32 46 88 67 71 82
32 47 95 87 90 91
32 48 50 58 47 58
32 49 79 62 71 71
32 50 31 30 39 43
32 51 49 37 34 42
32 52 59 55 57 52
32 53 21 16 20 32
32 54 66 58 46 64
32 55 14 33 20 26
32 56 27 26 44 48
32 57 75 63 56 82
32 58 37 43 38 41
32 59 20 31 18 14
32 60 98 82 71 85
32 61 49 51 56 52
32 62 19 31 14 19
32 63 20 19 18 40
32 64 36 29 29 49
32 65 58 67 64 60
32 66 99 92 94 96
32 67 63 53 70 55
32 68 40 28 50 41
32 69 24 21 45 46
32 70 45 50 39 56
32 71 12 29 15 32
32 72 25 20 43 39
32 73 17 18 28 23
32 74 96 80 83 95
32 75 52 59 41 58
32 76 22 31 40 28
32 77 35 30 35 25
32 78 32 40 34 48
32 79 26 42 48 40
32 80 65 48 47 66
32 81 50 42 56 44
32 82 64 64 48 56
32 83 96 68 72 82
32 84 61 50 46 55
32 85 63 67 73 59
32 86 31 31 43 50
32 87 20 26 30 35
32 88 73 73 72 75
32 89 14 13 18 39
32 90 36 54 32 30
32 91 98 92 87 78
32 92 30 25 27 42
32 93 95 82 87 68
32 94 82 60 79 59
32 95 96 75 83 84
32 96 26 25 43 42
32 97 24 32 41 27
32 98 0 18 1 15
32 99 34 26 50 35
33 34 81 65 68 81
33 35 87 80 87 81
33 36 35 30 41 42
33 37 3 14 26 28
33 38 32 52 25 41
33 39 6 32 26 18
33 40 22 25 19 44
33 41 86 77 85 79
33 42 21 15 17 40
33 43 70 50 73 75
33 44 6 8 15 33
33 45 4 6 3 30
33 46 65 62 71 54
33 47 56 52 50 53
33 48 83 62 83 76
33 49 0 16 27 29
33 50 79 82 72 75
33 51 84 63 60 64
33 52 17 38 18 41
33 53 30 38 45 30
33 54 39 47 28 51
33 55 9 7 34 16
33 56 78 70 64 84
33 57 97 96 85 91
33 58 74 52 62 62
33 59 28 49 30 30
33 60 20 18 27 15
33 61 45 60 56 36
33 62 81 67 73 82
33 63 41 43 57 45
33 64 24 38 39 25
33 65 56 48 58 47
33 66 92 82 94 84
33 67 2 31 20 19
33 68 14 21 12 37
33 69 32 41 45 24
33 70 79 65 70 78
33 71 98 95 74 90
33 72 85 84 63 80
33 73 62 55 61 71
33 74 72 76 66 61
33 75 9 32 14 23
33 76 13 32 23 39
33 77 82 66 79 78
33 78 62 55 55 72
33 79 30 34 45 43
33 80 12 32 14 27
33 81 66 65 65 75
33 82 71 60 70 75
33 83 58 64 47 51
33 84 21 18 16 38
33 85 48 61 36 58
33 86 9 30 7 19
33 87 27 21 34 45
33 88 60 56 47 59
33 89 51 62 61 53
33 90 54 64 47 59
33 91 28 25 46 41
33 92 75 70 82 65
33 93 62 53 62 60
33 94 99 80 80 82
33 95 66 52 51 53
33 96 43 31 36 37
33 97 55 64 47 58
33 98 68 56 75 59
33 99 11 29 26 12
34 35 93 76 94 71
34 36 49 48 59 53
34 37 6 11 18 12
34 38 85 84 66 86
34 39 77 76 74 70
34 40 26 43 30 21
34 41 85 74 82 64
34 42 55 55 58 48
34 43 83 75 87 78
34 44 22 36 34 27
34 45 44 47 51 49
34 46 85 61 79 62
34 47 58 58 47 56
34 48 44 51 42 43
34 49 51 57 42 55
34 50 89 85 72 80
34 51 62 44 60 68
34 52 64 70 53 48
34 53 71 79 56 68
34 54 10 29 14 33
34 55 88 63 66 88
34 56 77 74 60 76
34 57 1 11 3 1
34 58 41 41 36 36
34 59 7 15 33 12
34 60 57 51 52 66
34 61 75 72 57 60
34 62 55 60 46 46
34 63 97 83 96 83
34 64 73 73 56 76
34 65 80 77 84 66
34 66 57 67 56 53
34 67 53 60 48 43
34 68 9 29 14 23
34 69 6 31 19 26
34 70 89 65 75 68
34 71 21 40 44 33
34 72 20 17 41 27
34 73 23 35 28 29
34 74 20 19 30 20
34 75 19 31 28 26
34 76 96 76 96 75
34 77 76 77 69 63
34 78 22 38 31 38
34 79 13 23 32 35
34 80 51 64 52 60
34 81 11 21 24 35
34 82 16 23 20 14
34 83 47 53 44 33
34 84 74 57 77 78
34 85 84 68 68 86
34 86 54 63 41 51
34 87 13 10 19 21
34 88 55 56 58 62
34 89 4 22 22 5
34 90 72 55 71 80
34 91 7 18 32 32
34 92 16 26 40 27
34 93 28 43 28 38
34 94 76 67 79 80
34 95 5 30 12 23
34 96 27 36 33 37
34 97 3 20 11 27
34 98 85 87 78 76
34 99 95 95 94 80
35 36 23 24 35 16
35 37 37 39 43 52
35 38 57 60 67 54
35 39 5 20 31 18
35 40 64 57 57 54
35 41 43 50 44 42
35 42 22 44 16 27
35 43 73 62 78 78
35 44 60 69 59 55
35 45 30 44 49 28
35 46 90 90 80 92
35 47 7 22 30 29
35 48 46 53 43 42
35 49 44 52 58 53
35 50 65 60 59 71
35 51 28 44 24 32
35 52 37 29 27 27
35 53 23 34 22 37
35 54 41 57 37 53
35 55 55 58 47 50
35 56 6 25 7 23
35 57 74 64 55 76
35 58 37 40 31 54
35 59 8 28 32 13
35 60 18 37 21 38
35 61 21 44 20 44
35 62 37 32 31 48
35 63 30 42 46 36
35 64 46 40 54 60
35 65 85 83 67 74
35 66 7 5 24 17
35 67 91 67 92 69
35 68 59 65 45 67
35 69 15 16 17 26
35 70 1 14 9 24
35 71 72 54 78 52
35 72 79 77 61 63
35 73 30 38 28 43
35 74 4 26 8 15
35 75 9 11 27 28
35 76 24 27 24 25
35 77 10 35 23 35
35 78 54 58 63 43
35 79 34 51 42 42
35 80 63 70 46 45
35 81 40 48 34 57
35 82 62 70 58 70
35 83 70 57 56 56
35 84 78 58 58 74
35 85 66 65 58 70
35 86 80 79 70 62
35 87 6 13 13 7
35 88 94 85 68 78
35 89 62 52 73 53
35 90 16 12 25 20
35 91 12 24 20 9
35 92 63 71 63 54
35 93 16 33 17 24
35 94 53 45 39 42
35 95 95 83 92 77
35 96 89 73 88 79
35 97 5 12 15 18
35 98 78 68 63 70
35 99 31 26 24 42
36 37 54 43 59 38
36 38 17 26 27 20
36 39 19 22 25 33
36 40 61 62 58 61
36 41 89 86 67 91
36 42 13 12 25 16
36 43 4 32 6 14
36 44 93 72 80 73
36 45 4 28 28 12
36 46 38 45 32 29
36 47 65 66 66 47
36 48 12 21 13 14
36 49 69 65 68 53
36 50 1 14 7 2
36 51 19 39 34 36
36 52 79 78 67 85
36 53 88 68 65 72
36 54 14 24 16 16
36 55 12 30 10 21
36 56 28 24 23 49
36 57 95 96 84 88
36 58 95 70 93 86
36 59 28 46 30 23
36 60 14 38 13 32
36 61 52 59 41 56
36 62 85 86 70 88
36 63 2 13 18 5
36 64 39 49 32 57
36 65 44 53 34 39
36 66 45 35 39 45
36 67 80 70 75 72
36 68 40 31 37 48
36 69 9 26 29 29
36 70 29 21 39 36
36 71 74 64 62 72
36 72 59 64 66 68
36 73 5 21 21 29
36 74 70 67 64 75
36 75 25 44 35 40
36 76 49 63 60 51
36 77 35 53 35 48
36 78 49 53 60 52
36 79 77 83 78 68
36 80 79 79 70 64
36 81 73 59 57 73
36 82 92 81 65 89
36 83 70 76 56 71
36 84 10 30 18 19
36 85 29 44 28 37
36 86 8 11 33 14
36 87 81 71 85 86
36 88 39 34 40 36
36 89 37 50 30 51
36 90 19 40 18 32
36 91 53 41 50 65
36 92 4 5 21 4
36 93 32 43 45 32
36 94 25 31 27 43
36 95 99 84 91 71
36 96 59 68 58 58
36 97 33 38 44 33
36 98 90 89 72 87
36 99 72 70 80 69
37 38 40 45 35 33
37 39 63 48 67 50
37 40 86 75 81 61
37 41 81 64 75 68
37 42 21 22 32 20
37 43 70 68 64 69
37 44 53 37 65 54
37 45 32 39 33 48
37 46 53 38 44 47
37 47 73 66 57 54
37 48 65 59 59 52
37 49 0 3 3 7
37 50 10 19 34 28
37 51 37 29 32 33
37 52 20 24 35 28
37 53 45 56 38 58
37 54 37 37 49 43
37 55 39 35 43 29
37 56 60 50 59 67
37 57 48 37 59 54
37 58 29 38 49 38
37 59 46 43 52 38
37 60 33 46 40 49
37 61 24 25 45 21
37 62 66 61 58 71
37 63 10 10 14 15
37 64 83 74 87 71
37 65 4 4 13 17
37 66 25 23 18 46
37 67 15 17 16 38
37 68 11 19 26 25
37 69 16 22 18 19
37 70 85 67 87 75
37 71 79 84 58 73
37 72 42 45 41 37
37 73 44 36 36 33
37 74 14 29 30 26
37 75 22 32 18 44
37 76 63 61 64 68
37 77 51 49 49 42
37 78 72 71 74 52
37 79 94 95 87 78
37 80 24 30 42 18
37 81 1 7 30 23
37 82 9 21 7 11
37 83 53 43 61 61
37 84 2 28 4 18
37 85 46 45 58 47
37 86 72 58 75 75
37 87 62 64 57 68
37 88 69 59 63 78
37 89 78 72 65 81
37 90 5 8 21 10
37 91 83 77 62 64
37 92 86 79 61 71
37 93 92 83 89 93
37 94 0 4 7 2
37 95 69 70 70 63
37 96 17 36 14 36
37 97 71 52 63 70
37 98 78 74 72 57
37 99 67 72 61 75
38 39 45 32 49 36
38 40 0 11 28 9
38 41 0 4 26 23
38 42 89 71 83 63
38 43 42 32 47 37
38 44 32 35 49 38
38 45 69 57 75 71
38 46 49 50 51 35
38 47 49 63 62 37
38 48 99 89 71 75
38 49 66 50 55 62
38 50 15 34 30 25
38 51 40 43 33 55
38 52 53 43 49 65
38 53 10 14 18 20
38 54 68 60 70 70
38 55 78 62 63 71
38 56 9 35 19 24
38 57 37 41 28 45
38 58 14 30 25 35
38 59 48 46 58 55
38 60 6 27 9 7
38 61 85 60 67 85
38 62 34 24 36 34
38 63 21 30 26 15
38 64 85 68 72 73
38 65 83 86 80 87
38 66 95 72 86 69
38 67 52 53 39 45
38 68 5 25 16 31
38 69 32 23 33 24
38 70 74 55 74 67
38 71 76 80 54 67
38 72 78 77 64 58
38 73 54 44 45 53
38 74 82 59 58 68
38 75 39 46 41 35
38 76 99 91 83 93
38 77 40 37 52 31
38 78 12 10 35 31
38 79 74 55 60 62
38 80 47 59 46 51
38 81 18 40 28 19
38 82 65 66 50 50
38 83 51 54 56 57
38 84 74 56 70 77
38 85 35 53 54 38
38 86 1 26 12 22
38 87 97 85 86 71
38 88 52 49 44 59
38 89 73 68 67 56
38 90 0 26 1 25
38 91 16 24 37 17
38 92 94 86 83 69
38 93 65 57 48 67
38 94 87 74 81 62
38 95 25 23 21 24
38 96 50 53 61 36
38 97 89 87 86 63
38 98 43 39 34 42
38 99 9 22 11 32
39 40 44 50 52 51
39 41 18 23 23 37
39 42 94 72 78 70
39 43 87 63 64 71
39 44 49 48 49 36
39 45 44 41 45 56
39 46 37 46 35 51
39 47 55 59 57 47
39 48 8 31 32 13
39 49 79 76 68 83
39 50 19 37 41 15
39 51 25 41 41 29
39 52 84 83 68 81
39 53 16 26 32 23
39 54 49 50 44 45
39 55 19 26 23 24
39 56 90 86 92 68
39 57 29 38 45 41
39 58 6 28 8 15
39 59 6 11 6 30
39 60 22 45 33 43
39 61 6 11 16 32
39 62 89 73 85 85
39 63 24 20 18 23
39 64 82 77 66 70
39 65 57 54 48 55
39 66 64 47 56 67
39 67 81 72 79 66
39 68 44 31 45 50
39 69 47 55 43 38
39 70 76 79 61 82
39 71 77 62 77 59
39 72 7 20 25 8
39 73 39 44 31 28
39 74 4 8 23 21
39 75 82 75 79 69
39 76 2 28 21 7
39 77 70 70 49 49
39 78 71 78 69 56
39 79 61 46 69 58
39 80 18 31 38 23
39 81 10 35 31 8
39 82 62 71 58 56
39 83 31 46 33 42
39 84 90 72 77 83
39 85 82 63 65 83
39 86 12 14 12 22
39 87 77 71 78 68
39 88 83 79 61 86
39 89 90 76 77 68
39 90 52 57 54 45
39 91 90 70 65 66
39 92 52 40 38 53
39 93 68 49 68 58
39 94 37 26 42 32
39 95 22 16 15 18
39 96 86 83 84 64
39 97 50 63 56 38
39 98 74 69 57 67
39 99 74 58 53 68
40 41 91 65 79 81
40 42 70 78 60 58
40 43 64 63 66 67
40 44 7 28 6 32
40 45 89 90 68 68
40 46 67 72 47 70
40 47 17 27 13 24
40 48 35 50 39 43
40 49 96 83 68 72
40 50 58 52 43 65
40 51 79 73 70 58
40 52 95 81 81 70
40 53 1 1 10 28
40 54 31 44 45 34
40 55 42 33 40 42
40 56 33 53 28 29
40 57 69 68 74 74
40 58 2 24 13 20
40 59 84 79 66 81
40 60 82 62 79 79
40 61 12 22 17 31
40 62 7 23 5 27
40 63 25 22 41 27
40 64 7 32 26 18
40 65 87 68 63 64
40 66 22 25 22 24
40 67 55 66 54 40
40 68 65 64 73 51
40 69 33 48 26 41
40 70 66 61 70 58
40 71 18 37 31 36
40 72 29 28 26 25
40 73 52 56 58 50
40 74 23 27 44 19
40 75 51 65 41 57
40 76 81 57 71 73
40 77 70 53 50 62
40 78 33 41 40 45
40 79 0 19 8 12
40 80 8 11 7 21
40 81 98 84 80 69
40 82 9 22 10 21
40 83 89 70 84 71
40 84 93 90 67 94
40 85 77 83 54 62
40 86 17 32 17 16
40 87 38 52 38 44
40 88 67 53 47 52
40 89 81 63 78 66
40 90 42 56 50 31
40 91 98 92 84 93
40 92 29 47 41 44
40 93 38 38 43 30
40 94 55 55 67 62
40 95 25 26 41 42
40 96 63 62 47 72
40 97 19 21 27 16
40 98 17 35 39 16
40 99 71 61 55 62
41 42 20 16 44 17
41 43 74 76 75 59
41 44 61 62 53 50
41 45 13 27 26 37
41 46 76 69 55 80
41 47 86 67 76 67
41 48 63 60 61 59
41 49 44 38 56 52
41 50 82 68 79 64
41 51 31 31 34 49
41 52 25 27 40 30
41 53 61 55 71 67
41 54 62 60 47 59
41 55 16 17 13 16
41 56 8 13 21 17
41 57 49 43 63 46
41 58 87 63 64 90
41 59 52 66 37 49
41 60 83 85 67 69
41 61 42 37 39 44
41 62 27 31 45 24
41 63 55 44 51 65
41 64 4 4 8 30
41 65 7 19 16 26
41 66 54 59 66 67
41 67 65 51 68 65
41 68 58 57 42 48
41 69 57 50 42 57
41 70 10 30 17 15
41 71 24 25 29 33
41 72 63 65 74 46
41 73 88 82 73 75
41 74 14 21 10 38
41 75 30 30 41 29
41 76 53 44 52 46
41 77 99 88 97 79
41 78 12 30 29 15
41 79 33 32 43 41
41 80 70 54 69 57
41 81 37 53 33 37
41 82 41 53 44 55
41 83 42 39 38 50
41 84 71 56 63 74
41 85 43 44 52 48
41 86 5 12 9 18
41 87 69 76 49 50
41 88 35 36 34 32
41 89 46 45 54 37
41 90 94 94 95 73
41 91 63 52 68 52
41 92 55 58 58 39
41 93 67 69 54 62
41 94 92 91 92 66
41 95 80 76 77 59
41 96 98 87 90 90
41 97 76 62 78 77
41 98 13 14 28 10
41 99 9 33 21 16
42 43 42 43 44 59
42 44 50 56 51 39
42 45 71 69 68 51
42 46 49 62 45 57
42 47 34 26 50 42
42 48 74 65 70 59
42 49 26 37 35 21
42 50 32 48 25 31
42 51 10 9 22 26
42 52 72 59 51 76
42 53 12 19 30 17
42 54 53 55 60 62
42 55 32 36 26 50
42 56 75 69 73 82
42 57 32 27 35 25
42 58 61 61 50 58
42 59 5 8 32 30
42 60 68 73 70 49
42 61 90 65 85 68
42 62 61 65 43 63
42 63 44 39 36 59
42 64 53 62 41 42
42 65 21 38 37 35
42 66 96 81 75 94
42 67 37 43 32 36
42 68 16 23 17 13
42 69 30 28 42 26
42 70 94 81 88 73
42 71 94 77 66 83
42 72 55 47 66 47
42 73 40 48 54 47
42 74 15 12 33 25
42 75 5 26 10 23
42 76 56 61 60 67
42 77 16 22 26 31
42 78 76 76 75 68
42 79 3 18 14 16
42 80 78 75 60 76
42 81 98 88 79 95
42 82 32 38 27 37
42 83 16 27 22 31
42 84 46 53 33 38
42 85 53 51 58 62
42 86 71 71 62 66
42 87 81 70 57 75
42 88 21 37 17 43
42 89 72 58 61 77
42 90 71 72 51 72
42 91 2 26 12 29
42 92 26 34 32 36
42 93 92 81 80 93
42 94 30 26 35 43
42 95 95 95 86 94
42 96 63 69 56 53
42 97 30 44 28 49
42 98 55 66 48 40
42 99 40 38 33 38
43 44 1 13 17 24
43 45 28 48 45 22
43 46 25 21 37 42
43 47 64 51 70 54
43 48 37 52 41 40
43 49 12 32 19 38
43 50 96 70 84 82
43 51 42 34 46 43
43 52 75 75 61 75
43 53 40 35 57 57
43 54 21 43 19 36
43 55 79 64 75 75
43 56 34 32 47 35
43 57 96 71 89 68
43 58 38 29 41 30
43 59 72 62 54 76
43 60 0 15 17 21
43 61 71 55 74 64
43 62 10 36 22 20
43 63 9 34 21 26
43 64 73 67 60 65
43 65 54 44 52 38
43 66 69 49 60 59
43 67 28 40 31 38
43 68 28 42 20 46
43 69 36 53 45 38
43 70 39 41 45 29
43 71 41 46 54 44
43 72 1 11 14 11
43 73 6 20 22 14
43 74 57 47 41 54
43 75 4 32 8 20
43 76 43 41 37 56
43 77 63 58 47 61
43 78 99 77 79 92
43 79 20 20 32 40
43 80 91 92 73 91
43 81 94 88 66 85
43 82 73 72 77 62
43 83 3 5 24 25
43 84 66 64 51 47
43 85 6 8 31 28
43 86 74 79 59 69
43 87 21 22 29 22
43 88 46 62 37 58
43 89 33 28 45 44
43 90 23 46 25 38
43 91 93 90 75 86
43 92 34 52 42 53
43 93 86 85 80 66
43 94 82 72 77 72
43 95 73 59 51 54
43 96 30 39 24 43
43 97 96 88 84 82
43 98 48 58 50 54
43 99 39 36 35 54
44 45 46 56 53 53
44 46 17 40 42 41
44 47 8 6 8 7
44 48 89 81 90 83
44 49 30 39 26 44
44 50 9 36 31 28
44 51 61 64 50 62
44 52 32 35 41 30
44 53 3 3 6 15
44 54 42 35 34 57
44 55 32 41 29 28
44 56 7 6 34 29
44 57 16 24 17 18
44 58 35 49 36 44
44 59 88 75 72 79
44 60 85 62 60 79
44 61 90 92 82 74
44 62 95 93 76 80
44 63 56 60 64 44
44 64 96 70 70 93
44 65 73 67 63 56
44 66 51 65 55 39
44 67 63 72 59 69
44 68 66 66 70 68
44 69 41 41 46 55
44 70 32 30 44 42
44 71 71 63 71 56
44 72 47 51 33 59
44 73 57 52 48 57
44 74 57 68 40 66
44 75 42 45 42 51
44 76 59 57 52 59
44 77 26 48 26 45
44 78 86 90 71 80
44 79 28 33 38 47
44 80 36 45 46 39
44 81 69 59 68 51
44 82 80 80 70 72
44 83 31 43 49 41
44 84 8 22 35 27
44 85 33 31 44 53
44 86 76 80 73 65
44 87 32 32 30 41
44 88 33 46 52 51
44 89 88 80 62 73
44 90 31 40 33 47
44 91 55 67 59 45
44 92 84 62 69 82
44 93 24 38 33 37
44 94 1 24 27 9
44 95 4 19 20 10
44 96 51 65 47 58
44 97 54 51 52 39
44 98 13 28 35 17
44 99 52 38 57 54
45 46 56 63 57 47
45 47 43 31 38 34
45 48 50 60 65 62
45 49 71 69 71 53
45 50 81 57 69 65
45 51 33 51 47 49
45 52 8 12 29 24
45 53 59 57 42 65
45 54 37 35 31 49
45 55 78 69 72 56
45 56 76 59 58 62
45 57 31 27 27 33
45 58 58 44 49 58
45 59 11 33 28 22
45 60 56 67 59 51
45 61 6 29 22 15
45 62 81 79 86 77
45 63 40 50 28 49
45 64 38 48 49 45
45 65 88 70 67 82
45 66 85 84 79 74
45 67 24 26 17 35
45 68 95 90 81 85
45 69 53 60 48 58
45 70 93 69 86 73
45 71 71 73 66 55
45 72 3 5 32 22
45 73 1 24 4 30
45 74 4 12 15 30
45 75 63 55 59 63
45 76 5 4 28 19
45 77 64 66 68 63
45 78 30 39 40 31
45 79 50 48 51 43
45 80 8 8 35 17
45 81 60 52 48 70
45 82 14 27 12 37
45 83 10 20 15 11
45 84 58 59 42 67
45 85 80 71 75 61
45 86 88 68 66 69
45 87 50 45 36 53
45 88 39 27 36 52
45 89 25 39 32 39
45 90 32 35 26 41
45 91 45 36 53 55
45 92 33 26 41 49
45 93 60 62 53 71
45 94 30 41 35 23
45 95 79 69 79 73
45 96 6 7 14 17
45 97 50 38 56 35
45 98 63 45 56 67
45 99 21 24 29 34
46 47 63 66 61 61
46 48 40 39 46 43
46 49 63 58 61 62
46 50 39 53 42 33
46 51 2 3 3 22
46 52 98 91 76 88
46 53 75 73 53 58
46 54 17 14 34 24
46 55 48 61 43 52
46 56 24 23 22 22
46 57 17 13 34 22
46 58 46 62 34 44
46 59 34 45 41 44
46 60 50 42 36 35
46 61 57 64 42 65
46 62 32 37 32 31
46 63 27 24 30 41
46 64 36 28 38 31
46 65 0 24 6 20
46 66 43 45 37 37
46 67 94 80 92 93
46 68 1 20 29 19
46 69 2 3 3 7
46 70 51 36 57 40
46 71 97 79 68 81
46 72 78 55 60 72
46 73 55 60 66 44
46 74 77 73 76 73
46 75 90 92 79 66
46 76 9 35 14 32
46 77 9 34 13 18
46 78 38 54 36 34
46 79 83 63 67 82
46 80 52 45 44 59
46 81 91 81 84 68
46 82 92 93 65 86
46 83 31 23 35 23
46 84 55 46 57 43
46 85 65 58 53 52
46 86 89 81 66 76
46 87 74 58 79 70
46 88 95 79 74 90
46 89 65 56 48 73
46 90 34 31 43 37
46 91 13 21 12 38
46 92 59 54 63 55
46 93 90 68 71 91
46 94 29 47 30 22
46 95 67 47 73 51
46 96 58 65 52 45
46 97 72 77 80 62
46 98 41 43 31 49
46 99 16 29 40 16
47 48 75 63 64 60
47 49 52 47 39 38
47 50 74 68 80 53
47 51 70 60 79 75
47 52 95 76 67 81
47 53 21 21 24 45
47 54 15 12 31 24
47 55 27 48 34 21
47 56 4 9 13 28
47 57 23 19 28 34
47 58 57 58 57 65
47 59 50 39 51 61
47 60 14 34 31 22
47 61 74 53 76 73
47 62 84 83 70 72
47 63 36 28 53 30
47 64 97 88 68 87
47 65 44 38 49 43
47 66 84 83 75 75
47 67 34 34 52 30
47 68 78 72 80 82
47 69 73 63 77 71
47 70 95 90 83 74
47 71 20 19 34 32
47 72 28 22 43 22
47 73 34 28 35 42
47 74 0 24 23 3
47 75 65 64 51 54
47 76 97 93 95 78
47 77 38 43 44 29
47 78 41 43 41 38
47 79 72 67 64 62
47 80 64 69 61 73
47 81 87 73 72 91
47 82 44 34 33 50
47 83 98 74 80 85
47 84 31 32 29 28
47 85 57 61 69 65
47 86 24 42 33 23
47 87 93 92 92 90
47 88 4 29 25 23
47 89 95 95 84 96
47 90 12 34 38 22
47 91 8 30 23 35
47 92 95 90 79 76
47 93 64 70 64 58
47 94 44 44 32 32
47 95 86 75 76 90
47 96 23 45 16 28
47 97 13 16 22 30
47 98 45 54 36 53
47 99 61 51 67 51
48 49 64 53 58 60
48 50 6 23 30 4
48 51 89 82 64 73
48 52 58 66 42 45
48 53 44 48 36 60
48 54 73 66 54 81
48 55 54 38 55 64
48 56 1 15 5 3
48 57 52 58 59 50
48 58 14 25 26 15
48 59 90 68 84 91
48 60 56 64 51 57
48 61 84 59 80 79
48 62 91 72 81 92
48 63 29 26 47 25
48 64 19 20 42 23
48 65 12 16 18 18
48 66 79 60 56 82
48 67 14 35 39 34
48 68 73 62 75 76
48 69 52 51 65 42
48 70 32 51 24 49
48 71 84 65 71 67
48 72 14 26 29 37
48 73 82 80 69 57
48 74 10 31 21 30
48 75 97 89 69 95
48 76 9 25 35 19
48 77 12 38 11 28
48 78 1 11 15 7
48 79 13 22 34 10
48 80 57 44 66 69
48 81 59 56 56 66
48 82 83 88 80 88
48 83 48 40 58 37
48 84 32 48 46 46
48 85 29 43 47 45
48 86 76 72 53 61
48 87 40 36 32 50
48 88 37 37 30 50
48 89 34 36 50 47
48 90 54 55 41 66
48 91 76 62 64 69
48 92 99 76 90 85
48 93 17 37 26 24
48 94 82 62 85 62
48 95 62 50 59 67
48 96 29 26 43 25
48 97 94 70 91 71
48 98 70 76 78 77
48 99 76 59 58 80
49 50 66 66 74 57
49 51 38 55 42 35
49 52 68 64 69 76
49 53 34 51 28 47
49 54 40 47 33 43
49 55 50 46 60 47
49 56 66 71 75 72
49 57 35 30 41 52
49 58 87 71 83 71
49 59 11 28 11 15
49 60 43 56 55 38
49 61 63 62 73 69
49 62 4 25 21 21
49 63 69 55 53 70
49 64 50 64 57 50
49 65 19 35 33 40
49 66 27 42 21 30
49 67 10 15 17 31
49 68 3 18 27 10
49 69 11 15 35 25
49 70 15 40 28 14
49 71 4 33 23 4
49 72 69 54 70 67
49 73 9 10 17 13
49 74 6 9 33 29
49 75 10 15 30 26
49 76 92 75 74 84
49 77 81 81 56 70
49 78 25 42 19 41
49 79 80 74 56 72
49 80 56 60 40 53
49 81 25 26 45 18
49 82 83 74 72 67
49 83 96 67 68 92
49 84 94 92 93 81
49 85 77 70 71 67
49 86 0 16 13 29
49 87 14 20 11 12
49 88 85 66 69 70
49 89 20 33 27 29
49 90 30 37 26 34
49 91 69 62 66 77
49 92 13 11 19 36
49 93 63 58 61 47
49 94 27 46 22 47
49 95 43 44 38 30
49 96 64 46 64 48
49 97 59 48 69 57
49 98 1 2 2 28
49 99 72 54 54 61
50 51 14 29 19 16
50 52 69 69 62 56
50 53 96 73 91 86
50 54 52 49 39 57
50 55 55 43 45 46
50 56 93 81 80 94
50 57 10 29 35 21
50 58 45 51 35 50
50 59 58 65 55 68
50 60 54 48 58 51
50 61 37 40 39 49
50 62 94 90 79 86
50 63 85 84 85 66
50 64 74 73 54 78
50 65 19 15 43 27
50 66 6 29 19 26
50 67 11 11 14 29
50 68 29 20 31 30
50 69 9 20 26 8
50 70 28 48 40 29
50 71 40 31 57 35
50 72 50 36 60 37
50 73 92 82 73 84
50 74 75 65 71 74
50 75 59 45 63 48
50 76 40 43 41 32
50 77 77 77 70 80
50 78 54 54 56 58
50 79 42 55 45 45
50 80 49 57 47 61
50 81 25 25 28 22
50 82 40 36 32 47
50 83 96 91 84 76
50 84 16 20 40 35
50 85 5 24 19 13
50 86 32 39 27 48
50 87 46 62 60 60
50 88 97 79 94 71
50 89 69 58 60 64
50 90 19 22 19 32
50 91 30 50 38 33
50 92 97 83 89 84
50 93 20 16 21 39
50 94 71 75 56 58
50 95 15 15 35 22
50 96 81 65 72 82
50 97 47 60 38 57
50 98 18 31 41 15
50 99 49 53 39 50
51 52 35 44 37 25
51 53 21 40 44 24
51 54 56 40 52 44
51 55 8 27 23 24
51 56 84 78 77 79
51 57 41 48 34 48
51 58 54 42 42 40
51 59 86 83 61 83
51 60 14 36 19 28
51 61 63 67 57 69
51 62 71 64 60 70
51 63 1 12 19 28
51 64 22 25 38 35
51 65 88 85 90 85
51 66 97 86 94 97
51 67 6 24 13 5
51 68 62 70 56 55
51 69 63 68 52 60
51 70 30 45 34 22
51 71 88 63 78 76
51 72 49 64 47 34
51 73 28 32 38 28
51 74 66 53 60 65
51 75 19 25 27 28
51 76 22 31 28 43
51 77 31 48 48 28
51 78 2 31 8 6
51 79 60 44 49 44
51 80 64 73 68 51
51 81 75 73 81 57
51 82 69 66 51 69
51 83 36 41 38 28
51 84 67 52 67 65
51 85 92 91 70 91
51 86 50 44 43 64
51 87 30 31 41 26
51 88 45 40 40 53
51 89 76 59 64 63
51 90 88 74 62 67
51 91 40 35 30 49
51 92 14 25 33 13
51 93 1 13 19 8
51 94 51 63 63 63
51 95 71 59 74 52
51 96 44 49 60 49
51 97 51 37 55 55
51 98 52 40 49 45
51 99 95 78 80 94
52 53 73 75 63 78
52 54 16 12 14 29
52 55 8 28 6 30
52 56 9 19 29 32
52 57 67 54 68 53
52 58 65 66 59 68
52 59 91 89 75 87
52 60 13 28 17 20
52 61 3 17 8 19
52 62 5 8 8 27
52 63 78 70 79 59
52 64 83 68 65 70
52 65 2 23 7 4
52 66 21 16 19 44
52 67 35 47 41 52
52 68 73 58 61 74
52 69 88 65 81 62
52 70 88 87 86 82
52 71 30 30 21 48
52 72 7 10 31 25
52 73 13 37 29 10
52 74 66 74 68 71
52 75 9 21 13 22
52 76 49 62 59 43
52 77 48 37 39 39
52 78 3 25 15 13
52 79 57 68 50 56
52 80 85 76 82 61
52 81 20 33 31 24
52 82 76 82 83 61
52 83 11 33 8 28
52 84 27 40 46 27
52 85 31 42 50 40
52 86 4 25 12 9
52 87 39 44 30 45
52 88 76 76 83 71
52 89 79 61 85 61
52 90 90 91 84 90
52 91 77 63 79 79
52 92 51 63 39 55
52 93 75 75 81 78
52 94 83 77 60 83
52 95 22 37 34 28
52 96 95 69 73 93
52 97 36 41 32 50
52 98 38 36 29 27
52 99 69 53 59 77
53 54 50 48 46 64
53 55 84 84 86 69
53 56 34 39 24 24
53 57 81 85 60 78
53 58 2 21 25 1
53 59 86 61 76 89
53 60 91 75 88 64
53 61 59 70 66 42
53 62 46 42 48 47
53 63 68 63 54 67
53 64 63 62 46 71
53 65 47 36 55 41
53 66 13 29 39 22
53 67 5 20 11 14
53 68 6 11 11 23
53 69 42 46 44 59
53 70 44 39 49 48
53 71 23 27 44 30
53 72 44 51 54 49
53 73 12 31 37 30
53 74 89 70 75 63
53 75 35 38 36 26
53 76 14 11 21 26
53 77 82 77 60 64
53 78 68 77 75 76
53 79 93 67 65 67
53 80 18 39 27 14
53 81 32 36 37 38
53 82 81 81 64 73
53 83 33 53 41 46
53 84 17 21 28 38
53 85 10 31 32 13
53 86 72 75 63 66
53 87 68 60 51 67
53 88 96 70 93 90
53 89 74 70 70 62
53 90 96 94 74 85
53 91 70 60 72 70
53 92 28 24 42 40
53 93 16 40 22 15
53 94 51 50 43 48
53 95 4 11 17 15
53 96 58 47 65 58
53 97 10 14 13 19
53 98 86 89 83 88
53 99 5 18 17 31
54 55 17 12 30 36
54 56 82 61 81 76
54 57 20 23 33 35
54 58 85 78 73 74
54 59 19 41 40 26
54 60 0 3 18 3
54 61 77 54 77 70
54 62 84 81 74 65
54 63 8 11 8 30
54 64 61 46 47 51
54 65 87 80 90 86
54 66 48 59 54 49
54 67 34 29 38 50
54 68 85 80 75 73
54 69 72 73 78 61
54 70 75 54 77 76
54 71 99 93 73 72
54 72 75 60 71 66
54 73 24 34 21 23
54 74 56 66 45 62
54 75 21 27 29 21
54 76 75 62 75 69
54 77 72 62 75 51
54 78 40 51 33 39
54 79 22 18 25 21
54 80 39 39 31 33
54 81 26 21 18 19
54 82 66 74 54 62
54 83 14 20 13 13
54 84 15 33 11 15
54 85 73 71 74 51
54 86 51 37 58 47
54 87 97 78 97 75
54 88 77 73 70 61
54 89 5 21 8 7
54 90 19 17 16 15
54 91 28 37 23 29
54 92 71 78 50 71
54 93 6 6 26 33
54 94 13 14 29 25
54 95 11 8 32 32
54 96 40 42 53 34
54 97 69 63 64 50
54 98 55 42 44 54
54 99 93 81 80 73
55 56 70 62 75 61
55 57 44 58 47 59
55 58 20 41 18 22
55 59 35 32 54 35
55 60 99 96 96 72
55 61 53 52 51 53
55 62 13 24 17 22
55 63 17 35 33 39
55 64 31 34 41 37
55 65 5 31 6 27
55 66 82 82 66 76
55 67 83 67 61 65
55 68 17 21 36 39
55 69 90 65 82 70
55 70 10 20 19 35
55 71 61 60 71 51
55 72 72 65 57 59
55 73 16 23 33 26
55 74 73 75 63 78
55 75 42 54 31 52
55 76 82 87 59 79
55 77 42 32 49 34
55 78 76 79 57 63
55 79 98 81 77 90
55 80 30 50 50 46
55 81 89 79 73 91
55 82 59 47 57 69
55 83 87 72 82 72
55 84 84 63 63 78
55 85 70 78 70 77
55 86 67 74 61 52
55 87 16 19 23 13
55 88 62 61 56 49
55 89 87 62 76 73
55 90 43 44 60 51
55 91 6 4 33 15
55 92 12 25 27 26
55 93 39 29 33 29
55 94 64 60 68 57
55 95 54 44 58 40
55 96 27 35 37 31
55 97 48 43 38 50
55 98 28 20 43 34
55 99 13 20 26 28
56 57 46 45 41 45
56 58 67 66 47 61
56 59 64 57 47 47
56 60 41 30 39 40
56 61 46 40 43 37
56 62 71 77 69 72
56 63 30 27 27 23
56 64 45 58 45 53
56 65 44 36 56 33
56 66 92 72 69 79
56 67 2 8 13 12
56 68 81 74 59 70
56 69 95 90 77 76
56 70 89 80 81 70
56 71 94 74 73 85
56 72 71 56 63 53
56 73 91 64 80 82
56 74 36 31 37 41
56 75 42 36 52 39
56 76 6 28 23 14
56 77 35 42 31 42
56 78 66 55 55 57
56 79 55 48 57 59
56 80 76 79 83 77
56 81 25 19 40 46
56 82 3 17 6 6
56 83 11 22 25 32
56 84 38 56 44 27
56 85 14 16 33 24
56 86 6 6 29 31
56 87 39 34 31 40
56 88 92 67 77 72
56 89 30 42 44 48
56 90 10 9 23 18
56 91 74 65 66 57
56 92 79 82 69 69
56 93 21 37 15 44
56 94 49 61 57 37
56 95 57 56 56 48
56 96 9 23 7 12
56 97 2 26 16 28
56 98 0 25 14 16
56 99 53 39 44 58
57 58 62 45 45 67
57 59 86 72 68 73
57 60 51 37 51 50
57 61 8 19 25 10
57 62 85 77 75 77
57 63 97 95 96 94
57 64 38 54 29 47
57 65 89 84 70 86
57 66 80 65 63 73
57 67 56 59 62 60
57 68 42 46 45 55
57 69 88 78 75 88
57 70 59 62 65 57
57 71 11 25 33 19
57 72 23 22 18 38
57 73 89 80 83 86
57 74 48 54 35 41
57 75 50 42 40 54
57 76 35 32 25 36
57 77 79 59 63 77
57 78 89 76 92 70
57 79 88 90 84 76
57 80 16 31 33 24
57 81 36 46 51 27
57 82 25 37 30 24
57 83 16 41 39 20
57 84 40 36 35 42
57 85 98 80 76 76
57 86 24 37 21 42
57 87 88 74 89 75
57 88 70 72 70 74
57 89 99 96 88 79
57 90 76 80 73 75
57 91 3 20 31 32
57 92 77 68 61 78
57 93 94 85 85 95
57 94 56 50 64 49
57 95 3 4 20 2
57 96 12 9 35 29
57 97 28 49 31 32
57 98 53 50 45 58
57 99 12 12 34 27
58 59 91 82 92 64
58 60 64 65 46 57
58 61 15 30 12 37
58 62 31 40 40 46
58 63 95 94 83 68
58 64 97 70 90 91
58 65 43 34 44 49
58 66 96 83 78 71
58 67 48 44 59 44
58 68 78 73 77 75
58 69 98 98 95 83
58 70 84 70 77 73
58 71 45 59 35 41
58 72 45 57 54 47
58 73 96 88 77 76
58 74 9 27 11 10
58 75 86 88 66 79
58 76 34 29 37 40
58 77 59 57 51 49
58 78 64 46 48 49
58 79 41 50 57 34
58 80 51 38 39 61
58 81 91 89 81 77
58 82 50 41 50 37
58 83 73 58 76 60
58 84 56 54 59 69
58 85 13 33 28 32
58 86 48 39 43 51
58 87 37 40 46 44
58 88 0 25 29 5
58 89 30 26 35 28
58 90 34 39 28 51
58 91 8 35 28 12
58 92 84 86 78 68
58 93 22 32 44 16
58 94 90 85 86 77
58 95 22 16 44 42
58 96 42 39 52 42
58 97 76 76 82 60
58 98 80 78 67 56
58 99 74 68 60 63
59 60 41 43 32 42
59 61 28 38 30 35
59 62 21 21 40 18
59 63 96 72 88 93
59 64 83 59 64 74
59 65 38 39 42 53
59 66 27 45 25 26
59 67 33 41 32 38
59 68 76 78 74 81
59 69 4 32 20 19
59 70 14 37 13 38
59 71 36 34 46 40
59 72 79 70 74 68
59 73 67 62 60 64
59 74 25 36 23 44
59 75 38 52 31 49
59 76 8 13 16 27
59 77 53 43 61 66
59 78 74 68 58 73
59 79 22 33 27 25
59 80 87 88 87 63
59 81 4 13 17 29
59 82 64 49 46 66
59 83 54 65 62 58
59 84 79 59 56 79
59 85 68 70 53 58
59 86 69 64 78 74
59 87 94 83 92 84
59 88 33 48 25 50
59 89 79 77 83 67
59 90 53 59 54 43
59 91 16 31 41 35
59 92 69 76 59 66
59 93 17 41 39 33
59 94 71 55 51 72
59 95 4 18 15 13
59 96 13 10 22 11
59 97 44 45 48 55
59 98 2 17 7 2
59 99 51 57 61 62
60 61 83 72 82 61
60 62 71 54 66 76
60 63 24 37 33 31
60 64 71 80 65 76
60 65 67 71 73 69
60 66 32 33 44 40
60 67 53 67 47 53
60 68 41 43 30 38
60 69 89 75 71 79
60 70 18 36 27 19
60 71 50 39 43 37
60 72 81 58 84 66
60 73 71 76 57 68
60 74 92 83 65 88
60 75 0 17 7 7
60 76 0 20 24 14
60 77 48 54 51 36
60 78 65 60 51 70
60 79 58 60 69 57
60 80 39 33 29 39
60 81 55 57 46 50
60 82 61 58 45 70
60 83 44 53 38 55
60 84 33 49 29 40
60 85 46 42 37 47
60 86 12 19 24 38
60 87 88 89 87 82
60 88 16 41 19 22
60 89 98 89 76 77
60 90 18 20 36 27
60 91 61 57 65 70
60 92 14 28 31 13
60 93 84 74 59 70
60 94 50 61 44 50
60 95 94 81 82 82
60 96 57 68 52 54
60 97 64 72 57 55
60 98 15 35 20 20
60 99 75 62 77 71
61 62 76 73 75 69
61 63 70 66 73 51
61 64 73 69 65 58
61 65 47 61 36 62
61 66 41 47 47 36
61 67 68 54 61 51
61 68 64 69 53 55
61 69 57 67 66 59
61 70 52 48 40 53
61 71 93 70 90 80
61 72 73 77 74 77
61 73 0 15 4 5
61 74 44 32 56 59
61 75 42 44 50 59
61 76 7 5 8 22
61 77 31 22 34 23
61 78 91 86 71 84
61 79 21 33 44 14
61 80 38 55 53 45
61 81 57 48 44 58
61 82 94 79 85 84
61 83 76 77 61 59
61 84 47 56 33 43
61 85 78 78 67 65
61 86 87 83 87 65
61 87 0 29 18 26
61 88 68 57 57 62
61 89 31 41 51 30
61 90 10 33 26 34
61 91 3 10 3 5
61 92 10 14 20 36
61 93 47 33 42 61
61 94 35 34 39 33
61 95 27 30 48 29
61 96 88 79 76 88
61 97 14 36 33 19
61 98 91 75 78 68
61 99 5 21 5 9
62 63 81 86 67 82
62 64 28 42 43 36
62 65 9 15 10 17
62 66 83 73 87 69
62 67 84 86 85 68
62 68 5 17 4 30
62 69 46 59 38 55
62 70 35 27 34 41
62 71 33 42 48 26
62 72 45 43 31 59
62 73 89 86 70 91
62 74 3 10 6 8
62 75 9 31 16 12
62 76 98 90 85 98
62 77 5 30 28 14
62 78 7 23 11 12
62 79 31 38 32 24
62 80 58 62 43 55
62 81 85 88 80 87
62 82 98 86 69 86
62 83 54 42 55 57
62 84 43 43 49 53
62 85 4 26 4 6
62 86 30 26 42 41
62 87 37 49 46 29
62 88 47 47 57 62
62 89 85 82 73 62
62 90 3 26 31 27
62 91 30 50 41 45
62 92 67 56 50 61
62 93 39 28 38 40
62 94 39 56 39 30
62 95 10 16 8 21
62 96 30 46 46 38
62 97 49 46 47 51
62 98 41 48 47 40
62 99 46 47 38 32
63 64 56 55 43 67
63 65 39 57 48 54
63 66 50 36 50 39
63 67 29 49 39 30
63 68 85 79 72 70
63 69 87 73 61 73
63 70 33 24 48 27
63 71 70 71 56 75
63 72 78 68 81 70
63 73 94 75 68 82
63 74 81 68 58 57
63 75 56 65 56 58
63 76 66 61 63 63
63 77 89 80 74 87
63 78 4 29 27 17
63 79 51 51 53 45
63 80 32 28 48 31
63 81 83 65 71 81
63 82 32 41 41 34
63 83 84 70 72 80
63 84 30 24 37 27
63 85 78 70 60 64
63 86 78 56 77 76
63 87 76 57 69 82
63 88 17 21 30 25
63 89 30 47 29 47
63 90 12 23 34 24
63 91 25 40 29 42
63 92 30 27 41 50
63 93 59 55 47 41
63 94 12 13 24 26
63 95 76 71 55 68
63 96 7 10 20 7
63 97 36 28 45 27
63 98 98 96 88 78
63 99 33 30 39 36
64 65 88 79 72 81
64 66 29 32 31 45
64 67 62 51 67 69
64 68 85 73 71 70
64 69 26 27 45 31
64 70 4 11 11 18
64 71 73 56 73 51
64 72 6 9 25 21
64 73 60 50 68 57
64 74 55 51 42 67
64 75 21 44 17 34
64 76 34 35 37 34
64 77 53 45 54 67
64 78 96 82 81 81
64 79 82 72 59 57
64 80 75 63 64 76
64 81 40 30 38 44
64 82 49 50 36 34
64 83 92 80 65 91
64 84 84 62 84 63
64 85 94 77 84 76
64 86 54 58 61 45
64 87 45 54 57 45
64 88 64 46 72 58
64 89 54 65 45 65
64 90 72 67 56 70
64 91 17 15 32 27
64 92 8 18 29 17
64 93 41 48 52 37
64 94 9 25 16 22
64 95 93 85 91 91
64 96 9 33 17 8
64 97 85 77 63 78
64 98 35 50 28 44
64 99 15 30 29 22
65 66 95 68 76 85
65 67 63 57 67 47
65 68 31 36 31 35
65 69 13 18 24 18
65 70 24 40 27 28
65 71 66 53 72 49
65 72 30 44 26 32
65 73 99 90 97 90
65 74 91 67 64 73
65 75 28 44 49 31
65 76 74 67 77 56
65 77 34 24 33 46
65 78 27 46 44 28
65 79 66 72 49 75
65 80 78 67 66 78
65 81 93 84 66 70
65 82 28 36 23 24
65 83 47 49 56 46
65 84 37 26 31 30
65 85 86 71 76 74
65 86 0 26 10 28
65 87 8 11 15 10
65 88 91 91 89 86
65 89 27 32 30 20
65 90 35 39 48 29
65 91 93 72 84 89
65 92 58 51 60 68
65 93 97 86 71 88
65 94 1 21 5 27
65 95 32 31 29 33
65 96 79 57 83 57
65 97 14 14 25 19
65 98 79 81 72 73
65 99 81 58 78 65
66 67 1 26 13 19
66 68 2 15 29 12
66 69 88 87 76 84
66 70 15 36 12 27
66 71 36 32 40 43
66 72 23 37 37 24
66 73 26 44 19 21
66 74 0 10 19 17
66 75 19 32 22 42
66 76 45 48 56 61
66 77 7 26 24 28
66 78 20 24 24 24
66 79 62 51 62 64
66 80 63 64 52 47
66 81 11 34 23 15
66 82 25 32 45 43
66 83 12 23 13 32
66 84 91 93 67 69
66 85 24 25 43 40
66 86 77 67 60 61
66 87 36 38 49 44
66 88 26 45 34 22
66 89 88 82 64 84
66 90 60 57 52 63
66 91 86 61 62 64
66 92 41 29 45 56
66 93 18 18 18 31
66 94 47 59 36 55
66 95 8 7 24 23
66 96 8 7 23 18
66 97 27 33 31 42
66 98 87 65 83 69
66 99 23 45 29 27
67 68 38 35 47 56
67 69 55 51 40 58
67 70 10 35 15 17
67 71 91 67 75 71
67 72 36 51 26 43
67 73 30 39 47 26
67 74 61 43 52 47
67 75 83 73 79 86
67 76 65 55 74 72
67 77 82 87 60 87
67 78 56 64 55 40
67 79 40 52 29 57
67 80 31 23 22 22
67 81 87 64 66 63
67 82 48 61 55 52
67 83 47 46 38 50
67 84 56 55 40 67
67 85 87 64 85 69
67 86 23 27 28 43
67 87 66 76 73 61
67 88 48 50 53 34
67 89 21 18 35 42
67 90 99 88 77 98
67 91 71 75 60 72
67 92 13 32 12 33
67 93 4 9 19 23
67 94 49 46 51 38
67 95 59 66 67 46
67 96 7 17 5 7
67 97 72 73 70 66
67 98 36 34 45 35
67 99 44 45 44 41
68 69 85 75 79 76
68 70 26 47 27 44
68 71 63 47 72 71
68 72 19 31 16 38
68 73 92 79 77 68
68 74 43 33 41 35
68 75 60 64 47 53
68 76 51 49 47 56
68 77 3 16 25 6
68 78 70 70 70 51
68 79 66 53 65 69
68 80 88 66 66 78
68 81 89 84 87 91
68 82 15 16 36 11
68 83 8 33 15 20
68 84 60 49 65 70
68 85 25 32 30 31
68 86 75 53 75 56
68 87 16 38 40 26
68 88 31 37 32 30
68 89 87 71 63 80
68 90 98 89 73 93
68 91 20 23 21 20
68 92 46 57 36 58
68 93 7 18 5 19
68 94 82 67 65 81
68 95 18 31 14 39
68 96 45 41 56 36
68 97 43 39 32 52
68 98 85 66 65 67
68 99 9 21 12 31
69 70 56 61 65 40
69 71 40 52 34 37
69 72 45 58 53 31
69 73 9 14 9 14
69 74 45 48 36 47
69 75 44 31 51 36
69 76 92 79 75 69
69 77 71 55 58 50
69 78 23 38 38 20
69 79 19 17 18 21
69 80 3 14 17 12
69 81 27 34 31 46
69 82 62 46 66 50
69 83 1 20 14 3
69 84 81 67 72 84
69 85 7 22 8 14
69 86 95 79 71 75
69 87 20 43 27 22
69 88 24 36 18 18
69 89 94 69 68 86
69 90 56 43 41 55
69 91 52 43 52 66
69 92 13 19 39 17
69 93 87 81 69 88
69 94 22 27 30 35
69 95 86 81 67 73
69 96 55 55 57 52
69 97 18 36 22 14
69 98 77 59 69 57
69 99 1 14 23 20
70 71 4 24 31 22
70 72 10 16 22 17
70 73 38 45 55 44
70 74 89 92 69 89
70 75 6 20 33 30
70 76 83 73 85 69
70 77 80 79 67 65
70 78 9 14 14 8
70 79 3 6 17 14
70 80 97 69 81 94
70 81 91 64 89 65
70 82 92 83 79 79
70 83 49 35 60 59
70 84 76 80 59 76
70 85 72 70 65 60
70 86 77 72 67 80
70 87 12 35 31 26
70 88 25 44 43 43
70 89 34 34 38 49
70 90 11 22 32 32
70 91 70 68 65 70
70 92 60 66 56 70
70 93 81 81 66 68
70 94 42 30 48 38
70 95 87 75 78 82
70 96 22 43 33 20
70 97 25 24 19 36
70 98 24 25 40 35
70 99 86 84 65 70
71 72 80 60 77 58
71 73 58 64 42 42
71 74 81 69 65 61
71 75 98 69 88 75
71 76 1 2 19 3
71 77 66 71 57 59
71 78 18 28 38 29
71 79 6 8 9 33
71 80 1 23 8 29
71 81 77 79 71 59
71 82 41 55 59 35
71 83 66 51 71 49
71 84 34 29 46 33
71 85 99 88 91 87
71 86 65 47 46 50
71 87 97 87 77 88
71 88 8 18 12 32
71 89 0 12 8 4
71 90 0 29 26 25
71 91 71 70 65 69
71 92 46 58 47 62
71 93 55 65 43 45
71 94 18 23 15 40
71 95 56 45 65 68
71 96 80 75 75 83
71 97 26 45 25 38
71 98 20 15 29 20
71 99 84 67 85 64
72 73 52 42 42 42
72 74 86 69 86 89
72 75 27 38 27 47
72 76 45 39 48 57
72 77 86 70 87 86
72 78 41 38 56 37
72 79 60 52 70 62
72 80 29 39 41 35
72 81 50 39 44 62
72 82 17 19 26 14
72 83 95 85 72 88
72 84 48 37 51 41
72 85 56 45 51 47
72 86 57 58 45 60
72 87 70 67 66 61
72 88 79 80 75 71
72 89 49 58 47 51
72 90 34 30 53 49
72 91 55 53 55 67
72 92 25 30 21 27
72 93 10 16 11 12
72 94 86 63 85 73
72 95 57 43 45 49
72 96 76 63 57 67
72 97 48 54 41 46
72 98 21 17 43 25
72 99 50 44 52 47
73 74 81 81 71 63
73 75 79 60 61 83
73 76 9 22 13 15
73 77 42 54 36 44
73 78 65 63 66 61
73 79 45 37 47 38
73 80 66 67 59 62
73 81 69 56 77 64
73 82 43 46 36 53
73 83 98 92 95 73
73 84 87 73 90 81
73 85 5 24 26 31
73 86 41 57 40 57
73 87 83 66 78 77
73 88 13 38 38 16
73 89 79 57 57 61
73 90 39 35 43 32
73 91 31 45 28 22
73 92 89 81 85 78
73 93 38 32 40 41
73 94 2 25 3 19
73 95 91 92 90 73
73 96 33 44 28 34
73 97 17 22 25 38
73 98 21 18 27 20
73 99 4 31 31 15
74 75 67 70 51 58
74 76 41 35 48 41
74 77 37 28 37 54
74 78 46 54 40 40
74 79 40 33 48 42
74 80 6 14 29 18
74 81 95 79 89 68
74 82 78 81 81 81
74 83 27 37 45 22
74 84 10 34 18 31
74 85 91 89 90 81
74 86 27 36 45 29
74 87 47 49 61 42
74 88 61 60 53 44
74 89 49 41 45 53
74 90 99 77 86 79
74 91 81 82 60 72
74 92 58 48 52 42
74 93 47 60 61 42
74 94 12 14 13 29
74 95 77 58 73 56
74 96 4 31 15 5
74 97 40 54 32 30
74 98 61 61 52 45
74 99 4 22 7 24
75 76 5 14 26 29
75 77 72 57 76 65
75 78 43 58 54 57
75 79 97 93 69 95
75 80 69 67 58 75
75 81 84 82 81 63
75 82 14 36 26 15
75 83 70 57 73 74
75 84 52 60 38 37
75 85 24 43 28 21
75 86 65 66 72 66
75 87 88 76 81 80
75 88 88 62 68 86
75 89 46 38 57 35
75 90 90 85 80 73
75 91 94 70 73 87
75 92 83 83 84 71
75 93 23 20 24 25
75 94 15 28 33 35
75 95 64 45 65 53
75 96 90 65 87 85
75 97 34 30 43 34
75 98 72 75 58 79
75 99 91 87 93 76
76 77 33 47 28 53
76 78 33 31 37 42
76 79 33 30 40 52
76 80 55 66 44 53
76 81 59 59 59 59
76 82 91 76 76 92
76 83 19 31 27 37
76 84 18 35 26 30
76 85 65 64 73 63
76 86 4 23 23 15
76 87 50 48 62 53
76 88 87 88 90 64
76 89 2 31 25 30
76 90 45 48 58 53
76 91 19 18 26 34
76 92 93 89 81 93
76 93 7 10 29 32
76 94 19 39 35 30
76 95 28 44 30 37
76 96 42 53 46 42
76 97 19 28 21 34
76 98 4 15 15 31
76 99 65 61 60 67
77 78 30 45 23 37
77 79 97 79 83 89
77 80 52 39 47 64
77 81 46 37 39 46
77 82 56 47 51 45
77 83 8 10 10 17
77 84 74 57 69 79
77 85 47 58 52 49
77 86 85 72 68 78
77 87 61 44 58 69
77 88 70 49 53 75
77 89 89 86 86 72
77 90 85 69 65 73
77 91 7 26 7 26
77 92 90 80 83 79
77 93 6 31 32 14
77 94 43 35 48 45
77 95 86 73 65 66
77 96 58 55 45 54
77 97 3 14 16 18
77 98 93 74 65 90
77 99 16 36 35 41
78 79 28 25 37 39
78 80 84 67 71 88
78 81 21 30 44 22
78 82 91 81 72 81
78 83 5 20 33 22
78 84 10 30 18 34
78 85 38 53 38 53
78 86 20 25 39 26
78 87 15 21 39 34
78 88 84 85 66 60
78 89 76 79 83 57
78 90 21 22 20 21
78 91 32 48 45 47
78 92 40 47 33 46
78 93 19 30 38 26
78 94 59 43 44 59
78 95 40 54 49 40
78 96 88 90 78 68
78 97 74 55 60 80
78 98 8 20 22 13
78 99 86 64 81 60
79 80 81 68 80 86
79 81 64 52 66 55
79 82 85 71 87 65
79 83 94 82 87 79
79 84 85 73 71 80
79 85 80 65 80 58
79 86 5 16 23 31
79 87 15 18 13 12
79 88 24 17 41 43
79 89 88 78 66 74
79 90 37 26 33 36
79 91 82 75 76 71
79 92 3 2 26 11
79 93 25 30 38 20
79 94 9 35 19 8
79 95 64 63 69 53
79 96 84 66 69 71
79 97 92 88 87 84
79 98 89 75 89 70
79 99 90 83 79 77
80 81 74 59 65 59
80 82 39 32 43 49
80 83 59 69 71 49
80 84 71 78 65 67
80 85 18 30 15 20
80 86 90 63 73 69
80 87 35 38 51 33
80 88 71 78 78 64
80 89 97 85 68 84
80 90 78 61 82 55
80 91 8 29 21 14
80 92 83 85 66 58
80 93 36 40 51 33
80 94 69 55 74 66
80 95 48 51 62 48
80 96 0 21 16 9
80 97 55 48 63 57
80 98 36 51 43 49
80 99 83 62 76 60
81 82 15 38 27 40
81 83 22 36 38 41
81 84 16 12 35 17
81 85 75 65 60 81
81 86 66 50 54 47
81 87 60 43 50 66
81 88 0 19 13 25
81 89 70 59 50 63
81 90 39 28 40 55
81 91 63 46 64 60
81 92 77 79 72 83
81 93 31 47 34 30
81 94 10 29 34 13
81 95 97 76 91 95
81 96 85 61 79 81
81 97 51 56 38 64
81 98 1 11 22 25
81 99 20 26 36 17
82 83 4 27 18 10
82 84 33 24 26 28
82 85 63 51 63 71
82 86 65 66 60 61
82 87 55 66 52 46
82 88 11 23 19 27
82 89 98 84 92 88
82 90 83 74 70 68
82 91 24 26 34 25
82 92 25 46 42 20
82 93 87 77 72 68
82 94 81 60 74 70
82 95 29 43 40 30
82 96 46 58 58 46
82 97 43 59 36 43
82 98 81 81 84 67
82 99 95 88 89 93
83 84 80 69 57 56
83 85 69 64 66 57
83 86 74 58 65 64
83 87 99 77 70 81
83 88 42 30 55 37
83 89 64 67 68 52
83 90 71 78 72 65
83 91 67 58 69 53
83 92 37 53 49 41
83 93 24 40 45 28
83 94 44 57 47 55
83 95 58 66 41 42
83 96 41 51 48 52
83 97 83 82 74 58
83 98 94 83 91 89
83 99 77 71 79 59
84 85 63 67 53 71
84 86 67 68 53 53
84 87 61 66 63 72
84 88 3 25 20 20
84 89 89 65 73 86
84 90 67 68 75 75
84 91 46 40 48 38
84 92 38 33 34 45
84 93 69 69 58 65
84 94 62 69 43 68
84 95 88 85 88 83
84 96 83 72 86 83
84 97 34 52 47 48
84 98 85 85 75 62
84 99 3 11 10 21
85 86 25 43 33 37
85 87 89 62 79 73
85 88 69 49 54 63
85 89 66 49 51 70
85 90 11 36 20 16
85 91 22 42 18 25
85 92 98 93 94 87
85 93 34 42 43 49
85 94 95 86 74 88
85 95 67 75 58 61
85 96 5 13 19 29
85 97 71 79 54 64
85 98 4 6 25 17
85 99 95 89 79 90
86 87 43 37 38 53
86 88 49 53 42 53
86 89 21 35 38 34
86 90 5 23 26 28
86 91 73 69 71 76
86 92 79 73 79 78
86 93 5 30 18 26
86 94 57 67 49 45
86 95 95 77 84 68
86 96 51 43 63 42
86 97 42 42 56 55
86 98 80 75 74 71
86 99 58 45 59 52
87 88 43 46 54 49
87 89 42 31 37 49
87 90 28 33 47 27
87 91 99 77 95 82
87 92 92 84 73 75
87 93 4 27 13 22
87 94 79 61 75 73
87 95 11 13 30 12
87 96 22 42 25 38
87 97 77 81 61 73
87 98 83 82 68 63
87 99 64 46 59 47
88 89 53 44 65 38
88 90 19 22 43 40
88 91 50 51 41 65
88 92 94 70 94 75
88 93 91 75 68 75
88 94 59 58 48 45
88 95 55 62 60 47
88 96 8 15 24 30
88 97 16 12 37 18
88 98 43 56 46 33
88 99 64 50 62 56
89 90 67 71 59 73
89 91 40 49 32 53
89 92 46 45 40 33
89 93 58 44 58 62
89 94 35 29 44 51
89 95 46 38 40 40
89 96 19 26 42 20
89 97 40 35 43 46
89 98 18 37 25 36
89 99 52 56 65 38
90 91 40 39 46 47
90 92 10 9 36 14
90 93 96 93 87 93
90 94 51 54 54 51
90 95 22 17 24 34
90 96 59 64 61 53
90 97 25 22 27 27
90 98 68 61 69 66
90 99 71 68 72 73
91 92 85 62 61 77
91 93 17 32 33 17
91 94 74 67 62 57
91 95 76 55 62 62
91 96 87 61 68 73
91 97 40 38 31 43
91 98 17 17 31 22
91 99 61 72 53 45
92 93 70 68 67 59
92 94 74 74 70 77
92 95 1 4 11 17
92 96 59 49 71 47
92 97 26 26 28 24
92 98 50 63 51 55
92 99 31 35 26 45
93 94 0 24 9 27
93 95 36 46 53 49
93 96 15 28 35 12
93 97 74 71 58 61
93 98 26 20 25 20
93 99 92 68 82 65
94 95 6 27 10 32
94 96 25 21 32 32
94 97 59 63 46 54
94 98 23 32 40 25
94 99 75 62 55 67
95 96 47 34 45 58
95 97 20 41 32 39
95 98 93 68 88 85
95 99 8 32 14 11
96 97 27 44 26 26
96 98 66 58 62 51
96 99 28 30 47 29
97 98 37 52 32 36
97 99 97 69 73 68
98 99 13 31 15 34
