50
0 1 76 72 77 78
0 2 47 47 48 45
0 3 51 54 46 47
0 4 29 32 28 26
0 5 8 13 12 11
0 6 86 84 81 86
0 7 40 40 43 43
0 8 32 33 36 34
0 9 98 97 89 97
0 10 87 85 86 83
0 11 89 81 85 84
0 12 40 38 38 43
0 13 98 95 94 93
0 14 95 86 94 94
0 15 23 23 31 24
0 16 0 2 2 6
0 17 8 10 10 12
0 18 69 67 69 64
0 19 94 89 89 88
0 20 10 17 18 11
0 21 38 36 39 36
0 22 56 52 55 51
0 23 46 48 51 49
0 24 8 8 14 14
0 25 19 18 17 22
0 26 94 87 93 86
0 27 77 78 72 71
0 28 42 41 46 46
0 29 99 99 89 90
0 30 87 79 79 85
0 31 57 55 54 59
0 32 83 79 82 76
0 33 0 2 2 6
0 34 43 48 41 44
0 35 42 46 40 41
0 36 3 3 7 7
0 37 52 57 51 49
0 38 75 69 73 70
0 39 54 56 51 48
0 40 20 24 28 23
0 41 16 18 19 21
0 42 33 31 36 33
0 43 32 29 31 29
0 44 1 10 5 4
0 45 18 24 25 21
0 46 82 80 81 80
0 47 76 71 70 78
0 48 9 10 12 15
0 49 48 44 49 49
1 2 82 79 80 75
1 3 65 63 68 66
1 4 49 51 46 46
1 5 1 6 4 5
1 6 57 55 54 56
1 7 62 56 61 57
1 8 92 89 86 88
1 9 21 27 27 20
1 10 23 30 30 24
1 11 32 33 34 33
1 12 8 17 15 14
1 13 7 9 8 14
1 14 43 42 41 41
1 15 51 54 54 55
1 16 75 72 72 77
1 17 65 65 59 64
1 18 62 58 57 57
1 19 55 56 53 59
1 20 98 90 98 96
1 21 91 89 83 88
1 22 69 65 65 65
1 23 34 36 39 40
1 24 91 83 87 84
1 25 86 81 77 84
1 26 77 78 70 70
1 27 27 30 32 32
1 28 13 14 21 12
1 29 88 87 85 86
1 30 28 35 26 33
1 31 75 71 71 76
1 32 83 81 77 80
1 33 33 30 35 40
1 34 32 36 29 31
1 35 83 78 81 83
1 36 72 71 65 67
1 37 37 35 37 33
1 38 22 20 22 26
1 39 52 47 54 56
1 40 0 8 1 6
1 41 56 51 53 52
1 42 59 61 58 60
1 43 66 61 61 67
1 44 20 25 23 27
1 45 71 70 69 70
1 46 55 50 56 49
1 47 43 45 40 45
1 48 32 38 38 38
1 49 76 77 72 77
2 3 33 40 36 35
2 4 67 70 66 66
2 5 89 88 83 89
2 6 21 22 28 26
2 7 8 13 17 14
2 8 25 25 26 27
2 9 39 39 35 37
2 10 40 39 38 44
2 11 45 46 50 50
2 12 83 81 82 79
2 13 68 66 63 64
2 14 53 57 58 50
2 15 53 52 57 50
2 16 69 70 63 70
2 17 37 41 36 39
2 18 93 87 94 87
2 19 90 91 88 84
2 20 21 29 28 26
2 21 75 72 70 73
2 22 86 84 84 84
2 23 20 26 19 26
2 24 14 12 18 19
2 25 93 85 86 85
2 26 13 22 21 21
2 27 6 10 12 13
2 28 0 0 4 2
2 29 33 31 34 40
2 30 80 73 73 72
2 31 52 56 53 48
2 32 48 49 48 45
2 33 28 31 35 26
2 34 15 14 22 23
2 35 45 50 48 48
2 36 73 73 70 67
2 37 11 17 20 15
2 38 89 90 81 85
2 39 55 50 50 59
2 40 45 49 50 44
2 41 83 80 77 78
2 42 55 57 53 57
2 43 17 17 23 16
2 44 49 45 46 50
2 45 31 30 33 33
2 46 63 60 62 65
2 47 40 42 42 39
2 48 80 77 79 79
2 49 84 83 83 79
3 4 43 46 40 43
3 5 83 75 76 76
3 6 6 11 6 12
3 7 20 25 28 24
3 8 39 37 42 44
3 9 20 22 26 22
3 10 37 39 43 40
3 11 86 85 81 83
3 12 30 30 29 29
3 13 0 3 8 4
3 14 20 26 18 23
3 15 89 83 84 81
3 16 58 53 55 54
3 17 11 15 10 13
3 18 64 59 67 60
3 19 78 77 79 77
3 20 97 91 90 95
3 21 95 90 93 91
3 22 61 63 56 60
3 23 70 71 68 69
3 24 77 77 72 75
3 25 81 81 80 73
3 26 24 26 29 27
3 27 49 48 45 53
3 28 98 97 96 91
3 29 95 86 88 93
3 30 8 11 14 13
3 31 99 95 97 90
3 32 45 44 45 47
3 33 64 66 63 64
3 34 64 67 60 62
3 35 79 74 73 74
3 36 3 2 5 12
3 37 54 54 56 58
3 38 58 56 55 61
3 39 84 80 76 78
3 40 33 31 30 30
3 41 38 36 43 40
3 42 11 20 15 10
3 43 42 47 44 47
3 44 16 18 24 15
3 45 92 91 84 89
3 46 41 43 42 40
3 47 13 17 14 12
3 48 72 66 70 68
3 49 4 10 5 7
4 5 44 47 40 46
4 6 94 86 92 93
4 7 89 82 88 82
4 8 75 77 71 69
4 9 99 94 91 92
4 10 40 38 38 39
4 11 10 13 18 17
4 12 51 50 55 51
4 13 16 15 18 22
4 14 82 83 75 76
4 15 47 47 52 44
4 16 71 68 67 71
4 17 17 23 23 23
4 18 71 68 65 73
4 19 53 51 54 50
4 20 29 30 31 32
4 21 32 37 38 29
4 22 38 38 44 43
4 23 57 58 61 57
4 24 39 43 43 36
4 25 65 68 68 66
4 26 76 72 71 75
4 27 46 51 44 47
4 28 56 54 54 59
4 29 86 84 82 80
4 30 86 87 79 78
4 31 32 33 34 38
4 32 71 74 71 68
4 33 62 65 61 60
4 34 9 10 14 10
4 35 6 12 6 11
4 36 98 93 96 98
4 37 1 5 8 7
4 38 54 55 50 51
4 39 3 9 8 10
4 40 85 85 80 84
4 41 3 10 2 11
4 42 45 41 45 42
4 43 86 84 87 83
4 44 81 76 83 81
4 45 37 38 35 36
4 46 55 53 53 54
4 47 27 26 27 29
4 48 33 35 33 39
4 49 29 33 35 32
5 6 22 22 26 29
5 7 43 48 47 48
5 8 7 7 14 8
5 9 93 87 87 93
5 10 92 92 88 83
5 11 41 39 38 45
5 12 36 40 39 33
5 13 87 85 87 83
5 14 13 12 13 18
5 15 86 82 80 82
5 16 48 45 47 47
5 17 49 50 53 48
5 18 65 65 64 68
5 19 74 72 69 67
5 20 21 24 25 26
5 21 58 53 60 60
5 22 22 22 25 28
5 23 3 5 7 10
5 24 64 61 66 59
5 25 11 15 15 19
5 26 48 50 46 51
5 27 59 59 61 60
5 28 78 79 75 76
5 29 93 93 92 92
5 30 71 66 65 74
5 31 40 44 39 38
5 32 4 8 8 7
5 33 15 21 16 20
5 34 13 12 16 17
5 35 98 98 89 91
5 36 25 28 32 27
5 37 91 89 92 88
5 38 38 37 41 41
5 39 63 64 57 62
5 40 85 79 81 79
5 41 10 17 16 14
5 42 28 29 31 29
5 43 53 50 55 57
5 44 46 51 45 44
5 45 44 49 45 42
5 46 54 57 53 51
5 47 16 23 21 15
5 48 90 82 83 82
5 49 81 78 80 74
6 7 53 55 56 48
6 8 84 82 83 84
6 9 95 87 87 91
6 10 8 17 10 13
6 11 84 86 79 83
6 12 14 16 16 23
6 13 1 9 7 2
6 14 71 69 70 73
6 15 72 74 70 75
6 16 45 48 49 43
6 17 5 6 11 9
6 18 61 64 61 61
6 19 35 41 33 33
6 20 82 76 83 83
6 21 35 39 38 34
6 22 81 75 73 74
6 23 3 3 7 10
6 24 81 77 78 73
6 25 76 78 70 71
6 26 1 11 2 7
6 27 68 66 66 66
6 28 2 4 7 4
6 29 20 21 22 23
6 30 91 90 91 90
6 31 65 64 59 64
6 32 90 85 89 82
6 33 89 86 90 85
6 34 26 28 26 29
6 35 29 35 33 30
6 36 34 38 31 35
6 37 63 66 65 58
6 38 78 79 72 76
6 39 5 11 9 11
6 40 46 44 51 47
6 41 90 87 82 86
6 42 65 67 64 66
6 43 80 80 81 78
6 44 86 85 83 83
6 45 26 28 32 25
6 46 46 43 42 49
6 47 9 13 13 9
6 48 86 78 82 82
6 49 34 37 39 40
7 8 26 26 26 24
7 9 43 42 41 42
7 10 48 48 48 48
7 11 13 17 16 16
7 12 75 68 69 76
7 13 9 10 11 12
7 14 78 78 71 72
7 15 82 82 80 76
7 16 40 44 46 40
7 17 53 48 50 53
7 18 75 71 72 76
7 19 81 76 78 81
7 20 37 38 39 43
7 21 8 12 17 14
7 22 25 30 27 25
7 23 23 24 22 29
7 24 69 66 63 63
7 25 9 9 18 9
7 26 73 70 73 70
7 27 73 68 73 71
7 28 96 88 95 88
7 29 57 59 55 52
7 30 13 13 18 12
7 31 86 78 83 85
7 32 54 56 53 54
7 33 66 60 68 69
7 34 82 82 78 75
7 35 48 51 49 52
7 36 47 50 49 45
7 37 27 25 32 28
7 38 30 32 27 32
7 39 16 24 22 15
7 40 70 73 68 67
7 41 28 34 35 28
7 42 67 69 65 65
7 43 9 14 8 8
7 44 37 43 43 40
7 45 82 76 83 82
7 46 82 78 75 81
7 47 76 70 72 73
7 48 26 28 25 32
7 49 38 44 40 41
8 9 89 90 83 86
8 10 93 92 85 91
8 11 99 97 94 98
8 12 65 67 62 62
8 13 42 46 39 43
8 14 1 7 10 9
8 15 47 48 49 44
8 16 46 44 48 46
8 17 58 59 52 55
8 18 64 61 61 60
8 19 12 15 20 16
8 20 27 33 25 34
8 21 9 13 11 17
8 22 40 41 41 45
8 23 40 42 38 41
8 24 43 42 45 41
8 25 24 25 27 27
8 26 52 48 50 57
8 27 36 34 38 39
8 28 68 68 69 62
8 29 99 96 99 91
8 30 3 10 11 10
8 31 8 10 13 11
8 32 26 26 24 28
8 33 49 54 49 46
8 34 15 20 22 15
8 35 48 47 49 48
8 36 47 48 46 43
8 37 98 90 95 98
8 38 41 38 39 45
8 39 23 23 27 27
8 40 55 53 56 58
8 41 49 47 49 44
8 42 25 23 31 29
8 43 15 19 22 19
8 44 94 92 86 87
8 45 6 9 7 10
8 46 58 57 53 60
8 47 38 43 41 44
8 48 4 9 6 11
8 49 20 23 21 28
9 10 98 89 89 91
9 11 70 63 66 71
9 12 78 78 71 71
9 13 19 21 23 19
9 14 60 56 56 59
9 15 54 57 53 55
9 16 49 54 46 50
9 17 29 27 32 27
9 18 35 39 37 39
9 19 71 65 72 71
9 20 74 67 76 74
9 21 57 59 54 54
9 22 62 62 62 56
9 23 37 36 40 40
9 24 8 8 13 12
9 25 22 27 20 28
9 26 31 33 35 37
9 27 75 68 73 71
9 28 48 46 44 47
9 29 25 25 31 29
9 30 51 56 51 55
9 31 50 53 47 48
9 32 53 55 54 55
9 33 39 45 44 40
9 34 38 38 44 43
9 35 80 79 74 74
9 36 2 11 4 10
9 37 2 7 8 7
9 38 2 6 6 5
9 39 93 88 87 88
9 40 86 79 85 80
9 41 13 16 20 14
9 42 8 8 17 9
9 43 10 18 16 10
9 44 71 65 70 67
9 45 75 77 72 72
9 46 84 83 83 80
9 47 43 41 40 47
9 48 7 9 15 9
9 49 0 9 8 2
10 11 64 66 58 64
10 12 30 34 28 33
10 13 34 40 32 37
10 14 42 40 43 42
10 15 61 56 64 56
10 16 75 72 70 76
10 17 11 15 19 19
10 18 60 60 62 61
10 19 60 62 57 57
10 20 24 28 31 26
10 21 20 28 21 19
10 22 45 42 45 46
10 23 63 65 59 64
10 24 86 78 86 82
10 25 53 53 55 52
10 26 98 98 98 96
10 27 91 90 90 83
10 28 20 24 22 23
10 29 83 78 84 80
10 30 34 34 33 39
10 31 31 34 36 36
10 32 39 43 38 44
10 33 59 54 60 54
10 34 23 21 25 21
10 35 52 48 49 52
10 36 32 29 29 32
10 37 40 46 43 43
10 38 61 58 62 62
10 39 61 61 58 55
10 40 88 85 88 89
10 41 74 70 69 71
10 42 76 70 73 74
10 43 55 57 55 56
10 44 49 51 45 52
10 45 71 72 67 66
10 46 96 95 91 92
10 47 4 10 9 12
10 48 36 37 33 38
10 49 76 77 77 78
11 12 24 24 27 32
11 13 13 17 12 13
11 14 5 7 10 11
11 15 8 15 15 14
11 16 36 38 33 41
11 17 93 85 84 87
11 18 71 69 67 70
11 19 68 68 67 63
11 20 64 58 63 66
11 21 87 81 84 79
11 22 99 93 93 96
11 23 59 61 62 57
11 24 95 87 93 88
11 25 45 47 42 45
11 26 97 92 97 96
11 27 98 94 88 97
11 28 84 76 81 78
11 29 44 44 40 43
11 30 75 74 68 69
11 31 65 62 60 65
11 32 72 70 71 72
11 33 31 29 30 30
11 34 56 60 56 55
11 35 80 81 78 77
11 36 84 79 80 81
11 37 30 34 28 34
11 38 43 43 43 45
11 39 17 18 16 18
11 40 85 78 86 80
11 41 90 84 83 82
11 42 32 33 32 38
11 43 47 48 46 44
11 44 5 10 5 6
11 45 68 71 70 62
11 46 20 26 24 21
11 47 67 65 67 62
11 48 46 49 48 45
11 49 95 90 93 91
12 13 25 27 29 32
12 14 67 64 62 67
12 15 68 64 66 63
12 16 20 24 22 19
12 17 94 90 89 93
12 18 43 47 43 46
12 19 66 69 68 62
12 20 75 72 74 72
12 21 64 67 60 66
12 22 53 55 57 53
12 23 86 85 81 78
12 24 94 92 86 86
12 25 7 15 10 9
12 26 65 64 60 65
12 27 40 42 44 37
12 28 89 88 85 82
12 29 84 82 78 84
12 30 76 68 71 70
12 31 14 13 16 13
12 32 88 87 83 81
12 33 14 19 18 22
12 34 56 58 56 51
12 35 61 61 59 58
12 36 35 37 37 37
12 37 9 16 15 14
12 38 49 50 52 47
12 39 72 71 74 70
12 40 86 84 78 84
12 41 81 76 77 79
12 42 71 71 69 71
12 43 59 55 61 55
12 44 22 29 20 26
12 45 70 71 72 65
12 46 18 18 20 21
12 47 23 24 22 27
12 48 32 38 34 31
12 49 94 85 92 90
13 14 32 31 32 32
13 15 46 49 50 44
13 16 58 60 53 55
13 17 83 79 84 77
13 18 27 27 33 29
13 19 96 94 89 91
13 20 28 34 35 34
13 21 72 69 70 72
13 22 87 80 83 87
13 23 84 77 85 82
13 24 41 40 44 39
13 25 42 41 41 39
13 26 36 37 39 35
13 27 46 46 50 47
13 28 49 51 54 52
13 29 38 38 41 44
13 30 63 65 62 61
13 31 32 37 37 35
13 32 23 27 27 23
13 33 23 24 24 23
13 34 53 54 47 53
13 35 1 3 4 6
13 36 83 79 76 84
13 37 8 10 9 7
13 38 77 73 74 72
13 39 0 1 7 6
13 40 74 74 71 68
13 41 83 78 78 81
13 42 91 86 90 81
13 43 68 68 66 69
13 44 55 55 56 50
13 45 44 47 42 46
13 46 89 88 88 83
13 47 17 23 22 23
13 48 43 44 45 45
13 49 70 67 67 66
14 15 60 62 56 60
14 16 10 10 10 13
14 17 20 27 21 20
14 18 70 63 73 65
14 19 6 5 8 10
14 20 8 10 14 14
14 21 20 26 27 23
14 22 24 30 25 29
14 23 35 32 34 36
14 24 89 84 84 86
14 25 62 58 58 62
14 26 48 47 45 45
14 27 10 14 13 10
14 28 62 66 59 59
14 29 65 67 63 63
14 30 62 59 60 65
14 31 84 83 82 83
14 32 39 39 42 37
14 33 86 82 80 86
14 34 46 42 49 45
14 35 71 69 66 66
14 36 74 67 75 71
14 37 21 27 29 27
14 38 43 46 46 39
14 39 11 14 12 13
14 40 6 15 10 5
14 41 81 78 80 77
14 42 51 48 51 55
14 43 55 50 49 52
14 44 50 55 51 48
14 45 17 22 24 21
14 46 22 24 21 29
14 47 84 83 79 81
14 48 36 34 33 35
14 49 84 85 85 81
15 16 55 55 58 57
15 17 60 60 54 54
15 18 30 28 29 35
15 19 31 28 34 34
15 20 2 8 9 5
15 21 28 25 32 28
15 22 35 36 37 35
15 23 66 60 67 65
15 24 63 63 64 62
15 25 3 5 9 9
15 26 61 57 62 63
15 27 53 48 54 52
15 28 83 78 81 79
15 29 85 80 82 83
15 30 21 26 19 28
15 31 47 49 45 48
15 32 82 77 74 78
15 33 21 25 27 19
15 34 64 64 58 66
15 35 94 87 88 87
15 36 70 65 66 69
15 37 47 46 48 44
15 38 78 79 72 77
15 39 62 55 60 65
15 40 36 36 41 35
15 41 29 27 35 34
15 42 95 89 94 89
15 43 52 54 49 55
15 44 63 58 63 62
15 45 8 9 13 13
15 46 94 86 88 93
15 47 17 16 16 24
15 48 32 36 30 29
15 49 6 10 8 8
16 17 56 59 60 57
16 18 18 21 21 21
16 19 90 90 90 85
16 20 61 61 65 64
16 21 38 41 40 37
16 22 97 96 95 94
16 23 66 67 69 61
16 24 80 82 79 76
16 25 50 45 51 46
16 26 28 28 34 28
16 27 35 32 40 33
16 28 70 70 64 63
16 29 32 34 30 37
16 30 91 84 84 89
16 31 40 37 41 45
16 32 88 82 85 83
16 33 94 90 87 90
16 34 35 40 38 34
16 35 91 83 86 87
16 36 31 29 29 37
16 37 94 85 91 91
16 38 75 74 78 75
16 39 20 19 27 21
16 40 90 88 86 83
16 41 89 86 88 88
16 42 86 87 87 86
16 43 84 81 77 79
16 44 29 34 32 29
16 45 41 46 41 43
16 46 99 99 94 92
16 47 98 92 93 89
16 48 75 73 72 71
16 49 40 44 39 40
17 18 77 73 72 71
17 19 69 68 63 65
17 20 98 91 93 97
17 21 11 15 15 13
17 22 54 56 57 54
17 23 26 25 33 32
17 24 73 70 66 69
17 25 93 87 89 85
17 26 26 33 29 29
17 27 74 71 71 67
17 28 97 89 93 90
17 29 94 85 88 94
17 30 63 59 64 65
17 31 44 49 50 44
17 32 6 10 15 7
17 33 89 84 85 82
17 34 44 41 48 49
17 35 0 9 4 9
17 36 30 28 35 30
17 37 46 45 49 45
17 38 55 59 58 54
17 39 39 41 42 45
17 40 57 59 61 58
17 41 43 40 42 45
17 42 88 82 88 82
17 43 53 50 49 54
17 44 88 85 87 82
17 45 35 33 39 40
17 46 92 92 85 86
17 47 27 32 33 33
17 48 35 36 32 33
17 49 49 50 50 46
18 19 71 67 68 66
18 20 64 59 65 59
18 21 11 17 16 18
18 22 16 21 24 22
18 23 0 4 5 3
18 24 24 23 25 31
18 25 74 69 73 70
18 26 48 48 46 46
18 27 26 33 33 33
18 28 7 13 10 12
18 29 49 49 51 49
18 30 65 61 64 60
18 31 54 53 58 54
18 32 76 73 75 73
18 33 47 45 47 46
18 34 44 43 42 46
18 35 69 67 67 67
18 36 84 80 85 79
18 37 24 29 26 23
18 38 19 18 21 26
18 39 91 92 87 82
18 40 18 26 22 18
18 41 6 11 6 11
18 42 0 9 5 1
18 43 45 48 42 50
18 44 82 74 75 79
18 45 86 79 83 81
18 46 98 95 94 94
18 47 32 34 36 33
18 48 7 11 7 16
18 49 54 58 56 55
19 20 61 56 54 57
19 21 23 29 23 24
19 22 79 73 79 80
19 23 52 55 53 54
19 24 74 75 67 67
19 25 77 71 73 77
19 26 55 50 51 56
19 27 31 38 36 38
19 28 72 68 73 74
19 29 37 35 34 39
19 30 4 12 12 4
19 31 37 38 34 41
19 32 45 47 45 48
19 33 70 70 71 69
19 34 62 63 61 59
19 35 91 85 83 82
19 36 66 62 66 63
19 37 40 36 46 40
19 38 64 61 64 58
19 39 30 33 29 29
19 40 32 36 35 34
19 41 59 56 54 59
19 42 82 80 77 82
19 43 50 47 52 50
19 44 0 8 5 4
19 45 36 35 37 32
19 46 96 91 87 93
19 47 24 26 29 24
19 48 97 96 97 94
19 49 94 86 88 91
20 21 30 30 31 32
20 22 93 87 85 93
20 23 34 33 32 37
20 24 45 49 43 42
20 25 61 64 59 59
20 26 25 28 26 25
20 27 94 88 85 92
20 28 47 52 47 49
20 29 51 51 51 51
20 30 31 34 29 29
20 31 88 84 88 83
20 32 76 70 74 73
20 33 21 21 28 19
20 34 4 4 5 14
20 35 42 39 46 44
20 36 46 45 48 49
20 37 48 45 52 50
20 38 66 63 65 64
20 39 93 83 84 92
20 40 45 41 42 46
20 41 4 12 11 10
20 42 25 31 27 31
20 43 30 28 30 35
20 44 29 30 35 28
20 45 48 52 48 49
20 46 60 60 58 63
20 47 23 24 26 22
20 48 42 45 42 45
20 49 3 8 4 7
21 22 84 80 80 82
21 23 24 27 27 26
21 24 24 30 24 24
21 25 65 59 66 64
21 26 27 28 31 32
21 27 44 49 44 45
21 28 37 37 39 39
21 29 57 53 61 52
21 30 43 44 41 40
21 31 82 77 76 84
21 32 68 66 69 62
21 33 87 78 85 86
21 34 35 39 40 34
21 35 19 21 27 24
21 36 40 42 42 40
21 37 1 10 10 4
21 38 35 36 34 39
21 39 27 34 27 26
21 40 27 25 29 25
21 41 33 39 35 34
21 42 4 11 13 8
21 43 40 44 39 41
21 44 90 83 91 82
21 45 6 13 15 7
21 46 2 12 3 4
21 47 54 50 55 56
21 48 80 81 81 82
21 49 69 71 65 68
22 23 30 27 31 30
22 24 82 74 76 77
22 25 92 92 89 85
22 26 7 9 11 8
22 27 42 39 41 42
22 28 51 49 51 54
22 29 60 59 58 58
22 30 68 69 70 63
22 31 92 88 84 88
22 32 2 7 2 11
22 33 91 90 84 87
22 34 86 81 84 84
22 35 16 15 18 17
22 36 87 81 83 81
22 37 94 88 85 88
22 38 55 52 54 49
22 39 35 36 41 34
22 40 8 13 16 17
22 41 65 62 61 65
22 42 32 38 39 36
22 43 4 7 5 13
22 44 66 61 61 60
22 45 18 18 23 23
22 46 65 59 59 68
22 47 92 89 88 90
22 48 87 84 86 84
22 49 10 9 17 14
23 24 94 93 85 93
23 25 85 84 81 85
23 26 29 31 36 27
23 27 51 46 55 46
23 28 41 42 47 37
23 29 88 81 85 81
23 30 45 44 49 50
23 31 63 59 63 66
23 32 0 8 4 8
23 33 5 6 8 6
23 34 52 53 47 55
23 35 57 59 52 58
23 36 1 5 4 4
23 37 41 41 46 40
23 38 5 10 7 12
23 39 43 45 47 45
23 40 48 45 53 51
23 41 28 35 30 29
23 42 77 71 72 76
23 43 85 86 78 80
23 44 38 37 41 41
23 45 22 30 23 26
23 46 35 35 37 32
23 47 45 44 49 49
23 48 26 24 25 31
23 49 96 96 93 88
24 25 68 61 62 65
24 26 80 78 73 74
24 27 44 45 46 46
24 28 98 98 93 93
24 29 34 31 34 36
24 30 92 87 86 83
24 31 22 21 27 26
24 32 91 91 86 83
24 33 34 36 31 39
24 34 20 27 20 28
24 35 4 13 8 4
24 36 84 82 81 77
24 37 37 41 34 36
24 38 93 90 89 90
24 39 74 72 73 71
24 40 58 53 54 59
24 41 71 64 73 73
24 42 88 83 83 79
24 43 37 37 39 42
24 44 60 63 63 62
24 45 56 59 52 53
24 46 47 46 47 48
24 47 36 38 37 41
24 48 30 28 33 32
24 49 11 11 20 10
25 26 53 54 51 51
25 27 35 39 33 34
25 28 75 74 68 77
25 29 11 15 17 19
25 30 46 42 49 46
25 31 89 87 88 80
25 32 30 30 35 32
25 33 59 58 61 53
25 34 3 3 6 5
25 35 80 80 74 82
25 36 19 27 24 20
25 37 11 18 19 13
25 38 30 34 36 36
25 39 4 7 5 6
25 40 36 39 39 37
25 41 91 84 83 83
25 42 51 52 47 50
25 43 72 65 73 73
25 44 34 35 31 37
25 45 35 38 41 35
25 46 59 59 57 54
25 47 20 24 21 27
25 48 95 92 93 90
25 49 39 39 42 41
26 27 19 20 26 17
26 28 6 15 12 12
26 29 67 70 67 60
26 30 98 98 93 92
26 31 40 40 43 43
26 32 14 16 20 15
26 33 77 70 73 74
26 34 55 55 59 59
26 35 80 77 82 81
26 36 31 34 36 30
26 37 11 15 11 13
26 38 85 83 79 77
26 39 20 18 20 24
26 40 44 45 49 44
26 41 52 56 50 55
26 42 7 15 9 9
26 43 92 90 93 89
26 44 46 45 45 43
26 45 15 14 17 20
26 46 62 56 56 57
26 47 29 36 28 29
26 48 54 56 51 49
26 49 76 70 70 70
27 28 5 14 8 8
27 29 99 99 92 91
27 30 95 86 87 93
27 31 9 15 15 9
27 32 15 17 23 14
27 33 2 8 9 5
27 34 94 94 92 92
27 35 95 86 91 86
27 36 56 52 51 60
27 37 77 71 72 79
27 38 8 12 15 8
27 39 84 79 84 76
27 40 76 70 69 74
27 41 89 90 81 83
27 42 48 49 47 45
27 43 67 68 61 64
27 44 47 47 44 45
27 45 65 60 68 62
27 46 84 77 79 85
27 47 50 48 54 54
27 48 63 62 62 60
27 49 70 72 65 72
28 29 33 36 38 32
28 30 97 91 94 96
28 31 1 4 1 2
28 32 87 83 80 79
28 33 11 11 19 12
28 34 51 52 55 46
28 35 97 89 94 89
28 36 30 34 32 29
28 37 67 69 67 64
28 38 7 16 13 11
28 39 4 9 9 9
28 40 55 58 53 54
28 41 22 21 25 29
28 42 32 29 31 34
28 43 88 84 86 79
28 44 60 63 62 59
28 45 92 89 89 89
28 46 26 32 30 23
28 47 91 87 89 90
28 48 91 84 88 84
28 49 92 91 84 88
29 30 99 94 89 98
29 31 38 34 38 39
29 32 54 58 55 49
29 33 44 42 43 44
29 34 17 19 16 22
29 35 76 75 69 75
29 36 86 85 87 87
29 37 14 14 13 23
29 38 27 29 30 27
29 39 79 76 81 79
29 40 69 67 68 71
29 41 28 35 26 31
29 42 77 75 75 72
29 43 18 21 19 23
29 44 35 38 41 33
29 45 24 23 26 31
29 46 87 83 81 87
29 47 55 54 59 51
29 48 26 27 33 25
29 49 81 77 83 75
30 31 92 85 85 90
30 32 82 79 82 79
30 33 63 66 62 64
30 34 15 20 21 19
30 35 27 26 26 24
30 36 99 92 93 93
30 37 8 13 8 9
30 38 88 84 81 84
30 39 15 18 19 21
30 40 67 62 62 68
30 41 92 91 85 84
30 42 28 32 28 31
30 43 10 13 17 18
30 44 70 69 63 68
30 45 49 52 52 51
30 46 20 24 25 20
30 47 68 62 70 67
30 48 37 42 40 36
30 49 30 30 37 31
31 32 53 56 50 54
31 33 81 82 77 79
31 34 1 7 7 3
31 35 77 79 73 78
31 36 5 9 5 11
31 37 20 25 27 25
31 38 4 13 10 7
31 39 48 52 50 46
31 40 55 53 58 53
31 41 45 43 48 49
31 42 38 40 43 36
31 43 89 90 83 82
31 44 90 81 90 86
31 45 64 61 65 59
31 46 7 10 13 7
31 47 9 15 9 11
31 48 28 25 34 27
31 49 74 68 75 69
32 33 8 14 10 16
32 34 82 76 74 83
32 35 71 67 67 70
32 36 19 18 20 24
32 37 93 84 88 88
32 38 59 54 58 59
32 39 90 87 89 89
32 40 82 83 79 74
32 41 39 39 37 38
32 42 66 67 59 67
32 43 91 87 92 85
32 44 38 39 36 41
32 45 65 63 60 65
32 46 18 17 25 22
32 47 69 71 66 65
32 48 25 23 23 23
32 49 45 45 47 46
33 34 95 93 92 95
33 35 18 21 20 23
33 36 50 54 53 52
33 37 51 49 54 50
33 38 91 88 89 87
33 39 81 73 81 83
33 40 78 74 73 76
33 41 21 26 19 20
33 42 45 42 49 47
33 43 10 12 18 18
33 44 44 48 45 42
33 45 75 70 76 76
33 46 43 42 40 42
33 47 41 39 37 44
33 48 75 74 74 75
33 49 52 47 48 50
34 35 36 32 38 34
34 36 94 94 93 85
34 37 55 56 53 57
34 38 52 57 53 54
34 39 95 87 95 91
34 40 12 12 14 14
34 41 97 93 94 96
34 42 65 66 64 63
34 43 26 26 32 31
34 44 49 52 52 45
34 45 88 85 86 82
34 46 84 80 82 77
34 47 43 49 44 49
34 48 62 63 59 64
34 49 88 82 88 81
35 36 17 15 20 23
35 37 37 37 35 41
35 38 70 66 66 70
35 39 66 63 61 63
35 40 35 32 37 39
35 41 24 27 31 24
35 42 60 63 59 55
35 43 43 44 46 47
35 44 95 86 90 86
35 45 28 28 25 31
35 46 89 82 84 81
35 47 34 38 34 40
35 48 64 65 59 58
35 49 78 79 74 72
36 37 13 13 18 14
36 38 62 62 56 64
36 39 8 9 12 11
36 40 77 76 75 71
36 41 21 25 20 26
36 42 19 17 21 26
36 43 92 85 89 91
36 44 33 35 35 38
36 45 4 7 12 6
36 46 33 30 39 33
36 47 87 84 84 79
36 48 33 32 36 39
36 49 18 23 23 24
37 38 89 85 89 89
37 39 55 55 54 53
37 40 17 20 24 21
37 41 88 89 85 86
37 42 60 55 62 55
37 43 35 39 37 35
37 44 10 17 10 18
37 45 43 39 46 42
37 46 69 71 64 72
37 47 25 24 25 30
37 48 43 39 41 48
37 49 23 22 27 20
38 39 69 69 67 70
38 40 73 73 66 73
38 41 41 42 45 40
38 42 27 31 27 30
38 43 65 63 64 60
38 44 8 10 11 8
38 45 22 22 24 22
38 46 88 89 88 88
38 47 27 33 31 28
38 48 40 41 40 43
38 49 49 49 47 47
39 40 54 58 51 57
39 41 30 31 29 30
39 42 8 8 16 7
39 43 2 5 3 8
39 44 15 22 23 18
39 45 30 36 28 33
39 46 64 59 61 63
39 47 2 6 4 10
39 48 36 42 41 39
39 49 57 55 61 54
40 41 88 80 83 83
40 42 46 44 45 50
40 43 90 86 81 82
40 44 71 69 70 70
40 45 12 12 12 18
40 46 79 72 72 79
40 47 98 91 93 92
40 48 5 14 13 9
40 49 87 82 79 84
41 42 48 51 49 45
41 43 81 77 76 75
41 44 55 58 56 56
41 45 13 14 16 17
41 46 7 12 16 16
41 47 97 90 94 89
41 48 93 90 87 89
41 49 74 73 68 67
42 43 88 79 83 81
42 44 97 90 94 96
42 45 78 73 71 76
42 46 1 7 9 9
42 47 31 30 33 32
42 48 23 29 22 25
42 49 14 13 16 21
43 44 90 90 89 83
43 45 11 13 17 18
43 46 59 54 55 58
43 47 38 39 38 37
43 48 53 52 53 51
43 49 56 55 51 55
44 45 35 40 39 41
44 46 2 2 4 2
44 47 82 81 77 83
44 48 41 41 45 39
44 49 35 40 40 33
45 46 19 20 22 19
45 47 51 48 52 47
45 48 71 66 64 69
45 49 33 31 37 37
46 47 23 26 26 29
46 48 8 11 13 8
46 49 42 40 42 42
47 48 17 19 17 22
47 49 19 19 18 26
48 49 88 86 79 81
