50
0 1 82 27 55 50
0 2 29 15 92 60
0 3 54 17 19 93
0 4 6 79 17 49
0 5 70 56 45 86
0 6 20 83 26 28
0 7 45 18 26 6
0 8 19 88 18 57
0 9 25 61 5 69
0 10 7 34 82 80
0 11 27 39 22 80
0 12 7 14 24 22
0 13 10 12 46 31
0 14 92 18 27 41
0 15 41 52 80 67
0 16 26 54 66 74
0 17 88 48 21 37
0 18 73 82 71 22
0 19 2 88 16 39
0 20 35 72 66 91
0 21 80 78 96 84
0 22 70 50 74 56
0 23 92 19 87 36
0 24 38 72 49 65
0 25 41 63 36 8
0 26 25 20 41 65
0 27 62 28 76 28
0 28 30 88 14 67
0 29 76 88 63 70
0 30 51 36 24 83
0 31 70 58 10 91
0 32 49 32 90 72
0 33 64 93 59 25
0 34 42 5 88 81
0 35 44 69 15 27
0 36 68 35 57 7
0 37 2 23 11 41
0 38 94 24 52 68
0 39 91 55 47 77
0 40 90 9 66 19
0 41 39 83 40 53
0 42 94 62 15 66
0 43 90 80 34 62
0 44 56 19 44 47
0 45 42 87 58 38
0 46 38 33 23 39
0 47 41 27 86 42
0 48 25 62 13 33
0 49 89 71 89 59
1 2 98 37 22 86
1 3 27 88 74 48
1 4 42 41 44 26
1 5 85 90 64 55
1 6 4 53 58 27
1 7 1 40 68 0
1 8 10 45 83 55
1 9 93 21 64 30
1 10 46 23 41 73
1 11 47 7 22 14
1 12 12 80 26 12
1 13 26 4 76 2
1 14 86 77 98 91
1 15 17 63 36 40
1 16 83 12 36 62
1 17 80 10 34 40
1 18 6 32 84 56
1 19 84 57 16 23
1 20 4 81 41 83
1 21 45 47 87 64
1 22 25 75 23 36
1 23 38 70 77 60
1 24 46 8 83 66
1 25 84 43 91 28
1 26 68 11 58 40
1 27 67 29 45 64
1 28 77 77 78 19
1 29 33 43 19 69
1 30 49 48 12 55
1 31 97 36 16 86
1 32 98 55 34 10
1 33 2 78 54 20
1 34 86 52 18 78
1 35 59 81 70 40
1 36 30 5 87 50
1 37 32 50 71 15
1 38 72 64 15 9
1 39 57 28 67 16
1 40 81 97 63 71
1 41 9 66 28 80
1 42 89 32 13 63
1 43 71 45 33 72
1 44 78 43 54 20
1 45 26 42 46 12
1 46 41 25 32 91
1 47 27 54 10 35
1 48 23 80 79 75
1 49 76 37 39 34
2 3 32 55 54 45
2 4 50 5 71 85
2 5 30 50 33 73
2 6 5 54 4 7
2 7 22 58 48 34
2 8 16 62 84 26
2 9 31 37 88 55
2 10 22 80 8 43
2 11 77 10 32 77
2 12 47 12 17 35
2 13 54 84 50 72
2 14 90 83 37 72
2 15 22 24 11 92
2 16 24 71 58 63
2 17 94 24 50 70
2 18 10 84 14 52
2 19 8 70 57 60
2 20 5 31 52 46
2 21 38 65 13 11
2 22 87 45 94 98
2 23 61 45 72 51
2 24 72 37 63 48
2 25 40 53 16 43
2 26 51 93 95 66
2 27 90 69 19 63
2 28 23 57 87 13
2 29 15 9 15 62
2 30 41 27 90 63
2 31 91 84 17 39
2 32 57 26 21 85
2 33 56 74 73 38
2 34 19 18 17 70
2 35 58 88 41 36
2 36 2 74 47 26
2 37 71 43 41 7
2 38 74 64 67 27
2 39 99 51 83 51
2 40 83 70 53 32
2 41 5 84 52 48
2 42 40 46 10 44
2 43 17 75 34 13
2 44 91 17 50 27
2 45 9 48 25 87
2 46 60 95 16 58
2 47 61 39 78 94
2 48 88 86 64 29
2 49 33 54 92 74
3 4 44 72 44 52
3 5 87 43 93 40
3 6 47 61 93 42
3 7 21 78 35 91
3 8 25 21 40 13
3 9 25 84 43 75
3 10 96 95 15 90
3 11 85 96 23 25
3 12 92 81 30 93
3 13 67 79 14 49
3 14 90 84 98 40
3 15 87 48 93 18
3 16 54 69 40 79
3 17 75 75 73 68
3 18 29 29 44 51
3 19 6 28 26 75
3 20 30 27 61 62
3 21 52 93 44 81
3 22 60 53 41 55
3 23 27 55 38 35
3 24 62 9 23 86
3 25 92 58 46 21
3 26 29 67 54 12
3 27 33 8 70 5
3 28 71 61 22 40
3 29 28 49 12 17
3 30 96 36 86 61
3 31 83 10 66 88
3 32 79 20 30 90
3 33 16 51 18 76
3 34 41 33 27 77
3 35 18 82 4 37
3 36 23 2 67 71
3 37 95 71 88 28
3 38 37 37 5 41
3 39 44 13 91 19
3 40 87 92 14 47
3 41 31 17 58 65
3 42 98 11 44 61
3 43 17 60 41 58
3 44 4 86 1 46
3 45 84 46 61 34
3 46 40 12 27 82
3 47 69 11 86 29
3 48 87 20 9 16
3 49 95 16 55 97
4 5 19 29 12 2
4 6 24 80 89 10
4 7 70 65 58 29
4 8 11 60 41 6
4 9 13 9 43 88
4 10 82 11 70 52
4 11 31 11 54 75
4 12 28 43 7 69
4 13 0 29 9 23
4 14 84 35 17 87
4 15 16 80 33 23
4 16 43 44 89 44
4 17 78 26 43 11
4 18 99 37 77 78
4 19 28 59 53 89
4 20 41 29 63 23
4 21 22 78 62 83
4 22 53 82 35 33
4 23 81 13 51 77
4 24 16 67 82 66
4 25 11 45 39 30
4 26 48 43 58 73
4 27 51 90 91 30
4 28 95 10 60 85
4 29 91 60 89 71
4 30 92 21 91 35
4 31 1 88 77 84
4 32 62 64 24 19
4 33 72 34 49 21
4 34 83 51 76 45
4 35 33 75 64 8
4 36 7 11 49 33
4 37 67 95 54 50
4 38 12 78 71 13
4 39 6 86 38 79
4 40 52 21 72 63
4 41 56 25 14 22
4 42 87 83 89 97
4 43 34 16 79 85
4 44 84 79 62 97
4 45 68 39 47 29
4 46 89 59 65 19
4 47 4 12 31 81
4 48 0 72 52 55
4 49 36 39 49 34
5 6 10 9 16 11
5 7 92 78 95 70
5 8 23 39 82 51
5 9 94 40 37 37
5 10 39 18 61 25
5 11 94 67 46 15
5 12 8 35 83 21
5 13 61 80 58 90
5 14 54 61 29 70
5 15 75 95 92 78
5 16 5 25 55 65
5 17 6 45 34 56
5 18 42 43 45 8
5 19 55 34 16 49
5 20 62 24 21 14
5 21 89 42 19 25
5 22 1 5 22 27
5 23 59 65 19 29
5 24 44 71 23 15
5 25 24 21 10 43
5 26 57 83 95 49
5 27 50 31 50 62
5 28 70 18 34 62
5 29 97 10 35 70
5 30 23 67 69 29
5 31 48 31 31 45
5 32 41 32 4 62
5 33 38 72 20 74
5 34 5 86 24 41
5 35 95 32 41 74
5 36 71 27 36 63
5 37 32 72 63 45
5 38 96 26 24 40
5 39 13 64 27 22
5 40 72 8 26 77
5 41 91 91 73 96
5 42 75 51 51 19
5 43 68 54 46 93
5 44 53 70 41 81
5 45 77 64 36 10
5 46 77 12 92 41
5 47 91 98 88 34
5 48 86 37 14 23
5 49 5 29 37 22
6 7 52 29 57 13
6 8 4 42 9 19
6 9 55 50 23 13
6 10 46 71 67 65
6 11 57 11 43 68
6 12 30 58 88 33
6 13 69 91 72 81
6 14 6 23 26 47
6 15 83 71 66 30
6 16 43 8 38 44
6 17 13 65 10 43
6 18 25 14 26 85
6 19 89 94 52 47
6 20 31 77 54 70
6 21 38 21 55 64
6 22 93 73 78 31
6 23 1 61 17 73
6 24 63 16 46 83
6 25 25 38 15 55
6 26 84 76 45 9
6 27 72 73 74 81
6 28 10 58 75 14
6 29 78 70 74 83
6 30 18 84 59 10
6 31 45 84 30 8
6 32 91 79 63 19
6 33 87 74 69 22
6 34 84 36 12 50
6 35 17 85 6 83
6 36 30 15 3 37
6 37 20 47 90 79
6 38 33 29 12 39
6 39 70 63 78 28
6 40 47 35 78 94
6 41 64 62 69 93
6 42 37 78 47 9
6 43 83 49 13 34
6 44 47 92 59 82
6 45 85 21 26 37
6 46 1 32 4 40
6 47 94 98 14 69
6 48 77 18 14 43
6 49 5 3 57 63
7 8 87 87 18 41
7 9 69 69 95 70
7 10 86 87 16 93
7 11 65 47 58 23
7 12 42 48 60 57
7 13 3 23 80 29
7 14 76 17 81 40
7 15 46 42 40 87
7 16 37 28 89 53
7 17 15 59 42 5
7 18 86 41 15 64
7 19 50 73 75 54
7 20 78 94 44 95
7 21 9 48 40 25
7 22 19 30 80 77
7 23 59 8 61 47
7 24 81 45 56 19
7 25 25 15 62 74
7 26 44 46 59 17
7 27 95 72 21 83
7 28 97 86 96 36
7 29 99 61 35 27
7 30 75 42 19 14
7 31 94 79 21 34
7 32 46 46 46 59
7 33 0 16 71 33
7 34 2 83 57 88
7 35 99 18 53 17
7 36 77 64 26 22
7 37 65 10 85 81
7 38 35 7 6 55
7 39 20 52 37 41
7 40 24 90 20 58
7 41 18 4 76 69
7 42 42 56 79 56
7 43 61 64 19 51
7 44 91 47 25 61
7 45 23 66 87 59
7 46 55 16 25 84
7 47 22 88 8 17
7 48 56 20 93 22
7 49 59 86 63 39
8 9 16 23 81 15
8 10 32 27 38 30
8 11 6 47 37 50
8 12 14 13 68 72
8 13 75 15 67 80
8 14 9 31 8 89
8 15 3 61 13 78
8 16 89 91 24 18
8 17 13 62 8 10
8 18 17 66 53 77
8 19 96 24 23 58
8 20 39 85 25 34
8 21 17 41 32 37
8 22 15 46 38 73
8 23 32 61 81 35
8 24 43 32 66 43
8 25 90 74 57 36
8 26 37 22 18 87
8 27 86 74 43 32
8 28 98 88 23 66
8 29 7 28 52 42
8 30 22 68 66 53
8 31 10 46 77 52
8 32 92 26 98 69
8 33 66 78 86 18
8 34 93 90 46 88
8 35 60 91 6 21
8 36 68 15 22 75
8 37 61 89 39 52
8 38 3 10 54 39
8 39 37 8 40 79
8 40 16 31 41 26
8 41 75 8 36 82
8 42 62 82 81 79
8 43 85 18 13 63
8 44 7 86 36 41
8 45 31 72 92 27
8 46 34 43 20 76
8 47 27 35 62 64
8 48 23 73 56 72
8 49 41 19 54 85
9 10 11 34 49 65
9 11 69 54 29 47
9 12 83 74 48 36
9 13 31 5 35 68
9 14 40 61 25 5
9 15 60 32 56 39
9 16 61 67 42 28
9 17 29 88 67 63
9 18 70 15 42 24
9 19 74 79 76 23
9 20 66 92 38 18
9 21 48 60 93 67
9 22 38 82 66 40
9 23 60 87 61 82
9 24 77 37 93 85
9 25 19 26 21 67
9 26 52 89 85 50
9 27 17 38 11 52
9 28 1 7 82 34
9 29 73 9 92 25
9 30 46 52 90 8
9 31 68 11 83 22
9 32 48 14 26 36
9 33 35 72 40 48
9 34 8 73 88 69
9 35 85 33 61 35
9 36 87 55 28 92
9 37 7 39 35 68
9 38 41 72 50 47
9 39 98 29 34 72
9 40 62 15 87 89
9 41 35 16 43 86
9 42 33 64 78 37
9 43 71 64 90 76
9 44 29 6 38 29
9 45 0 33 36 80
9 46 30 19 32 65
9 47 2 17 85 64
9 48 72 8 25 9
9 49 80 69 58 60
10 11 32 5 30 36
10 12 74 22 71 30
10 13 30 89 6 45
10 14 51 50 33 56
10 15 49 63 24 29
10 16 96 87 38 33
10 17 77 8 90 47
10 18 75 60 26 79
10 19 94 87 31 66
10 20 8 12 48 80
10 21 40 60 71 37
10 22 34 65 90 31
10 23 50 94 62 90
10 24 79 60 97 94
10 25 3 76 54 17
10 26 72 92 39 44
10 27 21 22 73 55
10 28 86 57 9 77
10 29 96 75 30 74
10 30 76 49 64 27
10 31 54 18 47 72
10 32 65 81 54 59
10 33 3 77 36 0
10 34 75 32 72 7
10 35 70 27 83 52
10 36 76 75 37 10
10 37 40 54 92 29
10 38 16 27 64 27
10 39 85 34 91 17
10 40 53 13 84 17
10 41 11 76 27 3
10 42 38 31 80 27
10 43 11 5 42 70
10 44 92 38 78 19
10 45 30 70 92 5
10 46 40 8 77 64
10 47 34 84 85 68
10 48 90 10 38 41
10 49 88 55 97 81
11 12 95 29 24 48
11 13 31 26 87 42
11 14 69 26 49 32
11 15 40 81 63 70
11 16 28 52 47 74
11 17 67 18 13 22
11 18 72 86 75 51
11 19 55 71 19 61
11 20 0 77 56 20
11 21 24 41 20 88
11 22 44 24 23 75
11 23 8 73 68 73
11 24 19 85 55 24
11 25 43 47 89 21
11 26 48 26 54 54
11 27 68 21 48 70
11 28 57 51 78 6
11 29 79 74 92 12
11 30 76 29 20 44
11 31 80 40 77 64
11 32 60 81 23 94
11 33 22 5 46 36
11 34 89 60 27 95
11 35 29 43 10 21
11 36 36 87 75 55
11 37 21 42 10 26
11 38 83 84 69 35
11 39 95 40 64 38
11 40 5 2 40 27
11 41 72 27 78 69
11 42 39 11 42 92
11 43 49 34 91 18
11 44 15 48 84 17
11 45 95 55 61 26
11 46 74 52 11 35
11 47 5 30 9 0
11 48 72 83 70 56
11 49 24 14 72 87
12 13 70 75 26 24
12 14 48 93 84 53
12 15 56 46 34 42
12 16 77 64 64 62
12 17 81 48 57 97
12 18 64 25 74 21
12 19 28 81 7 41
12 20 26 62 40 49
12 21 41 61 33 83
12 22 42 82 42 39
12 23 66 91 16 15
12 24 67 94 47 7
12 25 25 46 26 88
12 26 80 23 21 39
12 27 84 76 24 74
12 28 41 36 26 50
12 29 60 50 68 27
12 30 85 73 52 93
12 31 71 43 63 55
12 32 88 77 59 71
12 33 62 70 25 47
12 34 95 82 91 75
12 35 84 68 83 48
12 36 90 62 69 57
12 37 45 70 75 36
12 38 13 63 9 86
12 39 63 67 42 50
12 40 86 59 32 78
12 41 80 81 28 68
12 42 12 17 31 62
12 43 14 35 49 35
12 44 27 60 72 7
12 45 3 65 80 49
12 46 33 67 57 16
12 47 53 47 45 70
12 48 17 14 57 20
12 49 79 30 59 22
13 14 92 19 64 22
13 15 42 68 65 77
13 16 45 53 82 45
13 17 97 24 45 81
13 18 36 36 55 73
13 19 37 60 71 14
13 20 86 35 9 96
13 21 72 50 56 73
13 22 30 51 4 91
13 23 11 22 73 59
13 24 11 48 75 32
13 25 64 39 41 54
13 26 32 24 8 61
13 27 86 65 39 75
13 28 92 88 56 54
13 29 70 37 43 19
13 30 42 85 8 66
13 31 79 83 13 23
13 32 19 41 32 53
13 33 35 56 92 67
13 34 18 40 89 62
13 35 85 85 43 67
13 36 10 2 49 27
13 37 39 24 80 12
13 38 68 41 39 73
13 39 22 84 19 14
13 40 83 51 65 42
13 41 36 77 45 71
13 42 77 67 47 67
13 43 38 12 36 80
13 44 89 34 57 84
13 45 36 89 23 26
13 46 63 6 80 12
13 47 75 61 15 86
13 48 11 66 11 79
13 49 86 35 16 10
14 15 38 69 75 67
14 16 22 60 76 41
14 17 48 10 44 77
14 18 88 38 28 98
14 19 37 6 90 14
14 20 51 41 22 17
14 21 26 85 68 32
14 22 58 7 62 60
14 23 81 62 46 10
14 24 6 77 28 31
14 25 98 52 71 9
14 26 82 68 23 13
14 27 91 58 84 95
14 28 80 14 96 73
14 29 34 83 86 74
14 30 21 20 32 67
14 31 98 69 92 26
14 32 49 25 56 42
14 33 12 18 26 82
14 34 28 65 6 23
14 35 23 91 41 52
14 36 96 20 75 20
14 37 61 92 80 60
14 38 9 45 51 6
14 39 4 26 31 23
14 40 45 21 28 89
14 41 92 82 70 66
14 42 2 23 89 67
14 43 11 29 60 65
14 44 63 9 93 74
14 45 40 31 75 9
14 46 94 61 83 51
14 47 62 25 54 11
14 48 39 34 91 43
14 49 87 82 86 26
15 16 31 26 20 57
15 17 26 34 29 19
15 18 48 72 73 8
15 19 47 47 9 77
15 20 63 41 86 42
15 21 39 30 21 73
15 22 1 52 61 61
15 23 89 66 27 86
15 24 47 64 82 52
15 25 49 38 76 74
15 26 19 43 5 78
15 27 27 51 65 23
15 28 96 65 23 29
15 29 42 76 31 12
15 30 99 38 94 73
15 31 79 57 26 63
15 32 97 89 43 72
15 33 94 96 21 41
15 34 13 51 88 32
15 35 81 85 80 83
15 36 18 5 21 51
15 37 80 31 40 58
15 38 1 64 62 32
15 39 32 21 7 14
15 40 50 69 43 87
15 41 70 94 20 63
15 42 99 37 17 47
15 43 21 27 61 16
15 44 22 27 68 65
15 45 61 62 60 13
15 46 90 58 74 95
15 47 27 51 20 48
15 48 92 86 93 93
15 49 33 61 56 36
16 17 39 44 34 58
16 18 77 47 94 28
16 19 54 75 39 22
16 20 9 68 28 29
16 21 58 22 53 63
16 22 37 71 23 57
16 23 49 16 72 27
16 24 73 46 95 64
16 25 36 19 83 6
16 26 82 43 11 69
16 27 48 74 55 50
16 28 63 27 57 60
16 29 10 67 12 27
16 30 51 65 31 25
16 31 33 8 20 84
16 32 74 89 67 86
16 33 47 92 64 52
16 34 6 24 2 87
16 35 37 69 18 72
16 36 29 63 71 66
16 37 85 60 29 94
16 38 87 97 49 30
16 39 6 25 74 52
16 40 32 79 50 18
16 41 57 47 83 85
16 42 27 78 7 51
16 43 0 17 59 22
16 44 97 25 45 96
16 45 23 21 21 36
16 46 29 47 38 16
16 47 11 10 63 37
16 48 70 83 33 8
16 49 60 10 49 79
17 18 60 11 7 30
17 19 18 54 7 66
17 20 25 19 10 18
17 21 22 74 31 17
17 22 38 35 45 88
17 23 4 29 16 21
17 24 50 6 87 82
17 25 65 35 25 19
17 26 92 70 73 67
17 27 50 41 8 15
17 28 56 64 73 13
17 29 34 23 84 9
17 30 37 74 33 21
17 31 76 93 31 89
17 32 40 22 78 47
17 33 17 85 49 70
17 34 85 71 61 30
17 35 50 44 73 74
17 36 98 71 21 39
17 37 39 66 50 44
17 38 9 73 88 53
17 39 12 77 85 5
17 40 39 28 92 14
17 41 69 57 80 22
17 42 65 85 33 82
17 43 35 87 32 53
17 44 23 46 37 47
17 45 17 11 43 89
17 46 69 24 44 47
17 47 55 14 55 67
17 48 47 71 75 64
17 49 79 68 40 90
18 19 35 84 68 66
18 20 59 73 74 53
18 21 64 71 58 14
18 22 73 45 71 74
18 23 72 66 81 57
18 24 9 68 59 8
18 25 83 93 42 80
18 26 38 30 17 19
18 27 13 40 14 88
18 28 35 50 53 54
18 29 42 5 11 82
18 30 7 60 25 19
18 31 15 56 64 39
18 32 9 42 64 5
18 33 52 48 61 41
18 34 8 3 49 73
18 35 52 41 35 94
18 36 72 46 80 40
18 37 3 52 43 22
18 38 27 79 51 24
18 39 15 40 87 62
18 40 23 62 73 12
18 41 19 48 47 82
18 42 5 31 70 14
18 43 63 60 76 30
18 44 47 12 71 79
18 45 5 26 59 67
18 46 32 61 3 79
18 47 55 33 37 6
18 48 84 73 24 54
18 49 12 77 48 65
19 20 35 6 39 51
19 21 19 81 27 4
19 22 72 93 20 92
19 23 34 89 50 77
19 24 9 49 32 52
19 25 48 59 51 29
19 26 48 67 10 14
19 27 57 81 38 68
19 28 31 49 89 9
19 29 21 46 31 64
19 30 38 11 34 45
19 31 19 84 38 78
19 32 46 45 63 58
19 33 23 44 31 53
19 34 69 75 73 94
19 35 79 52 48 18
19 36 28 27 26 24
19 37 79 20 92 32
19 38 24 20 40 48
19 39 63 7 54 32
19 40 15 53 36 38
19 41 69 84 87 29
19 42 68 8 47 91
19 43 25 88 56 33
19 44 25 80 79 85
19 45 91 52 25 58
19 46 43 76 30 51
19 47 51 91 11 20
19 48 5 89 71 13
19 49 27 73 44 84
20 21 71 93 26 64
20 22 99 69 42 67
20 23 13 4 10 23
20 24 37 38 41 10
20 25 23 17 11 52
20 26 37 31 58 9
20 27 48 56 47 86
20 28 85 39 77 93
20 29 70 84 87 12
20 30 57 6 54 64
20 31 28 56 49 65
20 32 10 55 62 54
20 33 90 56 73 78
20 34 21 28 40 80
20 35 22 50 7 59
20 36 92 23 98 10
20 37 33 41 71 85
20 38 94 71 62 11
20 39 33 16 47 51
20 40 88 38 26 16
20 41 57 86 35 44
20 42 84 9 62 10
20 43 37 89 32 36
20 44 37 33 67 45
20 45 0 85 73 67
20 46 97 26 92 27
20 47 2 70 50 39
20 48 47 67 71 54
20 49 90 61 60 31
21 22 77 8 70 27
21 23 23 55 38 77
21 24 29 12 33 75
21 25 80 21 67 24
21 26 46 55 79 5
21 27 5 70 88 69
21 28 14 55 77 55
21 29 0 8 42 21
21 30 38 55 62 52
21 31 96 51 60 41
21 32 8 83 82 15
21 33 50 10 58 63
21 34 25 10 20 25
21 35 91 28 24 13
21 36 77 61 79 57
21 37 41 14 43 30
21 38 30 80 73 56
21 39 16 16 82 89
21 40 45 11 44 45
21 41 71 43 44 50
21 42 28 27 4 41
21 43 51 34 62 83
21 44 6 13 39 79
21 45 25 9 16 43
21 46 85 59 25 20
21 47 58 90 29 15
21 48 74 76 29 67
21 49 63 55 68 12
22 23 6 88 0 48
22 24 62 14 70 65
22 25 92 50 62 76
22 26 68 88 80 42
22 27 2 48 82 45
22 28 83 49 17 23
22 29 22 3 70 10
22 30 69 37 27 83
22 31 17 87 86 59
22 32 72 65 56 52
22 33 87 84 93 42
22 34 40 45 29 71
22 35 96 46 28 69
22 36 46 77 50 15
22 37 11 80 73 50
22 38 48 33 88 49
22 39 28 69 30 65
22 40 95 87 18 27
22 41 82 37 79 95
22 42 18 48 77 21
22 43 54 75 19 53
22 44 6 66 24 25
22 45 28 49 12 45
22 46 37 4 44 59
22 47 78 17 39 59
22 48 98 65 60 58
22 49 60 28 69 6
23 24 19 44 69 52
23 25 60 34 27 83
23 26 80 92 12 91
23 27 3 86 15 21
23 28 7 69 2 83
23 29 45 6 80 69
23 30 20 54 3 10
23 31 88 24 96 28
23 32 62 55 6 94
23 33 94 18 91 34
23 34 51 90 75 82
23 35 53 26 61 65
23 36 20 87 13 70
23 37 72 30 89 55
23 38 65 74 58 91
23 39 71 24 26 22
23 40 82 98 50 91
23 41 80 70 76 43
23 42 35 60 37 40
23 43 39 52 78 65
23 44 23 46 54 43
23 45 22 4 83 21
23 46 33 13 31 79
23 47 62 91 50 57
23 48 68 74 74 8
23 49 65 54 72 92
24 25 27 68 23 60
24 26 91 9 48 28
24 27 14 15 69 12
24 28 0 77 33 68
24 29 71 71 57 25
24 30 65 12 32 46
24 31 55 81 77 74
24 32 11 32 34 80
24 33 51 63 77 40
24 34 72 88 18 9
24 35 18 50 32 27
24 36 91 10 23 48
24 37 95 95 49 22
24 38 71 93 28 89
24 39 27 12 3 38
24 40 28 18 14 38
24 41 43 33 58 88
24 42 30 21 32 68
24 43 86 66 23 81
24 44 63 88 27 56
24 45 28 62 92 53
24 46 18 91 29 23
24 47 72 8 36 85
24 48 0 28 55 70
24 49 76 83 18 18
25 26 75 12 23 33
25 27 2 87 20 61
25 28 89 58 75 29
25 29 69 46 65 75
25 30 6 32 21 11
25 31 18 55 24 3
25 32 5 31 36 7
25 33 66 70 75 14
25 34 82 37 45 85
25 35 72 31 90 47
25 36 34 45 11 32
25 37 2 54 75 47
25 38 20 7 23 5
25 39 69 23 80 66
25 40 48 69 73 60
25 41 35 21 80 51
25 42 38 53 21 76
25 43 12 21 43 56
25 44 70 26 50 50
25 45 55 62 31 63
25 46 13 62 52 41
25 47 73 85 22 82
25 48 71 11 85 79
25 49 77 23 52 41
26 27 43 25 70 45
26 28 60 41 86 59
26 29 44 88 16 23
26 30 46 41 83 23
26 31 75 89 29 86
26 32 98 16 29 96
26 33 35 54 60 5
26 34 98 78 52 23
26 35 81 40 39 19
26 36 81 30 22 70
26 37 24 62 28 64
26 38 68 36 63 57
26 39 32 85 54 16
26 40 43 29 78 51
26 41 32 68 17 41
26 42 9 21 76 25
26 43 94 28 39 36
26 44 47 54 16 42
26 45 37 39 14 60
26 46 43 68 20 35
26 47 32 82 74 24
26 48 92 96 67 40
26 49 1 65 47 49
27 28 81 36 20 18
27 29 36 52 76 91
27 30 20 68 89 23
27 31 24 9 49 18
27 32 9 79 33 38
27 33 99 97 84 53
27 34 27 92 51 20
27 35 2 39 61 21
27 36 40 56 58 30
27 37 48 75 8 87
27 38 59 90 69 66
27 39 49 92 60 14
27 40 59 65 63 28
27 41 49 90 68 70
27 42 34 61 72 11
27 43 95 47 69 98
27 44 57 16 41 58
27 45 49 20 6 93
27 46 37 67 47 18
27 47 55 72 12 7
27 48 17 5 88 88
27 49 13 50 60 73
28 29 26 73 32 64
28 30 37 50 71 68
28 31 33 30 88 60
28 32 82 44 86 27
28 33 5 37 30 1
28 34 67 36 34 7
28 35 89 35 56 87
28 36 95 53 59 87
28 37 86 39 76 42
28 38 84 63 8 79
28 39 38 73 11 26
28 40 89 42 14 82
28 41 0 61 88 9
28 42 48 51 70 11
28 43 44 68 83 54
28 44 59 23 19 35
28 45 58 6 24 71
28 46 56 39 39 67
28 47 70 62 68 7
28 48 10 42 20 37
28 49 26 71 77 27
29 30 24 7 6 8
29 31 16 35 89 47
29 32 31 48 13 53
29 33 33 62 34 27
29 34 96 14 64 53
29 35 12 86 61 53
29 36 30 55 14 50
29 37 50 57 51 29
29 38 34 7 18 71
29 39 86 78 31 41
29 40 84 33 60 18
29 41 88 17 55 42
29 42 7 76 11 13
29 43 43 38 92 62
29 44 47 23 84 71
29 45 91 43 72 45
29 46 45 69 72 6
29 47 27 78 42 47
29 48 9 59 3 86
29 49 70 35 74 32
30 31 91 82 22 95
30 32 21 8 4 38
30 33 7 37 54 12
30 34 13 17 57 67
30 35 75 93 64 54
30 36 98 97 92 85
30 37 78 14 90 51
30 38 4 80 5 46
30 39 14 68 46 72
30 40 27 75 72 67
30 41 37 54 83 49
30 42 62 52 76 89
30 43 46 89 22 26
30 44 60 47 83 56
30 45 25 21 78 12
30 46 46 85 81 15
30 47 27 75 9 63
30 48 44 10 19 91
30 49 38 46 91 60
31 32 64 53 51 41
31 33 70 95 65 19
31 34 15 43 90 76
31 35 64 77 26 21
31 36 50 7 22 37
31 37 62 73 28 37
31 38 80 51 59 28
31 39 11 36 4 10
31 40 48 70 82 43
31 41 35 67 57 34
31 42 70 80 70 31
31 43 55 50 13 69
31 44 75 42 73 63
31 45 19 64 67 23
31 46 65 88 54 89
31 47 48 63 89 81
31 48 70 45 27 20
31 49 1 87 40 11
32 33 54 38 13 75
32 34 90 71 23 34
32 35 57 56 25 17
32 36 10 66 15 60
32 37 76 56 15 29
32 38 65 49 50 8
32 39 70 35 43 77
32 40 74 38 33 8
32 41 9 32 8 38
32 42 67 82 43 91
32 43 20 84 62 38
32 44 53 84 73 44
32 45 94 58 96 94
32 46 76 49 73 18
32 47 63 81 82 17
32 48 3 87 26 83
32 49 94 10 30 13
33 34 46 12 40 19
33 35 66 31 45 45
33 36 81 93 66 34
33 37 72 40 40 77
33 38 80 31 87 30
33 39 97 62 17 97
33 40 96 50 40 82
33 41 60 48 66 51
33 42 62 25 11 19
33 43 66 60 28 39
33 44 34 38 16 44
33 45 1 77 49 88
33 46 44 5 19 27
33 47 54 41 9 88
33 48 42 55 14 45
33 49 47 42 7 55
34 35 3 41 79 69
34 36 40 51 55 56
34 37 4 45 26 34
34 38 19 61 40 54
34 39 7 32 43 71
34 40 79 58 97 45
34 41 14 32 49 16
34 42 48 89 92 34
34 43 9 22 42 34
34 44 11 8 72 51
34 45 58 38 76 9
34 46 62 25 33 86
34 47 33 42 32 21
34 48 43 11 21 28
34 49 21 73 10 23
35 36 36 29 65 52
35 37 75 92 57 76
35 38 47 44 54 29
35 39 73 93 38 86
35 40 11 58 82 67
35 41 19 72 53 44
35 42 26 22 42 76
35 43 22 43 60 5
35 44 60 81 89 60
35 45 68 81 66 14
35 46 47 88 44 71
35 47 22 42 80 28
35 48 2 60 13 29
35 49 56 25 24 55
36 37 90 11 58 48
36 38 20 20 62 7
36 39 7 59 41 12
36 40 78 56 26 79
36 41 16 78 33 66
36 42 38 23 79 49
36 43 2 4 77 54
36 44 81 10 30 95
36 45 8 21 23 60
36 46 78 86 68 18
36 47 4 10 58 38
36 48 0 28 77 26
36 49 22 63 2 21
37 38 48 10 46 29
37 39 42 58 31 25
37 40 67 20 27 29
37 41 27 6 16 11
37 42 68 34 69 31
37 43 45 89 87 33
37 44 23 7 80 20
37 45 28 43 47 45
37 46 70 91 27 77
37 47 91 53 73 42
37 48 26 75 51 28
37 49 83 52 86 23
38 39 74 85 31 14
38 40 0 26 61 31
38 41 79 78 68 78
38 42 42 4 14 32
38 43 50 51 61 17
38 44 72 77 42 22
38 45 59 93 18 30
38 46 5 44 62 12
38 47 14 41 40 87
38 48 38 21 36 10
38 49 49 72 25 71
39 40 27 6 77 84
39 41 2 20 88 82
39 42 10 13 78 18
39 43 99 75 24 80
39 44 22 49 63 85
39 45 1 74 5 54
39 46 84 52 84 73
39 47 40 47 76 89
39 48 28 69 10 47
39 49 17 8 28 36
40 41 28 67 20 44
40 42 29 24 34 52
40 43 90 54 75 22
40 44 28 15 25 18
40 45 91 93 17 69
40 46 42 30 49 68
40 47 30 71 71 30
40 48 99 50 55 21
40 49 50 68 71 77
41 42 29 90 66 67
41 43 40 87 13 7
41 44 33 62 89 75
41 45 92 38 82 92
41 46 9 67 76 40
41 47 7 70 41 37
41 48 89 58 22 79
41 49 60 58 49 7
42 43 66 14 36 58
42 44 1 32 68 19
42 45 60 84 50 84
42 46 70 65 54 13
42 47 9 8 33 22
42 48 62 20 81 84
42 49 17 33 47 33
43 44 3 44 40 48
43 45 15 87 80 46
43 46 4 21 29 31
43 47 2 43 88 89
43 48 97 42 64 88
43 49 32 85 30 80
44 45 14 13 5 8
44 46 26 40 77 69
44 47 61 73 91 23
44 48 11 29 76 4
44 49 6 16 26 63
45 46 32 37 54 8
45 47 79 36 59 52
45 48 5 18 76 73
45 49 36 24 45 20
46 47 49 49 59 68
46 48 34 35 61 24
46 49 44 25 43 79
47 48 82 66 65 81
47 49 34 37 23 78
48 49 75 55 61 63
