50
0 1 54 69 62 45
0 2 88 59 89 91
0 3 3 23 12 41
0 4 68 71 61 84
0 5 90 61 67 78
0 6 53 36 29 72
0 7 68 77 64 53
0 8 78 44 71 54
0 9 37 33 59 25
0 10 71 59 80 77
0 11 64 70 79 56
0 12 8 35 16 20
0 13 79 82 68 75
0 14 76 67 46 81
0 15 45 57 59 58
0 16 37 31 38 35
0 17 73 78 57 79
0 18 35 46 52 57
0 19 7 37 38 44
0 20 88 70 89 51
0 21 6 27 31 19
0 22 30 39 56 59
0 23 4 36 27 43
0 24 39 37 40 57
0 25 98 67 78 95
0 26 30 44 42 47
0 27 74 63 83 84
0 28 86 54 84 81
0 29 79 66 66 85
0 30 25 21 53 33
0 31 71 49 71 66
0 32 29 35 37 29
0 33 74 38 43 69
0 34 80 61 42 49
0 35 50 70 32 33
0 36 15 9 49 47
0 37 78 64 73 62
0 38 9 39 23 53
0 39 14 46 56 54
0 40 70 46 69 68
0 41 7 51 38 18
0 42 74 73 41 80
0 43 7 11 45 6
0 44 68 40 66 52
0 45 66 44 48 73
0 46 78 39 56 73
0 47 12 29 48 20
0 48 36 50 60 32
0 49 98 91 78 84
1 2 55 52 49 31
1 3 44 52 28 66
1 4 43 42 50 68
1 5 85 60 45 79
1 6 3 48 50 3
1 7 10 10 39 27
1 8 12 53 20 40
1 9 59 59 56 61
1 10 94 91 89 57
1 11 64 45 68 49
1 12 80 54 48 53
1 13 8 8 5 32
1 14 3 16 1 50
1 15 68 72 49 57
1 16 84 57 82 53
1 17 24 38 23 37
1 18 49 53 61 37
1 19 46 59 33 36
1 20 97 88 80 85
1 21 85 66 91 78
1 22 46 59 25 35
1 23 37 43 21 68
1 24 45 35 57 41
1 25 62 38 35 41
1 26 75 62 42 67
1 27 72 78 55 37
1 28 9 6 16 54
1 29 92 65 84 70
1 30 36 58 57 51
1 31 38 31 39 50
1 32 42 42 47 48
1 33 60 56 56 53
1 34 57 56 29 52
1 35 54 62 39 50
1 36 73 54 63 44
1 37 14 13 34 25
1 38 14 41 22 48
1 39 35 60 27 21
1 40 14 54 26 32
1 41 30 22 35 45
1 42 28 26 49 35
1 43 78 44 50 63
1 44 16 55 50 38
1 45 87 74 55 53
1 46 73 40 79 50
1 47 12 45 43 32
1 48 4 24 15 14
1 49 14 50 49 27
2 3 23 15 43 61
2 4 99 85 78 74
2 5 62 54 62 78
2 6 71 50 82 38
2 7 56 51 76 72
2 8 21 17 21 27
2 9 69 69 72 59
2 10 71 38 41 53
2 11 65 53 69 57
2 12 40 64 64 24
2 13 33 45 21 32
2 14 30 49 55 51
2 15 37 61 19 49
2 16 44 54 38 35
2 17 9 37 22 18
2 18 10 50 54 19
2 19 57 75 77 29
2 20 93 77 87 77
2 21 95 55 68 84
2 22 47 25 37 73
2 23 40 55 54 68
2 24 33 19 32 25
2 25 99 52 69 74
2 26 38 56 68 33
2 27 40 34 42 25
2 28 49 31 48 51
2 29 40 26 36 36
2 30 52 60 33 70
2 31 69 54 70 82
2 32 56 35 37 31
2 33 67 83 40 46
2 34 4 47 40 15
2 35 26 31 31 36
2 36 68 83 73 67
2 37 20 30 33 59
2 38 79 53 58 74
2 39 80 43 55 64
2 40 64 55 74 72
2 41 24 60 58 46
2 42 92 79 76 85
2 43 45 72 57 56
2 44 79 74 50 84
2 45 27 48 46 14
2 46 14 24 49 52
2 47 86 77 76 53
2 48 73 84 66 37
2 49 79 45 57 50
3 4 59 69 75 34
3 5 48 33 71 65
3 6 23 30 49 23
3 7 72 73 66 46
3 8 49 54 28 28
3 9 66 74 53 45
3 10 8 25 14 22
3 11 9 49 29 38
3 12 23 60 12 57
3 13 82 82 80 82
3 14 75 59 82 58
3 15 38 33 37 36
3 16 29 23 37 46
3 17 7 30 13 19
3 18 14 32 18 50
3 19 34 20 39 36
3 20 38 57 47 38
3 21 21 23 24 30
3 22 4 41 21 29
3 23 79 85 68 42
3 24 27 41 54 30
3 25 73 75 74 55
3 26 98 84 53 80
3 27 10 38 23 29
3 28 43 70 69 37
3 29 52 68 61 46
3 30 93 82 48 95
3 31 75 67 54 82
3 32 63 77 43 36
3 33 41 49 35 50
3 34 78 54 76 80
3 35 38 58 33 43
3 36 77 44 40 51
3 37 44 53 44 27
3 38 49 25 61 74
3 39 93 87 90 60
3 40 19 46 41 43
3 41 20 14 29 22
3 42 31 33 20 43
3 43 28 41 57 52
3 44 50 25 27 66
3 45 19 35 20 33
3 46 76 49 51 40
3 47 31 16 24 61
3 48 40 54 26 60
3 49 65 64 44 51
4 5 7 36 32 5
4 6 63 77 74 70
4 7 38 35 61 62
4 8 42 53 23 69
4 9 41 41 44 54
4 10 19 27 10 15
4 11 68 51 79 81
4 12 49 64 36 24
4 13 41 68 54 53
4 14 40 61 23 34
4 15 84 72 44 52
4 16 74 50 78 66
4 17 17 30 44 23
4 18 76 45 82 43
4 19 64 62 65 57
4 20 28 55 35 32
4 21 78 53 67 50
4 22 52 75 30 39
4 23 58 60 43 72
4 24 76 44 82 61
4 25 89 77 86 53
4 26 80 60 89 49
4 27 80 67 40 49
4 28 40 53 61 50
4 29 40 38 70 20
4 30 68 75 41 80
4 31 69 71 81 37
4 32 87 81 86 57
4 33 37 26 33 45
4 34 40 43 69 30
4 35 70 70 73 82
4 36 41 26 36 59
4 37 7 27 28 23
4 38 43 54 39 23
4 39 26 25 24 29
4 40 8 22 23 48
4 41 58 63 44 56
4 42 42 54 65 29
4 43 4 42 26 34
4 44 59 38 33 50
4 45 6 4 33 35
4 46 59 44 35 76
4 47 54 38 61 74
4 48 39 40 52 28
4 49 13 52 16 53
5 6 80 61 84 54
5 7 53 58 68 34
5 8 4 41 20 16
5 9 60 57 61 31
5 10 84 47 86 68
5 11 52 62 30 48
5 12 52 71 35 51
5 13 92 59 54 64
5 14 88 74 72 59
5 15 90 59 58 82
5 16 32 25 35 52
5 17 88 80 90 60
5 18 49 64 72 52
5 19 3 14 6 36
5 20 27 17 27 27
5 21 71 38 44 70
5 22 51 32 68 60
5 23 58 66 78 68
5 24 74 85 80 46
5 25 19 37 39 47
5 26 84 44 82 76
5 27 28 19 37 51
5 28 2 27 21 6
5 29 94 83 74 73
5 30 27 24 17 50
5 31 44 26 22 32
5 32 6 26 32 6
5 33 39 61 21 32
5 34 0 11 21 35
5 35 0 47 10 20
5 36 59 74 48 73
5 37 43 31 49 42
5 38 3 43 26 18
5 39 15 14 12 47
5 40 38 24 61 59
5 41 94 62 83 77
5 42 57 43 36 69
5 43 67 34 70 83
5 44 25 52 22 22
5 45 30 46 30 56
5 46 85 89 44 68
5 47 59 37 42 52
5 48 94 70 56 51
5 49 22 47 36 55
6 7 42 56 22 28
6 8 87 87 49 50
6 9 24 16 47 46
6 10 1 20 9 6
6 11 66 44 74 48
6 12 60 52 73 31
6 13 51 67 41 74
6 14 78 72 65 63
6 15 69 80 73 48
6 16 18 13 49 27
6 17 32 46 39 26
6 18 46 34 70 49
6 19 93 69 87 47
6 20 16 22 49 37
6 21 21 25 35 26
6 22 11 55 55 10
6 23 87 46 89 57
6 24 46 58 44 23
6 25 79 68 55 78
6 26 39 20 25 42
6 27 72 84 39 51
6 28 72 82 76 81
6 29 79 43 57 79
6 30 62 60 74 69
6 31 46 33 61 28
6 32 39 50 43 37
6 33 69 55 70 57
6 34 69 76 47 68
6 35 19 56 10 56
6 36 48 32 56 49
6 37 36 51 37 29
6 38 66 73 48 41
6 39 84 66 67 49
6 40 96 58 82 65
6 41 67 67 59 61
6 42 26 22 51 45
6 43 92 46 56 91
6 44 59 41 60 55
6 45 61 47 44 64
6 46 51 39 61 32
6 47 99 49 53 57
6 48 43 34 26 32
6 49 7 13 16 53
7 8 97 81 97 67
7 9 41 69 50 37
7 10 4 27 5 14
7 11 67 61 42 69
7 12 17 44 40 49
7 13 26 15 47 40
7 14 58 44 73 57
7 15 60 39 44 54
7 16 11 18 33 41
7 17 39 46 39 36
7 18 58 43 70 74
7 19 42 69 49 54
7 20 57 45 71 78
7 21 78 74 74 85
7 22 57 57 60 45
7 23 96 69 58 62
7 24 72 42 40 36
7 25 53 27 35 39
7 26 2 17 34 7
7 27 60 53 44 79
7 28 2 16 47 25
7 29 67 59 61 45
7 30 75 64 69 53
7 31 57 50 77 72
7 32 37 61 60 47
7 33 50 45 60 40
7 34 52 74 67 49
7 35 92 82 77 88
7 36 19 45 40 59
7 37 88 72 80 83
7 38 84 43 88 50
7 39 49 68 43 73
7 40 49 64 63 56
7 41 78 70 75 65
7 42 87 83 60 70
7 43 14 13 24 34
7 44 55 28 41 34
7 45 3 26 48 39
7 46 28 52 48 61
7 47 69 83 55 47
7 48 47 35 25 46
7 49 38 23 64 38
8 9 66 39 38 55
8 10 16 57 36 50
8 11 27 34 62 19
8 12 84 45 56 84
8 13 23 14 53 15
8 14 45 71 55 35
8 15 44 51 32 35
8 16 51 57 59 35
8 17 75 56 73 40
8 18 8 48 47 33
8 19 6 43 42 22
8 20 14 50 36 31
8 21 48 65 74 55
8 22 41 42 22 44
8 23 65 52 51 51
8 24 78 75 47 79
8 25 84 51 75 81
8 26 31 20 47 35
8 27 18 40 44 20
8 28 62 75 77 64
8 29 52 74 35 33
8 30 93 78 72 47
8 31 27 44 18 31
8 32 21 57 40 42
8 33 3 12 34 3
8 34 93 87 94 75
8 35 89 66 69 85
8 36 84 43 48 89
8 37 93 68 63 58
8 38 63 68 64 67
8 39 19 49 35 41
8 40 3 49 6 50
8 41 57 74 55 65
8 42 37 43 20 58
8 43 25 38 53 24
8 44 67 38 66 73
8 45 16 46 38 39
8 46 27 56 40 54
8 47 1 31 47 43
8 48 50 43 46 72
8 49 48 61 39 39
9 10 57 69 71 65
9 11 79 68 73 66
9 12 18 54 46 56
9 13 64 75 79 76
9 14 27 35 54 21
9 15 36 38 47 67
9 16 51 52 59 60
9 17 81 72 90 80
9 18 90 78 83 69
9 19 13 50 23 15
9 20 53 67 28 32
9 21 26 34 47 24
9 22 38 47 62 32
9 23 21 48 39 14
9 24 50 63 40 48
9 25 34 63 50 59
9 26 73 56 40 71
9 27 56 30 70 56
9 28 85 42 88 57
9 29 24 49 24 41
9 30 83 88 48 84
9 31 59 57 50 78
9 32 84 69 64 69
9 33 94 60 78 52
9 34 76 38 77 58
9 35 32 19 33 43
9 36 47 49 58 47
9 37 50 52 30 66
9 38 6 17 46 17
9 39 33 56 45 27
9 40 44 63 56 53
9 41 78 57 64 45
9 42 81 55 75 82
9 43 14 35 21 35
9 44 55 70 67 75
9 45 94 76 94 71
9 46 89 88 86 55
9 47 7 21 32 45
9 48 59 34 61 58
9 49 81 68 41 78
10 11 85 55 78 79
10 12 12 30 21 41
10 13 56 50 72 60
10 14 5 39 37 11
10 15 36 40 31 19
10 16 90 59 78 75
10 17 71 76 72 71
10 18 26 56 42 42
10 19 56 32 67 49
10 20 1 29 13 2
10 21 81 61 46 85
10 22 25 43 44 16
10 23 45 48 71 23
10 24 51 53 41 39
10 25 87 78 89 74
10 26 61 55 80 65
10 27 26 43 49 19
10 28 39 62 22 33
10 29 25 15 16 17
10 30 66 57 65 54
10 31 29 53 53 46
10 32 99 74 72 82
10 33 95 53 86 81
10 34 38 40 22 52
10 35 16 21 19 32
10 36 12 23 11 44
10 37 85 88 80 66
10 38 7 37 34 41
10 39 8 50 53 11
10 40 52 32 54 70
10 41 89 62 59 55
10 42 92 85 95 59
10 43 20 10 39 48
10 44 13 38 43 23
10 45 60 57 65 49
10 46 82 85 72 47
10 47 21 40 16 53
10 48 92 65 73 89
10 49 59 55 40 37
11 12 98 51 72 88
11 13 28 31 48 62
11 14 10 46 14 32
11 15 75 83 84 49
11 16 44 41 33 41
11 17 58 74 77 63
11 18 28 46 32 28
11 19 91 57 74 70
11 20 4 13 32 4
11 21 74 66 42 57
11 22 72 46 44 50
11 23 92 92 86 58
11 24 74 75 85 69
11 25 13 26 12 36
11 26 56 43 62 60
11 27 2 8 42 6
11 28 23 44 52 56
11 29 55 50 34 38
11 30 50 30 25 59
11 31 34 58 43 50
11 32 68 55 80 81
11 33 48 66 53 67
11 34 89 61 87 81
11 35 68 38 70 69
11 36 47 30 28 46
11 37 66 33 72 53
11 38 73 38 48 62
11 39 22 48 50 60
11 40 0 16 42 9
11 41 50 68 57 57
11 42 85 55 46 73
11 43 37 49 66 56
11 44 47 37 27 73
11 45 56 37 75 59
11 46 17 47 21 49
11 47 35 63 41 34
11 48 97 52 95 97
11 49 73 84 62 52
12 13 94 56 96 68
12 14 47 29 64 62
12 15 68 36 71 56
12 16 37 42 47 53
12 17 20 16 45 28
12 18 37 33 26 60
12 19 31 35 29 24
12 20 98 92 52 85
12 21 1 47 32 16
12 22 65 73 70 35
12 23 21 22 60 49
12 24 44 42 64 27
12 25 55 46 65 72
12 26 75 59 81 52
12 27 24 44 12 61
12 28 96 86 61 52
12 29 17 48 43 41
12 30 88 71 85 70
12 31 38 56 24 42
12 32 78 62 57 67
12 33 73 37 85 77
12 34 33 65 51 63
12 35 3 3 20 28
12 36 3 30 48 12
12 37 14 14 29 52
12 38 5 38 45 12
12 39 10 18 14 16
12 40 87 53 66 50
12 41 95 80 92 48
12 42 87 48 93 76
12 43 72 37 60 85
12 44 63 43 73 67
12 45 72 57 38 80
12 46 66 78 62 70
12 47 14 51 43 49
12 48 44 64 70 32
12 49 58 54 61 29
13 14 19 15 34 45
13 15 18 56 58 29
13 16 41 67 32 22
13 17 45 61 51 39
13 18 42 54 38 33
13 19 33 19 62 20
13 20 79 64 87 62
13 21 41 46 41 22
13 22 30 46 19 48
13 23 14 11 41 57
13 24 20 56 34 29
13 25 90 77 65 65
13 26 37 46 43 54
13 27 86 87 51 56
13 28 6 16 50 21
13 29 88 81 93 66
13 30 14 40 56 27
13 31 0 9 45 3
13 32 49 58 42 70
13 33 17 31 24 12
13 34 32 16 31 41
13 35 38 49 58 50
13 36 38 40 48 33
13 37 46 41 62 65
13 38 93 85 77 53
13 39 63 75 72 46
13 40 19 51 9 22
13 41 15 55 49 38
13 42 25 61 26 26
13 43 66 63 81 66
13 44 52 32 33 43
13 45 68 78 72 47
13 46 21 17 44 19
13 47 79 67 58 45
13 48 14 30 36 22
13 49 87 52 59 78
14 15 91 49 94 55
14 16 29 46 30 53
14 17 63 48 80 68
14 18 14 53 21 46
14 19 81 90 66 86
14 20 98 63 89 64
14 21 1 2 44 14
14 22 71 82 82 38
14 23 28 27 34 59
14 24 22 53 18 23
14 25 30 62 18 16
14 26 63 66 75 51
14 27 59 57 49 79
14 28 39 64 52 23
14 29 2 18 15 10
14 30 30 55 42 32
14 31 80 78 72 72
14 32 49 56 55 37
14 33 57 45 57 30
14 34 58 39 33 75
14 35 92 68 83 75
14 36 77 53 75 68
14 37 69 43 68 37
14 38 51 70 62 75
14 39 30 60 19 15
14 40 30 37 62 31
14 41 34 28 43 49
14 42 39 40 25 44
14 43 23 36 61 17
14 44 77 82 74 67
14 45 32 28 57 58
14 46 71 61 70 60
14 47 18 35 20 10
14 48 52 69 32 60
14 49 19 48 53 39
15 16 39 67 36 50
15 17 74 55 68 70
15 18 81 57 73 81
15 19 5 27 48 8
15 20 58 78 36 51
15 21 5 19 48 9
15 22 10 28 36 23
15 23 55 30 28 31
15 24 81 81 66 75
15 25 74 50 67 47
15 26 3 34 20 25
15 27 49 57 55 65
15 28 18 21 22 24
15 29 51 31 47 52
15 30 33 25 51 29
15 31 60 69 51 51
15 32 37 23 41 57
15 33 56 29 49 62
15 34 28 49 14 64
15 35 36 30 32 41
15 36 59 59 77 67
15 37 99 72 93 90
15 38 89 94 50 49
15 39 76 43 49 60
15 40 99 78 80 88
15 41 12 29 49 47
15 42 46 56 49 61
15 43 80 56 70 47
15 44 77 83 81 54
15 45 94 94 53 76
15 46 46 69 38 55
15 47 41 66 51 25
15 48 41 33 28 69
15 49 43 54 62 58
16 17 36 59 51 24
16 18 72 62 65 70
16 19 35 38 50 66
16 20 2 3 32 47
16 21 87 76 83 66
16 22 95 93 69 93
16 23 26 43 18 28
16 24 12 22 32 15
16 25 29 51 62 49
16 26 51 39 46 54
16 27 28 64 15 43
16 28 73 47 45 61
16 29 68 43 75 55
16 30 57 40 38 68
16 31 77 81 50 48
16 32 45 27 60 46
16 33 13 30 19 11
16 34 13 55 47 52
16 35 23 46 16 38
16 36 34 24 60 17
16 37 23 37 33 32
16 38 60 79 68 43
16 39 16 39 55 43
16 40 72 73 75 83
16 41 31 62 27 63
16 42 65 55 76 33
16 43 26 49 29 17
16 44 26 32 41 36
16 45 68 35 74 72
16 46 13 43 48 32
16 47 41 44 30 48
16 48 97 50 59 68
16 49 69 67 38 50
17 18 45 25 30 57
17 19 37 54 30 32
17 20 16 18 27 23
17 21 80 49 48 86
17 22 49 43 45 63
17 23 87 45 57 67
17 24 1 12 47 17
17 25 7 11 19 37
17 26 99 80 65 85
17 27 53 76 47 68
17 28 64 74 61 77
17 29 1 22 1 49
17 30 30 48 49 20
17 31 73 55 79 45
17 32 87 77 80 64
17 33 63 56 71 38
17 34 54 34 49 48
17 35 49 73 34 37
17 36 32 36 25 58
17 37 7 6 48 19
17 38 38 46 44 63
17 39 15 9 23 10
17 40 98 64 61 61
17 41 12 36 46 8
17 42 41 52 44 64
17 43 8 42 52 7
17 44 29 20 50 54
17 45 95 75 52 79
17 46 41 40 33 29
17 47 52 60 75 72
17 48 88 50 51 57
17 49 12 32 40 34
18 19 15 43 9 22
18 20 38 43 22 31
18 21 83 57 50 44
18 22 33 33 35 28
18 23 60 72 54 64
18 24 94 53 92 65
18 25 67 78 46 64
18 26 14 29 53 8
18 27 9 41 39 17
18 28 41 25 20 28
18 29 79 88 50 89
18 30 5 32 24 10
18 31 97 89 58 54
18 32 0 19 38 5
18 33 50 38 26 31
18 34 51 32 50 69
18 35 15 43 32 27
18 36 63 32 47 58
18 37 89 48 92 52
18 38 86 56 91 44
18 39 93 54 61 77
18 40 44 36 38 29
18 41 73 41 39 60
18 42 80 46 46 63
18 43 65 57 72 74
18 44 3 49 24 41
18 45 43 39 37 26
18 46 25 58 20 19
18 47 43 66 51 63
18 48 80 74 74 57
18 49 46 25 39 46
19 20 70 81 35 59
19 21 69 78 35 65
19 22 19 57 55 55
19 23 21 31 31 50
19 24 51 35 64 46
19 25 55 47 43 62
19 26 35 27 63 56
19 27 67 68 67 44
19 28 52 47 75 44
19 29 51 61 60 42
19 30 75 45 59 46
19 31 96 78 88 59
19 32 98 77 51 87
19 33 85 47 74 78
19 34 68 39 72 45
19 35 64 51 41 51
19 36 26 57 45 19
19 37 17 26 38 43
19 38 48 70 55 34
19 39 76 67 85 62
19 40 49 56 71 49
19 41 15 51 30 24
19 42 30 21 53 64
19 43 76 48 56 86
19 44 12 6 7 40
19 45 81 75 59 58
19 46 34 58 33 31
19 47 88 58 73 64
19 48 42 42 24 42
19 49 79 51 49 50
20 21 86 90 74 46
20 22 63 64 33 52
20 23 8 20 41 30
20 24 34 36 64 60
20 25 52 42 69 36
20 26 1 37 42 29
20 27 61 64 49 60
20 28 75 69 44 56
20 29 63 32 33 70
20 30 66 54 50 66
20 31 98 86 97 81
20 32 17 46 17 33
20 33 39 51 32 40
20 34 42 27 48 64
20 35 38 46 22 68
20 36 78 71 87 86
20 37 58 31 33 53
20 38 31 46 17 61
20 39 4 41 35 7
20 40 20 16 51 59
20 41 55 73 61 49
20 42 19 38 42 28
20 43 27 36 34 57
20 44 47 62 35 31
20 45 17 17 37 55
20 46 52 26 55 45
20 47 48 61 69 47
20 48 95 52 85 75
20 49 4 47 51 3
21 22 12 10 26 39
21 23 33 27 30 56
21 24 26 21 57 54
21 25 28 58 27 25
21 26 43 58 23 41
21 27 9 15 31 35
21 28 52 71 32 51
21 29 53 67 32 54
21 30 22 18 35 41
21 31 93 61 86 82
21 32 68 76 65 34
21 33 99 49 50 82
21 34 70 48 62 74
21 35 9 10 50 28
21 36 42 33 41 38
21 37 44 54 64 71
21 38 64 64 58 50
21 39 11 9 37 36
21 40 6 20 52 13
21 41 15 9 50 33
21 42 42 71 34 56
21 43 48 31 73 69
21 44 21 37 36 16
21 45 96 63 68 91
21 46 90 89 71 60
21 47 50 29 47 35
21 48 7 18 35 14
21 49 29 30 39 30
22 23 20 32 20 46
22 24 62 77 38 53
22 25 80 47 58 69
22 26 56 71 42 50
22 27 45 59 24 28
22 28 48 44 52 55
22 29 84 75 44 80
22 30 17 51 14 48
22 31 21 17 45 43
22 32 30 38 47 62
22 33 44 43 46 23
22 34 90 58 52 49
22 35 49 39 45 59
22 36 56 70 56 36
22 37 44 60 55 42
22 38 32 43 58 33
22 39 40 48 36 60
22 40 50 74 74 73
22 41 12 17 42 42
22 42 76 47 86 71
22 43 62 40 56 79
22 44 36 56 67 66
22 45 95 94 88 56
22 46 6 25 36 4
22 47 28 32 58 15
22 48 78 41 40 64
22 49 92 47 66 47
23 24 78 49 44 81
23 25 13 16 54 39
23 26 68 52 69 74
23 27 37 28 57 39
23 28 72 64 46 52
23 29 37 42 20 66
23 30 85 61 75 67
23 31 72 45 68 51
23 32 83 80 70 68
23 33 75 52 85 79
23 34 81 80 82 71
23 35 94 66 71 53
23 36 31 44 63 57
23 37 7 47 6 52
23 38 76 78 44 69
23 39 38 55 52 44
23 40 37 63 59 64
23 41 53 64 54 40
23 42 99 64 76 82
23 43 80 79 70 78
23 44 53 38 58 36
23 45 90 59 93 69
23 46 6 15 45 7
23 47 75 66 65 43
23 48 30 47 53 21
23 49 79 73 55 68
24 25 32 36 16 51
24 26 67 52 46 83
24 27 62 74 33 37
24 28 41 58 21 22
24 29 33 40 32 40
24 30 39 32 58 32
24 31 5 39 33 12
24 32 12 40 28 50
24 33 6 11 37 26
24 34 76 65 39 68
24 35 50 32 39 55
24 36 65 37 39 65
24 37 81 67 46 58
24 38 11 39 18 29
24 39 44 40 55 59
24 40 76 81 47 68
24 41 34 29 61 43
24 42 50 42 70 62
24 43 31 27 43 58
24 44 46 53 72 64
24 45 58 75 49 56
24 46 96 76 80 75
24 47 13 46 26 36
24 48 32 18 58 41
24 49 62 73 69 52
25 26 72 67 39 57
25 27 19 28 57 15
25 28 11 55 9 24
25 29 54 59 53 61
25 30 55 39 63 28
25 31 29 42 63 59
25 32 87 83 63 79
25 33 6 11 17 8
25 34 47 44 39 56
25 35 78 71 78 77
25 36 51 41 51 41
25 37 23 16 60 59
25 38 40 27 52 67
25 39 66 63 81 70
25 40 51 52 30 40
25 41 84 86 44 77
25 42 87 76 57 72
25 43 73 63 70 82
25 44 28 48 59 18
25 45 59 60 60 67
25 46 15 55 17 40
25 47 6 16 28 23
25 48 34 41 58 31
25 49 43 40 30 58
26 27 90 95 68 67
26 28 66 68 65 45
26 29 31 58 35 33
26 30 83 85 43 74
26 31 56 72 29 40
26 32 0 40 44 35
26 33 8 5 36 27
26 34 48 58 62 34
26 35 42 23 32 34
26 36 49 49 47 54
26 37 86 82 53 76
26 38 87 78 81 85
26 39 3 19 49 37
26 40 44 24 53 36
26 41 33 26 47 38
26 42 81 77 86 66
26 43 35 61 53 21
26 44 34 34 42 23
26 45 27 43 55 18
26 46 89 94 86 79
26 47 48 38 25 55
26 48 41 47 54 59
26 49 39 51 27 37
27 28 36 45 48 67
27 29 88 78 91 74
27 30 85 78 71 67
27 31 52 37 63 66
27 32 18 12 48 13
27 33 81 46 79 63
27 34 45 40 71 33
27 35 9 44 34 16
27 36 67 55 49 68
27 37 96 67 97 61
27 38 56 67 56 61
27 39 4 50 5 46
27 40 4 19 46 42
27 41 13 56 21 9
27 42 38 52 34 68
27 43 48 41 40 32
27 44 20 24 45 10
27 45 18 20 18 44
27 46 99 67 50 66
27 47 34 35 35 33
27 48 61 56 43 54
27 49 93 73 62 82
28 29 98 53 97 65
28 30 89 86 62 71
28 31 56 63 44 53
28 32 85 69 70 90
28 33 49 41 27 61
28 34 82 45 64 42
28 35 35 43 43 40
28 36 38 41 64 44
28 37 93 95 69 94
28 38 97 83 93 86
28 39 88 81 64 65
28 40 24 44 58 59
28 41 64 79 35 57
28 42 94 95 56 89
28 43 45 41 53 62
28 44 44 28 43 55
28 45 96 78 96 77
28 46 81 60 63 49
28 47 73 52 85 75
28 48 16 36 46 25
28 49 64 41 63 51
29 30 19 24 12 54
29 31 97 62 77 51
29 32 6 17 9 7
29 33 26 41 44 50
29 34 53 33 64 33
29 35 39 57 56 42
29 36 60 80 60 78
29 37 94 53 63 69
29 38 62 40 62 78
29 39 77 79 70 77
29 40 71 44 81 35
29 41 4 4 51 22
29 42 33 34 36 44
29 43 48 48 29 60
29 44 1 50 47 24
29 45 71 61 54 42
29 46 23 13 32 50
29 47 41 29 56 41
29 48 19 49 37 11
29 49 95 97 83 62
30 31 69 55 75 72
30 32 81 64 77 62
30 33 90 63 53 62
30 34 75 69 46 71
30 35 10 49 37 48
30 36 91 76 61 94
30 37 83 68 59 87
30 38 95 68 55 62
30 39 33 22 17 47
30 40 24 60 23 59
30 41 91 91 79 82
30 42 65 65 46 49
30 43 10 48 16 8
30 44 49 46 64 71
30 45 14 51 15 52
30 46 2 33 44 18
30 47 18 49 9 15
30 48 50 65 73 32
30 49 52 35 51 69
31 32 66 71 71 67
31 33 26 21 24 56
31 34 50 38 61 49
31 35 38 63 58 29
31 36 56 45 73 76
31 37 32 48 38 42
31 38 66 77 38 62
31 39 26 43 35 52
31 40 68 55 62 71
31 41 91 80 95 91
31 42 11 8 51 6
31 43 63 59 51 70
31 44 33 44 56 34
31 45 71 41 85 82
31 46 97 55 85 51
31 47 28 18 42 59
31 48 35 51 28 60
31 49 16 8 22 45
32 33 40 35 64 57
32 34 22 27 13 25
32 35 6 22 38 31
32 36 95 93 93 47
32 37 23 24 49 36
32 38 27 26 55 38
32 39 60 43 58 57
32 40 50 55 61 36
32 41 24 51 48 40
32 42 95 69 95 54
32 43 58 35 66 32
32 44 59 30 49 68
32 45 65 54 55 67
32 46 54 39 35 34
32 47 58 66 74 45
32 48 27 44 46 63
32 49 53 65 37 49
33 34 67 70 61 40
33 35 79 76 88 50
33 36 74 39 75 39
33 37 84 45 84 81
33 38 28 56 27 34
33 39 59 77 74 74
33 40 72 53 73 73
33 41 0 15 7 31
33 42 43 26 25 63
33 43 30 62 59 47
33 44 53 53 38 33
33 45 0 19 25 46
33 46 75 65 46 40
33 47 46 33 47 65
33 48 77 87 51 49
33 49 2 33 25 25
34 35 5 5 25 52
34 36 75 40 70 87
34 37 34 58 48 31
34 38 73 61 62 42
34 39 8 8 30 5
34 40 16 9 49 36
34 41 95 76 65 83
34 42 55 31 54 51
34 43 12 10 30 39
34 44 7 36 27 25
34 45 70 52 49 84
34 46 75 53 78 47
34 47 71 76 54 59
34 48 28 29 49 24
34 49 49 30 48 28
35 36 48 28 32 35
35 37 32 45 28 63
35 38 78 40 55 74
35 39 76 64 39 74
35 40 98 66 66 92
35 41 98 67 94 83
35 42 32 47 29 36
35 43 81 50 53 44
35 44 44 39 53 70
35 45 55 68 49 31
35 46 93 66 85 62
35 47 4 40 24 16
35 48 60 62 50 67
35 49 46 58 72 34
36 37 12 41 24 38
36 38 84 50 84 48
36 39 78 69 60 75
36 40 36 66 50 21
36 41 28 29 46 50
36 42 56 72 40 45
36 43 16 34 32 24
36 44 17 14 13 42
36 45 8 24 19 48
36 46 68 53 38 43
36 47 31 64 38 51
36 48 10 11 54 51
36 49 74 67 70 57
37 38 70 84 70 44
37 39 24 30 21 38
37 40 70 48 71 63
37 41 40 21 46 69
37 42 38 49 56 56
37 43 92 68 57 90
37 44 19 54 56 16
37 45 33 62 32 63
37 46 41 24 55 68
37 47 89 79 85 69
37 48 17 52 48 40
37 49 46 73 57 61
38 39 70 70 49 83
38 40 81 86 51 79
38 41 19 48 50 16
38 42 21 36 52 48
38 43 1 26 16 4
38 44 80 45 63 56
38 45 66 36 70 52
38 46 11 55 17 31
38 47 16 20 53 10
38 48 17 52 16 49
38 49 75 39 85 69
39 40 39 32 67 66
39 41 42 67 33 26
39 42 29 56 17 28
39 43 54 50 49 34
39 44 3 1 27 50
39 45 93 91 59 95
39 46 98 55 50 55
39 47 81 70 44 49
39 48 98 84 72 85
39 49 9 39 52 20
40 41 40 37 22 62
40 42 84 57 76 66
40 43 23 18 33 42
40 44 18 16 44 42
40 45 32 23 37 44
40 46 2 45 11 40
40 47 95 87 89 83
40 48 77 47 86 69
40 49 30 54 22 31
41 42 85 55 77 86
41 43 99 67 80 71
41 44 90 84 84 54
41 45 47 26 49 59
41 46 73 42 61 50
41 47 40 39 20 53
41 48 22 48 21 56
41 49 15 43 53 22
42 43 84 46 79 62
42 44 48 64 39 56
42 45 36 58 23 60
42 46 34 29 32 39
42 47 23 23 35 53
42 48 55 32 31 75
42 49 24 42 20 32
43 44 43 24 44 53
43 45 51 61 67 71
43 46 74 50 70 70
43 47 19 40 33 35
43 48 71 54 54 83
43 49 36 48 19 59
44 45 62 44 33 39
44 46 25 12 38 60
44 47 5 4 28 50
44 48 28 60 16 52
44 49 86 64 75 46
45 46 20 21 56 57
45 47 85 47 55 84
45 48 51 65 57 39
45 49 19 59 29 48
46 47 47 38 38 52
46 48 24 35 30 36
46 49 74 45 75 60
47 48 80 78 59 66
47 49 43 62 57 61
48 49 83 48 55 62
