50
0 1 40 58 48 45
0 2 18 42 20 21
0 3 53 56 63 62
0 4 99 97 93 94
0 5 0 29 2 24
0 6 21 41 25 43
0 7 82 76 68 70
0 8 7 8 26 31
0 9 99 90 92 78
0 10 40 43 44 43
0 11 37 28 28 33
0 12 14 15 23 29
0 13 50 50 42 43
0 14 9 34 25 23
0 15 31 34 35 23
0 16 95 75 67 76
0 17 4 9 29 17
0 18 28 43 20 48
0 19 27 34 19 38
0 20 5 16 25 20
0 21 38 35 37 26
0 22 5 19 30 8
0 23 79 79 74 80
0 24 26 47 33 38
0 25 44 52 52 42
0 26 75 64 58 70
0 27 37 28 54 44
0 28 15 38 39 36
0 29 92 80 70 76
0 30 5 12 22 28
0 31 85 86 87 68
0 32 67 52 58 65
0 33 15 40 29 19
0 34 83 63 60 63
0 35 16 31 14 30
0 36 61 48 71 56
0 37 13 29 25 29
0 38 31 49 23 37
0 39 79 81 64 85
0 40 17 30 13 27
0 41 78 67 84 67
0 42 3 26 14 9
0 43 10 14 29 9
0 44 85 62 82 62
0 45 41 31 42 46
0 46 3 22 23 11
0 47 61 72 55 67
0 48 67 55 61 54
0 49 61 52 52 61
1 2 45 52 59 55
1 3 26 48 48 24
1 4 17 31 29 33
1 5 20 43 22 42
1 6 81 73 59 60
1 7 69 58 51 76
1 8 78 63 78 82
1 9 67 65 55 51
1 10 93 72 79 80
1 11 89 89 72 86
1 12 13 30 14 37
1 13 24 42 46 20
1 14 44 38 54 43
1 15 61 60 71 59
1 16 18 17 19 31
1 17 25 34 25 26
1 18 45 43 34 42
1 19 37 47 49 33
1 20 43 36 35 31
1 21 24 30 28 32
1 22 77 62 57 67
1 23 58 61 51 69
1 24 82 65 58 59
1 25 59 68 46 51
1 26 98 78 79 69
1 27 6 20 32 10
1 28 11 15 32 26
1 29 55 55 47 39
1 30 10 27 22 9
1 31 33 25 51 37
1 32 77 78 59 81
1 33 29 36 38 35
1 34 62 73 46 46
1 35 85 84 67 83
1 36 37 31 29 41
1 37 43 58 36 54
1 38 80 62 85 68
1 39 75 82 81 79
1 40 38 47 34 55
1 41 27 47 43 27
1 42 20 29 39 35
1 43 61 49 57 43
1 44 99 73 79 82
1 45 82 72 67 84
1 46 92 83 86 82
1 47 11 31 22 21
1 48 7 21 5 27
1 49 31 46 38 40
2 3 37 41 35 34
2 4 80 62 76 61
2 5 31 48 39 30
2 6 13 10 14 32
2 7 74 79 77 73
2 8 8 7 29 33
2 9 88 83 62 85
2 10 11 22 34 33
2 11 44 41 55 41
2 12 32 26 37 42
2 13 58 54 65 65
2 14 63 55 46 74
2 15 65 70 71 56
2 16 33 47 23 37
2 17 99 89 69 83
2 18 63 70 46 59
2 19 74 66 59 59
2 20 24 43 42 28
2 21 67 66 71 65
2 22 62 63 56 67
2 23 4 9 20 15
2 24 66 71 74 54
2 25 58 66 64 42
2 26 20 26 17 30
2 27 98 93 88 71
2 28 47 62 48 47
2 29 90 86 92 89
2 30 50 40 36 58
2 31 71 55 55 76
2 32 97 75 86 74
2 33 24 41 27 22
2 34 23 25 40 24
2 35 54 38 54 38
2 36 77 58 63 65
2 37 58 67 69 70
2 38 16 17 40 24
2 39 56 63 68 48
2 40 2 21 17 8
2 41 43 56 59 58
2 42 82 85 65 67
2 43 41 52 36 42
2 44 40 50 30 39
2 45 95 93 82 88
2 46 0 19 29 2
2 47 41 47 44 31
2 48 51 64 58 45
2 49 40 34 43 31
3 4 8 23 8 34
3 5 74 56 69 67
3 6 14 37 17 16
3 7 3 4 22 29
3 8 34 30 30 31
3 9 38 48 31 37
3 10 85 79 63 64
3 11 27 37 19 45
3 12 31 45 31 38
3 13 95 90 67 74
3 14 68 74 66 70
3 15 2 14 17 26
3 16 5 13 16 18
3 17 55 55 41 40
3 18 76 73 55 53
3 19 15 18 20 18
3 20 44 47 56 59
3 21 86 88 81 89
3 22 18 16 34 34
3 23 31 31 31 27
3 24 78 72 59 81
3 25 42 36 46 55
3 26 48 58 45 57
3 27 63 59 48 66
3 28 17 25 13 30
3 29 63 45 56 54
3 30 26 32 41 39
3 31 74 66 77 72
3 32 43 57 57 37
3 33 65 72 52 66
3 34 71 54 68 54
3 35 79 72 79 56
3 36 30 32 25 41
3 37 46 61 62 41
3 38 49 37 59 52
3 39 89 63 66 74
3 40 39 45 35 36
3 41 21 41 25 17
3 42 26 36 20 19
3 43 46 45 59 46
3 44 54 56 58 62
3 45 87 77 72 64
3 46 57 46 55 63
3 47 86 67 80 65
3 48 6 31 6 28
3 49 27 37 30 38
4 5 54 53 64 67
4 6 79 79 67 70
4 7 49 60 41 52
4 8 46 58 61 34
4 9 22 32 25 17
4 10 10 10 20 31
4 11 33 30 42 32
4 12 83 64 69 73
4 13 16 12 20 28
4 14 75 67 82 56
4 15 12 18 13 28
4 16 96 71 68 83
4 17 15 28 38 15
4 18 21 17 23 42
4 19 39 33 27 57
4 20 68 67 62 69
4 21 1 24 3 23
4 22 66 58 75 49
4 23 33 48 48 42
4 24 67 58 60 62
4 25 18 21 39 22
4 26 65 47 67 57
4 27 37 40 42 34
4 28 73 56 70 78
4 29 36 28 26 29
4 30 75 69 82 78
4 31 41 30 41 51
4 32 21 16 41 35
4 33 99 86 84 98
4 34 97 73 76 81
4 35 42 32 57 54
4 36 4 20 25 21
4 37 20 38 34 20
4 38 33 31 51 39
4 39 30 33 24 27
4 40 64 57 51 74
4 41 3 15 21 11
4 42 54 53 54 55
4 43 96 86 73 82
4 44 40 34 39 32
4 45 81 61 62 70
4 46 87 68 77 72
4 47 20 21 39 22
4 48 33 31 30 50
4 49 80 63 70 64
5 6 67 71 51 77
5 7 79 74 81 73
5 8 43 36 36 37
5 9 13 29 38 32
5 10 96 82 85 85
5 11 88 79 83 87
5 12 12 36 13 28
5 13 24 44 22 27
5 14 55 41 55 51
5 15 23 25 27 43
5 16 63 51 62 54
5 17 85 84 79 67
5 18 92 91 70 80
5 19 66 58 62 61
5 20 32 25 39 27
5 21 27 33 27 37
5 22 75 57 55 65
5 23 39 40 54 28
5 24 84 88 59 72
5 25 8 33 32 28
5 26 21 19 19 39
5 27 52 39 53 37
5 28 85 88 70 87
5 29 25 17 20 43
5 30 62 61 63 70
5 31 3 10 21 10
5 32 36 47 31 54
5 33 87 87 77 83
5 34 93 82 74 74
5 35 64 63 69 56
5 36 90 89 75 85
5 37 80 77 86 59
5 38 7 24 28 28
5 39 92 93 81 83
5 40 74 59 78 53
5 41 92 73 81 73
5 42 8 17 34 18
5 43 49 39 38 64
5 44 90 74 87 73
5 45 33 41 31 53
5 46 55 59 47 65
5 47 31 22 35 40
5 48 87 79 74 70
5 49 73 77 70 61
6 7 68 68 78 76
6 8 37 51 34 49
6 9 58 67 65 59
6 10 76 58 78 77
6 11 91 92 93 66
6 12 92 69 75 64
6 13 80 79 66 58
6 14 96 83 91 85
6 15 32 25 29 24
6 16 50 60 36 61
6 17 20 18 16 35
6 18 16 30 16 13
6 19 31 35 42 23
6 20 92 90 87 67
6 21 41 34 34 34
6 22 43 45 45 55
6 23 70 56 51 54
6 24 20 37 28 37
6 25 60 50 50 66
6 26 3 21 3 16
6 27 96 70 86 71
6 28 11 28 16 16
6 29 54 52 64 50
6 30 19 16 40 17
6 31 76 79 54 62
6 32 21 31 42 39
6 33 27 32 40 48
6 34 19 26 27 19
6 35 90 83 83 84
6 36 25 20 39 44
6 37 26 40 43 28
6 38 8 15 16 10
6 39 37 45 46 55
6 40 67 67 58 56
6 41 70 61 59 72
6 42 97 70 97 78
6 43 23 31 32 44
6 44 41 57 52 43
6 45 79 76 75 63
6 46 69 63 71 52
6 47 42 45 56 48
6 48 83 76 77 78
6 49 76 63 60 69
7 8 90 70 88 82
7 9 15 25 17 22
7 10 30 28 43 30
7 11 73 55 80 65
7 12 43 43 41 59
7 13 94 84 71 71
7 14 16 40 19 17
7 15 98 84 72 80
7 16 62 63 70 65
7 17 3 22 22 18
7 18 94 69 82 89
7 19 61 55 60 53
7 20 87 84 88 84
7 21 55 68 59 45
7 22 68 52 52 51
7 23 84 69 76 75
7 24 27 28 24 43
7 25 44 49 44 55
7 26 50 47 44 37
7 27 9 29 16 15
7 28 48 42 48 62
7 29 68 71 72 64
7 30 79 81 77 78
7 31 83 78 73 86
7 32 37 37 40 50
7 33 9 13 28 8
7 34 14 24 12 21
7 35 27 45 40 35
7 36 44 32 54 35
7 37 63 63 50 51
7 38 2 22 28 18
7 39 63 64 72 59
7 40 26 34 48 25
7 41 55 50 52 39
7 42 65 66 65 48
7 43 9 36 15 12
7 44 28 25 42 39
7 45 44 34 33 49
7 46 98 85 71 79
7 47 12 26 32 9
7 48 2 7 28 29
7 49 25 34 43 43
8 9 62 45 53 54
8 10 18 36 16 36
8 11 38 34 38 31
8 12 0 7 9 1
8 13 12 34 17 18
8 14 80 80 71 76
8 15 81 85 61 63
8 16 95 86 68 78
8 17 23 28 34 29
8 18 63 66 73 52
8 19 95 92 79 96
8 20 88 68 70 88
8 21 28 34 28 47
8 22 55 53 60 44
8 23 40 44 30 41
8 24 1 14 9 26
8 25 85 82 69 84
8 26 73 74 54 59
8 27 26 35 42 33
8 28 45 49 53 52
8 29 88 78 84 63
8 30 83 65 87 86
8 31 70 59 73 54
8 32 25 42 22 30
8 33 11 15 23 34
8 34 49 40 43 63
8 35 32 49 24 22
8 36 50 60 47 43
8 37 85 64 71 89
8 38 24 43 33 31
8 39 52 36 62 64
8 40 61 44 51 44
8 41 61 52 43 64
8 42 20 35 29 32
8 43 11 19 38 30
8 44 74 72 53 59
8 45 29 40 27 29
8 46 53 64 65 49
8 47 89 71 90 87
8 48 84 76 88 60
8 49 83 79 66 72
9 10 4 11 20 23
9 11 3 9 4 3
9 12 69 72 71 65
9 13 51 52 51 58
9 14 50 42 60 48
9 15 86 68 66 88
9 16 48 61 41 38
9 17 8 33 14 35
9 18 46 53 57 55
9 19 36 50 41 42
9 20 71 80 80 71
9 21 52 53 46 48
9 22 78 67 74 73
9 23 93 69 87 88
9 24 53 62 44 59
9 25 52 39 60 41
9 26 92 93 67 94
9 27 11 25 19 28
9 28 72 52 54 73
9 29 24 47 41 19
9 30 18 35 16 40
9 31 59 68 54 68
9 32 39 44 40 37
9 33 83 59 61 60
9 34 35 49 30 49
9 35 34 32 39 29
9 36 17 21 26 37
9 37 19 27 29 30
9 38 79 56 80 60
9 39 18 23 22 35
9 40 42 46 49 42
9 41 37 28 33 32
9 42 62 48 70 50
9 43 38 45 40 40
9 44 50 59 58 42
9 45 81 61 67 60
9 46 88 71 70 62
9 47 17 34 27 29
9 48 12 27 11 32
9 49 31 35 25 41
10 11 9 20 34 28
10 12 28 28 38 34
10 13 23 29 32 16
10 14 86 67 65 71
10 15 48 39 61 57
10 16 73 67 75 59
10 17 84 81 73 67
10 18 13 30 26 21
10 19 88 83 78 90
10 20 98 91 97 72
10 21 52 54 45 58
10 22 46 33 42 38
10 23 50 61 64 61
10 24 11 12 24 10
10 25 99 76 73 71
10 26 16 21 38 23
10 27 13 11 10 24
10 28 89 88 75 75
10 29 25 46 26 21
10 30 21 20 19 30
10 31 52 55 39 56
10 32 72 70 58 56
10 33 61 68 54 59
10 34 68 76 56 67
10 35 11 18 35 18
10 36 61 67 61 72
10 37 65 69 69 58
10 38 77 73 71 63
10 39 50 40 54 46
10 40 7 11 20 20
10 41 25 17 31 35
10 42 60 52 44 70
10 43 98 80 90 85
10 44 74 72 63 74
10 45 30 28 33 29
10 46 28 24 34 38
10 47 86 77 80 70
10 48 79 63 56 65
10 49 19 41 42 29
11 12 15 17 26 30
11 13 2 25 27 28
11 14 4 17 16 24
11 15 10 33 19 34
11 16 14 37 38 35
11 17 91 79 89 91
11 18 46 38 42 52
11 19 52 40 61 37
11 20 82 61 73 76
11 21 90 93 69 89
11 22 31 28 37 41
11 23 39 33 43 34
11 24 68 70 76 55
11 25 93 68 91 89
11 26 34 45 32 32
11 27 50 39 65 38
11 28 5 24 9 14
11 29 54 64 65 48
11 30 60 42 57 48
11 31 47 48 40 61
11 32 48 38 62 44
11 33 56 62 68 45
11 34 78 83 84 75
11 35 96 68 74 88
11 36 6 24 5 21
11 37 87 70 76 68
11 38 97 84 96 85
11 39 85 67 76 70
11 40 66 51 57 65
11 41 21 35 31 21
11 42 8 22 9 33
11 43 65 75 59 66
11 44 18 19 34 36
11 45 67 75 58 77
11 46 31 29 46 30
11 47 36 36 40 48
11 48 10 35 12 24
11 49 7 31 35 10
12 13 20 20 17 15
12 14 38 48 49 53
12 15 51 55 41 37
12 16 33 38 44 36
12 17 32 49 40 38
12 18 96 68 78 84
12 19 82 86 72 87
12 20 68 76 62 69
12 21 37 50 41 37
12 22 21 26 23 22
12 23 80 81 60 85
12 24 74 80 64 60
12 25 15 39 19 29
12 26 45 40 34 34
12 27 34 33 49 51
12 28 36 52 46 32
12 29 51 36 48 48
12 30 62 52 53 47
12 31 22 21 39 42
12 32 22 38 41 41
12 33 10 25 28 26
12 34 63 51 51 64
12 35 88 78 83 87
12 36 98 90 96 72
12 37 58 48 57 60
12 38 54 62 54 59
12 39 61 46 70 48
12 40 26 29 28 26
12 41 19 32 41 21
12 42 97 72 90 93
12 43 59 54 48 67
12 44 39 37 37 56
12 45 67 67 63 71
12 46 90 77 92 72
12 47 44 47 35 49
12 48 24 46 45 36
12 49 22 33 26 42
13 14 33 44 28 36
13 15 60 49 66 58
13 16 33 43 23 41
13 17 88 84 83 76
13 18 74 55 75 62
13 19 23 38 32 17
13 20 69 48 71 72
13 21 52 39 49 59
13 22 59 48 62 62
13 23 97 72 80 84
13 24 23 17 18 45
13 25 39 50 55 47
13 26 96 95 70 96
13 27 21 34 31 35
13 28 26 40 26 40
13 29 35 45 31 49
13 30 40 58 42 57
13 31 85 87 62 79
13 32 93 70 73 90
13 33 94 83 94 80
13 34 42 33 56 47
13 35 83 75 84 62
13 36 55 54 49 43
13 37 76 62 63 69
13 38 18 26 20 34
13 39 29 45 34 47
13 40 79 79 83 83
13 41 18 35 25 38
13 42 48 59 56 52
13 43 99 95 85 90
13 44 13 20 10 28
13 45 82 71 85 58
13 46 95 91 82 80
13 47 50 56 60 38
13 48 74 64 57 79
13 49 59 58 68 50
14 15 57 49 48 70
14 16 46 48 40 40
14 17 15 29 25 37
14 18 67 70 65 51
14 19 98 85 72 82
14 20 22 29 45 40
14 21 43 47 47 37
14 22 15 22 14 27
14 23 0 3 8 23
14 24 25 22 32 30
14 25 95 94 88 96
14 26 59 49 53 47
14 27 1 5 14 16
14 28 58 47 44 61
14 29 80 64 83 69
14 30 26 31 43 42
14 31 88 74 64 91
14 32 95 95 71 76
14 33 50 39 40 49
14 34 43 48 33 37
14 35 50 47 47 45
14 36 99 81 76 92
14 37 26 20 28 34
14 38 95 79 76 83
14 39 19 19 19 30
14 40 76 74 74 79
14 41 95 78 76 96
14 42 68 64 71 63
14 43 89 79 82 65
14 44 94 94 92 88
14 45 14 27 15 29
14 46 96 87 78 87
14 47 81 76 75 59
14 48 58 47 68 59
14 49 56 65 63 42
15 16 21 28 43 42
15 17 19 30 35 39
15 18 69 71 60 51
15 19 99 83 79 80
15 20 95 83 80 87
15 21 1 19 22 19
15 22 87 90 87 88
15 23 91 69 76 72
15 24 51 62 47 41
15 25 33 23 28 46
15 26 6 31 14 12
15 27 7 14 9 6
15 28 89 83 74 64
15 29 44 53 31 44
15 30 60 47 60 48
15 31 56 52 59 63
15 32 4 10 20 12
15 33 36 44 40 49
15 34 97 72 68 79
15 35 22 17 31 37
15 36 33 39 25 43
15 37 5 8 10 15
15 38 55 66 68 51
15 39 95 76 70 96
15 40 78 63 79 77
15 41 57 67 62 55
15 42 5 23 17 21
15 43 4 14 26 15
15 44 32 40 39 34
15 45 80 60 70 86
15 46 52 51 58 54
15 47 54 58 54 44
15 48 63 47 61 58
15 49 27 38 42 27
16 17 51 44 60 60
16 18 8 33 24 17
16 19 34 26 40 25
16 20 20 44 27 20
16 21 58 56 43 53
16 22 49 37 61 52
16 23 6 26 28 13
16 24 64 64 66 64
16 25 53 65 38 56
16 26 79 64 65 57
16 27 12 24 14 14
16 28 18 28 37 18
16 29 7 5 16 9
16 30 19 14 31 32
16 31 48 50 43 61
16 32 93 74 74 95
16 33 4 8 12 29
16 34 68 55 67 75
16 35 46 45 52 55
16 36 69 69 61 75
16 37 57 65 68 66
16 38 33 45 45 24
16 39 80 60 74 74
16 40 55 42 63 40
16 41 80 61 70 86
16 42 2 27 6 11
16 43 20 33 37 33
16 44 74 74 69 59
16 45 77 75 74 54
16 46 41 58 41 32
16 47 87 73 74 77
16 48 62 64 64 48
16 49 50 53 41 62
17 18 88 89 73 65
17 19 38 33 35 47
17 20 48 55 40 56
17 21 99 82 96 73
17 22 36 49 27 32
17 23 3 21 28 27
17 24 17 27 16 38
17 25 32 41 24 50
17 26 68 54 50 58
17 27 67 74 48 64
17 28 69 51 71 71
17 29 25 28 40 46
17 30 37 52 52 43
17 31 59 50 60 71
17 32 15 27 20 36
17 33 86 79 75 65
17 34 54 43 53 67
17 35 76 69 71 78
17 36 39 51 43 48
17 37 43 46 38 51
17 38 52 49 37 66
17 39 97 98 72 81
17 40 87 65 71 88
17 41 40 40 31 41
17 42 30 28 27 49
17 43 52 65 59 48
17 44 17 32 19 22
17 45 82 74 81 71
17 46 42 47 39 53
17 47 94 87 67 95
17 48 33 41 36 30
17 49 66 74 63 50
18 19 71 76 66 78
18 20 43 52 42 32
18 21 5 31 25 5
18 22 60 64 60 68
18 23 38 34 30 38
18 24 83 72 88 63
18 25 16 33 16 35
18 26 12 31 9 9
18 27 20 18 17 39
18 28 54 39 62 43
18 29 61 62 58 58
18 30 68 72 56 71
18 31 41 35 51 46
18 32 31 50 50 40
18 33 55 40 60 39
18 34 45 61 48 32
18 35 59 49 43 66
18 36 42 32 56 35
18 37 68 50 69 56
18 38 86 81 89 68
18 39 7 27 29 10
18 40 49 54 45 59
18 41 7 16 27 20
18 42 85 81 64 74
18 43 67 54 47 55
18 44 58 54 68 70
18 45 15 35 32 40
18 46 87 76 64 83
18 47 48 41 52 62
18 48 23 36 18 44
18 49 70 77 71 65
19 20 88 78 82 84
19 21 14 39 14 36
19 22 94 91 88 81
19 23 28 21 29 22
19 24 85 60 63 67
19 25 14 10 34 38
19 26 32 47 50 44
19 27 32 31 23 28
19 28 36 47 47 54
19 29 22 24 39 21
19 30 22 22 18 18
19 31 67 66 63 71
19 32 4 21 21 27
19 33 69 72 71 67
19 34 15 11 38 39
19 35 64 71 67 65
19 36 53 66 40 67
19 37 3 27 2 27
19 38 55 67 63 54
19 39 53 52 56 44
19 40 67 49 69 74
19 41 32 49 25 36
19 42 80 60 59 72
19 43 48 51 48 46
19 44 27 45 24 32
19 45 19 43 33 15
19 46 10 7 11 18
19 47 55 48 53 54
19 48 6 15 10 15
19 49 29 28 48 35
20 21 16 39 31 29
20 22 5 11 18 8
20 23 2 6 31 10
20 24 60 68 49 62
20 25 41 37 55 31
20 26 8 20 9 9
20 27 74 61 76 54
20 28 63 63 59 57
20 29 58 47 68 47
20 30 63 65 53 46
20 31 11 14 19 32
20 32 89 69 75 88
20 33 16 13 25 37
20 34 94 76 73 76
20 35 90 76 80 91
20 36 36 48 51 29
20 37 86 67 65 86
20 38 76 76 66 64
20 39 68 54 73 72
20 40 80 79 74 64
20 41 93 84 67 93
20 42 57 64 55 56
20 43 17 32 33 20
20 44 14 24 22 23
20 45 38 50 52 44
20 46 56 69 43 47
20 47 76 60 60 80
20 48 0 11 6 14
20 49 78 73 77 62
21 22 17 17 24 13
21 23 90 83 89 87
21 24 32 44 27 30
21 25 32 46 50 33
21 26 36 52 44 44
21 27 41 41 42 29
21 28 87 67 81 84
21 29 8 20 30 28
21 30 48 37 46 43
21 31 40 53 57 41
21 32 5 20 31 20
21 33 20 39 34 40
21 34 95 85 69 86
21 35 99 94 92 81
21 36 49 54 57 56
21 37 40 34 31 57
21 38 14 34 19 16
21 39 19 41 22 19
21 40 93 92 80 65
21 41 57 62 45 46
21 42 50 42 45 61
21 43 68 58 74 62
21 44 18 17 20 19
21 45 52 43 54 50
21 46 85 85 80 74
21 47 71 53 60 60
21 48 9 26 32 27
21 49 25 47 31 19
22 23 24 17 39 38
22 24 85 81 71 60
22 25 55 57 48 39
22 26 11 18 21 20
22 27 21 30 32 21
22 28 67 62 71 60
22 29 85 73 88 74
22 30 24 47 23 43
22 31 73 53 61 60
22 32 51 65 61 40
22 33 29 23 37 43
22 34 3 8 19 7
22 35 77 63 76 75
22 36 82 59 75 80
22 37 87 72 72 71
22 38 40 56 45 54
22 39 32 32 38 47
22 40 50 49 54 40
22 41 45 44 38 39
22 42 83 61 67 83
22 43 57 61 51 55
22 44 27 25 25 32
22 45 83 84 68 82
22 46 92 81 92 79
22 47 26 23 45 22
22 48 3 6 11 16
22 49 97 86 74 85
23 24 96 71 86 92
23 25 12 14 29 27
23 26 13 9 19 31
23 27 72 56 66 57
23 28 68 53 72 54
23 29 92 76 65 86
23 30 29 25 26 44
23 31 93 81 73 74
23 32 48 62 46 36
23 33 81 77 72 60
23 34 94 84 72 71
23 35 18 23 14 39
23 36 31 38 44 22
23 37 63 71 54 56
23 38 31 51 38 29
23 39 67 64 52 47
23 40 54 42 40 43
23 41 31 46 41 42
23 42 61 49 53 55
23 43 43 55 33 30
23 44 45 60 43 59
23 45 3 9 12 13
23 46 67 52 58 58
23 47 54 59 46 52
23 48 29 36 29 46
23 49 56 63 52 68
24 25 52 48 38 59
24 26 12 34 37 33
24 27 40 54 38 49
24 28 67 65 56 49
24 29 58 43 58 51
24 30 10 34 23 35
24 31 1 7 30 17
24 32 23 39 44 33
24 33 26 33 26 19
24 34 65 56 49 45
24 35 87 89 72 71
24 36 17 20 15 22
24 37 65 53 56 49
24 38 71 75 66 63
24 39 88 75 68 86
24 40 82 58 75 66
24 41 98 94 85 75
24 42 37 46 27 48
24 43 7 11 20 9
24 44 62 64 56 51
24 45 34 26 37 53
24 46 22 23 38 41
24 47 45 49 60 39
24 48 95 84 84 81
24 49 37 33 51 41
25 26 81 71 60 62
25 27 24 37 27 28
25 28 21 41 18 41
25 29 96 94 74 81
25 30 19 27 36 29
25 31 29 45 34 39
25 32 33 31 25 49
25 33 61 50 68 44
25 34 23 16 29 37
25 35 63 51 70 66
25 36 81 82 59 61
25 37 64 66 68 47
25 38 30 24 45 50
25 39 71 59 52 61
25 40 65 49 65 70
25 41 8 25 21 35
25 42 61 69 46 51
25 43 39 36 28 49
25 44 84 85 62 59
25 45 3 25 25 4
25 46 59 44 52 54
25 47 4 26 12 9
25 48 34 38 32 28
25 49 17 17 30 22
26 27 74 69 55 74
26 28 5 9 8 10
26 29 11 25 37 13
26 30 36 35 43 51
26 31 39 41 47 49
26 32 14 25 13 20
26 33 51 64 51 52
26 34 95 70 82 94
26 35 29 44 31 48
26 36 67 58 63 62
26 37 88 82 65 76
26 38 82 70 77 73
26 39 43 59 44 39
26 40 39 46 41 29
26 41 23 45 42 39
26 42 54 44 62 51
26 43 99 81 93 82
26 44 72 56 79 62
26 45 6 21 22 26
26 46 90 92 67 66
26 47 36 55 27 29
26 48 51 36 50 45
26 49 0 23 4 20
27 28 84 86 88 77
27 29 64 59 51 54
27 30 42 42 52 42
27 31 58 47 41 65
27 32 67 62 56 58
27 33 31 29 23 22
27 34 44 40 36 58
27 35 17 12 31 32
27 36 24 32 37 38
27 37 73 77 73 51
27 38 41 29 41 32
27 39 83 65 80 62
27 40 70 62 53 77
27 41 2 21 15 28
27 42 59 68 70 43
27 43 9 30 8 7
27 44 34 49 27 53
27 45 40 56 45 40
27 46 24 17 26 45
27 47 29 46 26 30
27 48 51 55 52 64
27 49 83 86 61 83
28 29 99 71 85 83
28 30 43 59 47 47
28 31 75 60 73 69
28 32 49 50 41 58
28 33 41 47 52 53
28 34 58 67 64 44
28 35 68 76 66 52
28 36 64 47 72 53
28 37 41 42 49 40
28 38 93 67 75 88
28 39 90 82 69 78
28 40 83 62 82 82
28 41 45 45 49 57
28 42 58 41 69 56
28 43 28 43 24 23
28 44 27 46 44 43
28 45 30 39 43 45
28 46 67 67 62 74
28 47 92 92 72 85
28 48 22 27 23 21
28 49 11 19 14 20
29 30 8 8 24 21
29 31 28 46 41 28
29 32 0 2 20 25
29 33 82 68 66 67
29 34 1 23 5 3
29 35 98 70 96 76
29 36 31 23 31 45
29 37 76 72 77 76
29 38 6 6 20 16
29 39 77 70 67 70
29 40 99 92 99 94
29 41 33 41 26 49
29 42 42 48 42 53
29 43 19 40 32 40
29 44 38 53 47 31
29 45 31 41 25 48
29 46 57 48 69 47
29 47 6 20 24 23
29 48 52 66 46 55
29 49 68 77 73 53
30 31 48 55 59 49
30 32 66 69 56 76
30 33 63 62 59 60
30 34 33 43 38 37
30 35 72 56 59 61
30 36 15 30 32 33
30 37 81 80 84 63
30 38 86 65 90 72
30 39 2 19 2 1
30 40 38 45 55 47
30 41 37 54 54 51
30 42 75 71 64 55
30 43 23 31 34 31
30 44 19 43 30 30
30 45 99 91 87 76
30 46 10 19 23 30
30 47 25 27 36 43
30 48 49 38 38 53
30 49 81 78 82 69
31 32 89 89 78 91
31 33 5 24 30 7
31 34 1 8 7 19
31 35 32 30 24 52
31 36 55 51 68 47
31 37 0 9 10 20
31 38 3 14 23 8
31 39 2 5 3 24
31 40 77 76 81 57
31 41 79 74 75 83
31 42 62 62 70 48
31 43 15 29 25 17
31 44 91 78 84 78
31 45 19 41 37 17
31 46 93 70 80 83
31 47 76 82 64 67
31 48 30 26 28 49
31 49 89 91 80 78
32 33 78 82 78 65
32 34 59 48 47 60
32 35 88 82 90 70
32 36 43 50 34 39
32 37 96 90 95 75
32 38 42 55 48 39
32 39 82 63 67 59
32 40 25 37 42 33
32 41 40 36 30 45
32 42 74 58 63 64
32 43 45 55 50 61
32 44 60 44 54 49
32 45 85 66 65 84
32 46 53 41 57 59
32 47 54 43 49 57
32 48 50 54 59 64
32 49 80 79 73 85
33 34 81 80 69 81
33 35 49 48 54 50
33 36 55 58 49 56
33 37 85 77 73 70
33 38 25 28 47 39
33 39 15 24 13 35
33 40 9 10 32 32
33 41 99 98 78 77
33 42 51 63 42 38
33 43 53 48 51 57
33 44 83 74 69 64
33 45 2 12 10 3
33 46 86 81 89 73
33 47 48 63 44 38
33 48 35 39 24 41
33 49 29 24 44 40
34 35 8 24 14 25
34 36 34 45 42 51
34 37 55 46 50 52
34 38 23 28 38 18
34 39 7 23 17 21
34 40 57 61 69 44
34 41 21 21 29 40
34 42 29 23 40 36
34 43 79 84 85 70
34 44 14 22 33 34
34 45 56 48 41 45
34 46 89 74 89 66
34 47 10 34 21 10
34 48 6 31 24 33
34 49 95 90 81 86
35 36 84 61 88 60
35 37 69 54 67 74
35 38 33 30 24 47
35 39 27 42 45 45
35 40 76 69 81 74
35 41 78 65 72 74
35 42 39 42 49 40
35 43 40 32 42 57
35 44 81 81 67 69
35 45 15 17 34 19
35 46 74 78 69 54
35 47 59 71 56 46
35 48 6 10 15 12
35 49 54 63 44 43
36 37 18 26 16 26
36 38 89 91 88 70
36 39 75 70 76 78
36 40 82 75 72 73
36 41 59 46 57 67
36 42 83 61 72 70
36 43 79 80 74 75
36 44 84 75 64 74
36 45 69 65 62 62
36 46 12 11 21 34
36 47 20 15 15 21
36 48 22 17 32 19
36 49 77 57 65 57
37 38 32 50 33 31
37 39 44 44 54 56
37 40 47 45 48 36
37 41 12 15 27 18
37 42 52 53 37 55
37 43 22 20 18 26
37 44 33 53 44 46
37 45 39 38 47 36
37 46 60 68 52 72
37 47 24 36 25 34
37 48 27 41 25 27
37 49 95 67 67 68
38 39 24 36 34 46
38 40 46 61 35 44
38 41 23 26 31 29
38 42 60 65 43 70
38 43 82 61 83 59
38 44 86 89 61 76
38 45 73 63 71 73
38 46 32 28 47 44
38 47 58 61 51 48
38 48 4 12 21 22
38 49 14 29 29 12
39 40 56 49 47 66
39 41 11 27 12 24
39 42 4 9 3 17
39 43 12 19 16 26
39 44 74 67 65 63
39 45 54 53 47 58
39 46 10 29 11 19
39 47 70 68 70 63
39 48 86 71 76 61
39 49 15 27 11 20
40 41 33 49 32 29
40 42 18 40 23 16
40 43 68 75 53 65
40 44 64 59 60 52
40 45 96 69 71 71
40 46 14 30 39 21
40 47 30 50 23 44
40 48 44 56 42 32
40 49 26 39 37 25
41 42 94 85 89 74
41 43 56 44 55 41
41 44 92 73 82 86
41 45 46 42 36 61
41 46 93 72 68 65
41 47 35 45 36 51
41 48 29 26 21 26
41 49 16 26 13 32
42 43 58 61 57 50
42 44 86 81 76 73
42 45 23 17 25 42
42 46 33 33 29 36
42 47 45 39 58 38
42 48 90 93 82 93
42 49 28 32 48 34
43 44 27 22 33 36
43 45 66 58 64 59
43 46 97 94 80 73
43 47 46 37 45 43
43 48 3 21 22 30
43 49 46 48 56 43
44 45 76 74 59 59
44 46 78 74 82 84
44 47 97 79 74 78
44 48 95 85 68 89
44 49 45 34 37 61
45 46 16 17 24 23
45 47 98 80 74 98
45 48 16 30 37 18
45 49 53 51 47 49
46 47 95 78 87 80
46 48 56 58 47 62
46 49 10 29 36 28
47 48 64 45 58 57
47 49 44 52 31 54
48 49 40 35 28 35
