50
0 1 68 69 38 41
0 2 9 48 43 67
0 3 55 66 20 70
0 4 88 66 39 72
0 5 81 67 91 39
0 6 40 12 31 14
0 7 60 26 30 21
0 8 52 66 78 54
0 9 42 32 62 73
0 10 32 55 50 52
0 11 61 58 46 66
0 12 84 70 51 32
0 13 6 68 31 62
0 14 57 35 42 74
0 15 45 18 71 59
0 16 84 84 58 58
0 17 32 74 78 75
0 18 14 17 37 61
0 19 34 36 12 75
0 20 57 58 49 55
0 21 14 33 22 8
0 22 44 22 77 59
0 23 88 94 50 60
0 24 24 11 57 50
0 25 51 62 25 45
0 26 19 75 51 49
0 27 11 57 57 46
0 28 86 52 94 93
0 29 40 52 51 26
0 30 84 85 79 84
0 31 83 27 79 26
0 32 11 32 16 35
0 33 59 52 79 85
0 34 88 43 85 88
0 35 23 26 56 41
0 36 96 98 92 62
0 37 43 52 43 46
0 38 88 27 95 44
0 39 67 45 31 89
0 40 7 36 70 32
0 41 76 51 83 49
0 42 84 69 33 42
0 43 74 92 73 68
0 44 13 50 36 47
0 45 2 22 53 70
0 46 21 33 30 13
0 47 7 47 54 28
0 48 94 43 45 53
0 49 59 33 32 67
1 2 6 50 25 24
1 3 65 59 84 35
1 4 33 72 36 32
1 5 75 35 74 91
1 6 5 23 16 22
1 7 89 35 79 71
1 8 35 16 45 11
1 9 24 53 33 30
1 10 72 46 48 88
1 11 80 48 29 68
1 12 34 64 53 31
1 13 24 54 76 59
1 14 23 13 69 68
1 15 1 58 25 17
1 16 12 11 71 32
1 17 18 60 64 72
1 18 66 68 62 24
1 19 99 43 70 93
1 20 43 35 40 49
1 21 14 32 35 12
1 22 79 35 49 46
1 23 47 41 70 66
1 24 77 68 48 31
1 25 47 21 56 82
1 26 34 20 61 24
1 27 72 90 32 80
1 28 31 39 47 54
1 29 34 43 76 60
1 30 11 51 16 17
1 31 8 44 68 37
1 32 58 76 63 17
1 33 39 37 32 66
1 34 29 78 42 13
1 35 66 38 22 35
1 36 79 78 54 68
1 37 43 39 61 28
1 38 78 63 60 75
1 39 8 50 71 55
1 40 87 59 52 62
1 41 36 57 79 23
1 42 33 37 10 38
1 43 2 11 1 5
1 44 93 75 52 46
1 45 56 33 83 26
1 46 86 47 42 49
1 47 48 67 62 27
1 48 35 63 48 49
1 49 38 67 35 15
2 3 22 64 29 31
2 4 87 40 79 91
2 5 90 44 44 43
2 6 58 74 58 20
2 7 48 78 59 21
2 8 65 57 52 23
2 9 59 25 54 26
2 10 57 42 46 56
2 11 31 42 61 26
2 12 77 68 86 92
2 13 87 31 31 94
2 14 90 86 68 84
2 15 34 71 43 61
2 16 51 16 15 25
2 17 79 34 33 63
2 18 56 48 55 85
2 19 29 64 67 33
2 20 71 30 84 37
2 21 79 67 36 67
2 22 35 32 21 31
2 23 79 46 57 84
2 24 73 56 71 81
2 25 21 33 25 62
2 26 9 67 70 24
2 27 63 81 88 35
2 28 2 27 24 42
2 29 74 26 75 91
2 30 96 83 65 46
2 31 97 33 52 62
2 32 31 64 15 47
2 33 15 50 36 9
2 34 61 24 85 31
2 35 93 68 47 44
2 36 78 78 73 73
2 37 24 60 43 53
2 38 14 33 49 27
2 39 20 75 48 43
2 40 66 34 27 73
2 41 19 74 50 70
2 42 32 50 54 36
2 43 58 32 78 85
2 44 97 99 36 67
2 45 57 74 49 59
2 46 36 43 33 51
2 47 61 39 85 19
2 48 66 22 61 44
2 49 97 51 73 75
3 4 33 25 22 31
3 5 97 45 78 36
3 6 29 71 29 64
3 7 57 21 56 48
3 8 37 31 75 32
3 9 47 76 63 50
3 10 80 88 54 56
3 11 52 27 83 73
3 12 4 9 33 32
3 13 90 80 88 33
3 14 15 70 69 42
3 15 97 59 86 43
3 16 57 43 58 50
3 17 24 47 29 23
3 18 10 50 58 45
3 19 42 58 38 79
3 20 91 45 83 66
3 21 76 63 24 52
3 22 32 68 10 68
3 23 53 82 43 38
3 24 49 41 80 82
3 25 45 47 57 40
3 26 20 54 23 8
3 27 46 27 62 14
3 28 61 41 41 72
3 29 20 56 69 10
3 30 6 40 43 9
3 31 69 29 79 61
3 32 5 32 15 64
3 33 94 74 76 91
3 34 20 16 73 22
3 35 12 50 68 4
3 36 50 45 61 41
3 37 93 62 89 61
3 38 14 68 52 60
3 39 30 38 65 53
3 40 45 40 48 30
3 41 33 18 57 39
3 42 12 45 47 60
3 43 60 61 22 41
3 44 49 71 34 17
3 45 45 63 18 46
3 46 22 49 45 19
3 47 34 37 11 75
3 48 84 67 34 69
3 49 16 33 8 54
4 5 75 73 29 68
4 6 89 28 44 55
4 7 45 46 31 70
4 8 22 73 14 41
4 9 65 68 72 67
4 10 30 19 66 28
4 11 12 60 22 8
4 12 95 81 65 43
4 13 80 39 51 29
4 14 72 48 42 64
4 15 4 12 50 10
4 16 85 38 27 26
4 17 98 83 63 56
4 18 22 45 75 7
4 19 36 38 16 25
4 20 25 30 48 74
4 21 12 6 60 7
4 22 65 58 30 83
4 23 65 26 25 70
4 24 68 54 51 53
4 25 30 10 28 62
4 26 6 22 3 57
4 27 66 69 43 67
4 28 14 67 46 66
4 29 32 16 25 42
4 30 98 43 66 91
4 31 1 23 46 35
4 32 62 65 64 75
4 33 50 36 44 33
4 34 69 74 32 30
4 35 71 73 79 70
4 36 97 78 86 77
4 37 95 29 93 73
4 38 0 8 16 21
4 39 20 36 23 18
4 40 17 38 43 66
4 41 73 61 52 62
4 42 97 79 64 88
4 43 54 48 81 28
4 44 38 57 37 21
4 45 35 29 43 18
4 46 17 73 44 35
4 47 12 9 40 53
4 48 90 59 30 32
4 49 19 60 60 18
5 6 60 68 61 85
5 7 36 48 34 40
5 8 35 26 77 26
5 9 83 74 34 80
5 10 29 36 24 68
5 11 81 81 33 36
5 12 6 65 50 60
5 13 32 36 44 37
5 14 75 30 37 24
5 15 14 16 17 44
5 16 38 18 65 76
5 17 95 82 28 78
5 18 0 13 34 6
5 19 58 79 87 77
5 20 62 83 31 69
5 21 20 51 32 56
5 22 24 11 42 42
5 23 2 6 26 23
5 24 26 44 67 11
5 25 35 33 74 70
5 26 7 42 41 17
5 27 13 19 24 66
5 28 67 51 90 26
5 29 69 81 77 34
5 30 44 36 57 19
5 31 38 32 45 22
5 32 43 32 59 49
5 33 33 14 73 47
5 34 45 24 64 62
5 35 72 65 56 78
5 36 2 24 2 55
5 37 29 22 41 67
5 38 90 35 33 53
5 39 28 66 9 47
5 40 96 37 69 80
5 41 10 39 43 36
5 42 22 66 51 24
5 43 11 63 50 52
5 44 32 26 15 34
5 45 98 38 59 82
5 46 30 63 22 67
5 47 89 56 81 47
5 48 93 34 43 82
5 49 39 17 12 63
6 7 12 73 67 72
6 8 41 25 31 58
6 9 3 10 4 27
6 10 46 21 30 40
6 11 49 24 29 48
6 12 40 46 47 42
6 13 46 33 47 32
6 14 94 87 42 53
6 15 12 57 27 47
6 16 92 51 70 57
6 17 23 51 54 35
6 18 40 70 26 20
6 19 20 42 8 7
6 20 27 50 16 61
6 21 99 41 92 96
6 22 16 35 19 7
6 23 17 64 74 15
6 24 91 38 59 75
6 25 86 92 52 58
6 26 4 36 43 63
6 27 76 33 57 46
6 28 0 33 20 38
6 29 50 32 49 42
6 30 25 53 25 24
6 31 67 45 66 41
6 32 34 20 63 54
6 33 93 50 61 34
6 34 5 38 44 58
6 35 69 51 53 27
6 36 39 39 18 49
6 37 34 33 48 19
6 38 12 20 9 56
6 39 4 31 16 39
6 40 64 22 50 27
6 41 92 32 85 43
6 42 71 66 73 55
6 43 31 25 33 47
6 44 87 67 82 80
6 45 71 44 63 24
6 46 85 76 70 46
6 47 77 73 25 73
6 48 24 60 23 20
6 49 13 45 40 22
7 8 26 56 45 18
7 9 37 49 51 37
7 10 9 14 34 22
7 11 62 50 80 74
7 12 81 56 42 66
7 13 56 20 19 49
7 14 8 48 3 19
7 15 6 3 42 52
7 16 92 63 60 91
7 17 56 50 20 54
7 18 82 65 46 62
7 19 36 66 69 49
7 20 82 79 90 42
7 21 94 74 53 41
7 22 16 64 34 71
7 23 54 16 23 63
7 24 47 65 25 51
7 25 55 70 61 51
7 26 53 73 67 26
7 27 62 74 71 56
7 28 30 29 53 41
7 29 96 69 79 64
7 30 71 55 29 90
7 31 22 65 35 42
7 32 67 52 54 81
7 33 28 13 51 70
7 34 66 83 46 77
7 35 99 85 48 62
7 36 63 57 40 43
7 37 38 44 47 14
7 38 24 17 22 52
7 39 81 91 88 58
7 40 29 40 55 52
7 41 70 37 54 29
7 42 6 12 50 29
7 43 96 46 73 84
7 44 9 59 64 26
7 45 7 17 47 67
7 46 34 23 38 70
7 47 58 19 29 64
7 48 93 30 92 48
7 49 59 78 60 37
8 9 52 39 46 40
8 10 30 44 44 28
8 11 67 28 45 77
8 12 11 36 19 25
8 13 75 86 75 62
8 14 62 68 65 25
8 15 36 54 73 23
8 16 6 27 3 5
8 17 49 59 42 68
8 18 73 80 67 66
8 19 65 51 86 52
8 20 70 80 54 89
8 21 1 5 49 61
8 22 62 63 69 28
8 23 75 92 37 43
8 24 50 33 75 15
8 25 79 25 72 47
8 26 81 57 64 87
8 27 60 35 65 26
8 28 93 57 97 40
8 29 71 78 24 66
8 30 31 22 34 24
8 31 44 35 36 34
8 32 67 60 22 53
8 33 90 86 36 66
8 34 64 39 63 51
8 35 54 28 77 49
8 36 6 52 44 49
8 37 15 25 70 63
8 38 62 26 43 62
8 39 55 62 17 54
8 40 69 51 26 73
8 41 5 6 33 27
8 42 99 97 38 33
8 43 5 41 29 11
8 44 16 11 54 61
8 45 24 38 66 24
8 46 81 86 79 44
8 47 33 33 60 45
8 48 62 28 66 76
8 49 78 67 23 69
9 10 70 26 76 44
9 11 17 14 69 8
9 12 27 10 59 19
9 13 84 48 37 83
9 14 64 20 42 84
9 15 94 56 34 85
9 16 66 36 36 84
9 17 1 17 44 52
9 18 92 67 78 30
9 19 80 31 72 89
9 20 20 58 72 69
9 21 44 70 27 59
9 22 85 88 43 48
9 23 93 72 96 79
9 24 33 57 77 30
9 25 83 52 72 34
9 26 93 61 61 83
9 27 51 18 22 56
9 28 76 80 67 35
9 29 19 42 16 30
9 30 5 37 33 9
9 31 13 26 14 35
9 32 50 40 26 37
9 33 95 63 36 69
9 34 47 65 36 31
9 35 47 38 67 40
9 36 23 54 29 42
9 37 5 50 19 31
9 38 27 54 18 33
9 39 8 65 5 43
9 40 44 33 25 33
9 41 1 19 68 32
9 42 45 57 26 31
9 43 35 72 21 10
9 44 58 46 65 77
9 45 0 30 8 31
9 46 70 62 34 24
9 47 26 55 55 44
9 48 2 34 46 57
9 49 66 43 49 79
10 11 90 89 77 34
10 12 5 60 24 4
10 13 71 22 86 44
10 14 15 5 40 22
10 15 17 33 68 64
10 16 25 26 31 64
10 17 66 74 42 51
10 18 19 56 68 47
10 19 81 35 40 61
10 20 34 71 72 77
10 21 6 55 18 40
10 22 86 53 66 46
10 23 94 84 93 90
10 24 38 75 12 58
10 25 74 65 62 75
10 26 65 76 38 74
10 27 60 18 32 41
10 28 45 45 48 68
10 29 99 96 74 45
10 30 42 45 21 27
10 31 19 35 42 53
10 32 64 78 33 87
10 33 61 71 47 41
10 34 43 79 31 15
10 35 21 59 48 48
10 36 24 22 62 42
10 37 16 6 16 53
10 38 83 34 43 64
10 39 93 60 55 43
10 40 42 75 44 67
10 41 64 34 75 75
10 42 28 77 74 56
10 43 34 63 75 29
10 44 9 37 23 45
10 45 49 77 75 16
10 46 35 26 75 19
10 47 74 53 38 70
10 48 41 76 60 48
10 49 77 49 86 43
11 12 53 64 59 33
11 13 10 47 62 71
11 14 22 30 33 46
11 15 59 59 75 30
11 16 43 50 76 77
11 17 5 23 65 36
11 18 50 83 51 62
11 19 26 60 58 51
11 20 9 69 17 55
11 21 38 58 73 25
11 22 60 31 65 82
11 23 37 53 58 63
11 24 78 32 77 72
11 25 11 70 38 5
11 26 78 39 69 75
11 27 66 66 32 78
11 28 97 57 40 41
11 29 21 39 46 12
11 30 14 11 45 28
11 31 49 21 40 56
11 32 91 93 30 84
11 33 58 42 70 47
11 34 66 88 72 80
11 35 68 54 34 44
11 36 86 42 83 37
11 37 54 40 66 83
11 38 96 61 56 78
11 39 72 62 86 36
11 40 44 79 47 45
11 41 65 80 44 66
11 42 71 65 36 45
11 43 78 32 61 26
11 44 95 80 58 38
11 45 16 67 17 39
11 46 91 50 55 73
11 47 74 36 65 55
11 48 32 78 32 21
11 49 48 62 26 65
12 13 30 27 35 73
12 14 41 53 59 23
12 15 55 77 64 57
12 16 69 26 90 26
12 17 66 44 52 48
12 18 29 42 42 74
12 19 37 26 43 75
12 20 44 82 42 59
12 21 15 33 54 11
12 22 47 83 80 66
12 23 92 75 56 70
12 24 27 45 34 13
12 25 40 40 15 33
12 26 32 38 47 64
12 27 96 61 49 57
12 28 60 38 33 32
12 29 82 43 46 31
12 30 28 50 14 28
12 31 90 97 88 35
12 32 15 72 11 62
12 33 37 54 33 31
12 34 74 65 69 34
12 35 17 37 28 7
12 36 8 62 58 37
12 37 38 23 16 12
12 38 20 54 74 6
12 39 29 21 73 63
12 40 17 23 8 57
12 41 50 32 20 73
12 42 68 33 78 85
12 43 59 23 29 40
12 44 49 81 49 17
12 45 91 47 77 51
12 46 26 76 37 13
12 47 79 35 66 48
12 48 88 84 53 63
12 49 22 75 21 21
13 14 0 4 19 27
13 15 60 55 54 25
13 16 25 46 52 24
13 17 48 29 38 79
13 18 89 76 50 55
13 19 78 72 78 30
13 20 61 32 68 53
13 21 70 74 84 87
13 22 12 65 59 6
13 23 92 66 41 59
13 24 18 71 36 16
13 25 54 75 27 66
13 26 47 61 15 27
13 27 57 33 77 44
13 28 32 55 48 56
13 29 21 41 9 41
13 30 58 36 43 29
13 31 24 52 48 30
13 32 88 80 38 36
13 33 74 55 83 32
13 34 66 80 30 66
13 35 96 29 94 62
13 36 3 48 57 40
13 37 25 12 70 76
13 38 53 27 76 67
13 39 41 74 66 27
13 40 41 68 52 60
13 41 74 74 77 22
13 42 37 12 37 50
13 43 97 43 84 37
13 44 13 50 44 4
13 45 30 31 70 42
13 46 34 46 63 23
13 47 76 83 80 53
13 48 23 72 13 10
13 49 98 95 61 52
14 15 83 73 71 28
14 16 83 41 60 48
14 17 66 70 64 45
14 18 9 31 63 25
14 19 81 83 74 30
14 20 74 83 26 63
14 21 90 44 66 45
14 22 39 20 16 66
14 23 59 20 63 50
14 24 72 88 50 57
14 25 5 29 21 55
14 26 54 50 17 36
14 27 82 94 83 88
14 28 98 33 73 70
14 29 42 54 34 63
14 30 79 93 87 68
14 31 76 82 41 58
14 32 14 68 33 68
14 33 41 47 48 58
14 34 38 19 73 64
14 35 56 24 71 19
14 36 1 2 62 25
14 37 94 67 66 70
14 38 9 56 71 14
14 39 72 63 86 78
14 40 38 65 24 27
14 41 40 17 74 72
14 42 86 93 46 75
14 43 39 49 17 32
14 44 67 53 30 39
14 45 32 44 57 48
14 46 13 67 70 72
14 47 31 57 10 73
14 48 81 51 24 40
14 49 68 55 22 82
15 16 30 73 20 28
15 17 56 37 73 31
15 18 61 39 53 21
15 19 99 81 37 40
15 20 73 41 44 74
15 21 2 3 49 19
15 22 1 36 22 37
15 23 38 12 12 48
15 24 75 31 72 38
15 25 76 57 74 71
15 26 86 31 46 78
15 27 79 78 72 78
15 28 37 67 15 24
15 29 29 49 40 73
15 30 56 43 36 41
15 31 88 32 71 31
15 32 69 41 25 48
15 33 74 86 23 60
15 34 6 3 48 38
15 35 78 71 49 46
15 36 57 44 36 40
15 37 31 25 43 40
15 38 1 42 17 60
15 39 85 87 37 49
15 40 93 40 32 90
15 41 33 49 49 70
15 42 17 11 27 30
15 43 88 27 41 74
15 44 23 66 49 18
15 45 9 54 14 34
15 46 81 31 50 52
15 47 60 36 83 45
15 48 44 27 45 78
15 49 30 63 15 15
16 17 49 81 21 59
16 18 4 53 35 41
16 19 90 49 82 60
16 20 68 23 85 41
16 21 66 63 53 71
16 22 84 86 52 79
16 23 26 66 23 61
16 24 14 19 31 68
16 25 8 45 50 5
16 26 38 33 63 42
16 27 70 32 37 60
16 28 8 14 24 35
16 29 60 84 73 37
16 30 93 75 57 43
16 31 61 77 61 43
16 32 76 72 60 61
16 33 45 42 14 74
16 34 53 43 75 78
16 35 85 72 67 32
16 36 43 50 50 45
16 37 14 33 9 61
16 38 81 73 77 88
16 39 23 63 59 22
16 40 71 69 44 68
16 41 40 61 64 42
16 42 36 18 37 64
16 43 77 70 92 62
16 44 50 26 80 62
16 45 19 16 26 35
16 46 92 52 43 79
16 47 81 24 61 80
16 48 5 61 42 63
16 49 2 31 3 6
17 18 33 79 22 25
17 19 20 40 62 19
17 20 66 47 76 45
17 21 78 56 32 57
17 22 65 85 20 45
17 23 60 80 69 81
17 24 6 21 42 52
17 25 76 32 27 71
17 26 62 39 19 44
17 27 95 81 73 50
17 28 73 50 24 75
17 29 8 71 8 51
17 30 70 29 39 77
17 31 46 18 71 14
17 32 89 50 34 76
17 33 71 89 42 79
17 34 21 43 47 32
17 35 64 24 71 35
17 36 12 21 65 61
17 37 55 54 68 49
17 38 86 35 82 61
17 39 76 49 36 75
17 40 12 37 70 28
17 41 66 22 29 72
17 42 21 21 41 47
17 43 60 47 75 80
17 44 26 53 30 20
17 45 25 74 51 37
17 46 99 42 32 54
17 47 92 46 80 94
17 48 17 63 60 69
17 49 92 46 69 66
18 19 45 39 44 71
18 20 3 2 55 53
18 21 8 23 39 13
18 22 63 35 66 28
18 23 56 22 30 68
18 24 74 52 59 31
18 25 63 62 36 87
18 26 56 28 78 78
18 27 12 21 57 14
18 28 17 34 25 15
18 29 50 34 80 80
18 30 34 74 80 41
18 31 75 27 28 77
18 32 38 37 51 29
18 33 57 46 56 44
18 34 97 61 44 55
18 35 55 63 50 58
18 36 88 87 51 90
18 37 42 58 54 45
18 38 32 55 56 22
18 39 90 92 39 35
18 40 70 22 91 86
18 41 28 19 37 18
18 42 37 74 27 11
18 43 86 82 35 69
18 44 39 46 43 71
18 45 9 18 24 41
18 46 57 23 28 29
18 47 21 18 46 11
18 48 89 59 76 48
18 49 50 53 25 84
19 20 10 40 42 60
19 21 79 69 65 62
19 22 33 12 77 26
19 23 33 12 40 60
19 24 85 46 41 83
19 25 64 64 25 38
19 26 0 15 59 55
19 27 61 50 74 81
19 28 74 49 33 37
19 29 20 33 24 30
19 30 30 70 63 21
19 31 25 35 53 71
19 32 89 83 50 70
19 33 0 7 14 37
19 34 5 49 17 13
19 35 11 49 30 47
19 36 52 53 56 53
19 37 50 60 15 24
19 38 56 24 72 17
19 39 15 62 64 62
19 40 95 94 51 95
19 41 50 16 44 32
19 42 13 47 55 28
19 43 6 47 20 19
19 44 19 36 26 63
19 45 74 76 35 66
19 46 78 85 64 80
19 47 63 21 62 22
19 48 71 70 54 58
19 49 46 73 67 32
20 21 16 14 20 9
20 22 73 39 76 58
20 23 80 25 31 43
20 24 85 42 75 79
20 25 95 29 55 60
20 26 81 93 84 91
20 27 29 77 62 22
20 28 32 46 50 62
20 29 57 53 43 28
20 30 50 76 83 20
20 31 67 81 52 52
20 32 61 77 85 49
20 33 7 59 33 30
20 34 36 75 60 39
20 35 35 44 27 80
20 36 60 55 59 47
20 37 8 47 66 9
20 38 92 62 54 57
20 39 65 66 26 53
20 40 33 43 69 50
20 41 85 49 47 57
20 42 19 8 37 55
20 43 33 25 54 45
20 44 7 35 52 49
20 45 13 57 41 71
20 46 44 50 82 75
20 47 7 31 60 51
20 48 93 77 94 77
20 49 33 72 18 61
21 22 83 74 81 92
21 23 59 28 63 50
21 24 97 47 55 96
21 25 13 51 7 6
21 26 65 40 34 81
21 27 18 65 18 24
21 28 93 44 93 34
21 29 11 12 46 13
21 30 12 61 60 48
21 31 20 42 43 35
21 32 72 78 71 36
21 33 31 30 45 20
21 34 26 56 27 48
21 35 5 21 3 13
21 36 3 64 22 21
21 37 82 25 85 79
21 38 76 49 83 72
21 39 15 59 68 56
21 40 76 53 33 38
21 41 10 3 3 40
21 42 71 78 86 38
21 43 58 20 44 86
21 44 4 51 70 57
21 45 70 62 89 82
21 46 92 91 45 58
21 47 34 67 14 21
21 48 11 61 18 4
21 49 55 31 59 53
22 23 16 68 37 14
22 24 55 80 67 80
22 25 33 62 46 66
22 26 61 33 85 67
22 27 14 56 69 25
22 28 91 66 63 75
22 29 48 42 36 59
22 30 43 78 44 55
22 31 3 57 17 53
22 32 36 76 33 72
22 33 37 42 57 70
22 34 70 89 86 49
22 35 99 50 96 72
22 36 41 22 28 49
22 37 87 89 79 65
22 38 83 88 68 36
22 39 13 9 7 33
22 40 79 71 72 93
22 41 93 64 54 60
22 42 76 51 57 62
22 43 25 70 29 60
22 44 26 65 36 52
22 45 57 61 25 41
22 46 1 48 3 22
22 47 92 44 73 43
22 48 67 52 85 89
22 49 4 27 66 40
23 24 61 38 19 67
23 25 88 34 94 26
23 26 24 61 22 71
23 27 43 77 51 44
23 28 96 56 49 70
23 29 37 25 16 49
23 30 77 55 68 25
23 31 85 33 81 87
23 32 70 85 66 64
23 33 72 72 51 43
23 34 0 50 30 7
23 35 42 72 60 67
23 36 96 52 35 75
23 37 12 58 6 5
23 38 7 48 55 67
23 39 65 31 40 42
23 40 78 90 92 43
23 41 77 31 79 32
23 42 52 74 65 26
23 43 92 44 60 85
23 44 47 84 34 49
23 45 37 31 28 47
23 46 12 11 68 30
23 47 26 75 52 69
23 48 32 59 37 47
23 49 60 55 37 57
24 25 97 69 57 38
24 26 5 71 6 18
24 27 12 28 38 29
24 28 19 29 56 13
24 29 91 31 41 97
24 30 81 33 72 52
24 31 24 67 8 13
24 32 97 67 93 98
24 33 29 70 69 39
24 34 33 48 20 45
24 35 7 29 43 61
24 36 15 21 61 28
24 37 46 39 77 14
24 38 53 54 65 51
24 39 11 39 17 20
24 40 77 51 62 55
24 41 74 70 45 91
24 42 14 5 53 58
24 43 82 79 69 55
24 44 88 38 60 40
24 45 13 15 69 42
24 46 21 43 26 40
24 47 81 39 48 80
24 48 60 27 33 58
24 49 57 78 79 72
25 26 66 31 60 46
25 27 57 61 82 53
25 28 16 62 16 49
25 29 21 56 8 24
25 30 71 53 58 47
25 31 23 58 32 34
25 32 10 46 19 39
25 33 18 51 6 33
25 34 90 85 80 27
25 35 58 43 86 30
25 36 24 13 40 63
25 37 56 75 59 46
25 38 17 52 63 64
25 39 17 15 30 20
25 40 26 36 48 72
25 41 19 57 43 23
25 42 29 67 73 24
25 43 49 41 79 64
25 44 11 3 18 7
25 45 73 30 45 80
25 46 42 41 64 54
25 47 32 18 13 62
25 48 72 89 27 49
25 49 42 43 35 44
26 27 67 28 40 26
26 28 90 62 40 64
26 29 52 31 75 47
26 30 53 61 69 54
26 31 86 67 73 83
26 32 79 43 35 26
26 33 28 8 76 46
26 34 64 48 38 49
26 35 98 56 57 77
26 36 54 51 43 50
26 37 89 95 57 26
26 38 7 35 57 68
26 39 1 35 14 65
26 40 78 66 57 35
26 41 26 67 65 31
26 42 76 46 52 38
26 43 71 40 45 30
26 44 91 42 49 61
26 45 40 71 73 76
26 46 40 52 22 12
26 47 85 41 78 70
26 48 81 60 65 43
26 49 53 34 67 29
27 28 22 26 65 14
27 29 37 73 80 73
27 30 47 46 21 48
27 31 94 46 58 48
27 32 58 53 78 68
27 33 40 38 41 47
27 34 13 66 14 70
27 35 49 17 25 17
27 36 83 71 77 51
27 37 24 66 10 57
27 38 6 52 25 65
27 39 3 61 32 70
27 40 79 90 74 56
27 41 94 73 48 33
27 42 34 35 14 66
27 43 19 56 38 67
27 44 15 65 71 19
27 45 34 67 61 28
27 46 89 73 32 39
27 47 71 65 45 61
27 48 36 78 21 29
27 49 59 55 57 60
28 29 59 77 73 77
28 30 43 35 48 50
28 31 30 52 38 37
28 32 85 84 62 74
28 33 20 19 44 31
28 34 70 21 90 45
28 35 99 51 73 98
28 36 43 41 29 73
28 37 58 56 54 32
28 38 15 69 52 74
28 39 34 35 50 67
28 40 41 68 13 52
28 41 48 79 42 79
28 42 24 26 67 33
28 43 7 28 25 10
28 44 49 35 35 76
28 45 37 77 60 78
28 46 60 81 37 44
28 47 15 57 15 62
28 48 3 21 20 20
28 49 84 66 80 63
29 30 97 64 83 79
29 31 98 88 43 77
29 32 30 43 37 74
29 33 63 64 56 29
29 34 65 27 41 47
29 35 93 40 86 60
29 36 27 28 58 75
29 37 62 81 59 27
29 38 22 57 37 59
29 39 48 24 28 61
29 40 27 29 49 48
29 41 61 55 60 35
29 42 36 54 62 62
29 43 59 87 21 35
29 44 48 78 23 60
29 45 93 47 75 90
29 46 56 41 61 33
29 47 75 22 60 72
29 48 96 96 90 56
29 49 49 31 51 15
30 31 40 20 76 78
30 32 11 23 65 30
30 33 86 83 57 51
30 34 83 77 49 33
30 35 34 70 62 70
30 36 31 66 40 55
30 37 90 44 30 83
30 38 99 33 63 58
30 39 33 12 58 60
30 40 87 67 84 39
30 41 79 26 71 42
30 42 26 40 54 46
30 43 35 35 20 32
30 44 12 10 3 45
30 45 66 83 76 49
30 46 98 42 36 82
30 47 10 59 71 33
30 48 67 72 88 27
30 49 94 63 63 66
31 32 62 45 80 23
31 33 55 64 56 55
31 34 9 28 3 17
31 35 92 49 73 45
31 36 30 24 71 25
31 37 55 65 57 24
31 38 29 75 22 49
31 39 58 78 19 39
31 40 26 12 17 60
31 41 50 48 19 43
31 42 4 2 3 61
31 43 55 20 19 28
31 44 88 59 71 86
31 45 99 56 86 84
31 46 49 75 18 19
31 47 85 38 80 40
31 48 50 58 17 69
31 49 20 50 61 16
32 33 18 31 57 32
32 34 38 50 56 23
32 35 85 67 74 87
32 36 32 55 76 19
32 37 47 63 78 37
32 38 30 63 57 76
32 39 63 33 32 83
32 40 1 56 3 65
32 41 81 38 40 26
32 42 38 56 35 32
32 43 69 44 24 26
32 44 52 74 82 19
32 45 82 33 83 92
32 46 24 73 42 30
32 47 34 19 25 31
32 48 46 41 71 30
32 49 55 66 64 51
33 34 7 4 67 3
33 35 87 50 59 70
33 36 59 30 53 54
33 37 67 34 23 34
33 38 29 65 68 19
33 39 55 28 37 29
33 40 42 16 49 45
33 41 8 33 41 71
33 42 1 15 5 11
33 43 55 65 47 32
33 44 50 56 50 83
33 45 6 36 2 5
33 46 9 6 55 52
33 47 36 42 58 45
33 48 48 29 69 16
33 49 56 20 36 79
34 35 41 72 78 69
34 36 38 48 22 69
34 37 5 61 43 17
34 38 74 74 28 90
34 39 25 16 54 49
34 40 21 69 44 29
34 41 76 57 35 71
34 42 82 27 25 91
34 43 79 29 57 33
34 44 39 14 44 39
34 45 14 59 19 13
34 46 22 45 52 63
34 47 27 24 50 47
34 48 24 72 41 51
34 49 8 20 40 42
35 36 65 85 20 21
35 37 27 63 59 64
35 38 65 81 38 35
35 39 47 20 18 21
35 40 94 30 62 46
35 41 99 79 33 93
35 42 34 60 64 76
35 43 1 19 29 36
35 44 4 7 3 15
35 45 94 66 47 70
35 46 33 44 64 68
35 47 10 58 53 59
35 48 59 75 84 30
35 49 82 67 29 84
36 37 30 75 53 33
36 38 81 25 59 61
36 39 42 70 15 24
36 40 79 48 59 45
36 41 85 57 38 88
36 42 89 65 72 39
36 43 28 19 52 69
36 44 15 25 52 19
36 45 37 80 48 32
36 46 68 62 21 45
36 47 26 75 45 52
36 48 30 44 24 29
36 49 94 98 75 82
37 38 39 80 49 23
37 39 5 70 5 67
37 40 94 68 46 88
37 41 4 40 12 46
37 42 2 65 39 52
37 43 17 34 56 21
37 44 36 31 27 66
37 45 99 54 75 64
37 46 98 52 86 49
37 47 71 24 57 52
37 48 49 72 56 43
37 49 70 29 42 30
38 39 68 82 20 31
38 40 61 56 65 61
38 41 34 33 54 20
38 42 42 79 73 18
38 43 10 58 32 22
38 44 16 35 66 43
38 45 9 50 48 27
38 46 55 52 24 55
38 47 48 16 59 63
38 48 44 77 60 62
38 49 12 56 53 62
39 40 73 23 49 47
39 41 98 51 81 62
39 42 76 41 31 86
39 43 11 45 22 55
39 44 87 66 65 92
39 45 33 50 45 72
39 46 47 19 23 33
39 47 50 40 80 80
39 48 31 56 17 72
39 49 87 86 36 42
40 41 69 44 66 70
40 42 5 6 40 30
40 43 98 63 36 47
40 44 55 40 35 73
40 45 14 34 51 40
40 46 64 38 48 45
40 47 28 28 44 23
40 48 82 61 35 31
40 49 13 23 49 34
41 42 62 59 79 19
41 43 88 53 73 46
41 44 36 46 79 65
41 45 65 41 25 51
41 46 11 45 22 38
41 47 17 5 9 48
41 48 21 17 41 14
41 49 96 52 70 49
42 43 1 52 67 65
42 44 36 76 44 67
42 45 93 92 30 88
42 46 94 45 28 44
42 47 17 7 42 29
42 48 98 70 72 33
42 49 28 25 77 56
43 44 89 65 57 35
43 45 10 47 3 22
43 46 5 9 8 50
43 47 2 25 66 17
43 48 82 90 56 40
43 49 21 52 6 20
44 45 97 66 48 61
44 46 23 25 15 22
44 47 61 56 26 58
44 48 85 86 42 46
44 49 50 84 63 67
45 46 83 80 36 48
45 47 40 77 61 31
45 48 17 61 70 43
45 49 38 28 80 33
46 47 37 16 30 56
46 48 12 17 28 19
46 49 70 56 69 24
47 48 24 41 30 24
47 49 30 74 23 75
48 49 6 43 58 61
