100
0 1 6 85 83
0 2 95 24 27
0 3 15 65 70
0 4 34 52 48
0 5 5 95 95
0 6 1 94 79
0 7 67 37 31
0 8 26 72 75
0 9 3 80 83
0 10 42 62 69
0 11 32 55 63
0 12 38 59 63
0 13 48 42 63
0 14 0 95 90
0 15 34 64 59
0 16 33 62 48
0 17 99 2 10
0 18 97 7 2
0 19 98 26 17
0 20 46 38 66
0 21 31 69 63
0 22 48 36 61
0 23 85 12 10
0 24 20 58 83
0 25 74 26 38
0 26 54 61 45
0 27 94 8 14
0 28 79 25 35
0 29 97 3 11
0 30 85 26 12
0 31 93 29 31
0 32 2 72 88
0 33 86 23 28
0 34 38 59 55
0 35 50 37 43
0 36 16 80 60
0 37 29 68 72
0 38 15 67 60
0 39 81 14 22
0 40 15 84 60
0 41 83 34 29
0 42 93 13 20
0 43 33 64 51
0 44 80 37 18
0 45 54 40 46
0 46 74 28 45
0 47 17 62 85
0 48 83 16 26
0 49 71 45 31
0 50 32 61 61
0 51 74 35 46
0 52 16 66 78
0 53 31 72 58
0 54 51 35 50
0 55 93 29 6
0 56 92 10 33
0 57 65 34 53
0 58 23 80 74
0 59 16 72 87
0 60 33 49 68
0 61 84 31 13
0 62 23 56 74
0 63 65 41 34
0 64 7 75 65
0 65 70 49 22
0 66 90 19 26
0 67 65 47 38
0 68 35 67 58
0 69 92 29 8
0 70 91 21 22
0 71 97 15 7
0 72 98 5 8
0 73 5 80 93
0 74 5 79 82
0 75 23 55 77
0 76 66 27 52
0 77 81 40 36
0 78 50 43 48
0 79 86 11 37
0 80 70 48 42
0 81 90 36 35
0 82 51 39 51
0 83 61 54 42
0 84 39 43 54
0 85 4 74 89
0 86 38 51 51
0 87 92 27 33
0 88 37 63 49
0 89 45 63 55
0 90 75 34 25
0 91 32 60 72
0 92 60 38 36
0 93 71 26 22
0 94 41 59 46
0 95 86 20 17
0 96 35 61 60
0 97 55 34 55
0 98 48 38 46
0 99 27 61 55
1 2 14 71 60
1 3 83 23 38
1 4 61 39 28
1 5 22 79 83
1 6 32 64 57
1 7 46 64 48
1 8 46 59 56
1 9 47 59 61
1 10 35 59 45
1 11 96 13 5
1 12 18 77 74
1 13 61 32 33
1 14 86 31 32
1 15 73 35 40
1 16 75 21 34
1 17 69 23 42
1 18 66 31 45
1 19 57 40 44
1 20 84 12 19
1 21 45 49 57
1 22 73 47 35
1 23 5 67 79
1 24 36 63 68
1 25 71 37 26
1 26 20 61 73
1 27 2 86 81
1 28 51 55 41
1 29 60 51 36
1 30 72 34 44
1 31 62 42 51
1 32 59 51 44
1 33 68 46 29
1 34 76 39 44
1 35 1 78 78
1 36 77 34 35
1 37 92 34 16
1 38 66 34 27
1 39 35 74 48
1 40 49 52 35
1 41 2 94 93
1 42 14 74 89
1 43 35 54 64
1 44 60 55 40
1 45 61 43 39
1 46 82 12 29
1 47 93 16 25
1 48 87 15 19
1 49 48 42 41
1 50 85 34 20
1 51 81 19 13
1 52 72 34 44
1 53 14 63 80
1 54 14 78 77
1 55 48 45 50
1 56 3 75 91
1 57 78 44 24
1 58 86 23 35
1 59 77 25 36
1 60 70 44 30
1 61 69 44 29
1 62 53 41 59
1 63 0 89 86
1 64 65 37 49
1 65 86 35 24
1 66 4 91 68
1 67 99 18 9
1 68 71 43 33
1 69 35 46 60
1 70 96 29 16
1 71 53 55 50
1 72 52 49 34
1 73 94 21 29
1 74 60 31 42
1 75 80 30 26
1 76 15 80 62
1 77 48 40 39
1 78 90 22 10
1 79 95 4 20
1 80 61 41 28
1 81 7 85 67
1 82 56 38 50
1 83 22 82 77
1 84 68 38 24
1 85 78 18 42
1 86 96 26 7
1 87 47 64 47
1 88 65 48 46
1 89 98 30 11
1 90 49 52 55
1 91 0 69 85
1 92 83 31 38
1 93 99 1 26
1 94 19 68 62
1 95 65 24 49
1 96 24 71 77
1 97 56 45 42
1 98 3 67 94
1 99 79 19 32
2 3 44 63 64
2 4 25 74 80
2 5 22 68 81
2 6 73 29 42
2 7 45 52 55
2 8 82 19 13
2 9 70 48 44
2 10 54 60 34
2 11 83 30 14
2 12 13 88 69
2 13 47 49 47
2 14 31 55 50
2 15 44 41 67
2 16 40 64 43
2 17 34 57 61
2 18 0 95 87
2 19 7 94 67
2 20 26 64 60
2 21 96 3 9
2 22 82 32 34
2 23 21 60 74
2 24 67 36 33
2 25 22 78 79
2 26 40 53 60
2 27 61 49 37
2 28 97 23 6
2 29 92 14 6
2 30 68 42 45
2 31 63 40 37
2 32 66 48 40
2 33 93 29 20
2 34 95 24 27
2 35 12 73 89
2 36 10 79 63
2 37 65 53 34
2 38 14 60 71
2 39 11 87 79
2 40 78 22 27
2 41 20 77 58
2 42 35 59 74
2 43 97 17 5
2 44 33 60 48
2 45 28 55 61
2 46 79 43 29
2 47 13 70 89
2 48 15 68 80
2 49 33 53 60
2 50 25 69 52
2 51 1 78 74
2 52 59 37 31
2 53 43 50 59
2 54 23 72 66
2 55 70 31 30
2 56 31 63 74
2 57 2 89 81
2 58 2 91 74
2 59 33 65 51
2 60 57 53 53
2 61 65 46 51
2 62 84 22 35
2 63 2 85 78
2 64 25 71 80
2 65 88 10 10
2 66 44 64 45
2 67 22 67 60
2 68 91 32 27
2 69 44 59 45
2 70 69 37 26
2 71 95 29 18
2 72 60 54 45
2 73 34 48 64
2 74 41 68 64
2 75 29 53 67
2 76 33 61 67
2 77 69 32 37
2 78 33 65 55
2 79 49 36 64
2 80 16 68 87
2 81 89 30 7
2 82 77 35 25
2 83 70 25 35
2 84 77 32 37
2 85 48 64 64
2 86 81 17 35
2 87 63 53 30
2 88 79 19 41
2 89 98 11 3
2 90 32 64 54
2 91 58 45 48
2 92 99 27 8
2 93 39 50 49
2 94 16 81 75
2 95 30 49 70
2 96 76 44 36
2 97 41 59 70
2 98 57 48 47
2 99 68 44 37
3 4 1 83 86
3 5 18 58 65
3 6 37 52 70
3 7 77 35 27
3 8 28 75 65
3 9 87 36 29
3 10 90 11 8
3 11 83 15 30
3 12 16 70 79
3 13 0 86 90
3 14 31 62 64
3 15 5 86 84
3 16 73 43 45
3 17 54 33 47
3 18 19 68 86
3 19 59 38 54
3 20 70 30 35
3 21 46 38 41
3 22 20 62 85
3 23 28 60 74
3 24 31 64 74
3 25 6 83 68
3 26 88 11 11
3 27 85 33 32
3 28 26 67 53
3 29 4 77 85
3 30 90 31 23
3 31 44 51 47
3 32 97 9 6
3 33 31 57 56
3 34 87 30 37
3 35 28 79 60
3 36 26 80 72
3 37 3 75 97
3 38 91 27 6
3 39 16 82 63
3 40 6 92 85
3 41 71 29 30
3 42 61 30 28
3 43 19 75 59
3 44 27 51 65
3 45 97 5 9
3 46 40 69 53
3 47 22 83 78
3 48 24 58 77
3 49 52 44 35
3 50 5 88 93
3 51 50 60 40
3 52 19 75 84
3 53 44 42 41
3 54 43 39 45
3 55 68 49 31
3 56 72 41 33
3 57 28 63 79
3 58 68 26 32
3 59 57 35 56
3 60 44 60 41
3 61 4 88 80
3 62 80 29 41
3 63 9 86 69
3 64 53 59 59
3 65 11 73 79
3 66 99 0 6
3 67 85 14 30
3 68 77 16 25
3 69 77 44 31
3 70 48 36 49
3 71 72 21 36
3 72 5 77 86
3 73 87 35 26
3 74 14 78 71
3 75 62 39 38
3 76 22 68 64
3 77 10 88 65
3 78 85 36 24
3 79 9 93 87
3 80 16 58 71
3 81 16 72 64
3 82 21 79 59
3 83 92 28 24
3 84 36 54 69
3 85 42 45 54
3 86 24 69 67
3 87 27 64 55
3 88 67 34 49
3 89 88 24 10
3 90 44 47 67
3 91 1 85 93
3 92 20 67 72
3 93 19 63 84
3 94 18 78 68
3 95 18 78 61
3 96 30 71 72
3 97 41 67 50
3 98 38 61 58
3 99 40 46 57
4 5 60 27 35
4 6 21 58 77
4 7 46 48 62
4 8 81 33 14
4 9 69 46 28
4 10 72 29 29
4 11 36 65 58
4 12 84 29 22
4 13 76 28 31
4 14 78 35 23
4 15 31 68 51
4 16 93 22 17
4 17 43 52 69
4 18 19 63 74
4 19 73 37 37
4 20 30 62 51
4 21 50 40 34
4 22 37 48 59
4 23 81 38 39
4 24 64 45 48
4 25 62 28 29
4 26 7 72 93
4 27 28 79 73
4 28 93 25 31
4 29 44 65 48
4 30 50 57 35
4 31 15 61 80
4 32 63 30 43
4 33 55 32 41
4 34 41 63 56
4 35 33 68 66
4 36 88 20 30
4 37 5 81 72
4 38 47 61 42
4 39 85 24 27
4 40 33 52 47
4 41 65 36 34
4 42 52 62 55
4 43 41 57 65
4 44 66 40 37
4 45 79 18 16
4 46 89 22 21
4 47 96 21 12
4 48 60 47 47
4 49 82 12 21
4 50 60 38 29
4 51 34 61 55
4 52 91 29 27
4 53 64 30 40
4 54 93 29 20
4 55 98 1 15
4 56 36 68 64
4 57 46 39 51
4 58 24 67 73
4 59 49 46 44
4 60 32 76 57
4 61 0 78 99
4 62 46 61 52
4 63 90 21 21
4 64 8 85 91
4 65 79 25 18
4 66 71 46 41
4 67 10 83 87
4 68 40 71 55
4 69 0 93 74
4 70 58 33 40
4 71 52 35 61
4 72 55 41 49
4 73 66 25 23
4 74 52 48 41
4 75 7 74 71
4 76 0 94 80
4 77 88 23 23
4 78 94 28 28
4 79 81 26 42
4 80 5 74 92
4 81 89 26 34
4 82 81 27 42
4 83 30 65 64
4 84 21 75 61
4 85 98 21 10
4 86 35 68 57
4 87 28 60 51
4 88 9 75 91
4 89 11 79 64
4 90 30 61 59
4 91 67 23 26
4 92 29 52 61
4 93 96 31 27
4 94 83 25 18
4 95 88 8 16
4 96 76 17 32
4 97 23 79 79
4 98 44 52 58
4 99 34 54 67
5 6 13 63 74
5 7 31 66 60
5 8 65 47 52
5 9 62 32 26
5 10 20 77 71
5 11 79 33 42
5 12 74 33 24
5 13 12 66 74
5 14 78 27 20
5 15 8 85 84
5 16 38 60 55
5 17 21 81 56
5 18 72 29 21
5 19 86 34 20
5 20 80 24 38
5 21 86 33 15
5 22 94 26 11
5 23 59 45 55
5 24 7 80 93
5 25 84 14 14
5 26 99 15 11
5 27 64 35 34
5 28 94 19 14
5 29 51 40 43
5 30 39 65 58
5 31 42 50 67
5 32 8 76 85
5 33 39 65 57
5 34 90 24 20
5 35 47 52 49
5 36 44 41 67
5 37 95 20 26
5 38 98 27 23
5 39 16 69 70
5 40 26 53 58
5 41 86 9 24
5 42 5 73 85
5 43 38 68 55
5 44 31 71 53
5 45 6 77 66
5 46 35 52 60
5 47 3 82 68
5 48 1 79 97
5 49 63 28 47
5 50 95 18 6
5 51 67 23 51
5 52 85 17 31
5 53 57 38 50
5 54 41 49 54
5 55 36 74 70
5 56 43 60 44
5 57 15 70 88
5 58 13 78 70
5 59 55 57 34
5 60 10 72 80
5 61 47 59 52
5 62 25 64 61
5 63 80 35 14
5 64 43 68 66
5 65 22 69 66
5 66 79 37 37
5 67 71 41 33
5 68 51 64 46
5 69 34 61 68
5 70 95 28 31
5 71 45 67 53
5 72 13 74 81
5 73 64 40 29
5 74 20 68 75
5 75 32 50 67
5 76 29 73 66
5 77 43 57 40
5 78 23 65 72
5 79 59 32 44
5 80 36 48 57
5 81 1 74 81
5 82 99 8 14
5 83 58 36 37
5 84 37 59 64
5 85 30 58 51
5 86 38 68 44
5 87 83 15 13
5 88 90 21 22
5 89 8 77 90
5 90 57 56 37
5 91 11 85 90
5 92 41 60 42
5 93 20 71 77
5 94 93 5 22
5 95 1 86 93
5 96 86 32 19
5 97 1 87 86
5 98 15 59 71
5 99 89 20 31
6 7 60 49 30
6 8 63 53 50
6 9 42 49 58
6 10 69 36 27
6 11 17 63 64
6 12 78 27 15
6 13 79 41 27
6 14 60 33 33
6 15 30 59 75
6 16 53 35 52
6 17 40 62 43
6 18 93 5 30
6 19 91 17 18
6 20 33 60 50
6 21 67 28 22
6 22 43 60 54
6 23 66 49 28
6 24 63 47 42
6 25 19 70 74
6 26 22 61 57
6 27 28 64 78
6 28 0 90 76
6 29 40 59 55
6 30 88 24 29
6 31 18 84 57
6 32 8 90 89
6 33 53 37 59
6 34 56 47 31
6 35 69 51 28
6 36 4 86 83
6 37 69 46 28
6 38 65 39 35
6 39 73 36 25
6 40 99 13 29
6 41 6 76 91
6 42 75 39 29
6 43 64 32 35
6 44 3 97 88
6 45 26 72 69
6 46 90 19 30
6 47 5 86 79
6 48 8 81 76
6 49 39 44 65
6 50 21 62 84
6 51 88 11 36
6 52 92 25 17
6 53 91 16 14
6 54 39 50 71
6 55 61 38 54
6 56 74 44 19
6 57 76 36 25
6 58 26 74 58
6 59 70 26 23
6 60 5 78 66
6 61 17 58 82
6 62 83 21 21
6 63 28 72 78
6 64 88 27 30
6 65 84 27 24
6 66 90 28 20
6 67 42 58 65
6 68 87 35 11
6 69 15 70 76
6 70 14 73 60
6 71 61 43 29
6 72 17 77 83
6 73 36 44 52
6 74 63 30 51
6 75 49 53 53
6 76 40 68 51
6 77 74 42 20
6 78 46 58 62
6 79 9 67 67
6 80 15 76 72
6 81 87 13 22
6 82 92 6 35
6 83 26 67 70
6 84 88 27 20
6 85 93 14 26
6 86 4 83 90
6 87 26 52 69
6 88 96 6 26
6 89 71 34 36
6 90 30 71 49
6 91 68 42 39
6 92 79 44 25
6 93 57 50 47
6 94 60 43 37
6 95 62 48 54
6 96 56 37 37
6 97 53 47 36
6 98 22 81 78
6 99 9 90 82
7 8 98 26 10
7 9 4 88 86
7 10 31 59 65
7 11 79 42 24
7 12 65 25 35
7 13 54 46 47
7 14 27 67 71
7 15 54 46 55
7 16 33 52 59
7 17 78 38 26
7 18 84 20 13
7 19 58 49 54
7 20 41 56 69
7 21 42 41 54
7 22 47 46 46
7 23 57 33 53
7 24 0 98 95
7 25 72 35 42
7 26 80 22 29
7 27 29 62 53
7 28 22 76 57
7 29 86 34 19
7 30 27 60 80
7 31 8 92 79
7 32 43 62 67
7 33 57 43 50
7 34 84 25 17
7 35 83 15 39
7 36 7 72 64
7 37 45 39 63
7 38 93 29 9
7 39 52 36 59
7 40 14 64 62
7 41 24 67 60
7 42 87 29 17
7 43 34 75 58
7 44 60 28 52
7 45 58 54 50
7 46 44 39 42
7 47 74 43 38
7 48 25 73 66
7 49 86 36 21
7 50 96 23 7
7 51 7 72 92
7 52 91 15 15
7 53 9 89 84
7 54 9 78 88
7 55 2 92 80
7 56 81 19 38
7 57 24 64 68
7 58 8 83 85
7 59 64 38 45
7 60 41 49 70
7 61 11 71 81
7 62 53 48 58
7 63 80 29 27
7 64 12 65 85
7 65 17 75 79
7 66 52 34 48
7 67 90 29 9
7 68 79 24 43
7 69 10 81 66
7 70 34 48 50
7 71 38 69 51
7 72 20 72 71
7 73 13 77 71
7 74 94 20 14
7 75 0 99 93
7 76 69 23 46
7 77 54 60 53
7 78 35 67 69
7 79 52 58 45
7 80 93 9 6
7 81 97 20 11
7 82 85 38 27
7 83 62 41 49
7 84 45 53 57
7 85 67 24 36
7 86 12 65 72
7 87 59 38 54
7 88 61 47 48
7 89 56 34 56
7 90 26 57 66
7 91 95 25 13
7 92 57 53 33
7 93 81 35 16
7 94 25 74 71
7 95 97 24 4
7 96 21 56 65
7 97 89 26 32
7 98 54 37 50
7 99 38 59 58
8 9 85 36 37
8 10 7 80 79
8 11 86 38 33
8 12 23 74 68
8 13 6 94 78
8 14 14 74 60
8 15 5 79 88
8 16 94 30 25
8 17 81 31 36
8 18 87 20 16
8 19 27 73 66
8 20 64 38 31
8 21 9 68 69
8 22 11 83 74
8 23 91 20 28
8 24 63 32 45
8 25 4 71 75
8 26 71 23 47
8 27 33 70 59
8 28 13 70 74
8 29 52 59 58
8 30 27 55 67
8 31 0 88 77
8 32 66 48 34
8 33 54 49 35
8 34 34 47 47
8 35 89 17 34
8 36 0 70 95
8 37 4 72 87
8 38 3 71 88
8 39 1 81 89
8 40 90 31 18
8 41 50 42 54
8 42 23 72 77
8 43 95 21 9
8 44 63 49 36
8 45 95 10 26
8 46 88 25 11
8 47 36 52 46
8 48 77 42 34
8 49 29 71 71
8 50 4 80 73
8 51 36 59 69
8 52 59 32 38
8 53 48 56 65
8 54 20 56 81
8 55 22 79 57
8 56 17 87 67
8 57 55 32 53
8 58 57 48 58
8 59 55 31 35
8 60 90 27 21
8 61 10 81 89
8 62 5 72 78
8 63 92 32 22
8 64 33 65 51
8 65 17 66 73
8 66 9 77 92
8 67 12 77 70
8 68 88 27 29
8 69 52 47 44
8 70 16 82 77
8 71 28 58 53
8 72 48 63 47
8 73 80 42 27
8 74 24 59 71
8 75 99 24 8
8 76 83 24 36
8 77 44 49 47
8 78 4 84 67
8 79 47 62 43
8 80 77 35 33
8 81 54 50 51
8 82 70 43 29
8 83 15 76 77
8 84 58 52 38
8 85 54 45 55
8 86 61 39 46
8 87 34 51 51
8 88 93 10 22
8 89 4 75 82
8 90 64 46 31
8 91 84 13 26
8 92 41 55 62
8 93 31 49 54
8 94 53 59 51
8 95 99 28 9
8 96 90 18 26
8 97 75 30 30
8 98 9 88 87
8 99 7 87 84
9 10 8 81 68
9 11 47 38 57
9 12 26 73 56
9 13 76 17 43
9 14 2 71 82
9 15 37 65 69
9 16 77 34 16
9 17 93 6 7
9 18 20 71 63
9 19 73 23 37
9 20 48 54 56
9 21 25 66 58
9 22 78 38 36
9 23 47 38 40
9 24 64 27 42
9 25 34 51 59
9 26 85 13 36
9 27 5 87 82
9 28 95 25 31
9 29 94 32 14
9 30 67 25 40
9 31 98 7 29
9 32 68 43 44
9 33 22 56 77
9 34 88 16 21
9 35 37 57 60
9 36 37 67 51
9 37 74 37 21
9 38 23 66 62
9 39 68 23 28
9 40 48 53 39
9 41 24 65 76
9 42 28 73 78
9 43 99 16 0
9 44 82 12 24
9 45 43 56 57
9 46 66 47 50
9 47 42 54 50
9 48 67 36 48
9 49 96 12 9
9 50 27 66 52
9 51 28 56 65
9 52 75 45 19
9 53 63 26 35
9 54 28 62 56
9 55 91 33 15
9 56 32 65 50
9 57 7 86 81
9 58 50 47 38
9 59 3 74 93
9 60 88 21 31
9 61 70 48 38
9 62 24 78 71
9 63 50 63 52
9 64 1 91 96
9 65 25 54 64
9 66 56 39 34
9 67 97 5 3
9 68 97 5 25
9 69 98 17 18
9 70 26 76 65
9 71 47 56 39
9 72 49 42 58
9 73 24 81 78
9 74 84 13 36
9 75 43 41 47
9 76 5 87 72
9 77 51 58 56
9 78 44 59 50
9 79 94 20 21
9 80 84 23 30
9 81 82 40 37
9 82 36 52 66
9 83 9 68 76
9 84 14 82 76
9 85 71 30 29
9 86 46 54 58
9 87 42 47 52
9 88 22 82 75
9 89 37 69 66
9 90 85 35 14
9 91 80 30 41
9 92 53 38 44
9 93 95 9 12
9 94 75 31 38
9 95 49 46 49
9 96 80 32 34
9 97 91 14 27
9 98 34 75 64
9 99 13 80 70
10 11 73 34 31
10 12 49 53 57
10 13 27 74 66
10 14 97 22 8
10 15 80 30 18
10 16 38 49 67
10 17 91 18 25
10 18 31 70 65
10 19 3 71 87
10 20 84 36 25
10 21 21 82 57
10 22 52 37 55
10 23 38 44 72
10 24 16 67 79
10 25 63 38 45
10 26 48 64 43
10 27 95 26 7
10 28 33 68 67
10 29 92 26 35
10 30 33 73 72
10 31 20 63 82
10 32 77 31 31
10 33 52 55 54
10 34 25 56 74
10 35 9 92 71
10 36 86 17 16
10 37 19 57 75
10 38 73 36 35
10 39 24 79 62
10 40 18 61 83
10 41 18 66 64
10 42 84 21 35
10 43 81 36 30
10 44 82 35 23
10 45 68 28 51
10 46 91 6 28
10 47 69 28 22
10 48 95 4 21
10 49 50 60 37
10 50 93 23 32
10 51 52 49 57
10 52 6 76 90
10 53 77 38 42
10 54 45 63 46
10 55 93 26 6
10 56 23 57 66
10 57 60 37 41
10 58 95 19 6
10 59 79 36 33
10 60 29 71 62
10 61 94 33 28
10 62 80 32 26
10 63 41 53 43
10 64 28 56 78
10 65 38 71 50
10 66 15 69 76
10 67 39 55 42
10 68 74 42 22
10 69 77 43 27
10 70 69 49 46
10 71 79 42 38
10 72 37 47 66
10 73 94 17 24
10 74 7 71 91
10 75 22 65 62
10 76 44 43 52
10 77 29 75 52
10 78 28 74 67
10 79 13 79 74
10 80 65 25 38
10 81 70 43 42
10 82 93 23 30
10 83 29 77 63
10 84 66 46 33
10 85 74 38 42
10 86 42 69 68
10 87 94 14 33
10 88 75 26 17
10 89 13 88 70
10 90 91 30 35
10 91 98 22 12
10 92 6 67 79
10 93 73 32 39
10 94 3 94 71
10 95 76 32 40
10 96 37 55 58
10 97 20 73 65
10 98 44 55 43
10 99 14 65 75
11 12 2 70 92
11 13 58 40 41
11 14 79 41 30
11 15 78 30 17
11 16 33 69 72
11 17 21 57 58
11 18 89 22 32
11 19 68 33 22
11 20 46 37 41
11 21 98 1 16
11 22 81 35 39
11 23 25 72 61
11 24 12 72 65
11 25 95 2 28
11 26 93 25 5
11 27 17 58 86
11 28 96 13 21
11 29 98 29 28
11 30 25 78 76
11 31 46 45 41
11 32 17 67 77
11 33 31 65 49
11 34 6 67 90
11 35 15 79 65
11 36 16 73 61
11 37 62 36 28
11 38 99 11 28
11 39 56 54 59
11 40 55 48 47
11 41 84 31 17
11 42 95 5 13
11 43 64 29 50
11 44 57 58 49
11 45 74 33 30
11 46 95 32 23
11 47 8 65 76
11 48 51 40 55
11 49 88 22 9
11 50 68 24 37
11 51 14 68 64
11 52 56 35 48
11 53 97 13 18
11 54 39 49 68
11 55 89 10 15
11 56 68 27 39
11 57 63 33 28
11 58 18 58 69
11 59 14 62 84
11 60 88 24 12
11 61 84 34 22
11 62 3 70 70
11 63 95 10 13
11 64 31 77 69
11 65 12 72 86
11 66 89 29 25
11 67 19 78 77
11 68 64 29 47
11 69 55 57 33
11 70 13 68 84
11 71 88 37 25
11 72 71 49 20
11 73 13 87 77
11 74 22 54 59
11 75 45 52 61
11 76 85 10 32
11 77 54 57 42
11 78 85 20 18
11 79 26 53 57
11 80 97 28 13
11 81 44 65 63
11 82 33 61 51
11 83 48 38 56
11 84 14 66 62
11 85 2 95 72
11 86 36 58 70
11 87 30 66 62
11 88 80 22 39
11 89 3 89 89
11 90 85 33 31
11 91 40 59 52
11 92 93 17 8
11 93 86 19 18
11 94 38 46 48
11 95 43 68 44
11 96 43 43 57
11 97 16 84 82
11 98 0 87 80
11 99 92 28 20
12 13 90 34 15
12 14 49 47 50
12 15 90 9 8
12 16 6 84 82
12 17 84 31 39
12 18 61 55 44
12 19 90 9 10
12 20 22 81 79
12 21 85 17 39
12 22 41 67 48
12 23 83 22 34
12 24 17 80 87
12 25 69 36 46
12 26 77 45 28
12 27 63 48 42
12 28 49 37 54
12 29 35 71 64
12 30 29 63 51
12 31 6 92 80
12 32 53 35 40
12 33 94 5 14
12 34 3 96 79
12 35 18 75 84
12 36 52 38 47
12 37 52 56 36
12 38 54 36 52
12 39 14 67 85
12 40 83 16 41
12 41 87 27 37
12 42 7 81 75
12 43 16 87 64
12 44 72 26 25
12 45 87 35 14
12 46 50 59 64
12 47 66 24 41
12 48 83 13 36
12 49 11 62 64
12 50 55 45 48
12 51 61 31 46
12 52 31 70 64
12 53 50 51 57
12 54 35 52 56
12 55 19 65 76
12 56 22 66 80
12 57 32 72 66
12 58 97 13 11
12 59 32 62 55
12 60 60 53 43
12 61 97 11 9
12 62 71 37 48
12 63 91 33 17
12 64 13 84 76
12 65 97 15 19
12 66 50 49 60
12 67 6 81 71
12 68 52 45 48
12 69 7 76 77
12 70 44 43 48
12 71 79 28 29
12 72 24 57 76
12 73 42 67 43
12 74 39 44 46
12 75 88 27 30
12 76 48 59 42
12 77 93 28 6
12 78 63 37 32
12 79 81 15 31
12 80 59 47 52
12 81 95 21 25
12 82 78 45 15
12 83 55 31 42
12 84 82 35 25
12 85 4 69 89
12 86 6 88 65
12 87 11 72 69
12 88 78 33 37
12 89 22 80 76
12 90 1 87 82
12 91 35 46 67
12 92 40 70 64
12 93 91 33 26
12 94 37 51 71
12 95 0 86 84
12 96 60 43 37
12 97 13 62 69
12 98 35 70 54
12 99 24 74 75
13 14 80 20 29
13 15 32 47 61
13 16 1 71 97
13 17 14 72 70
13 18 57 56 34
13 19 13 88 66
13 20 38 57 47
13 21 12 76 86
13 22 11 88 79
13 23 69 30 38
13 24 69 43 46
13 25 18 69 70
13 26 72 41 39
13 27 21 78 55
13 28 29 65 69
13 29 25 73 58
13 30 54 46 34
13 31 68 43 32
13 32 55 57 50
13 33 17 69 80
13 34 16 59 75
13 35 23 81 66
13 36 44 46 50
13 37 34 68 75
13 38 80 36 34
13 39 85 35 16
13 40 20 61 77
13 41 73 19 48
13 42 9 75 85
13 43 45 62 64
13 44 60 43 37
13 45 39 55 56
13 46 66 34 32
13 47 72 23 43
13 48 72 44 29
13 49 11 81 81
13 50 4 81 89
13 51 39 64 49
13 52 52 36 55
13 53 18 65 74
13 54 8 93 71
13 55 30 77 55
13 56 22 55 80
13 57 40 53 59
13 58 74 27 36
13 59 81 38 18
13 60 88 19 21
13 61 80 15 40
13 62 48 44 47
13 63 17 85 62
13 64 4 80 71
13 65 29 70 72
13 66 2 69 72
13 67 98 4 28
13 68 57 56 33
13 69 94 27 9
13 70 28 54 61
13 71 37 51 48
13 72 98 7 14
13 73 26 68 55
13 74 95 20 28
13 75 93 6 12
13 76 40 51 59
13 77 59 30 47
13 78 53 48 61
13 79 12 64 82
13 80 54 48 32
13 81 75 40 29
13 82 1 98 85
13 83 18 80 72
13 84 85 24 15
13 85 1 83 88
13 86 48 59 50
13 87 45 63 39
13 88 84 40 20
13 89 3 87 81
13 90 33 71 55
13 91 34 67 57
13 92 72 25 40
13 93 63 28 51
13 94 71 23 49
13 95 13 60 70
13 96 6 92 83
13 97 19 80 78
13 98 87 28 14
13 99 77 26 37
14 15 6 88 66
14 16 54 37 52
14 17 93 22 14
14 18 41 61 64
14 19 84 39 19
14 20 49 57 57
14 21 91 9 9
14 22 69 46 44
14 23 11 74 91
14 24 52 34 36
14 25 46 63 38
14 26 12 88 65
14 27 34 52 60
14 28 32 61 64
14 29 65 33 45
14 30 35 57 55
14 31 97 17 18
14 32 98 30 23
14 33 63 40 44
14 34 5 82 72
14 35 22 79 59
14 36 12 75 79
14 37 29 49 79
14 38 5 93 83
14 39 28 70 52
14 40 62 47 33
14 41 96 21 25
14 42 90 13 20
14 43 74 27 41
14 44 36 46 47
14 45 5 87 92
14 46 27 63 54
14 47 62 30 45
14 48 26 67 77
14 49 15 87 77
14 50 48 65 49
14 51 77 22 43
14 52 32 49 64
14 53 59 55 58
14 54 6 92 75
14 55 52 35 36
14 56 8 90 74
14 57 80 39 29
14 58 56 38 47
14 59 62 44 45
14 60 21 82 78
14 61 18 85 86
14 62 72 47 31
14 63 23 67 59
14 64 8 74 93
14 65 44 68 44
14 66 23 66 54
14 67 69 43 31
14 68 44 60 42
14 69 62 40 32
14 70 65 37 34
14 71 8 70 77
14 72 13 60 69
14 73 88 32 30
14 74 94 31 20
14 75 62 29 30
14 76 36 66 55
14 77 76 41 41
14 78 74 46 42
14 79 25 75 52
14 80 8 90 75
14 81 87 20 26
14 82 90 13 29
14 83 80 27 34
14 84 70 23 21
14 85 46 44 41
14 86 46 43 53
14 87 82 35 16
14 88 82 38 32
14 89 21 75 60
14 90 78 43 39
14 91 79 36 27
14 92 23 71 53
14 93 24 68 57
14 94 74 43 32
14 95 98 13 1
14 96 83 41 15
14 97 59 55 55
14 98 91 11 23
14 99 57 31 41
15 16 56 58 57
15 17 88 15 13
15 18 45 65 44
15 19 55 44 47
15 20 90 28 28
15 21 58 32 33
15 22 99 14 12
15 23 87 30 35
15 24 10 88 74
15 25 31 59 50
15 26 37 56 70
15 27 55 59 34
15 28 60 54 45
15 29 1 69 97
15 30 73 22 40
15 31 94 32 21
15 32 76 24 25
15 33 28 53 76
15 34 58 42 37
15 35 31 63 76
15 36 90 14 28
15 37 95 21 6
15 38 35 65 67
15 39 78 15 34
15 40 77 32 23
15 41 55 32 39
15 42 75 38 30
15 43 85 15 24
15 44 41 66 59
15 45 24 62 70
15 46 65 34 25
15 47 79 27 16
15 48 56 40 55
15 49 39 69 70
15 50 89 26 26
15 51 51 61 50
15 52 98 14 12
15 53 98 7 4
15 54 42 58 45
15 55 85 32 22
15 56 35 69 62
15 57 88 23 22
15 58 8 70 63
15 59 78 31 26
15 60 82 13 34
15 61 54 56 55
15 62 83 28 26
15 63 32 64 61
15 64 17 84 63
15 65 79 18 41
15 66 98 25 5
15 67 9 69 71
15 68 16 61 72
15 69 84 19 40
15 70 49 44 37
15 71 0 90 98
15 72 19 81 80
15 73 36 59 49
15 74 47 55 58
15 75 27 64 68
15 76 5 75 74
15 77 22 60 72
15 78 49 64 41
15 79 54 53 39
15 80 8 69 84
15 81 5 88 76
15 82 64 46 29
15 83 89 24 34
15 84 34 51 61
15 85 16 82 66
15 86 7 86 79
15 87 82 36 14
15 88 84 27 39
15 89 74 34 23
15 90 97 8 9
15 91 62 35 46
15 92 78 31 15
15 93 6 91 86
15 94 64 34 51
15 95 29 78 58
15 96 55 55 31
15 97 11 65 91
15 98 9 74 86
15 99 23 77 81
16 17 98 10 10
16 18 15 61 72
16 19 20 78 81
16 20 51 41 42
16 21 39 47 64
16 22 16 84 60
16 23 59 50 44
16 24 86 35 27
16 25 79 16 40
16 26 60 52 41
16 27 2 76 84
16 28 93 4 10
16 29 83 21 22
16 30 41 51 69
16 31 55 33 42
16 32 54 46 45
16 33 14 83 87
16 34 65 28 42
16 35 31 68 74
16 36 63 40 43
16 37 91 19 35
16 38 32 76 55
16 39 6 90 78
16 40 51 39 62
16 41 78 24 26
16 42 15 69 86
16 43 48 46 39
16 44 26 67 61
16 45 53 35 33
16 46 92 23 34
16 47 7 86 71
16 48 70 41 46
16 49 17 60 73
16 50 62 26 41
16 51 25 62 60
16 52 23 66 60
16 53 6 93 94
16 54 41 48 52
16 55 26 55 73
16 56 78 26 24
16 57 24 57 68
16 58 10 78 81
16 59 61 53 29
16 60 66 36 27
16 61 35 50 52
16 62 11 80 67
16 63 65 48 36
16 64 68 52 47
16 65 20 56 57
16 66 79 17 41
16 67 43 57 59
16 68 76 28 39
16 69 81 30 13
16 70 34 55 48
16 71 3 78 89
16 72 6 81 70
16 73 86 38 18
16 74 29 56 77
16 75 12 68 87
16 76 49 63 36
16 77 71 41 48
16 78 94 29 6
16 79 37 57 58
16 80 41 42 57
16 81 75 38 37
16 82 19 71 61
16 83 99 6 5
16 84 49 40 57
16 85 52 43 61
16 86 34 68 76
16 87 62 39 45
16 88 49 49 55
16 89 70 37 50
16 90 78 23 15
16 91 85 32 34
16 92 40 66 45
16 93 61 52 32
16 94 99 28 26
16 95 17 68 73
16 96 25 79 59
16 97 75 23 42
16 98 17 76 82
16 99 99 13 17
17 18 73 28 44
17 19 7 72 80
17 20 53 46 51
17 21 60 53 36
17 22 47 50 49
17 23 64 48 46
17 24 67 35 36
17 25 92 6 26
17 26 91 35 16
17 27 23 74 57
17 28 75 33 29
17 29 22 82 65
17 30 34 71 53
17 31 85 17 12
17 32 95 5 27
17 33 13 72 78
17 34 98 6 17
17 35 85 33 24
17 36 75 23 22
17 37 99 14 13
17 38 93 8 26
17 39 36 50 65
17 40 79 39 19
17 41 76 45 32
17 42 5 83 89
17 43 79 16 27
17 44 97 7 8
17 45 5 74 71
17 46 87 20 9
17 47 88 26 32
17 48 29 74 57
17 49 24 66 66
17 50 21 56 82
17 51 44 67 45
17 52 55 46 51
17 53 95 7 25
17 54 32 56 48
17 55 93 22 25
17 56 31 70 62
17 57 32 47 53
17 58 53 52 56
17 59 68 40 26
17 60 76 28 20
17 61 13 90 73
17 62 33 67 48
17 63 45 45 59
17 64 5 78 73
17 65 74 33 26
17 66 75 30 17
17 67 83 28 20
17 68 23 67 82
17 69 89 24 29
17 70 52 54 60
17 71 95 4 24
17 72 34 63 50
17 73 12 64 74
17 74 18 68 71
17 75 16 71 80
17 76 61 27 34
17 77 78 15 30
17 78 39 68 49
17 79 48 63 64
17 80 90 26 31
17 81 41 68 47
17 82 32 68 59
17 83 94 15 29
17 84 22 81 82
17 85 29 73 75
17 86 49 53 48
17 87 88 16 35
17 88 0 69 79
17 89 16 67 68
17 90 13 85 66
17 91 52 49 43
17 92 84 20 32
17 93 49 39 59
17 94 53 57 42
17 95 95 29 17
17 96 2 92 77
17 97 26 57 70
17 98 93 6 15
17 99 37 56 69
18 19 80 37 26
18 20 96 4 6
18 21 85 27 30
18 22 58 35 46
18 23 85 20 31
18 24 58 46 47
18 25 87 36 23
18 26 0 78 86
18 27 17 86 70
18 28 27 80 67
18 29 10 74 71
18 30 66 47 26
18 31 80 34 25
18 32 38 68 51
18 33 85 27 19
18 34 35 65 73
18 35 45 61 40
18 36 98 3 19
18 37 67 23 37
18 38 15 84 77
18 39 18 75 78
18 40 56 52 45
18 41 32 69 63
18 42 30 57 69
18 43 61 53 28
18 44 76 36 23
18 45 54 50 46
18 46 70 46 38
18 47 72 42 39
18 48 57 47 34
18 49 57 36 42
18 50 42 67 46
18 51 38 54 58
18 52 20 65 63
18 53 59 43 55
18 54 36 55 49
18 55 92 24 26
18 56 40 48 66
18 57 9 64 74
18 58 98 25 22
18 59 14 74 73
18 60 83 14 25
18 61 47 48 44
18 62 66 43 32
18 63 0 84 93
18 64 28 63 69
18 65 51 52 52
18 66 34 50 68
18 67 79 21 23
18 68 2 90 96
18 69 89 19 27
18 70 81 24 29
18 71 54 49 61
18 72 34 66 64
18 73 86 11 37
18 74 25 75 55
18 75 43 57 45
18 76 55 57 51
18 77 85 12 27
18 78 77 26 24
18 79 55 50 51
18 80 16 85 80
18 81 62 39 29
18 82 68 33 34
18 83 61 50 46
18 84 71 44 39
18 85 8 83 79
18 86 70 24 39
18 87 17 66 58
18 88 21 64 76
18 89 59 53 50
18 90 1 73 96
18 91 98 22 13
18 92 45 42 45
18 93 95 8 27
18 94 63 49 39
18 95 2 81 71
18 96 62 31 35
18 97 55 43 55
18 98 34 52 51
18 99 9 64 72
19 20 57 59 51
19 21 2 82 69
19 22 81 17 26
19 23 11 81 77
19 24 91 27 10
19 25 8 89 84
19 26 6 69 92
19 27 15 59 77
19 28 91 21 13
19 29 8 71 78
19 30 55 35 58
19 31 38 51 60
19 32 78 18 27
19 33 52 44 35
19 34 46 39 52
19 35 36 70 44
19 36 75 37 24
19 37 18 62 58
19 38 75 31 46
19 39 22 60 61
19 40 48 65 45
19 41 95 32 27
19 42 95 17 31
19 43 56 55 46
19 44 62 33 35
19 45 44 60 59
19 46 97 12 3
19 47 68 27 45
19 48 26 51 52
19 49 86 18 22
19 50 47 51 64
19 51 44 42 61
19 52 13 74 63
19 53 94 9 7
19 54 19 65 68
19 55 25 69 57
19 56 21 57 68
19 57 71 42 26
19 58 0 90 85
19 59 20 68 62
19 60 91 27 24
19 61 61 45 39
19 62 91 16 23
19 63 33 74 47
19 64 43 63 67
19 65 63 54 54
19 66 45 67 67
19 67 20 62 67
19 68 66 35 41
19 69 38 67 56
19 70 59 29 51
19 71 86 34 15
19 72 54 42 47
19 73 29 55 61
19 74 81 18 22
19 75 79 20 19
19 76 73 28 30
19 77 90 21 17
19 78 60 50 51
19 79 58 39 44
19 80 53 40 62
19 81 85 19 19
19 82 1 77 97
19 83 59 50 31
19 84 76 45 29
19 85 48 46 51
19 86 33 47 69
19 87 94 25 21
19 88 83 32 37
19 89 28 79 58
19 90 77 40 19
19 91 75 41 17
19 92 62 36 44
19 93 78 43 42
19 94 3 79 77
19 95 88 25 16
19 96 56 30 41
19 97 73 40 34
19 98 37 52 67
19 99 68 39 27
20 21 99 26 15
20 22 5 70 67
20 23 16 81 58
20 24 82 41 30
20 25 97 19 12
20 26 78 19 19
20 27 40 52 58
20 28 31 60 69
20 29 9 81 83
20 30 13 78 64
20 31 40 51 63
20 32 62 32 36
20 33 28 61 51
20 34 32 63 48
20 35 52 50 45
20 36 44 43 67
20 37 40 70 66
20 38 40 55 45
20 39 34 53 47
20 40 35 48 54
20 41 67 52 27
20 42 21 62 56
20 43 38 71 57
20 44 55 52 57
20 45 14 74 67
20 46 89 29 16
20 47 82 33 25
20 48 9 83 64
20 49 20 74 74
20 50 32 62 58
20 51 74 30 25
20 52 72 26 29
20 53 89 13 10
20 54 71 22 34
20 55 76 16 26
20 56 28 64 66
20 57 31 62 74
20 58 52 41 54
20 59 74 26 35
20 60 17 81 70
20 61 61 35 30
20 62 78 31 32
20 63 22 72 59
20 64 1 69 72
20 65 35 51 69
20 66 81 17 14
20 67 79 19 19
20 68 42 63 42
20 69 71 49 35
20 70 65 50 45
20 71 50 39 59
20 72 21 60 64
20 73 48 44 37
20 74 4 68 80
20 75 67 24 41
20 76 88 20 9
20 77 59 55 38
20 78 52 52 53
20 79 60 42 31
20 80 88 18 32
20 81 41 42 54
20 82 13 70 63
20 83 26 51 68
20 84 27 74 54
20 85 94 23 17
20 86 6 77 89
20 87 80 43 27
20 88 6 76 83
20 89 10 79 89
20 90 22 63 82
20 91 15 89 85
20 92 11 68 62
20 93 13 64 87
20 94 78 40 39
20 95 84 20 21
20 96 10 86 63
20 97 48 61 53
20 98 46 41 38
20 99 61 42 37
21 22 83 19 24
21 23 11 81 80
21 24 53 53 48
21 25 40 45 58
21 26 88 12 32
21 27 62 53 48
21 28 12 67 91
21 29 73 28 30
21 30 62 52 52
21 31 76 25 40
21 32 47 48 66
21 33 88 20 29
21 34 65 25 32
21 35 89 25 22
21 36 35 69 46
21 37 31 57 58
21 38 98 27 21
21 39 68 39 25
21 40 61 32 30
21 41 7 90 89
21 42 76 23 20
21 43 40 49 51
21 44 84 33 40
21 45 82 28 28
21 46 86 32 22
21 47 32 53 49
21 48 18 64 68
21 49 13 62 88
21 50 23 59 69
21 51 55 49 53
21 52 35 61 45
21 53 24 76 63
21 54 40 54 66
21 55 37 69 67
21 56 59 44 40
21 57 14 63 80
21 58 29 51 53
21 59 85 39 31
21 60 30 69 74
21 61 6 70 82
21 62 30 54 54
21 63 85 20 39
21 64 71 23 29
21 65 45 67 65
21 66 42 44 52
21 67 39 58 46
21 68 19 73 83
21 69 69 31 31
21 70 31 59 68
21 71 54 34 32
21 72 66 48 26
21 73 89 32 34
21 74 38 60 43
21 75 99 24 18
21 76 94 3 29
21 77 34 64 57
21 78 19 74 69
21 79 99 1 26
21 80 76 45 23
21 81 88 11 27
21 82 97 30 26
21 83 68 31 30
21 84 60 46 57
21 85 41 67 48
21 86 52 40 47
21 87 9 78 65
21 88 37 53 47
21 89 99 13 29
21 90 57 45 33
21 91 7 88 88
21 92 4 92 93
21 93 78 31 37
21 94 97 22 8
21 95 16 64 63
21 96 54 56 57
21 97 41 42 48
21 98 52 34 57
21 99 70 40 22
22 23 84 27 24
22 24 63 47 50
22 25 11 69 82
22 26 19 72 69
22 27 59 40 56
22 28 80 15 28
22 29 75 44 34
22 30 93 11 9
22 31 16 66 69
22 32 81 33 42
22 33 57 35 59
22 34 50 46 59
22 35 21 60 84
22 36 76 24 26
22 37 12 88 77
22 38 7 65 75
22 39 96 28 29
22 40 74 27 40
22 41 5 71 78
22 42 61 39 52
22 43 47 49 63
22 44 28 67 78
22 45 43 68 42
22 46 74 46 45
22 47 40 56 69
22 48 18 67 82
22 49 1 69 84
22 50 69 29 25
22 51 31 48 55
22 52 77 24 28
22 53 28 69 62
22 54 17 60 85
22 55 55 55 56
22 56 70 37 36
22 57 86 19 34
22 58 79 39 33
22 59 79 35 41
22 60 55 50 57
22 61 10 73 71
22 62 92 28 11
22 63 59 42 31
22 64 74 37 46
22 65 65 32 34
22 66 24 58 82
22 67 35 73 54
22 68 30 51 54
22 69 37 67 53
22 70 30 65 54
22 71 3 94 77
22 72 15 88 70
22 73 95 31 29
22 74 26 70 66
22 75 87 31 36
22 76 92 19 25
22 77 62 51 49
22 78 5 77 86
22 79 50 57 37
22 80 21 84 80
22 81 4 84 93
22 82 1 76 91
22 83 86 33 22
22 84 14 85 65
22 85 8 88 74
22 86 45 67 49
22 87 69 26 34
22 88 39 48 43
22 89 11 85 81
22 90 69 50 32
22 91 57 42 45
22 92 43 41 55
22 93 11 85 62
22 94 67 25 38
22 95 76 19 32
22 96 9 64 71
22 97 18 58 60
22 98 0 91 82
22 99 52 52 58
23 24 23 55 68
23 25 87 29 20
23 26 48 47 39
23 27 66 32 52
23 28 14 64 67
23 29 85 18 28
23 30 14 74 68
23 31 5 85 73
23 32 48 55 56
23 33 3 96 67
23 34 87 32 25
23 35 5 84 89
23 36 45 66 44
23 37 36 67 74
23 38 1 98 71
23 39 28 68 54
23 40 21 73 59
23 41 37 59 63
23 42 64 54 47
23 43 59 42 34
23 44 4 92 76
23 45 56 35 37
23 46 40 66 44
23 47 29 74 54
23 48 2 93 92
23 49 22 76 79
23 50 8 91 83
23 51 16 65 75
23 52 4 79 68
23 53 98 30 21
23 54 59 37 33
23 55 99 10 3
23 56 98 18 10
23 57 42 44 67
23 58 89 22 32
23 59 94 9 8
23 60 0 90 73
23 61 9 83 64
23 62 10 85 79
23 63 88 23 32
23 64 83 16 35
23 65 33 52 72
23 66 34 57 66
23 67 97 28 19
23 68 69 45 45
23 69 71 31 45
23 70 90 25 28
23 71 82 22 14
23 72 0 72 92
23 73 21 63 76
23 74 60 30 29
23 75 44 39 63
23 76 68 33 34
23 77 74 33 35
23 78 92 20 23
23 79 57 51 29
23 80 87 33 12
23 81 56 54 58
23 82 31 55 60
23 83 68 50 42
23 84 9 84 71
23 85 65 45 48
23 86 40 53 46
23 87 97 4 19
23 88 70 42 43
23 89 55 33 36
23 90 21 65 60
23 91 74 37 27
23 92 98 20 5
23 93 98 20 3
23 94 52 59 37
23 95 25 75 52
23 96 22 62 83
23 97 11 73 83
23 98 59 43 33
23 99 70 48 24
24 25 64 36 47
24 26 94 33 7
24 27 92 21 15
24 28 1 92 69
24 29 4 75 93
24 30 6 90 68
24 31 37 53 44
24 32 86 16 26
24 33 31 75 60
24 34 15 63 83
24 35 65 46 51
24 36 22 78 69
24 37 46 61 65
24 38 51 42 40
24 39 49 54 38
24 40 49 53 54
24 41 79 29 42
24 42 89 22 27
24 43 8 69 91
24 44 50 57 53
24 45 6 70 68
24 46 42 59 54
24 47 53 60 57
24 48 79 31 28
24 49 54 47 37
24 50 86 12 15
24 51 5 80 93
24 52 79 40 18
24 53 77 32 33
24 54 78 20 25
24 55 68 33 46
24 56 83 21 12
24 57 97 10 22
24 58 25 74 80
24 59 25 74 60
24 60 69 23 37
24 61 17 63 61
24 62 27 60 52
24 63 30 71 54
24 64 92 13 34
24 65 31 73 61
24 66 12 72 89
24 67 37 44 50
24 68 71 22 48
24 69 68 44 38
24 70 16 74 82
24 71 1 88 72
24 72 41 59 43
24 73 14 74 74
24 74 59 38 56
24 75 18 75 77
24 76 30 71 56
24 77 10 71 79
24 78 15 60 82
24 79 78 38 39
24 80 60 49 54
24 81 32 48 50
24 82 26 56 63
24 83 16 82 77
24 84 69 38 38
24 85 66 27 35
24 86 36 49 48
24 87 44 41 64
24 88 61 50 48
24 89 76 27 31
24 90 56 57 35
24 91 90 20 12
24 92 34 67 72
24 93 20 56 82
24 94 66 44 24
24 95 85 31 30
24 96 41 62 61
24 97 10 88 87
24 98 35 70 68
24 99 46 67 53
25 26 77 41 26
25 27 60 47 40
25 28 67 24 29
25 29 25 76 73
25 30 32 77 65
25 31 52 45 61
25 32 23 83 61
25 33 27 57 58
25 34 74 46 38
25 35 45 61 66
25 36 96 13 11
25 37 39 45 42
25 38 69 40 47
25 39 72 37 26
25 40 71 46 25
25 41 16 80 70
25 42 36 67 49
25 43 95 16 9
25 44 9 83 76
25 45 9 78 73
25 46 57 39 35
25 47 98 26 19
25 48 84 40 32
25 49 60 36 44
25 50 99 6 17
25 51 72 31 22
25 52 56 32 34
25 53 47 55 57
25 54 53 51 54
25 55 70 47 23
25 56 91 10 28
25 57 82 12 27
25 58 77 36 22
25 59 6 87 84
25 60 85 20 19
25 61 71 42 21
25 62 29 63 78
25 63 58 41 31
25 64 19 64 85
25 65 0 85 98
25 66 30 51 57
25 67 15 70 62
25 68 19 68 58
25 69 14 65 81
25 70 46 63 53
25 71 72 44 28
25 72 60 32 52
25 73 13 90 78
25 74 75 31 45
25 75 93 30 12
25 76 14 88 89
25 77 99 2 9
25 78 27 72 55
25 79 13 78 67
25 80 41 55 44
25 81 92 33 20
25 82 32 61 51
25 83 0 79 98
25 84 76 28 28
25 85 83 30 19
25 86 76 26 46
25 87 13 69 69
25 88 40 53 65
25 89 89 9 16
25 90 76 39 35
25 91 68 27 49
25 92 14 70 66
25 93 29 60 55
25 94 69 51 27
25 95 60 42 43
25 96 37 59 56
25 97 33 75 53
25 98 76 35 22
25 99 80 31 29
26 27 84 23 36
26 28 73 26 20
26 29 50 51 50
26 30 27 56 79
26 31 17 72 72
26 32 63 46 35
26 33 47 49 59
26 34 83 12 24
26 35 86 28 19
26 36 29 60 57
26 37 16 67 81
26 38 43 66 65
26 39 11 71 91
26 40 90 16 15
26 41 46 55 41
26 42 56 31 31
26 43 40 56 59
26 44 56 45 44
26 45 69 30 46
26 46 32 74 74
26 47 21 61 57
26 48 27 52 53
26 49 82 38 33
26 50 98 6 27
26 51 72 37 22
26 52 92 9 21
26 53 57 41 50
26 54 9 83 88
26 55 14 79 85
26 56 70 34 49
26 57 85 34 22
26 58 37 67 47
26 59 69 46 24
26 60 4 78 66
26 61 87 11 30
26 62 47 46 48
26 63 30 59 56
26 64 46 45 58
26 65 18 73 81
26 66 90 32 26
26 67 67 25 35
26 68 29 64 56
26 69 22 55 82
26 70 41 53 55
26 71 56 57 31
26 72 46 64 62
26 73 14 85 79
26 74 87 19 37
26 75 77 44 21
26 76 81 37 12
26 77 65 38 42
26 78 99 4 14
26 79 44 67 39
26 80 20 67 84
26 81 15 73 59
26 82 66 39 51
26 83 8 72 73
26 84 65 34 24
26 85 35 74 60
26 86 89 22 8
26 87 94 16 13
26 88 12 79 62
26 89 12 88 69
26 90 23 59 58
26 91 54 39 44
26 92 50 58 57
26 93 50 61 56
26 94 11 78 76
26 95 5 76 80
26 96 74 28 22
26 97 93 11 14
26 98 67 49 30
26 99 27 80 72
27 28 42 58 62
27 29 25 81 74
27 30 5 90 71
27 31 32 69 51
27 32 87 13 35
27 33 12 67 62
27 34 1 85 84
27 35 62 31 39
27 36 16 79 73
27 37 3 78 82
27 38 2 91 82
27 39 37 73 71
27 40 93 13 22
27 41 43 65 49
27 42 83 41 27
27 43 0 87 96
27 44 24 64 68
27 45 28 76 62
27 46 68 35 32
27 47 33 75 70
27 48 23 55 66
27 49 93 13 11
27 50 20 84 74
27 51 90 15 6
27 52 54 43 53
27 53 45 67 52
27 54 59 58 30
27 55 11 78 85
27 56 61 56 43
27 57 18 85 70
27 58 84 17 37
27 59 1 72 70
27 60 83 18 27
27 61 36 52 65
27 62 99 12 6
27 63 29 49 53
27 64 11 90 77
27 65 65 31 29
27 66 43 58 55
27 67 30 48 74
27 68 42 43 66
27 69 40 43 57
27 70 58 44 41
27 71 9 66 70
27 72 47 63 51
27 73 84 31 14
27 74 13 83 63
27 75 25 77 55
27 76 73 29 36
27 77 40 52 49
27 78 79 20 23
27 79 63 34 37
27 80 24 60 69
27 81 30 70 60
27 82 23 81 61
27 83 2 77 84
27 84 89 34 32
27 85 19 72 69
27 86 30 59 53
27 87 34 71 62
27 88 90 9 30
27 89 35 66 59
27 90 53 44 48
27 91 81 24 25
27 92 33 60 46
27 93 75 33 43
27 94 19 59 68
27 95 33 47 59
27 96 3 93 92
27 97 85 27 11
27 98 32 61 77
27 99 5 95 71
28 29 66 39 44
28 30 20 82 79
28 31 89 9 16
28 32 50 55 40
28 33 27 65 60
28 34 99 7 23
28 35 15 87 73
28 36 23 80 76
28 37 39 46 65
28 38 11 77 83
28 39 61 35 39
28 40 78 37 37
28 41 4 80 72
28 42 13 74 73
28 43 58 44 34
28 44 58 38 58
28 45 83 37 39
28 46 84 18 20
28 47 99 27 20
28 48 45 46 56
28 49 62 32 47
28 50 17 85 85
28 51 78 31 39
28 52 95 29 29
28 53 6 78 72
28 54 46 64 64
28 55 96 31 21
28 56 28 71 68
28 57 35 50 66
28 58 36 71 47
28 59 52 44 48
28 60 75 37 31
28 61 15 65 89
28 62 84 35 32
28 63 96 11 15
28 64 81 20 26
28 65 36 63 47
28 66 24 53 81
28 67 0 79 96
28 68 34 62 73
28 69 56 38 54
28 70 61 52 36
28 71 74 40 31
28 72 31 55 74
28 73 34 52 47
28 74 30 69 64
28 75 14 74 61
28 76 69 26 42
28 77 4 68 80
28 78 99 19 16
28 79 8 73 71
28 80 25 58 72
28 81 60 47 48
28 82 22 60 58
28 83 96 29 9
28 84 86 29 29
28 85 50 47 36
28 86 64 28 51
28 87 11 70 83
28 88 83 14 34
28 89 49 57 53
28 90 99 13 10
28 91 40 65 68
28 92 42 41 60
28 93 64 37 51
28 94 59 48 37
28 95 92 31 17
28 96 97 21 28
28 97 65 28 39
28 98 43 57 67
28 99 55 43 47
29 30 93 20 9
29 31 41 47 65
29 32 76 32 34
29 33 86 14 9
29 34 67 28 42
29 35 50 45 51
29 36 40 63 42
29 37 12 79 76
29 38 83 29 35
29 39 37 53 54
29 40 34 56 52
29 41 61 57 39
29 42 10 89 88
29 43 75 41 26
29 44 65 26 29
29 45 43 47 58
29 46 76 45 33
29 47 52 38 56
29 48 79 42 31
29 49 65 51 43
29 50 18 70 83
29 51 74 18 29
29 52 19 65 71
29 53 52 37 45
29 54 25 55 59
29 55 98 2 14
29 56 21 70 70
29 57 77 23 33
29 58 77 33 31
29 59 17 83 85
29 60 93 7 23
29 61 33 62 53
29 62 11 85 87
29 63 59 54 33
29 64 97 7 17
29 65 63 52 43
29 66 60 38 41
29 67 51 61 34
29 68 38 64 46
29 69 18 61 62
29 70 36 51 60
29 71 57 38 58
29 72 56 49 40
29 73 31 63 49
29 74 2 74 90
29 75 38 57 49
29 76 64 31 33
29 77 60 56 41
29 78 88 22 29
29 79 35 71 51
29 80 65 37 52
29 81 56 37 34
29 82 14 77 68
29 83 58 42 48
29 84 20 57 78
29 85 25 81 66
29 86 57 51 31
29 87 34 53 48
29 88 25 66 56
29 89 39 57 65
29 90 28 49 79
29 91 54 38 40
29 92 55 47 58
29 93 99 14 18
29 94 84 29 29
29 95 99 19 3
29 96 84 33 19
29 97 46 64 38
29 98 23 67 76
29 99 85 11 37
30 31 13 66 84
30 32 84 12 31
30 33 64 49 51
30 34 9 75 69
30 35 13 72 82
30 36 78 41 16
30 37 62 31 37
30 38 26 75 63
30 39 1 81 98
30 40 97 24 6
30 41 18 59 79
30 42 30 55 76
30 43 45 42 38
30 44 93 18 11
30 45 28 69 61
30 46 21 69 78
30 47 70 49 41
30 48 39 48 71
30 49 43 64 47
30 50 62 54 50
30 51 40 59 63
30 52 46 65 42
30 53 47 42 41
30 54 98 7 5
30 55 50 48 47
30 56 57 41 51
30 57 83 19 18
30 58 89 15 37
30 59 15 71 64
30 60 90 27 17
30 61 7 74 77
30 62 41 69 52
30 63 40 55 64
30 64 64 24 47
30 65 98 27 15
30 66 34 48 68
30 67 16 80 87
30 68 63 30 47
30 69 90 7 34
30 70 42 46 44
30 71 9 78 86
30 72 10 87 64
30 73 15 63 65
30 74 67 31 25
30 75 94 7 22
30 76 63 27 29
30 77 62 42 43
30 78 68 32 47
30 79 21 57 67
30 80 39 63 42
30 81 24 63 57
30 82 50 35 36
30 83 68 33 26
30 84 34 67 72
30 85 14 78 62
30 86 38 64 61
30 87 38 58 56
30 88 67 25 29
30 89 68 29 39
30 90 19 80 57
30 91 45 64 64
30 92 60 44 28
30 93 33 47 60
30 94 3 79 92
30 95 66 38 44
30 96 14 84 74
30 97 56 33 31
30 98 56 46 60
30 99 0 90 78
31 32 40 50 44
31 33 7 84 86
31 34 71 47 35
31 35 85 29 29
31 36 25 70 80
31 37 23 54 64
31 38 32 57 53
31 39 11 65 90
31 40 22 67 61
31 41 13 69 84
31 42 72 22 33
31 43 72 28 46
31 44 70 23 25
31 45 39 64 48
31 46 39 46 49
31 47 20 65 71
31 48 95 28 12
31 49 74 24 35
31 50 35 57 47
31 51 86 38 12
31 52 49 53 55
31 53 70 21 36
31 54 98 10 4
31 55 73 37 24
31 56 44 59 41
31 57 23 74 81
31 58 19 61 58
31 59 92 23 17
31 60 25 63 75
31 61 5 95 91
31 62 55 41 40
31 63 13 88 81
31 64 69 35 38
31 65 87 27 25
31 66 46 37 52
31 67 48 56 52
31 68 6 94 65
31 69 31 60 62
31 70 51 36 45
31 71 93 25 11
31 72 55 33 40
31 73 90 23 28
31 74 28 57 76
31 75 44 57 63
31 76 29 55 74
31 77 74 31 29
31 78 63 27 44
31 79 29 60 52
31 80 67 39 52
31 81 86 17 21
31 82 16 68 66
31 83 99 23 25
31 84 75 37 28
31 85 62 30 47
31 86 43 57 64
31 87 14 71 83
31 88 45 39 60
31 89 45 38 40
31 90 60 51 48
31 91 84 31 33
31 92 78 14 37
31 93 65 53 50
31 94 48 43 48
31 95 0 70 97
31 96 76 40 22
31 97 0 87 95
31 98 68 26 35
31 99 24 71 64
32 33 95 26 15
32 34 73 33 27
32 35 89 22 11
32 36 59 57 30
32 37 68 37 34
32 38 14 67 62
32 39 72 41 21
32 40 65 34 49
32 41 73 35 34
32 42 83 35 28
32 43 45 43 40
32 44 80 36 13
32 45 35 64 54
32 46 12 82 72
32 47 10 66 91
32 48 86 28 36
32 49 41 60 61
32 50 16 58 71
32 51 97 19 2
32 52 53 40 35
32 53 68 52 40
32 54 89 18 34
32 55 7 69 70
32 56 4 74 85
32 57 64 43 44
32 58 15 85 78
32 59 57 39 56
32 60 57 43 54
32 61 88 19 18
32 62 81 39 37
32 63 97 26 28
32 64 93 21 5
32 65 42 59 67
32 66 5 85 83
32 67 89 21 13
32 68 32 65 64
32 69 85 27 29
32 70 89 12 20
32 71 61 46 38
32 72 13 83 77
32 73 72 31 40
32 74 81 32 24
32 75 45 48 58
32 76 58 32 51
32 77 86 10 13
32 78 17 62 83
32 79 82 27 23
32 80 42 61 42
32 81 59 54 32
32 82 11 80 66
32 83 73 41 19
32 84 27 69 56
32 85 99 14 3
32 86 31 53 60
32 87 50 54 47
32 88 3 72 86
32 89 35 60 70
32 90 94 10 16
32 91 17 58 76
32 92 76 21 35
32 93 83 18 24
32 94 69 28 29
32 95 77 37 39
32 96 10 88 91
32 97 91 23 19
32 98 37 49 58
32 99 88 37 22
33 34 9 75 85
33 35 60 45 45
33 36 76 18 43
33 37 83 36 31
33 38 74 19 26
33 39 94 23 28
33 40 32 50 53
33 41 24 82 69
33 42 14 71 64
33 43 4 83 94
33 44 43 51 41
33 45 61 40 38
33 46 78 32 41
33 47 77 18 27
33 48 98 10 2
33 49 8 91 64
33 50 66 44 37
33 51 24 73 61
33 52 52 58 58
33 53 41 48 52
33 54 73 35 26
33 55 6 69 87
33 56 72 36 40
33 57 12 89 86
33 58 32 49 72
33 59 54 44 36
33 60 36 73 72
33 61 41 57 62
33 62 57 30 44
33 63 39 51 53
33 64 10 81 68
33 65 93 19 28
33 66 72 39 20
33 67 28 57 68
33 68 91 22 30
33 69 14 81 65
33 70 76 28 40
33 71 88 24 23
33 72 65 31 43
33 73 41 50 45
33 74 61 30 52
33 75 40 56 63
33 76 61 43 31
33 77 67 47 28
33 78 63 35 47
33 79 61 52 35
33 80 47 55 45
33 81 95 14 10
33 82 69 38 42
33 83 82 24 30
33 84 85 15 22
33 85 7 69 91
33 86 10 71 69
33 87 76 33 27
33 88 62 28 48
33 89 26 51 67
33 90 15 75 66
33 91 30 59 74
33 92 4 82 88
33 93 51 60 52
33 94 0 99 83
33 95 46 62 44
33 96 72 21 39
33 97 33 58 64
33 98 92 16 19
33 99 71 39 35
34 35 51 44 44
34 36 38 64 52
34 37 96 3 26
34 38 28 53 76
34 39 94 24 13
34 40 45 40 58
34 41 87 10 34
34 42 17 62 82
34 43 1 77 89
34 44 5 72 69
34 45 29 66 64
34 46 56 31 58
34 47 32 60 55
34 48 84 26 39
34 49 70 28 42
34 50 89 12 23
34 51 45 65 59
34 52 82 35 35
34 53 43 66 58
34 54 28 74 51
34 55 60 36 45
34 56 93 24 26
34 57 38 60 46
34 58 59 29 55
34 59 52 61 46
34 60 17 64 58
34 61 48 51 59
34 62 18 64 79
34 63 96 26 19
34 64 35 57 73
34 65 98 23 18
34 66 63 28 27
34 67 75 27 22
34 68 82 19 20
34 69 1 77 76
34 70 56 42 50
34 71 8 81 70
34 72 29 54 70
34 73 51 49 39
34 74 67 46 52
34 75 6 76 67
34 76 75 44 20
34 77 12 83 67
34 78 12 64 85
34 79 16 80 72
34 80 9 67 77
34 81 69 40 32
34 82 10 81 67
34 83 7 90 84
34 84 30 50 70
34 85 49 61 42
34 86 85 19 36
34 87 45 59 56
34 88 68 36 48
34 89 70 47 26
34 90 15 69 62
34 91 82 25 34
34 92 54 55 46
34 93 30 58 65
34 94 56 30 51
34 95 73 40 44
34 96 9 71 67
34 97 26 70 53
34 98 74 37 20
34 99 33 58 55
35 36 32 49 74
35 37 29 65 55
35 38 80 33 32
35 39 2 91 96
35 40 40 45 61
35 41 55 32 36
35 42 33 48 66
35 43 69 30 32
35 44 93 18 6
35 45 36 53 66
35 46 21 77 70
35 47 85 26 20
35 48 78 25 25
35 49 68 24 39
35 50 6 91 77
35 51 59 50 36
35 52 98 27 13
35 53 78 20 32
35 54 89 27 17
35 55 64 50 53
35 56 90 35 31
35 57 14 72 78
35 58 63 34 42
35 59 50 57 50
35 60 69 47 40
35 61 6 82 82
35 62 10 67 82
35 63 32 71 74
35 64 82 33 35
35 65 50 38 62
35 66 76 18 42
35 67 14 80 69
35 68 48 51 57
35 69 41 46 41
35 70 42 57 54
35 71 67 49 32
35 72 62 40 50
35 73 74 30 17
35 74 51 54 38
35 75 83 23 26
35 76 15 87 85
35 77 92 21 15
35 78 36 51 71
35 79 11 84 72
35 80 47 64 56
35 81 59 48 46
35 82 33 62 58
35 83 78 32 42
35 84 50 47 41
35 85 97 5 10
35 86 0 81 96
35 87 56 53 49
35 88 69 38 29
35 89 35 51 65
35 90 35 51 60
35 91 13 73 89
35 92 52 62 36
35 93 74 36 35
35 94 45 46 63
35 95 83 30 19
35 96 64 47 42
35 97 51 59 52
35 98 65 37 25
35 99 85 22 34
36 37 36 68 57
36 38 28 66 79
36 39 60 31 49
36 40 95 6 14
36 41 95 11 4
36 42 31 66 77
36 43 78 37 39
36 44 66 35 35
36 45 23 75 61
36 46 84 27 34
36 47 35 73 51
36 48 75 40 41
36 49 48 44 49
36 50 5 70 87
36 51 93 7 12
36 52 29 70 52
36 53 96 22 9
36 54 96 26 9
36 55 18 67 57
36 56 36 50 73
36 57 4 74 87
36 58 96 26 9
36 59 40 61 59
36 60 81 16 30
36 61 30 61 60
36 62 10 90 77
36 63 84 26 35
36 64 43 66 64
36 65 32 47 59
36 66 15 60 87
36 67 12 69 64
36 68 70 47 37
36 69 77 43 19
36 70 48 51 46
36 71 68 26 40
36 72 91 11 10
36 73 50 35 45
36 74 74 41 36
36 75 71 45 33
36 76 45 47 48
36 77 63 53 27
36 78 10 87 76
36 79 39 56 60
36 80 29 78 55
36 81 19 83 73
36 82 95 22 31
36 83 57 44 49
36 84 89 13 17
36 85 66 47 33
36 86 82 21 13
36 87 0 76 97
36 88 74 35 30
36 89 8 78 78
36 90 35 69 51
36 91 95 26 13
36 92 85 20 26
36 93 25 65 68
36 94 92 34 12
36 95 6 78 86
36 96 17 67 66
36 97 95 3 22
36 98 27 55 75
36 99 77 17 40
37 38 1 80 97
37 39 78 28 27
37 40 47 60 38
37 41 99 25 19
37 42 95 28 31
37 43 25 77 70
37 44 36 44 57
37 45 89 20 18
37 46 26 60 71
37 47 28 67 77
37 48 43 53 47
37 49 89 8 15
37 50 11 67 69
37 51 73 47 33
37 52 21 77 70
37 53 85 38 37
37 54 71 45 27
37 55 22 81 64
37 56 30 66 68
37 57 76 35 39
37 58 32 72 69
37 59 70 42 25
37 60 24 69 69
37 61 61 30 46
37 62 1 91 94
37 63 86 29 34
37 64 90 31 16
37 65 12 76 89
37 66 70 38 24
37 67 24 53 80
37 68 25 76 62
37 69 31 66 75
37 70 97 11 19
37 71 70 28 32
37 72 31 63 66
37 73 76 41 20
37 74 55 57 57
37 75 0 78 87
37 76 28 76 52
37 77 91 29 22
37 78 77 22 28
37 79 77 44 34
37 80 62 38 44
37 81 99 5 25
37 82 85 11 30
37 83 70 24 22
37 84 79 21 41
37 85 71 40 43
37 86 62 33 50
37 87 74 47 36
37 88 60 28 56
37 89 33 67 68
37 90 27 72 68
37 91 26 70 64
37 92 80 22 26
37 93 95 31 9
37 94 19 59 71
37 95 69 39 28
37 96 63 34 43
37 97 54 36 32
37 98 85 28 39
37 99 33 60 60
38 39 62 50 31
38 40 64 41 43
38 41 67 46 46
38 42 78 15 24
38 43 92 20 29
38 44 98 27 4
38 45 86 27 22
38 46 84 22 40
38 47 49 57 61
38 48 6 76 75
38 49 70 46 36
38 50 32 53 73
38 51 30 70 56
38 52 59 34 38
38 53 57 59 51
38 54 69 41 37
38 55 70 35 29
38 56 10 75 90
38 57 89 10 29
38 58 25 79 54
38 59 19 73 78
38 60 59 52 56
38 61 70 44 34
38 62 3 95 75
38 63 70 28 41
38 64 98 21 25
38 65 16 74 76
38 66 52 46 60
38 67 97 23 8
38 68 51 54 60
38 69 92 7 29
38 70 24 62 71
38 71 99 11 13
38 72 49 50 39
38 73 82 19 29
38 74 8 90 76
38 75 51 52 36
38 76 82 30 30
38 77 48 36 54
38 78 5 93 93
38 79 49 43 52
38 80 54 32 37
38 81 11 76 78
38 82 85 14 30
38 83 94 27 24
38 84 79 20 29
38 85 44 67 51
38 86 7 76 69
38 87 81 35 20
38 88 66 28 27
38 89 4 76 77
38 90 67 34 22
38 91 24 69 58
38 92 21 84 73
38 93 68 43 35
38 94 92 31 16
38 95 50 58 53
38 96 87 33 11
38 97 65 47 47
38 98 11 65 82
38 99 0 93 99
39 40 70 48 50
39 41 12 85 88
39 42 86 29 35
39 43 13 74 61
39 44 57 57 30
39 45 27 55 77
39 46 68 38 37
39 47 7 79 73
39 48 81 27 28
39 49 74 29 18
39 50 14 63 85
39 51 62 40 37
39 52 81 15 36
39 53 89 19 12
39 54 62 45 28
39 55 30 65 60
39 56 8 88 89
39 57 33 61 49
39 58 21 58 71
39 59 32 64 74
39 60 82 35 39
39 61 42 52 41
39 62 42 64 62
39 63 27 79 77
39 64 66 24 46
39 65 8 85 74
39 66 31 56 61
39 67 27 72 53
39 68 35 67 46
39 69 95 23 11
39 70 6 65 66
39 71 51 59 53
39 72 1 89 86
39 73 47 44 48
39 74 32 63 65
39 75 5 74 71
39 76 91 18 27
39 77 8 70 85
39 78 90 10 17
39 79 89 23 12
39 80 28 50 72
39 81 20 75 83
39 82 91 16 27
39 83 72 21 20
39 84 27 54 72
39 85 6 77 76
39 86 92 34 8
39 87 45 48 42
39 88 13 71 86
39 89 74 45 39
39 90 79 39 42
39 91 10 89 88
39 92 0 86 87
39 93 96 13 19
39 94 1 71 72
39 95 51 62 59
39 96 33 53 72
39 97 42 60 49
39 98 4 91 83
39 99 82 34 21
40 41 64 51 45
40 42 57 51 39
40 43 13 68 63
40 44 17 59 76
40 45 24 60 56
40 46 59 56 30
40 47 26 80 63
40 48 37 61 56
40 49 48 36 61
40 50 72 22 24
40 51 7 77 90
40 52 89 28 18
40 53 28 65 66
40 54 21 59 77
40 55 84 19 13
40 56 13 90 76
40 57 60 55 50
40 58 60 32 49
40 59 91 13 29
40 60 57 47 52
40 61 64 45 25
40 62 20 77 73
40 63 50 52 41
40 64 67 41 37
40 65 67 31 34
40 66 93 14 18
40 67 83 24 13
40 68 10 79 68
40 69 26 71 72
40 70 90 27 27
40 71 43 64 68
40 72 87 12 10
40 73 75 22 28
40 74 50 40 58
40 75 21 60 74
40 76 3 88 73
40 77 80 35 18
40 78 41 49 47
40 79 30 72 76
40 80 82 40 27
40 81 45 39 49
40 82 21 58 61
40 83 35 53 46
40 84 9 74 72
40 85 83 22 38
40 86 7 76 90
40 87 26 72 73
40 88 67 29 38
40 89 10 83 69
40 90 28 76 67
40 91 14 89 87
40 92 76 32 37
40 93 80 40 35
40 94 29 77 59
40 95 86 25 31
40 96 63 42 39
40 97 23 61 83
40 98 29 57 49
40 99 84 22 19
41 42 65 43 51
41 43 58 55 53
41 44 26 69 77
41 45 28 69 77
41 46 21 81 63
41 47 73 24 30
41 48 0 86 86
41 49 93 11 11
41 50 16 61 68
41 51 50 63 55
41 52 71 28 44
41 53 88 24 26
41 54 25 78 55
41 55 92 10 19
41 56 19 70 56
41 57 35 68 64
41 58 98 20 23
41 59 88 12 10
41 60 90 16 12
41 61 9 64 79
41 62 96 27 2
41 63 63 33 31
41 64 75 41 41
41 65 10 91 63
41 66 76 33 37
41 67 77 31 44
41 68 13 61 65
41 69 86 24 14
41 70 63 53 38
41 71 50 49 52
41 72 93 5 24
41 73 37 66 67
41 74 41 52 50
41 75 90 34 29
41 76 48 60 38
41 77 74 35 37
41 78 35 68 71
41 79 85 35 26
41 80 22 59 70
41 81 6 76 76
41 82 74 45 21
41 83 63 31 27
41 84 92 11 13
41 85 38 59 67
41 86 22 63 58
41 87 44 52 41
41 88 38 61 69
41 89 99 29 5
41 90 78 42 45
41 91 27 60 53
41 92 97 17 24
41 93 81 35 20
41 94 36 72 67
41 95 68 42 34
41 96 2 72 72
41 97 70 27 43
41 98 32 64 56
41 99 65 41 36
42 43 67 31 39
42 44 94 7 6
42 45 95 21 15
42 46 93 15 25
42 47 80 22 30
42 48 78 24 18
42 49 51 53 52
42 50 41 48 52
42 51 32 54 50
42 52 71 32 21
42 53 55 55 34
42 54 81 33 39
42 55 11 71 67
42 56 63 32 55
42 57 74 34 18
42 58 88 16 23
42 59 31 50 54
42 60 59 38 28
42 61 4 71 74
42 62 33 65 58
42 63 25 76 80
42 64 63 54 36
42 65 93 32 24
42 66 45 55 48
42 67 11 71 72
42 68 85 19 25
42 69 55 55 57
42 70 55 45 32
42 71 29 60 67
42 72 63 48 46
42 73 87 20 34
42 74 49 62 46
42 75 84 16 34
42 76 40 63 64
42 77 35 74 46
42 78 11 69 76
42 79 92 33 31
42 80 61 27 48
42 81 17 86 61
42 82 48 63 41
42 83 34 65 46
42 84 20 74 71
42 85 25 58 79
42 86 39 50 61
42 87 94 26 14
42 88 31 70 66
42 89 14 66 63
42 90 45 50 47
42 91 22 68 70
42 92 84 12 33
42 93 15 74 73
42 94 30 57 65
42 95 61 51 35
42 96 41 57 60
42 97 50 52 40
42 98 27 78 76
42 99 36 45 58
43 44 0 83 76
43 45 18 64 74
43 46 93 8 31
43 47 99 6 14
43 48 25 59 57
43 49 16 58 60
43 50 97 24 24
43 51 3 75 82
43 52 63 36 32
43 53 6 81 72
43 54 15 59 74
43 55 58 51 30
43 56 35 59 68
43 57 52 58 54
43 58 73 20 33
43 59 41 62 45
43 60 91 30 16
43 61 70 36 20
43 62 97 24 23
43 63 3 87 74
43 64 78 32 22
43 65 24 60 76
43 66 22 66 75
43 67 47 38 64
43 68 89 16 14
43 69 83 26 23
43 70 56 55 55
43 71 14 86 65
43 72 33 64 50
43 73 64 44 31
43 74 16 72 86
43 75 54 41 55
43 76 49 41 36
43 77 21 56 55
43 78 57 32 31
43 79 58 31 59
43 80 40 49 66
43 81 28 64 56
43 82 60 31 38
43 83 61 50 46
43 84 55 36 32
43 85 50 44 63
43 86 33 76 58
43 87 63 36 31
43 88 82 16 20
43 89 99 3 4
43 90 14 87 82
43 91 73 26 23
43 92 38 51 55
43 93 68 40 46
43 94 86 10 19
43 95 37 65 56
43 96 14 70 76
43 97 83 33 14
43 98 11 74 78
43 99 39 56 60
44 45 74 47 31
44 46 23 58 72
44 47 84 34 37
44 48 68 29 41
44 49 30 78 75
44 50 6 81 72
44 51 23 67 60
44 52 12 85 75
44 53 85 38 37
44 54 72 22 37
44 55 8 72 78
44 56 26 51 70
44 57 52 50 37
44 58 72 32 27
44 59 23 70 59
44 60 90 10 23
44 61 94 8 6
44 62 73 33 19
44 63 28 72 52
44 64 25 59 74
44 65 95 7 6
44 66 31 72 52
44 67 79 35 23
44 68 28 66 78
44 69 3 80 81
44 70 94 21 15
44 71 70 48 29
44 72 65 45 28
44 73 6 69 89
44 74 12 64 75
44 75 68 46 25
44 76 66 29 35
44 77 84 17 11
44 78 0 74 94
44 79 44 41 39
44 80 39 68 50
44 81 81 17 37
44 82 49 43 35
44 83 64 48 50
44 84 49 50 59
44 85 70 37 23
44 86 8 80 79
44 87 61 28 40
44 88 58 40 29
44 89 21 83 83
44 90 54 48 40
44 91 72 34 45
44 92 86 14 13
44 93 73 39 19
44 94 54 57 42
44 95 65 25 28
44 96 83 11 36
44 97 37 72 66
44 98 69 42 40
44 99 19 84 82
45 46 76 46 45
45 47 26 52 76
45 48 66 27 53
45 49 41 65 62
45 50 15 84 68
45 51 97 24 10
45 52 23 76 66
45 53 48 47 40
45 54 91 9 31
45 55 72 23 40
45 56 14 68 76
45 57 84 39 35
45 58 26 62 54
45 59 35 55 49
45 60 97 28 14
45 61 52 52 60
45 62 70 40 39
45 63 46 53 57
45 64 72 20 27
45 65 69 47 50
45 66 44 47 64
45 67 62 39 41
45 68 94 25 30
45 69 62 52 42
45 70 9 88 84
45 71 12 87 86
45 72 67 28 45
45 73 28 69 74
45 74 31 59 72
45 75 1 78 84
45 76 50 43 36
45 77 82 35 29
45 78 24 60 73
45 79 1 85 92
45 80 75 18 36
45 81 54 57 35
45 82 68 26 27
45 83 54 61 54
45 84 17 61 76
45 85 15 80 89
45 86 94 9 18
45 87 95 17 22
45 88 84 14 19
45 89 42 61 58
45 90 89 30 18
45 91 79 16 28
45 92 87 21 9
45 93 14 80 75
45 94 68 30 45
45 95 82 36 31
45 96 82 40 15
45 97 11 68 71
45 98 68 44 42
45 99 45 65 51
46 47 91 23 6
46 48 75 19 37
46 49 12 82 67
46 50 21 81 71
46 51 12 76 72
46 52 38 54 45
46 53 36 64 52
46 54 32 70 72
46 55 90 34 25
46 56 48 44 56
46 57 53 60 32
46 58 13 76 77
46 59 90 18 17
46 60 68 45 25
46 61 26 67 74
46 62 34 62 74
46 63 43 50 66
46 64 26 55 54
46 65 87 16 16
46 66 79 30 28
46 67 80 31 16
46 68 74 39 46
46 69 33 64 53
46 70 5 95 83
46 71 76 25 19
46 72 85 34 31
46 73 68 38 28
46 74 87 11 30
46 75 71 46 39
46 76 29 62 76
46 77 33 54 66
46 78 27 71 58
46 79 84 22 18
46 80 77 27 28
46 81 65 27 35
46 82 4 78 96
46 83 0 70 81
46 84 31 50 53
46 85 30 60 56
46 86 73 37 20
46 87 42 56 40
46 88 29 54 71
46 89 62 26 26
46 90 22 80 78
46 91 37 56 46
46 92 67 35 41
46 93 98 3 25
46 94 79 42 42
46 95 31 68 73
46 96 34 51 69
46 97 27 79 65
46 98 77 36 32
46 99 62 33 55
47 48 12 70 86
47 49 24 79 76
47 50 49 48 50
47 51 67 30 24
47 52 49 50 45
47 53 11 80 91
47 54 21 66 58
47 55 89 22 15
47 56 63 46 35
47 57 41 67 55
47 58 60 36 46
47 59 69 25 41
47 60 68 38 26
47 61 83 18 33
47 62 98 25 19
47 63 98 5 5
47 64 70 36 49
47 65 25 57 77
47 66 99 2 23
47 67 54 51 58
47 68 80 24 35
47 69 56 41 47
47 70 91 13 20
47 71 42 42 57
47 72 53 60 45
47 73 39 58 56
47 74 88 24 8
47 75 56 38 45
47 76 61 27 52
47 77 1 70 92
47 78 4 91 70
47 79 84 35 26
47 80 68 29 37
47 81 54 58 44
47 82 80 15 39
47 83 59 47 53
47 84 85 24 18
47 85 78 19 25
47 86 72 32 47
47 87 15 78 86
47 88 42 61 47
47 89 10 82 83
47 90 95 31 6
47 91 30 65 66
47 92 45 47 53
47 93 26 53 76
47 94 62 34 36
47 95 94 21 11
47 96 60 52 45
47 97 41 41 43
47 98 19 79 62
47 99 56 50 40
48 49 4 77 82
48 50 56 47 55
48 51 63 27 53
48 52 8 89 83
48 53 50 45 37
48 54 89 13 22
48 55 94 19 7
48 56 9 81 69
48 57 84 11 22
48 58 84 39 12
48 59 20 68 68
48 60 91 32 30
48 61 75 45 21
48 62 67 29 39
48 63 7 80 85
48 64 25 70 73
48 65 9 85 64
48 66 57 49 54
48 67 92 18 33
48 68 81 39 33
48 69 92 19 13
48 70 49 55 44
48 71 74 20 33
48 72 71 37 36
48 73 80 25 16
48 74 3 78 83
48 75 66 31 27
48 76 88 36 8
48 77 35 72 63
48 78 80 13 15
48 79 5 69 70
48 80 55 39 46
48 81 50 38 53
48 82 47 58 52
48 83 43 54 68
48 84 19 83 56
48 85 67 49 44
48 86 47 62 65
48 87 74 27 38
48 88 63 43 34
48 89 28 67 53
48 90 8 90 88
48 91 76 18 31
48 92 29 63 78
48 93 92 15 16
48 94 71 31 33
48 95 64 48 31
48 96 38 58 70
48 97 66 43 44
48 98 37 65 46
48 99 36 51 49
49 50 78 39 35
49 51 68 45 29
49 52 9 83 90
49 53 16 85 69
49 54 20 72 66
49 55 94 8 7
49 56 31 61 67
49 57 48 36 37
49 58 45 61 56
49 59 44 54 61
49 60 36 65 58
49 61 67 38 51
49 62 78 33 21
49 63 50 47 43
49 64 8 69 90
49 65 86 35 29
49 66 28 76 53
49 67 80 24 18
49 68 17 68 64
49 69 85 10 30
49 70 39 61 45
49 71 6 66 68
49 72 28 64 76
49 73 85 26 14
49 74 77 25 40
49 75 93 27 34
49 76 89 21 26
49 77 88 24 24
49 78 92 16 17
49 79 99 30 1
49 80 68 40 22
49 81 88 36 36
49 82 82 24 19
49 83 42 44 45
49 84 83 37 19
49 85 88 18 25
49 86 30 63 54
49 87 95 26 5
49 88 45 55 61
49 89 64 45 48
49 90 97 15 12
49 91 58 39 37
49 92 45 38 64
49 93 59 40 47
49 94 1 70 80
49 95 45 49 56
49 96 84 32 32
49 97 69 37 29
49 98 52 37 34
49 99 46 57 47
50 51 58 57 31
50 52 15 64 63
50 53 81 35 24
50 54 98 5 29
50 55 17 67 71
50 56 29 60 49
50 57 52 38 37
50 58 46 42 52
50 59 38 54 56
50 60 45 54 67
50 61 0 92 81
50 62 63 32 45
50 63 51 57 61
50 64 25 73 78
50 65 44 44 56
50 66 78 30 34
50 67 98 26 20
50 68 87 9 23
50 69 26 60 64
50 70 21 59 55
50 71 43 50 66
50 72 40 70 45
50 73 27 74 51
50 74 85 26 28
50 75 8 76 92
50 76 25 53 72
50 77 91 14 13
50 78 19 76 71
50 79 5 87 75
50 80 37 55 63
50 81 43 60 54
50 82 27 76 53
50 83 1 87 79
50 84 70 48 47
50 85 86 21 35
50 86 57 48 46
50 87 57 34 56
50 88 66 48 31
50 89 49 41 38
50 90 88 29 30
50 91 17 64 59
50 92 31 54 52
50 93 70 49 33
50 94 75 37 26
50 95 81 16 18
50 96 53 48 48
50 97 53 38 54
50 98 53 53 62
50 99 16 71 76
51 52 26 69 61
51 53 60 45 29
51 54 85 23 12
51 55 16 87 81
51 56 43 69 61
51 57 95 22 16
51 58 47 66 66
51 59 28 58 74
51 60 27 57 69
51 61 37 69 64
51 62 29 53 55
51 63 18 62 67
51 64 79 39 19
51 65 67 51 46
51 66 60 56 30
51 67 22 63 82
51 68 77 40 23
51 69 24 57 70
51 70 3 84 90
51 71 73 42 41
51 72 17 86 79
51 73 70 21 40
51 74 82 35 21
51 75 5 80 72
51 76 20 66 78
51 77 78 43 19
51 78 41 55 45
51 79 44 54 55
51 80 30 78 73
51 81 34 55 50
51 82 94 26 5
51 83 98 29 10
51 84 64 54 49
51 85 60 32 49
51 86 77 41 19
51 87 41 66 48
51 88 35 58 74
51 89 98 30 5
51 90 34 60 63
51 91 66 43 46
51 92 77 37 17
51 93 21 84 80
51 94 45 47 54
51 95 36 46 52
51 96 59 43 57
51 97 21 83 79
51 98 37 69 70
51 99 54 57 33
52 53 40 58 48
52 54 24 67 75
52 55 48 53 56
52 56 16 82 76
52 57 23 75 65
52 58 25 70 52
52 59 17 86 76
52 60 40 50 67
52 61 92 13 26
52 62 79 27 24
52 63 33 72 52
52 64 93 20 18
52 65 2 76 72
52 66 61 46 53
52 67 99 4 14
52 68 12 81 66
52 69 66 33 32
52 70 91 13 13
52 71 51 35 63
52 72 56 49 53
52 73 7 87 84
52 74 54 54 44
52 75 17 61 58
52 76 17 68 78
52 77 80 22 30
52 78 35 50 61
52 79 17 58 79
52 80 22 75 71
52 81 57 34 51
52 82 63 27 37
52 83 22 74 75
52 84 44 44 44
52 85 73 28 47
52 86 85 23 34
52 87 23 60 65
52 88 96 7 10
52 89 86 27 14
52 90 61 51 52
52 91 28 50 75
52 92 88 31 11
52 93 19 79 73
52 94 74 44 25
52 95 21 62 77
52 96 18 69 67
52 97 88 27 34
52 98 97 13 27
52 99 97 16 24
53 54 16 70 62
53 55 69 36 28
53 56 51 40 45
53 57 89 27 28
53 58 8 76 89
53 59 91 14 8
53 60 93 21 33
53 61 83 28 27
53 62 62 34 40
53 63 67 28 32
53 64 1 76 77
53 65 21 58 69
53 66 55 47 57
53 67 6 72 75
53 68 61 52 57
53 69 74 31 44
53 70 41 43 48
53 71 28 74 53
53 72 61 48 45
53 73 15 85 60
53 74 9 88 84
53 75 67 39 24
53 76 87 20 25
53 77 75 28 31
53 78 1 92 73
53 79 82 20 22
53 80 34 50 67
53 81 5 81 74
53 82 89 12 33
53 83 75 20 36
53 84 82 23 33
53 85 91 20 32
53 86 33 68 72
53 87 94 25 22
53 88 91 24 35
53 89 4 68 77
53 90 13 80 74
53 91 70 30 45
53 92 11 71 77
53 93 7 81 72
53 94 29 69 63
53 95 33 56 54
53 96 64 42 29
53 97 21 55 75
53 98 64 46 43
53 99 45 64 61
54 55 25 82 61
54 56 0 84 86
54 57 47 59 38
54 58 18 80 67
54 59 91 6 8
54 60 21 56 74
54 61 42 57 42
54 62 53 58 35
54 63 90 33 11
54 64 69 42 47
54 65 78 21 22
54 66 35 55 45
54 67 58 47 42
54 68 5 88 93
54 69 28 77 63
54 70 47 62 52
54 71 41 52 63
54 72 69 29 44
54 73 44 56 58
54 74 25 58 74
54 75 37 54 56
54 76 38 71 49
54 77 90 17 28
54 78 78 41 18
54 79 32 57 56
54 80 62 40 33
54 81 59 34 31
54 82 69 29 40
54 83 7 91 88
54 84 22 63 75
54 85 15 76 61
54 86 48 60 55
54 87 15 61 88
54 88 63 36 40
54 89 54 54 55
54 90 7 68 88
54 91 19 58 73
54 92 74 36 38
54 93 50 42 45
54 94 47 41 50
54 95 71 30 26
54 96 86 22 35
54 97 69 41 38
54 98 45 67 64
54 99 28 61 73
55 56 49 58 64
55 57 62 37 39
55 58 79 35 22
55 59 15 77 77
55 60 35 68 69
55 61 27 77 61
55 62 31 71 65
55 63 53 49 53
55 64 23 66 61
55 65 57 42 49
55 66 34 56 54
55 67 88 23 13
55 68 35 50 48
55 69 86 20 21
55 70 67 26 24
55 71 22 59 65
55 72 94 24 27
55 73 81 39 39
55 74 45 41 54
55 75 56 37 31
55 76 77 33 36
55 77 0 72 83
55 78 3 94 70
55 79 37 45 57
55 80 65 35 27
55 81 34 72 73
55 82 70 30 38
55 83 73 47 25
55 84 3 80 97
55 85 93 16 14
55 86 27 79 78
55 87 71 47 46
55 88 66 32 39
55 89 63 26 44
55 90 44 40 60
55 91 86 33 29
55 92 98 28 29
55 93 69 47 37
55 94 50 45 46
55 95 29 49 66
55 96 24 79 71
55 97 22 58 68
55 98 6 73 68
55 99 32 68 60
56 57 54 51 39
56 58 53 45 42
56 59 27 50 78
56 60 21 57 72
56 61 89 37 35
56 62 77 38 20
56 63 59 38 35
56 64 83 36 40
56 65 0 94 89
56 66 52 56 50
56 67 74 35 24
56 68 4 85 71
56 69 99 8 15
56 70 2 90 84
56 71 42 59 44
56 72 59 56 28
56 73 3 78 92
56 74 82 25 38
56 75 86 11 30
56 76 87 31 23
56 77 58 32 30
56 78 45 45 43
56 79 51 57 40
56 80 24 80 77
56 81 56 34 36
56 82 8 64 69
56 83 99 9 14
56 84 30 55 71
56 85 21 84 68
56 86 54 37 40
56 87 30 53 68
56 88 28 74 54
56 89 27 79 80
56 90 95 15 5
56 91 75 34 24
56 92 27 74 56
56 93 0 76 88
56 94 88 28 20
56 95 6 86 73
56 96 40 63 50
56 97 32 64 63
56 98 65 43 28
56 99 92 34 6
57 58 20 84 83
57 59 12 85 84
57 60 12 68 67
57 61 90 35 28
57 62 95 21 4
57 63 91 22 30
57 64 7 64 89
57 65 85 20 15
57 66 87 33 27
57 67 18 69 76
57 68 60 57 38
57 69 91 28 30
57 70 14 84 76
57 71 32 58 54
57 72 90 20 9
57 73 35 61 71
57 74 39 45 43
57 75 13 85 80
57 76 27 58 52
57 77 60 29 56
57 78 41 50 60
57 79 19 56 77
57 80 77 39 32
57 81 48 45 56
57 82 71 36 40
57 83 7 70 89
57 84 52 53 34
57 85 63 52 34
57 86 24 69 82
57 87 13 86 68
57 88 10 64 71
57 89 23 64 73
57 90 86 13 28
57 91 65 44 46
57 92 75 45 39
57 93 86 36 31
57 94 22 79 55
57 95 12 72 73
57 96 58 34 50
57 97 90 16 28
57 98 81 30 15
57 99 69 48 34
58 59 29 76 76
58 60 77 29 23
58 61 31 72 76
58 62 14 88 73
58 63 35 57 45
58 64 3 74 93
58 65 64 46 42
58 66 20 74 66
58 67 71 21 43
58 68 85 31 25
58 69 55 41 55
58 70 25 53 57
58 71 59 54 29
58 72 92 21 11
58 73 39 54 61
58 74 77 18 44
58 75 85 25 32
58 76 67 33 34
58 77 87 32 26
58 78 45 59 64
58 79 95 7 21
58 80 96 10 18
58 81 33 74 73
58 82 34 64 51
58 83 41 67 57
58 84 94 29 19
58 85 48 36 58
58 86 25 72 80
58 87 51 58 43
58 88 43 60 59
58 89 2 70 81
58 90 92 28 21
58 91 58 50 48
58 92 86 18 31
58 93 32 70 64
58 94 91 7 21
58 95 20 72 67
58 96 23 55 60
58 97 99 5 1
58 98 95 29 25
58 99 29 60 73
59 60 44 68 52
59 61 0 91 92
59 62 60 35 39
59 63 3 90 68
59 64 49 48 50
59 65 69 26 42
59 66 29 62 75
59 67 20 66 64
59 68 83 14 14
59 69 93 15 18
59 70 17 84 76
59 71 79 17 29
59 72 18 65 72
59 73 20 66 72
59 74 69 30 26
59 75 18 57 85
59 76 7 92 65
59 77 7 79 81
59 78 2 69 88
59 79 93 6 22
59 80 3 74 76
59 81 16 61 74
59 82 64 28 38
59 83 69 46 42
59 84 80 21 31
59 85 86 37 11
59 86 6 68 83
59 87 16 60 59
59 88 94 20 19
59 89 22 59 67
59 90 7 67 73
59 91 1 84 86
59 92 93 5 11
59 93 16 77 60
59 94 21 63 60
59 95 50 50 41
59 96 10 81 89
59 97 68 33 24
59 98 37 46 52
59 99 33 66 54
60 61 13 82 72
60 62 12 88 79
60 63 35 53 57
60 64 20 71 69
60 65 91 9 19
60 66 15 65 63
60 67 9 86 76
60 68 74 29 20
60 69 43 53 46
60 70 23 55 75
60 71 91 16 6
60 72 37 73 54
60 73 66 51 29
60 74 4 86 89
60 75 14 68 66
60 76 99 24 27
60 77 10 78 84
60 78 98 12 5
60 79 53 58 59
60 80 39 46 46
60 81 24 74 67
60 82 99 7 7
60 83 30 59 62
60 84 73 20 29
60 85 57 31 30
60 86 73 39 40
60 87 13 79 81
60 88 32 60 59
60 89 61 55 34
60 90 99 27 5
60 91 8 81 67
60 92 11 69 74
60 93 92 6 23
60 94 33 50 67
60 95 93 11 5
60 96 99 6 25
60 97 25 65 54
60 98 84 16 25
60 99 82 37 20
61 62 91 36 28
61 63 36 51 53
61 64 51 45 59
61 65 93 27 7
61 66 40 51 53
61 67 38 50 67
61 68 93 8 9
61 69 21 74 67
61 70 72 34 40
61 71 70 23 50
61 72 59 31 53
61 73 3 74 76
61 74 11 70 82
61 75 5 90 69
61 76 82 26 26
61 77 48 66 63
61 78 95 24 6
61 79 11 78 81
61 80 48 62 42
61 81 15 83 78
61 82 39 62 49
61 83 40 55 59
61 84 87 22 21
61 85 87 38 24
61 86 28 52 59
61 87 38 62 58
61 88 54 36 34
61 89 18 84 82
61 90 2 83 90
61 91 19 85 86
61 92 98 22 8
61 93 75 21 34
61 94 75 39 38
61 95 37 69 71
61 96 44 53 49
61 97 46 47 39
61 98 26 62 68
61 99 77 36 23
62 63 50 49 39
62 64 49 55 59
62 65 17 84 69
62 66 12 89 76
62 67 70 30 41
62 68 54 59 50
62 69 30 56 70
62 70 18 58 70
62 71 45 64 66
62 72 94 11 6
62 73 53 55 54
62 74 91 24 25
62 75 46 63 46
62 76 17 76 82
62 77 32 67 51
62 78 18 73 84
62 79 94 13 21
62 80 82 18 29
62 81 96 14 24
62 82 61 51 55
62 83 28 70 60
62 84 11 80 84
62 85 11 65 86
62 86 88 21 17
62 87 20 83 67
62 88 33 60 75
62 89 96 16 30
62 90 31 72 73
62 91 17 59 75
62 92 57 51 49
62 93 80 17 32
62 94 96 12 2
62 95 16 70 68
62 96 7 67 81
62 97 54 60 59
62 98 4 91 91
62 99 93 26 5
63 64 74 47 43
63 65 89 33 28
63 66 8 93 93
63 67 8 91 65
63 68 67 24 45
63 69 56 57 30
63 70 77 40 43
63 71 36 59 70
63 72 41 69 54
63 73 81 20 22
63 74 42 60 64
63 75 87 36 37
63 76 82 38 24
63 77 59 31 57
63 78 52 49 54
63 79 17 85 59
63 80 22 66 62
63 81 84 31 28
63 82 35 69 60
63 83 82 39 31
63 84 75 26 40
63 85 74 21 43
63 86 67 25 31
63 87 31 75 56
63 88 4 96 79
63 89 99 28 12
63 90 23 72 61
63 91 87 30 10
63 92 16 63 70
63 93 9 64 78
63 94 41 57 45
63 95 26 63 62
63 96 34 48 60
63 97 25 72 70
63 98 24 75 80
63 99 75 34 46
64 65 21 69 77
64 66 69 22 25
64 67 17 70 86
64 68 15 80 88
64 69 60 54 52
64 70 67 27 47
64 71 70 24 41
64 72 27 51 69
64 73 66 30 32
64 74 42 64 48
64 75 56 42 54
64 76 86 31 37
64 77 9 63 93
64 78 34 66 65
64 79 68 26 25
64 80 9 67 71
64 81 18 58 62
64 82 52 37 60
64 83 56 43 31
64 84 9 79 75
64 85 39 56 63
64 86 87 23 10
64 87 53 50 49
64 88 81 33 27
64 89 20 72 79
64 90 6 87 67
64 91 63 39 30
64 92 46 40 55
64 93 72 34 26
64 94 15 82 77
64 95 53 51 48
64 96 84 32 13
64 97 33 56 50
64 98 97 11 22
64 99 55 40 40
65 66 93 17 15
65 67 33 46 71
65 68 4 87 93
65 69 19 82 74
65 70 43 53 59
65 71 47 38 38
65 72 25 58 62
65 73 82 23 31
65 74 91 9 15
65 75 50 46 49
65 76 42 63 48
65 77 85 35 38
65 78 59 31 48
65 79 3 81 94
65 80 36 48 51
65 81 5 66 93
65 82 99 22 12
65 83 90 18 22
65 84 12 76 70
65 85 36 53 62
65 86 23 61 82
65 87 98 24 19
65 88 35 46 67
65 89 10 64 83
65 90 96 27 22
65 91 4 78 69
65 92 45 62 62
65 93 47 60 38
65 94 81 39 24
65 95 29 49 62
65 96 34 69 62
65 97 87 30 31
65 98 26 63 73
65 99 81 33 32
66 67 22 78 83
66 68 84 37 33
66 69 88 13 24
66 70 76 33 24
66 71 65 53 44
66 72 43 44 53
66 73 97 21 18
66 74 23 62 64
66 75 91 14 15
66 76 54 36 38
66 77 8 77 82
66 78 46 65 57
66 79 92 24 30
66 80 39 54 50
66 81 46 47 48
66 82 66 47 36
66 83 18 79 78
66 84 69 22 23
66 85 23 83 57
66 86 70 33 46
66 87 62 34 37
66 88 74 42 47
66 89 78 35 42
66 90 80 37 20
66 91 46 52 44
66 92 72 41 33
66 93 25 73 59
66 94 63 39 28
66 95 5 86 86
66 96 18 76 86
66 97 83 41 16
66 98 51 61 55
66 99 88 37 37
67 68 46 45 55
67 69 28 69 65
67 70 62 37 32
67 71 21 57 78
67 72 52 45 58
67 73 62 41 33
67 74 99 8 5
67 75 67 41 43
67 76 31 66 55
67 77 81 24 42
67 78 86 34 32
67 79 38 45 61
67 80 34 66 73
67 81 99 6 8
67 82 98 16 13
67 83 51 34 58
67 84 89 35 32
67 85 37 63 63
67 86 60 53 47
67 87 57 56 47
67 88 24 79 62
67 89 94 13 27
67 90 1 80 78
67 91 89 26 16
67 92 60 56 54
67 93 25 77 65
67 94 93 15 28
67 95 60 36 50
67 96 93 24 7
67 97 62 39 36
67 98 48 49 38
67 99 89 11 11
68 69 82 27 31
68 70 63 26 50
68 71 50 39 50
68 72 48 52 55
68 73 40 44 63
68 74 66 36 37
68 75 86 15 19
68 76 87 23 15
68 77 66 45 36
68 78 55 54 40
68 79 92 13 29
68 80 87 24 11
68 81 7 78 68
68 82 39 62 51
68 83 88 33 28
68 84 87 26 14
68 85 53 37 45
68 86 31 53 75
68 87 43 44 53
68 88 46 43 57
68 89 1 78 83
68 90 72 19 33
68 91 59 36 38
68 92 63 37 54
68 93 98 10 13
68 94 46 51 66
68 95 37 49 46
68 96 66 45 33
68 97 53 59 39
68 98 10 79 90
68 99 10 85 91
69 70 71 34 33
69 71 96 20 30
69 72 0 79 71
69 73 66 36 23
69 74 65 48 27
69 75 51 49 54
69 76 98 21 24
69 77 40 45 48
69 78 63 28 41
69 79 67 37 37
69 80 0 92 88
69 81 37 56 55
69 82 55 45 39
69 83 57 50 31
69 84 98 8 29
69 85 49 58 54
69 86 58 33 46
69 87 95 22 3
69 88 55 52 55
69 89 82 41 20
69 90 79 35 29
69 91 31 55 66
69 92 73 21 42
69 93 94 21 26
69 94 10 80 83
69 95 79 21 21
69 96 95 5 29
69 97 82 35 19
69 98 77 45 23
69 99 60 56 31
70 71 40 65 61
70 72 95 9 16
70 73 18 63 83
70 74 36 52 57
70 75 99 13 12
70 76 63 30 35
70 77 45 50 45
70 78 48 37 44
70 79 2 96 79
70 80 63 39 53
70 81 18 64 73
70 82 72 24 41
70 83 98 22 29
70 84 93 32 8
70 85 32 62 54
70 86 32 69 75
70 87 36 74 73
70 88 5 68 80
70 89 37 45 46
70 90 82 19 35
70 91 23 75 65
70 92 97 16 31
70 93 92 28 30
70 94 49 44 60
70 95 40 51 48
70 96 20 74 57
70 97 84 39 22
70 98 11 88 65
70 99 80 19 14
71 72 33 47 57
71 73 61 42 48
71 74 56 53 32
71 75 42 43 40
71 76 98 20 24
71 77 5 91 95
71 78 65 52 49
71 79 12 64 73
71 80 17 78 64
71 81 23 72 61
71 82 23 54 56
71 83 51 54 52
71 84 36 55 65
71 85 90 11 13
71 86 83 23 35
71 87 76 42 24
71 88 22 62 80
71 89 27 60 78
71 90 57 55 41
71 91 12 85 81
71 92 10 73 65
71 93 81 24 29
71 94 71 40 21
71 95 8 88 81
71 96 43 52 42
71 97 40 64 56
71 98 87 14 30
71 99 45 45 60
72 73 64 43 31
72 74 15 74 66
72 75 16 80 68
72 76 23 76 79
72 77 57 31 33
72 78 30 73 69
72 79 10 89 71
72 80 38 50 54
72 81 97 10 3
72 82 72 44 40
72 83 37 58 59
72 84 72 23 28
72 85 9 64 66
72 86 34 65 50
72 87 53 51 51
72 88 22 83 55
72 89 31 50 69
72 90 85 25 18
72 91 40 43 48
72 92 67 50 45
72 93 53 52 40
72 94 58 41 58
72 95 9 75 75
72 96 63 43 35
72 97 61 41 36
72 98 58 58 46
72 99 47 61 64
73 74 10 90 63
73 75 80 18 25
73 76 85 25 28
73 77 34 56 58
73 78 65 44 44
73 79 44 48 40
73 80 12 80 69
73 81 16 61 61
73 82 6 86 92
73 83 63 33 52
73 84 61 52 45
73 85 7 74 72
73 86 22 59 77
73 87 12 72 68
73 88 6 76 81
73 89 7 72 80
73 90 25 58 68
73 91 82 33 20
73 92 92 6 33
73 93 46 44 43
73 94 9 68 82
73 95 70 30 21
73 96 32 60 68
73 97 20 64 84
73 98 89 18 20
73 99 15 86 74
74 75 51 35 51
74 76 14 83 75
74 77 60 49 31
74 78 87 31 15
74 79 39 59 58
74 80 32 67 70
74 81 44 48 41
74 82 52 58 33
74 83 74 21 25
74 84 48 45 57
74 85 0 75 85
74 86 68 23 26
74 87 42 49 42
74 88 24 72 60
74 89 27 68 79
74 90 70 50 42
74 91 40 44 52
74 92 87 12 35
74 93 45 57 67
74 94 11 73 77
74 95 69 47 47
74 96 65 43 28
74 97 73 20 34
74 98 13 63 72
74 99 56 39 42
75 76 31 58 68
75 77 37 56 56
75 78 87 12 30
75 79 51 41 42
75 80 54 33 40
75 81 7 91 68
75 82 0 74 89
75 83 11 85 89
75 84 74 41 29
75 85 2 84 89
75 86 53 34 42
75 87 32 66 48
75 88 2 72 89
75 89 0 82 86
75 90 96 20 4
75 91 44 67 52
75 92 31 65 70
75 93 50 64 59
75 94 88 34 14
75 95 22 75 71
75 96 50 56 36
75 97 34 68 50
75 98 56 57 33
75 99 28 70 50
76 77 0 72 74
76 78 35 56 54
76 79 42 65 40
76 80 57 46 37
76 81 84 26 20
76 82 82 19 24
76 83 49 54 36
76 84 99 1 21
76 85 31 53 72
76 86 64 52 49
76 87 33 65 57
76 88 55 42 40
76 89 36 51 72
76 90 46 45 66
76 91 89 13 33
76 92 20 66 85
76 93 92 11 9
76 94 88 37 34
76 95 31 68 64
76 96 20 81 80
76 97 69 42 38
76 98 14 80 66
76 99 34 46 52
77 78 69 32 50
77 79 5 75 69
77 80 48 49 55
77 81 78 16 33
77 82 8 90 90
77 83 32 64 50
77 84 67 28 28
77 85 54 55 40
77 86 38 57 68
77 87 34 51 67
77 88 87 11 35
77 89 59 52 46
77 90 38 55 63
77 91 83 31 19
77 92 72 21 30
77 93 55 37 40
77 94 0 95 95
77 95 51 58 46
77 96 92 11 28
77 97 90 20 15
77 98 52 45 37
77 99 49 62 52
78 79 13 72 88
78 80 92 16 13
78 81 42 55 65
78 82 51 39 50
78 83 3 80 74
78 84 78 37 41
78 85 62 28 33
78 86 66 24 43
78 87 38 44 52
78 88 54 43 54
78 89 39 49 50
78 90 7 83 92
78 91 99 7 15
78 92 5 69 87
78 93 13 64 65
78 94 13 84 86
78 95 9 64 82
78 96 41 63 51
78 97 34 53 67
78 98 47 65 64
78 99 34 58 66
79 80 89 36 32
79 81 66 31 34
79 82 69 36 26
79 83 29 60 71
79 84 73 27 26
79 85 21 57 71
79 86 23 62 80
79 87 5 87 74
79 88 68 29 43
79 89 14 89 85
79 90 42 70 42
79 91 43 67 48
79 92 99 5 25
79 93 50 42 36
79 94 98 14 20
79 95 51 44 48
79 96 3 79 72
79 97 7 90 90
79 98 8 82 74
79 99 91 32 18
80 81 67 50 51
80 82 10 70 89
80 83 54 36 53
80 84 41 43 44
80 85 57 55 59
80 86 99 19 17
80 87 45 44 56
80 88 44 61 65
80 89 28 67 68
80 90 60 43 34
80 91 86 13 37
80 92 68 45 32
80 93 69 46 26
80 94 89 22 12
80 95 75 33 41
80 96 37 57 59
80 97 61 41 55
80 98 88 29 37
80 99 71 30 40
81 82 99 16 5
81 83 73 28 23
81 84 4 85 92
81 85 25 66 68
81 86 88 24 32
81 87 5 92 74
81 88 12 87 82
81 89 43 52 66
81 90 85 24 39
81 91 71 45 44
81 92 80 40 42
81 93 45 67 58
81 94 38 69 65
81 95 15 67 69
81 96 29 61 68
81 97 17 63 84
81 98 26 72 75
81 99 32 53 50
82 83 94 17 7
82 84 62 46 39
82 85 70 30 46
82 86 57 33 59
82 87 53 36 55
82 88 32 60 54
82 89 87 26 31
82 90 98 9 5
82 91 55 48 60
82 92 83 27 36
82 93 3 81 81
82 94 62 36 26
82 95 85 37 33
82 96 36 56 53
82 97 86 30 21
82 98 39 66 51
82 99 23 60 71
83 84 60 38 52
83 85 25 71 54
83 86 88 10 20
83 87 27 73 52
83 88 70 25 27
83 89 9 77 91
83 90 25 79 70
83 91 46 37 39
83 92 81 32 17
83 93 52 39 58
83 94 50 61 50
83 95 37 68 44
83 96 49 47 53
83 97 36 44 51
83 98 85 27 38
83 99 86 12 35
84 85 54 39 44
84 86 56 52 47
84 87 43 66 39
84 88 99 26 19
84 89 26 73 51
84 90 32 72 50
84 91 41 67 55
84 92 94 6 28
84 93 93 24 11
84 94 34 53 50
84 95 82 19 15
84 96 55 45 34
84 97 85 33 33
84 98 57 44 29
84 99 67 24 37
85 86 38 70 51
85 87 51 60 48
85 88 60 33 29
85 89 42 47 57
85 90 5 70 68
85 91 69 33 25
85 92 24 69 55
85 93 59 35 53
85 94 53 43 36
85 95 13 72 67
85 96 37 58 47
85 97 90 14 26
85 98 23 72 74
85 99 11 62 71
86 87 58 49 38
86 88 8 93 88
86 89 46 48 64
86 90 6 72 87
86 91 87 36 26
86 92 22 67 55
86 93 49 48 59
86 94 46 61 48
86 95 22 54 64
86 96 75 43 29
86 97 23 54 63
86 98 10 86 70
86 99 51 45 39
87 88 82 35 34
87 89 84 20 23
87 90 70 24 49
87 91 95 19 7
87 92 36 60 62
87 93 50 63 48
87 94 53 44 33
87 95 68 27 25
87 96 81 23 30
87 97 20 83 64
87 98 59 49 51
87 99 67 37 50
88 89 14 80 78
88 90 39 59 56
88 91 90 33 27
88 92 97 31 27
88 93 44 58 54
88 94 85 27 22
88 95 6 75 74
88 96 55 52 59
88 97 47 41 38
88 98 15 69 73
88 99 98 23 23
89 90 54 46 46
89 91 25 65 71
89 92 48 49 38
89 93 4 89 72
89 94 33 74 62
89 95 93 29 33
89 96 17 73 83
89 97 7 72 78
89 98 78 27 22
89 99 6 66 91
90 91 55 55 38
90 92 72 35 45
90 93 2 94 95
90 94 44 49 58
90 95 38 43 67
90 96 50 40 46
90 97 36 60 53
90 98 55 57 43
90 99 55 56 34
91 92 52 61 58
91 93 21 76 57
91 94 6 72 81
91 95 67 38 38
91 96 48 63 36
91 97 95 7 19
91 98 44 40 53
91 99 55 42 57
92 93 7 86 90
92 94 52 36 62
92 95 86 28 29
92 96 24 64 62
92 97 29 56 75
92 98 52 43 58
92 99 5 70 87
93 94 45 43 44
93 95 63 51 28
93 96 5 74 82
93 97 75 25 42
93 98 19 65 79
93 99 7 86 80
94 95 83 27 19
94 96 64 48 39
94 97 40 59 65
94 98 26 68 79
94 99 83 36 20
95 96 21 54 68
95 97 2 88 68
95 98 81 28 28
95 99 11 83 66
96 97 9 82 73
96 98 16 76 77
96 99 66 47 48
97 98 68 34 48
97 99 11 83 73
98 99 52 46 57
