100
0 1 98 25 3
0 2 28 75 13
0 3 10 93 66
0 4 94 55 7
0 5 80 34 15
0 6 54 75 33
0 7 77 82 49
0 8 72 28 55
0 9 29 18 33
0 10 2 88 77
0 11 59 45 26
0 12 77 86 80
0 13 24 51 36
0 14 8 92 54
0 15 1 39 99
0 16 76 42 46
0 17 62 45 93
0 18 58 30 12
0 19 13 96 19
0 20 29 29 86
0 21 51 23 8
0 22 58 80 42
0 23 71 59 47
0 24 24 30 90
0 25 29 26 8
0 26 30 62 82
0 27 0 17 63
0 28 74 84 8
0 29 96 36 2
0 30 20 67 47
0 31 18 11 63
0 32 89 80 6
0 33 42 41 18
0 34 39 11 71
0 35 76 74 65
0 36 56 9 10
0 37 1 92 91
0 38 6 93 11
0 39 74 50 70
0 40 77 23 72
0 41 97 78 62
0 42 15 28 51
0 43 41 56 95
0 44 94 82 51
0 45 76 64 24
0 46 90 8 34
0 47 40 20 95
0 48 6 48 39
0 49 17 70 40
0 50 37 23 48
0 51 74 19 83
0 52 12 71 32
0 53 66 9 25
0 54 86 9 44
0 55 14 49 75
0 56 37 83 55
0 57 77 44 8
0 58 85 86 25
0 59 36 13 38
0 60 35 83 56
0 61 74 34 10
0 62 75 14 39
0 63 81 6 17
0 64 76 54 47
0 65 63 90 60
0 66 21 36 97
0 67 46 63 28
0 68 11 84 9
0 69 86 36 70
0 70 86 58 55
0 71 27 41 46
0 72 49 7 34
0 73 93 1 48
0 74 47 24 57
0 75 54 12 85
0 76 35 35 21
0 77 55 63 44
0 78 43 26 44
0 79 86 67 70
0 80 53 88 26
0 81 2 78 35
0 82 33 54 88
0 83 71 15 46
0 84 83 60 84
0 85 44 57 46
0 86 69 28 73
0 87 93 55 27
0 88 62 21 70
0 89 42 18 70
0 90 74 7 62
0 91 74 72 66
0 92 65 9 55
0 93 42 18 72
0 94 14 66 11
0 95 78 62 33
0 96 77 34 33
0 97 61 84 35
0 98 20 93 11
0 99 5 12 48
1 2 41 33 20
1 3 33 13 51
1 4 14 65 58
1 5 56 72 40
1 6 82 48 17
1 7 94 38 71
1 8 27 29 7
1 9 17 31 22
1 10 48 56 76
1 11 26 24 22
1 12 82 36 62
1 13 88 52 77
1 14 71 91 91
1 15 96 0 64
1 16 67 21 78
1 17 17 97 92
1 18 65 70 26
1 19 83 33 82
1 20 98 49 86
1 21 8 40 37
1 22 73 61 73
1 23 98 15 57
1 24 52 8 26
1 25 39 38 87
1 26 8 31 82
1 27 41 25 66
1 28 93 41 10
1 29 66 36 39
1 30 55 12 10
1 31 33 20 76
1 32 51 39 90
1 33 87 53 38
1 34 51 21 77
1 35 42 12 77
1 36 5 74 86
1 37 30 77 89
1 38 13 77 78
1 39 43 95 81
1 40 16 50 20
1 41 68 47 6
1 42 61 56 27
1 43 88 14 29
1 44 52 9 93
1 45 44 40 45
1 46 91 35 27
1 47 95 73 54
1 48 54 13 20
1 49 28 51 48
1 50 38 81 25
1 51 64 51 40
1 52 16 18 87
1 53 17 72 67
1 54 62 88 45
1 55 52 19 18
1 56 74 56 56
1 57 76 5 5
1 58 9 22 37
1 59 46 18 12
1 60 2 46 97
1 61 25 22 95
1 62 36 90 46
1 63 7 46 60
1 64 9 48 97
1 65 50 5 42
1 66 83 76 53
1 67 62 22 38
1 68 55 90 59
1 69 99 69 22
1 70 68 21 50
1 71 54 64 25
1 72 48 85 68
1 73 92 77 49
1 74 92 12 23
1 75 95 0 1
1 76 49 60 5
1 77 30 38 59
1 78 83 71 59
1 79 97 42 47
1 80 12 59 72
1 81 61 59 62
1 82 22 31 60
1 83 46 86 32
1 84 98 68 34
1 85 79 12 38
1 86 82 11 8
1 87 19 23 46
1 88 96 56 39
1 89 42 91 81
1 90 29 65 85
1 91 52 61 29
1 92 44 70 48
1 93 28 25 90
1 94 75 24 32
1 95 63 37 78
1 96 93 6 74
1 97 62 60 50
1 98 71 54 72
1 99 20 96 69
2 3 82 34 21
2 4 60 93 71
2 5 65 63 47
2 6 98 9 43
2 7 82 30 41
2 8 92 70 45
2 9 91 71 43
2 10 13 55 82
2 11 54 69 63
2 12 46 70 45
2 13 49 46 52
2 14 17 64 83
2 15 25 34 15
2 16 45 77 54
2 17 25 13 94
2 18 17 16 71
2 19 92 67 1
2 20 54 83 89
2 21 44 74 89
2 22 34 14 15
2 23 91 8 86
2 24 76 50 20
2 25 46 82 28
2 26 69 77 60
2 27 54 64 83
2 28 20 50 70
2 29 83 73 13
2 30 49 18 50
2 31 30 74 8
2 32 98 66 53
2 33 75 51 59
2 34 83 77 31
2 35 7 66 36
2 36 2 92 22
2 37 84 79 43
2 38 70 12 91
2 39 98 37 44
2 40 43 36 86
2 41 63 25 88
2 42 90 44 76
2 43 75 79 5
2 44 77 35 30
2 45 23 66 24
2 46 31 27 95
2 47 34 60 59
2 48 7 58 31
2 49 77 43 63
2 50 0 79 92
2 51 92 63 86
2 52 2 21 62
2 53 72 66 13
2 54 58 24 53
2 55 4 11 11
2 56 31 42 69
2 57 4 94 54
2 58 79 71 46
2 59 71 89 39
2 60 69 55 66
2 61 26 12 34
2 62 82 22 65
2 63 92 37 68
2 64 20 9 45
2 65 98 64 72
2 66 59 34 87
2 67 73 42 59
2 68 52 85 28
2 69 20 27 17
2 70 7 72 69
2 71 57 85 91
2 72 41 75 66
2 73 39 68 46
2 74 63 24 52
2 75 1 51 56
2 76 86 18 14
2 77 97 12 7
2 78 66 67 6
2 79 78 65 41
2 80 50 56 60
2 81 24 91 23
2 82 90 32 25
2 83 0 41 68
2 84 14 75 80
2 85 43 59 74
2 86 32 66 69
2 87 56 29 50
2 88 8 63 15
2 89 66 65 54
2 90 66 72 17
2 91 13 55 33
2 92 56 84 55
2 93 17 91 93
2 94 88 56 41
2 95 9 76 21
2 96 63 85 62
2 97 50 9 21
2 98 33 64 6
2 99 41 71 91
3 4 34 79 39
3 5 71 47 41
3 6 74 59 46
3 7 56 35 22
3 8 94 13 4
3 9 70 38 89
3 10 11 57 50
3 11 34 18 22
3 12 87 68 16
3 13 51 16 41
3 14 33 7 6
3 15 89 75 87
3 16 56 68 7
3 17 50 33 34
3 18 1 74 67
3 19 11 8 15
3 20 17 25 42
3 21 60 93 55
3 22 90 61 66
3 23 28 31 47
3 24 79 36 39
3 25 51 40 41
3 26 5 37 16
3 27 60 88 72
3 28 3 39 92
3 29 80 16 60
3 30 77 3 34
3 31 15 24 54
3 32 83 14 50
3 33 56 65 68
3 34 87 4 85
3 35 76 71 59
3 36 83 61 35
3 37 61 83 34
3 38 79 79 61
3 39 80 53 23
3 40 56 48 60
3 41 87 58 78
3 42 53 92 47
3 43 19 53 85
3 44 32 14 63
3 45 13 38 8
3 46 86 45 31
3 47 27 79 45
3 48 31 34 10
3 49 44 68 32
3 50 11 60 17
3 51 41 21 35
3 52 65 56 26
3 53 50 60 27
3 54 39 76 20
3 55 48 44 81
3 56 53 29 90
3 57 27 8 91
3 58 30 73 39
3 59 97 55 48
3 60 72 25 66
3 61 17 24 24
3 62 33 79 27
3 63 53 78 94
3 64 51 23 36
3 65 85 58 37
3 66 35 88 46
3 67 22 91 67
3 68 51 57 50
3 69 70 44 39
3 70 6 99 14
3 71 29 90 79
3 72 5 35 19
3 73 51 13 5
3 74 13 62 55
3 75 19 85 68
3 76 89 56 1
3 77 9 76 19
3 78 9 23 94
3 79 46 95 31
3 80 97 59 13
3 81 36 83 22
3 82 6 98 93
3 83 96 47 60
3 84 80 30 50
3 85 24 48 63
3 86 51 78 67
3 87 35 86 63
3 88 41 61 69
3 89 10 17 17
3 90 15 70 73
3 91 43 32 50
3 92 64 38 88
3 93 61 44 81
3 94 36 13 59
3 95 26 27 13
3 96 35 88 84
3 97 28 74 21
3 98 50 16 21
3 99 63 61 81
4 5 0 30 86
4 6 72 29 39
4 7 28 33 67
4 8 16 31 49
4 9 17 33 93
4 10 7 43 66
4 11 96 61 35
4 12 5 39 76
4 13 52 45 10
4 14 43 38 16
4 15 36 9 52
4 16 82 21 36
4 17 83 20 23
4 18 79 13 15
4 19 22 32 26
4 20 32 83 21
4 21 46 85 16
4 22 79 75 34
4 23 86 59 64
4 24 82 18 30
4 25 34 52 56
4 26 59 9 81
4 27 55 80 56
4 28 44 33 72
4 29 65 79 65
4 30 8 25 38
4 31 99 38 5
4 32 25 52 92
4 33 73 77 48
4 34 81 53 88
4 35 63 87 85
4 36 25 78 46
4 37 93 54 5
4 38 8 76 33
4 39 39 58 40
4 40 17 57 55
4 41 2 95 66
4 42 71 17 46
4 43 81 87 61
4 44 80 17 38
4 45 12 54 87
4 46 25 25 86
4 47 66 16 36
4 48 97 26 71
4 49 45 13 72
4 50 15 80 74
4 51 79 53 37
4 52 89 16 65
4 53 42 14 84
4 54 8 55 19
4 55 62 59 62
4 56 73 26 28
4 57 94 30 3
4 58 55 50 26
4 59 44 80 15
4 60 41 90 13
4 61 65 12 72
4 62 11 47 10
4 63 56 52 77
4 64 1 26 85
4 65 12 39 86
4 66 9 50 83
4 67 91 79 70
4 68 28 59 70
4 69 13 95 94
4 70 56 32 61
4 71 4 20 59
4 72 47 35 70
4 73 99 49 37
4 74 63 92 68
4 75 38 31 44
4 76 34 34 47
4 77 65 30 42
4 78 51 76 69
4 79 5 14 80
4 80 5 28 27
4 81 3 30 88
4 82 69 76 72
4 83 72 61 41
4 84 42 50 72
4 85 43 36 61
4 86 88 45 64
4 87 61 86 4
4 88 59 85 91
4 89 34 82 47
4 90 81 13 42
4 91 22 44 79
4 92 41 94 9
4 93 39 70 60
4 94 40 54 48
4 95 1 53 45
4 96 11 65 38
4 97 36 78 79
4 98 19 55 70
4 99 96 25 81
5 6 65 76 48
5 7 67 73 27
5 8 76 90 77
5 9 30 85 9
5 10 36 11 38
5 11 28 14 86
5 12 63 73 43
5 13 57 88 77
5 14 31 71 93
5 15 10 39 31
5 16 26 79 24
5 17 87 45 38
5 18 77 22 19
5 19 66 72 46
5 20 18 10 59
5 21 87 78 20
5 22 21 17 25
5 23 40 48 32
5 24 21 18 75
5 25 38 32 7
5 26 45 87 83
5 27 96 66 66
5 28 3 13 21
5 29 52 68 77
5 30 84 82 72
5 31 32 51 93
5 32 99 47 72
5 33 78 8 69
5 34 33 33 56
5 35 12 68 37
5 36 94 52 90
5 37 72 2 84
5 38 92 46 20
5 39 61 32 4
5 40 84 59 43
5 41 37 89 92
5 42 21 66 70
5 43 29 30 90
5 44 29 25 44
5 45 14 11 71
5 46 92 36 18
5 47 28 95 64
5 48 87 88 79
5 49 33 13 84
5 50 68 5 29
5 51 12 68 95
5 52 72 60 55
5 53 88 11 62
5 54 4 21 94
5 55 45 34 44
5 56 8 43 65
5 57 63 17 58
5 58 61 39 20
5 59 38 89 80
5 60 21 69 60
5 61 26 73 83
5 62 59 18 16
5 63 93 5 26
5 64 10 48 59
5 65 74 89 85
5 66 57 50 82
5 67 18 47 16
5 68 82 24 50
5 69 23 27 49
5 70 97 58 69
5 71 42 60 31
5 72 5 44 15
5 73 96 48 3
5 74 88 37 26
5 75 26 92 18
5 76 94 89 5
5 77 51 16 51
5 78 16 10 13
5 79 82 53 25
5 80 7 36 45
5 81 83 83 62
5 82 56 43 90
5 83 3 28 90
5 84 60 22 34
5 85 45 19 63
5 86 15 57 95
5 87 27 72 56
5 88 79 81 55
5 89 65 59 14
5 90 2 85 72
5 91 0 19 85
5 92 7 69 36
5 93 27 87 76
5 94 87 37 67
5 95 38 31 27
5 96 19 36 41
5 97 75 61 21
5 98 98 64 79
5 99 83 36 61
6 7 75 86 52
6 8 32 33 9
6 9 92 72 7
6 10 84 13 20
6 11 31 60 73
6 12 95 49 36
6 13 42 81 11
6 14 78 38 64
6 15 13 37 35
6 16 20 72 19
6 17 1 94 55
6 18 37 24 36
6 19 78 35 54
6 20 12 88 34
6 21 15 78 61
6 22 95 79 75
6 23 49 8 23
6 24 93 11 55
6 25 8 50 18
6 26 25 51 87
6 27 46 39 81
6 28 42 32 66
6 29 7 88 51
6 30 35 88 29
6 31 4 90 30
6 32 58 93 67
6 33 76 73 51
6 34 26 55 24
6 35 43 63 16
6 36 36 19 81
6 37 17 14 36
6 38 38 17 59
6 39 15 41 59
6 40 36 25 20
6 41 17 72 50
6 42 18 80 52
6 43 27 63 50
6 44 61 21 88
6 45 77 45 36
6 46 17 42 15
6 47 91 13 63
6 48 77 37 66
6 49 23 30 88
6 50 51 35 29
6 51 19 9 11
6 52 21 67 59
6 53 17 55 85
6 54 44 39 48
6 55 67 16 65
6 56 50 28 14
6 57 94 14 34
6 58 60 20 22
6 59 78 4 46
6 60 67 17 90
6 61 72 10 13
6 62 22 71 87
6 63 21 87 78
6 64 1 86 34
6 65 30 77 39
6 66 57 23 10
6 67 50 70 68
6 68 21 69 40
6 69 12 12 87
6 70 50 61 24
6 71 69 47 82
6 72 29 84 55
6 73 57 51 80
6 74 46 61 91
6 75 52 84 11
6 76 51 84 42
6 77 33 82 84
6 78 45 76 72
6 79 65 86 83
6 80 54 47 4
6 81 94 88 10
6 82 79 79 92
6 83 89 67 56
6 84 21 13 61
6 85 35 92 57
6 86 70 61 23
6 87 29 91 34
6 88 64 21 21
6 89 60 27 10
6 90 72 86 44
6 91 5 31 61
6 92 63 8 67
6 93 43 54 72
6 94 47 27 35
6 95 10 80 19
6 96 44 53 9
6 97 13 14 38
6 98 0 54 64
6 99 42 71 21
7 8 93 72 42
7 9 91 11 52
7 10 53 70 37
7 11 37 79 33
7 12 95 15 39
7 13 89 24 4
7 14 11 94 86
7 15 98 57 50
7 16 43 54 10
7 17 34 22 73
7 18 2 87 94
7 19 87 32 3
7 20 21 63 44
7 21 95 81 6
7 22 92 38 71
7 23 6 91 40
7 24 33 61 32
7 25 12 54 40
7 26 95 10 79
7 27 95 85 62
7 28 75 50 78
7 29 63 50 79
7 30 34 70 12
7 31 84 83 51
7 32 11 87 8
7 33 50 56 76
7 34 52 62 47
7 35 95 43 13
7 36 73 70 6
7 37 37 78 89
7 38 70 17 56
7 39 66 50 33
7 40 63 69 90
7 41 52 56 88
7 42 85 55 25
7 43 10 74 12
7 44 30 41 13
7 45 43 87 30
7 46 14 88 54
7 47 70 7 15
7 48 76 46 50
7 49 48 86 85
7 50 74 56 57
7 51 5 15 14
7 52 30 6 80
7 53 2 19 83
7 54 50 66 80
7 55 43 17 93
7 56 52 58 5
7 57 42 33 79
7 58 26 22 21
7 59 30 31 41
7 60 10 12 59
7 61 59 43 41
7 62 8 46 27
7 63 13 70 98
7 64 1 28 56
7 65 25 67 49
7 66 56 79 62
7 67 77 56 66
7 68 37 64 63
7 69 88 89 37
7 70 95 2 88
7 71 0 97 31
7 72 0 70 72
7 73 64 69 32
7 74 90 30 80
7 75 60 29 64
7 76 61 21 45
7 77 55 10 7
7 78 37 13 58
7 79 22 25 42
7 80 96 65 9
7 81 21 92 73
7 82 21 97 90
7 83 5 73 14
7 84 35 34 51
7 85 55 32 54
7 86 59 17 29
7 87 50 64 91
7 88 78 55 27
7 89 2 18 88
7 90 68 50 92
7 91 5 72 18
7 92 50 8 52
7 93 34 66 46
7 94 24 85 42
7 95 14 50 94
7 96 82 14 14
7 97 70 32 32
7 98 12 70 16
7 99 42 25 48
8 9 68 25 67
8 10 72 8 24
8 11 78 39 69
8 12 87 65 32
8 13 76 5 30
8 14 75 13 32
8 15 80 32 28
8 16 75 91 10
8 17 48 29 8
8 18 95 39 12
8 19 43 53 63
8 20 43 12 31
8 21 16 72 66
8 22 83 61 86
8 23 15 39 11
8 24 21 72 94
8 25 16 49 47
8 26 35 41 13
8 27 64 86 87
8 28 15 58 22
8 29 97 88 56
8 30 89 82 83
8 31 75 19 15
8 32 73 64 30
8 33 21 86 22
8 34 61 74 80
8 35 25 68 8
8 36 61 27 28
8 37 30 94 53
8 38 65 38 20
8 39 60 59 63
8 40 89 70 76
8 41 25 35 94
8 42 34 49 21
8 43 49 88 52
8 44 88 78 51
8 45 33 35 54
8 46 67 46 89
8 47 71 19 43
8 48 56 63 60
8 49 98 28 69
8 50 40 21 13
8 51 77 71 46
8 52 60 26 47
8 53 41 73 30
8 54 60 88 38
8 55 12 68 87
8 56 88 25 45
8 57 29 73 31
8 58 50 61 46
8 59 30 32 30
8 60 88 42 61
8 61 30 40 68
8 62 98 32 42
8 63 29 68 78
8 64 80 45 35
8 65 10 84 45
8 66 14 25 45
8 67 95 48 53
8 68 44 81 79
8 69 75 29 12
8 70 99 47 45
8 71 30 35 21
8 72 56 44 66
8 73 28 93 67
8 74 8 30 30
8 75 17 29 82
8 76 31 78 79
8 77 58 15 78
8 78 42 86 18
8 79 16 91 60
8 80 18 10 10
8 81 47 72 71
8 82 15 51 83
8 83 65 63 61
8 84 99 8 60
8 85 52 56 48
8 86 30 60 40
8 87 15 46 86
8 88 60 46 72
8 89 72 86 79
8 90 13 30 15
8 91 86 10 84
8 92 83 28 20
8 93 66 62 85
8 94 4 82 51
8 95 14 36 13
8 96 7 96 58
8 97 78 21 25
8 98 40 86 30
8 99 37 22 63
9 10 45 18 87
9 11 77 76 37
9 12 54 33 12
9 13 44 37 89
9 14 76 59 37
9 15 72 16 75
9 16 97 29 5
9 17 18 48 26
9 18 33 15 90
9 19 63 42 55
9 20 0 80 44
9 21 78 55 31
9 22 80 39 40
9 23 6 80 62
9 24 17 28 62
9 25 42 35 26
9 26 48 60 88
9 27 46 12 35
9 28 19 88 79
9 29 92 3 18
9 30 10 59 84
9 31 31 65 81
9 32 84 36 37
9 33 7 52 61
9 34 35 24 73
9 35 20 11 27
9 36 51 38 90
9 37 93 1 72
9 38 65 82 54
9 39 94 75 85
9 40 82 1 67
9 41 48 73 15
9 42 9 55 30
9 43 92 67 22
9 44 7 80 74
9 45 72 29 81
9 46 29 55 81
9 47 55 35 57
9 48 8 57 31
9 49 60 84 91
9 50 29 75 7
9 51 97 79 45
9 52 51 39 5
9 53 88 80 35
9 54 93 27 28
9 55 91 63 77
9 56 34 12 91
9 57 84 23 36
9 58 50 8 82
9 59 89 85 82
9 60 9 57 81
9 61 44 60 56
9 62 91 40 43
9 63 1 14 44
9 64 13 38 19
9 65 4 71 81
9 66 18 61 76
9 67 79 88 71
9 68 5 21 22
9 69 78 61 14
9 70 54 83 88
9 71 50 12 87
9 72 42 12 35
9 73 36 52 70
9 74 56 32 73
9 75 8 21 19
9 76 44 23 13
9 77 48 15 76
9 78 60 18 65
9 79 0 19 60
9 80 21 31 93
9 81 1 99 58
9 82 76 46 30
9 83 86 49 39
9 84 67 8 79
9 85 24 29 69
9 86 64 4 85
9 87 88 23 6
9 88 57 52 94
9 89 45 12 54
9 90 99 58 20
9 91 99 4 52
9 92 28 34 39
9 93 23 33 53
9 94 32 80 92
9 95 63 32 30
9 96 43 23 67
9 97 16 30 41
9 98 66 67 75
9 99 70 13 47
10 11 77 61 9
10 12 21 20 76
10 13 10 54 19
10 14 37 28 93
10 15 76 59 74
10 16 88 86 46
10 17 91 25 8
10 18 31 91 52
10 19 41 49 13
10 20 78 15 17
10 21 64 57 38
10 22 78 42 67
10 23 12 14 17
10 24 69 59 89
10 25 26 50 33
10 26 88 37 62
10 27 85 28 53
10 28 63 91 71
10 29 39 47 30
10 30 89 30 70
10 31 26 28 84
10 32 93 10 80
10 33 13 52 55
10 34 16 92 11
10 35 37 87 16
10 36 26 85 75
10 37 27 10 60
10 38 64 31 88
10 39 17 13 58
10 40 92 32 24
10 41 23 96 81
10 42 75 2 88
10 43 50 14 76
10 44 98 30 22
10 45 22 56 19
10 46 18 56 15
10 47 54 49 83
10 48 63 46 14
10 49 96 69 71
10 50 12 24 58
10 51 16 82 17
10 52 38 88 10
10 53 65 76 24
10 54 37 87 92
10 55 57 46 56
10 56 63 89 16
10 57 1 36 23
10 58 19 57 76
10 59 1 30 70
10 60 6 83 74
10 61 56 11 74
10 62 0 19 30
10 63 50 94 23
10 64 67 19 42
10 65 17 89 33
10 66 14 33 25
10 67 88 43 2
10 68 61 39 20
10 69 75 23 84
10 70 13 12 62
10 71 4 54 84
10 72 43 69 85
10 73 4 48 32
10 74 8 44 47
10 75 83 49 10
10 76 87 36 59
10 77 41 61 82
10 78 89 14 13
10 79 47 28 71
10 80 96 54 89
10 81 34 49 68
10 82 83 86 43
10 83 17 11 93
10 84 61 82 20
10 85 47 5 33
10 86 46 47 54
10 87 4 58 36
10 88 47 19 94
10 89 75 67 4
10 90 34 63 77
10 91 89 30 69
10 92 72 27 47
10 93 52 50 8
10 94 40 12 30
10 95 82 2 69
10 96 94 9 13
10 97 37 64 6
10 98 80 61 58
10 99 33 47 33
11 12 0 32 17
11 13 94 76 2
11 14 19 79 48
11 15 31 42 56
11 16 19 77 23
11 17 80 66 37
11 18 82 89 13
11 19 79 66 55
11 20 39 47 21
11 21 17 53 93
11 22 10 67 49
11 23 94 1 29
11 24 17 42 30
11 25 98 11 27
11 26 94 48 81
11 27 70 42 73
11 28 0 48 76
11 29 26 94 23
11 30 28 15 76
11 31 32 31 10
11 32 84 79 44
11 33 53 39 35
11 34 79 53 90
11 35 60 38 68
11 36 85 84 61
11 37 37 13 55
11 38 75 52 72
11 39 14 46 22
11 40 48 35 45
11 41 30 37 86
11 42 75 20 44
11 43 92 49 9
11 44 17 74 52
11 45 2 56 90
11 46 72 91 34
11 47 8 77 94
11 48 28 65 17
11 49 36 84 76
11 50 53 53 90
11 51 11 38 44
11 52 15 93 96
11 53 18 67 25
11 54 21 18 91
11 55 52 79 34
11 56 22 95 88
11 57 87 82 19
11 58 2 76 76
11 59 42 82 14
11 60 31 87 30
11 61 64 32 87
11 62 68 18 10
11 63 45 38 17
11 64 86 51 36
11 65 60 34 25
11 66 12 75 22
11 67 95 58 83
11 68 17 36 25
11 69 21 58 78
11 70 87 6 78
11 71 9 32 93
11 72 99 67 66
11 73 17 54 85
11 74 88 14 68
11 75 33 87 7
11 76 36 66 37
11 77 3 14 89
11 78 76 32 91
11 79 79 65 5
11 80 14 28 9
11 81 5 33 83
11 82 42 95 30
11 83 29 16 66
11 84 56 86 58
11 85 81 75 23
11 86 55 59 60
11 87 20 34 53
11 88 7 64 16
11 89 68 76 23
11 90 94 23 3
11 91 70 75 10
11 92 11 63 53
11 93 45 58 59
11 94 20 40 53
11 95 12 37 80
11 96 90 17 23
11 97 55 45 28
11 98 91 29 17
11 99 37 43 72
12 13 37 32 41
12 14 41 35 75
12 15 92 34 49
12 16 73 38 34
12 17 66 22 8
12 18 20 31 8
12 19 93 11 27
12 20 96 53 20
12 21 72 37 83
12 22 31 10 76
12 23 20 65 63
12 24 16 24 36
12 25 61 54 7
12 26 53 18 20
12 27 23 13 72
12 28 66 55 61
12 29 69 70 73
12 30 72 72 12
12 31 93 29 61
12 32 29 20 66
12 33 34 16 82
12 34 20 73 32
12 35 76 58 45
12 36 82 37 62
12 37 99 59 28
12 38 66 91 77
12 39 27 13 93
12 40 54 85 22
12 41 26 82 53
12 42 71 47 80
12 43 34 50 63
12 44 39 92 82
12 45 57 67 19
12 46 32 10 96
12 47 52 84 91
12 48 79 58 9
12 49 97 12 81
12 50 0 48 88
12 51 83 30 89
12 52 3 97 23
12 53 94 41 75
12 54 1 80 41
12 55 39 30 62
12 56 25 23 56
12 57 38 77 29
12 58 55 51 16
12 59 75 56 40
12 60 86 76 52
12 61 97 62 1
12 62 62 54 44
12 63 20 67 71
12 64 80 38 85
12 65 92 32 24
12 66 45 35 31
12 67 45 38 26
12 68 23 42 85
12 69 30 69 35
12 70 79 15 60
12 71 55 90 47
12 72 36 53 71
12 73 47 25 5
12 74 7 33 69
12 75 17 93 43
12 76 25 23 37
12 77 94 57 29
12 78 31 21 92
12 79 12 56 28
12 80 4 29 53
12 81 89 17 56
12 82 84 20 1
12 83 93 22 32
12 84 87 22 84
12 85 42 81 35
12 86 25 56 51
12 87 12 84 76
12 88 91 69 41
12 89 52 24 78
12 90 85 52 67
12 91 98 38 32
12 92 48 14 16
12 93 80 67 66
12 94 94 43 4
12 95 13 69 55
12 96 98 1 4
12 97 42 82 15
12 98 97 77 16
12 99 45 65 53
13 14 77 68 31
13 15 39 67 79
13 16 41 42 88
13 17 8 11 37
13 18 72 28 72
13 19 6 59 17
13 20 19 22 97
13 21 2 97 91
13 22 58 24 41
13 23 39 94 80
13 24 34 70 29
13 25 96 28 34
13 26 19 34 96
13 27 40 52 38
13 28 84 43 15
13 29 23 28 57
13 30 18 60 38
13 31 66 40 77
13 32 40 8 45
13 33 89 1 71
13 34 26 29 59
13 35 18 94 87
13 36 4 68 31
13 37 63 51 6
13 38 72 55 46
13 39 28 40 73
13 40 83 57 6
13 41 38 71 62
13 42 21 45 78
13 43 66 27 91
13 44 38 59 45
13 45 21 83 47
13 46 15 83 23
13 47 55 57 53
13 48 42 70 84
13 49 1 96 10
13 50 88 25 27
13 51 58 60 14
13 52 35 55 15
13 53 73 73 21
13 54 66 12 6
13 55 55 57 22
13 56 17 73 33
13 57 85 14 24
13 58 47 10 28
13 59 69 45 38
13 60 65 23 46
13 61 48 58 72
13 62 77 85 25
13 63 28 20 60
13 64 18 24 54
13 65 13 39 55
13 66 53 93 36
13 67 1 40 43
13 68 80 51 38
13 69 59 36 7
13 70 47 68 75
13 71 43 35 30
13 72 36 38 67
13 73 59 6 24
13 74 19 76 69
13 75 72 33 38
13 76 23 21 79
13 77 25 14 15
13 78 28 56 65
13 79 47 79 46
13 80 21 89 11
13 81 17 89 74
13 82 1 97 38
13 83 54 29 24
13 84 25 74 40
13 85 79 26 35
13 86 54 88 67
13 87 78 8 47
13 88 33 18 37
13 89 9 41 43
13 90 82 5 39
13 91 17 98 79
13 92 25 63 75
13 93 64 50 26
13 94 6 59 60
13 95 42 94 31
13 96 19 63 91
13 97 38 7 92
13 98 55 53 15
13 99 60 19 5
14 15 16 89 30
14 16 94 63 63
14 17 83 4 56
14 18 78 24 84
14 19 42 71 45
14 20 21 27 17
14 21 51 27 63
14 22 1 55 46
14 23 41 63 36
14 24 50 83 89
14 25 57 57 5
14 26 30 55 57
14 27 86 38 14
14 28 48 6 85
14 29 15 51 64
14 30 36 68 94
14 31 25 70 19
14 32 37 6 78
14 33 11 9 22
14 34 70 50 60
14 35 85 38 58
14 36 42 40 68
14 37 18 49 30
14 38 81 57 65
14 39 84 12 36
14 40 43 95 40
14 41 26 54 40
14 42 32 28 81
14 43 90 13 60
14 44 21 39 25
14 45 72 24 54
14 46 73 17 65
14 47 89 79 65
14 48 0 68 91
14 49 97 20 64
14 50 88 35 29
14 51 83 16 29
14 52 80 34 9
14 53 67 85 63
14 54 25 25 95
14 55 42 32 61
14 56 82 53 48
14 57 52 92 61
14 58 31 67 30
14 59 18 91 22
14 60 18 58 90
14 61 7 37 62
14 62 61 46 32
14 63 10 65 75
14 64 51 71 6
14 65 94 35 42
14 66 90 60 80
14 67 15 8 27
14 68 18 92 11
14 69 24 43 34
14 70 68 13 88
14 71 71 90 6
14 72 2 95 15
14 73 67 91 46
14 74 53 57 53
14 75 9 34 61
14 76 82 55 40
14 77 10 42 64
14 78 16 56 72
14 79 94 3 27
14 80 95 34 83
14 81 32 29 28
14 82 67 25 41
14 83 65 68 49
14 84 69 53 53
14 85 54 10 77
14 86 25 50 77
14 87 88 81 71
14 88 31 58 9
14 89 30 10 69
14 90 94 66 35
14 91 59 91 52
14 92 54 72 58
14 93 6 54 93
14 94 58 7 4
14 95 86 67 9
14 96 86 34 11
14 97 48 67 67
14 98 46 54 75
14 99 29 50 12
15 16 89 43 74
15 17 3 84 75
15 18 48 58 81
15 19 97 73 74
15 20 1 82 19
15 21 17 16 84
15 22 70 74 6
15 23 22 80 66
15 24 9 23 60
15 25 38 34 79
15 26 3 75 61
15 27 24 28 50
15 28 24 45 28
15 29 7 39 97
15 30 63 32 53
15 31 49 33 82
15 32 99 78 69
15 33 88 63 80
15 34 42 74 27
15 35 5 27 70
15 36 56 42 63
15 37 24 51 40
15 38 72 55 44
15 39 71 13 12
15 40 52 29 53
15 41 97 12 23
15 42 8 76 56
15 43 81 25 51
15 44 74 79 48
15 45 78 64 79
15 46 15 64 59
15 47 33 62 44
15 48 71 34 29
15 49 36 91 90
15 50 99 64 22
15 51 45 56 47
15 52 85 52 73
15 53 26 60 29
15 54 35 21 32
15 55 7 75 93
15 56 33 31 81
15 57 94 37 43
15 58 23 51 51
15 59 62 27 54
15 60 98 30 8
15 61 76 9 16
15 62 69 19 62
15 63 31 75 44
15 64 56 44 53
15 65 14 85 52
15 66 83 54 34
15 67 98 0 52
15 68 67 16 78
15 69 2 20 60
15 70 94 83 14
15 71 93 4 9
15 72 92 26 75
15 73 68 74 7
15 74 74 67 77
15 75 10 67 51
15 76 43 57 11
15 77 86 43 6
15 78 86 29 81
15 79 1 15 26
15 80 77 91 83
15 81 65 62 57
15 82 34 51 21
15 83 87 86 40
15 84 77 84 50
15 85 60 50 14
15 86 67 42 27
15 87 92 10 58
15 88 96 14 49
15 89 35 72 86
15 90 59 74 41
15 91 63 63 26
15 92 8 20 53
15 93 20 37 69
15 94 62 6 90
15 95 3 20 14
15 96 52 7 72
15 97 9 77 72
15 98 2 89 86
15 99 78 84 4
16 17 19 93 55
16 18 81 14 17
16 19 61 15 40
16 20 24 11 50
16 21 32 27 26
16 22 24 28 52
16 23 50 15 67
16 24 82 21 82
16 25 22 93 83
16 26 9 39 9
16 27 36 16 31
16 28 34 37 61
16 29 32 29 87
16 30 88 46 66
16 31 80 74 17
16 32 30 13 89
16 33 84 38 87
16 34 60 51 86
16 35 28 62 36
16 36 1 43 49
16 37 71 11 23
16 38 45 34 39
16 39 17 42 88
16 40 15 20 93
16 41 58 43 61
16 42 46 8 11
16 43 5 23 19
16 44 23 70 81
16 45 65 11 43
16 46 59 52 36
16 47 94 80 79
16 48 4 28 42
16 49 43 82 91
16 50 47 39 92
16 51 87 77 26
16 52 80 25 75
16 53 75 22 87
16 54 30 32 27
16 55 69 74 27
16 56 49 13 16
16 57 73 60 34
16 58 71 74 42
16 59 21 95 31
16 60 83 48 90
16 61 58 36 33
16 62 73 58 30
16 63 99 0 12
16 64 28 95 61
16 65 7 61 15
16 66 62 6 53
16 67 91 42 64
16 68 42 54 28
16 69 47 84 8
16 70 47 91 22
16 71 12 84 77
16 72 54 65 23
16 73 47 13 77
16 74 24 77 24
16 75 4 66 42
16 76 20 52 20
16 77 62 38 72
16 78 74 27 63
16 79 0 89 49
16 80 37 47 33
16 81 69 57 12
16 82 47 47 36
16 83 78 71 66
16 84 7 41 15
16 85 64 68 64
16 86 55 68 17
16 87 81 78 33
16 88 47 71 5
16 89 75 51 31
16 90 52 45 89
16 91 96 63 6
16 92 75 76 21
16 93 35 10 50
16 94 20 75 49
16 95 49 68 83
16 96 75 52 89
16 97 0 72 64
16 98 23 45 68
16 99 75 32 59
17 18 34 87 75
17 19 87 2 88
17 20 70 50 88
17 21 98 76 55
17 22 92 27 24
17 23 74 15 70
17 24 97 28 57
17 25 90 74 87
17 26 56 6 31
17 27 84 55 91
17 28 44 23 75
17 29 7 72 24
17 30 90 42 22
17 31 36 58 49
17 32 8 82 62
17 33 1 18 35
17 34 79 87 24
17 35 47 46 39
17 36 75 2 45
17 37 50 39 58
17 38 28 18 87
17 39 94 15 51
17 40 11 18 96
17 41 29 33 35
17 42 64 41 4
17 43 19 44 89
17 44 39 76 78
17 45 35 27 89
17 46 67 30 56
17 47 33 21 44
17 48 3 40 53
17 49 29 44 88
17 50 96 21 43
17 51 14 59 95
17 52 97 42 82
17 53 24 25 32
17 54 75 85 41
17 55 85 69 84
17 56 32 84 28
17 57 76 29 17
17 58 32 50 62
17 59 85 3 21
17 60 40 28 62
17 61 63 76 54
17 62 47 55 64
17 63 61 62 88
17 64 98 78 11
17 65 98 62 58
17 66 93 23 71
17 67 76 78 57
17 68 80 78 44
17 69 2 53 79
17 70 90 5 31
17 71 63 40 73
17 72 49 90 32
17 73 48 28 44
17 74 70 92 8
17 75 4 36 20
17 76 95 41 16
17 77 41 38 73
17 78 83 25 50
17 79 85 8 29
17 80 97 29 25
17 81 22 13 56
17 82 62 45 68
17 83 71 89 80
17 84 44 13 26
17 85 90 11 49
17 86 13 58 22
17 87 54 81 64
17 88 80 89 13
17 89 38 90 24
17 90 60 66 19
17 91 94 64 49
17 92 49 86 35
17 93 51 50 75
17 94 36 78 92
17 95 34 28 96
17 96 9 87 65
17 97 41 76 56
17 98 65 5 6
17 99 27 47 42
18 19 66 37 91
18 20 13 82 90
18 21 63 77 58
18 22 88 75 74
18 23 77 89 74
18 24 88 19 32
18 25 79 3 6
18 26 91 69 9
18 27 34 27 77
18 28 76 30 62
18 29 98 65 2
18 30 5 11 17
18 31 24 31 32
18 32 36 78 81
18 33 41 12 41
18 34 41 47 44
18 35 41 66 19
18 36 27 76 77
18 37 34 7 81
18 38 44 14 48
18 39 46 62 31
18 40 47 56 26
18 41 29 39 14
18 42 99 11 38
18 43 31 24 82
18 44 28 90 88
18 45 89 34 84
18 46 69 21 56
18 47 11 60 19
18 48 98 14 86
18 49 81 10 30
18 50 48 44 84
18 51 91 60 63
18 52 17 54 21
18 53 22 90 65
18 54 61 79 54
18 55 60 40 25
18 56 54 39 59
18 57 98 24 11
18 58 84 18 35
18 59 33 56 29
18 60 38 11 54
18 61 99 53 41
18 62 69 4 65
18 63 19 9 62
18 64 71 78 64
18 65 91 23 7
18 66 99 15 23
18 67 72 40 49
18 68 22 87 29
18 69 14 34 52
18 70 62 25 56
18 71 89 8 57
18 72 70 17 59
18 73 15 48 9
18 74 15 26 85
18 75 10 58 61
18 76 11 9 74
18 77 16 23 12
18 78 91 32 43
18 79 54 43 51
18 80 12 79 86
18 81 28 87 67
18 82 95 67 51
18 83 94 75 40
18 84 57 11 43
18 85 89 85 43
18 86 91 6 6
18 87 58 17 56
18 88 5 84 42
18 89 79 64 41
18 90 49 79 10
18 91 78 60 58
18 92 34 70 53
18 93 28 89 59
18 94 99 23 72
18 95 75 42 6
18 96 24 94 95
18 97 81 38 61
18 98 42 10 20
18 99 94 66 40
19 20 62 56 67
19 21 78 8 2
19 22 77 19 48
19 23 57 81 77
19 24 4 58 53
19 25 75 53 17
19 26 26 71 94
19 27 83 10 52
19 28 79 58 38
19 29 29 84 18
19 30 34 92 51
19 31 93 85 64
19 32 54 38 13
19 33 19 53 75
19 34 13 9 44
19 35 16 61 85
19 36 92 80 15
19 37 78 8 7
19 38 27 41 43
19 39 1 99 22
19 40 49 26 75
19 41 72 59 24
19 42 97 79 76
19 43 43 72 60
19 44 35 31 46
19 45 63 86 20
19 46 56 13 76
19 47 36 40 83
19 48 77 22 31
19 49 23 13 64
19 50 9 16 25
19 51 94 56 81
19 52 87 87 65
19 53 50 38 79
19 54 95 34 47
19 55 58 49 69
19 56 27 75 56
19 57 16 41 91
19 58 6 63 97
19 59 63 4 59
19 60 63 14 63
19 61 81 43 4
19 62 54 26 39
19 63 60 36 20
19 64 11 95 94
19 65 86 63 9
19 66 62 78 65
19 67 99 82 44
19 68 77 41 78
19 69 33 9 17
19 70 56 80 51
19 71 59 4 58
19 72 81 16 2
19 73 4 46 79
19 74 20 44 10
19 75 88 9 33
19 76 57 48 88
19 77 4 64 16
19 78 41 30 65
19 79 43 86 49
19 80 35 20 58
19 81 63 86 59
19 82 11 25 67
19 83 48 56 40
19 84 98 42 35
19 85 38 67 73
19 86 40 36 55
19 87 48 26 58
19 88 76 57 72
19 89 52 17 24
19 90 92 76 48
19 91 90 3 20
19 92 42 46 16
19 93 19 30 77
19 94 70 3 86
19 95 53 82 54
19 96 30 17 44
19 97 83 70 54
19 98 8 15 95
19 99 62 55 52
20 21 70 73 82
20 22 42 41 71
20 23 33 80 31
20 24 79 62 15
20 25 52 9 76
20 26 81 90 53
20 27 4 98 70
20 28 74 73 38
20 29 2 25 72
20 30 10 39 89
20 31 1 63 71
20 32 77 64 78
20 33 51 33 31
20 34 71 67 38
20 35 63 71 92
20 36 88 65 8
20 37 21 90 47
20 38 19 91 12
20 39 53 80 76
20 40 8 16 94
20 41 4 64 34
20 42 19 90 24
20 43 67 86 59
20 44 97 64 57
20 45 33 67 63
20 46 93 6 17
20 47 77 12 63
20 48 22 17 89
20 49 41 20 61
20 50 93 3 48
20 51 20 71 84
20 52 67 11 36
20 53 44 54 36
20 54 43 28 73
20 55 31 62 92
20 56 49 43 62
20 57 21 96 61
20 58 68 16 86
20 59 96 52 52
20 60 46 78 82
20 61 12 38 65
20 62 24 43 39
20 63 47 8 38
20 64 12 28 24
20 65 40 24 88
20 66 75 61 47
20 67 2 41 15
20 68 55 16 48
20 69 1 83 85
20 70 89 83 5
20 71 46 80 70
20 72 50 71 58
20 73 48 19 39
20 74 54 11 46
20 75 88 59 35
20 76 97 31 84
20 77 20 86 67
20 78 18 47 62
20 79 30 55 11
20 80 30 41 87
20 81 29 48 26
20 82 30 96 35
20 83 86 17 77
20 84 95 48 25
20 85 29 78 68
20 86 49 9 87
20 87 68 87 75
20 88 43 58 19
20 89 55 26 9
20 90 20 22 42
20 91 11 81 96
20 92 99 17 86
20 93 43 92 66
20 94 53 68 56
20 95 11 34 74
20 96 32 78 46
20 97 83 77 82
20 98 61 48 63
20 99 91 87 2
21 22 26 21 56
21 23 84 30 27
21 24 81 35 20
21 25 36 82 19
21 26 50 43 90
21 27 48 74 61
21 28 49 21 66
21 29 71 40 34
21 30 58 8 62
21 31 48 25 61
21 32 25 11 44
21 33 80 73 60
21 34 85 90 48
21 35 32 48 63
21 36 37 44 92
21 37 44 45 8
21 38 36 23 80
21 39 81 71 66
21 40 85 59 80
21 41 33 9 80
21 42 19 84 51
21 43 61 12 84
21 44 74 49 65
21 45 69 26 74
21 46 93 7 86
21 47 60 46 5
21 48 69 14 44
21 49 78 86 81
21 50 65 87 80
21 51 25 12 81
21 52 47 83 9
21 53 65 69 70
21 54 44 60 86
21 55 30 14 26
21 56 58 8 25
21 57 60 89 68
21 58 54 54 35
21 59 2 43 84
21 60 72 45 42
21 61 86 50 27
21 62 65 37 80
21 63 77 28 18
21 64 85 74 69
21 65 92 65 23
21 66 9 73 15
21 67 55 45 81
21 68 52 5 11
21 69 70 47 37
21 70 65 68 91
21 71 96 88 61
21 72 44 38 20
21 73 11 22 56
21 74 41 67 28
21 75 21 55 42
21 76 27 62 46
21 77 17 38 48
21 78 68 19 68
21 79 29 91 39
21 80 93 45 81
21 81 51 91 16
21 82 16 26 79
21 83 73 59 16
21 84 37 39 19
21 85 71 82 60
21 86 4 85 91
21 87 50 35 56
21 88 5 98 97
21 89 55 25 69
21 90 21 61 43
21 91 89 23 11
21 92 80 59 12
21 93 10 38 72
21 94 48 5 56
21 95 96 21 83
21 96 97 48 36
21 97 27 35 19
21 98 14 34 57
21 99 18 49 96
22 23 49 70 71
22 24 59 25 6
22 25 37 21 63
22 26 84 31 24
22 27 6 50 90
22 28 16 68 62
22 29 31 61 40
22 30 71 79 25
22 31 66 75 46
22 32 88 12 63
22 33 25 18 88
22 34 56 70 15
22 35 68 71 3
22 36 75 30 9
22 37 87 66 26
22 38 49 77 77
22 39 99 4 83
22 40 69 31 38
22 41 12 74 19
22 42 44 68 88
22 43 24 96 60
22 44 42 75 30
22 45 14 97 88
22 46 81 50 5
22 47 30 86 93
22 48 53 63 48
22 49 16 21 14
22 50 89 42 72
22 51 52 22 21
22 52 38 67 29
22 53 27 87 76
22 54 71 80 70
22 55 76 77 62
22 56 54 9 86
22 57 48 32 21
22 58 2 97 12
22 59 44 82 18
22 60 24 39 96
22 61 80 39 57
22 62 49 77 78
22 63 41 86 7
22 64 43 70 60
22 65 38 91 54
22 66 62 47 33
22 67 99 48 35
22 68 31 62 53
22 69 87 87 51
22 70 87 89 23
22 71 18 37 16
22 72 42 58 22
22 73 51 66 22
22 74 57 61 12
22 75 30 45 66
22 76 26 32 71
22 77 93 51 23
22 78 95 54 51
22 79 85 72 35
22 80 19 46 26
22 81 97 56 89
22 82 59 52 76
22 83 50 49 60
22 84 50 8 82
22 85 6 37 89
22 86 61 23 62
22 87 16 50 14
22 88 4 43 53
22 89 85 91 59
22 90 22 92 56
22 91 60 78 9
22 92 44 18 34
22 93 2 50 81
22 94 96 72 33
22 95 63 89 6
22 96 19 67 53
22 97 40 40 79
22 98 11 63 77
22 99 57 80 91
23 24 29 48 13
23 25 34 9 59
23 26 86 47 69
23 27 3 46 25
23 28 82 53 37
23 29 67 45 35
23 30 0 96 81
23 31 78 52 77
23 32 29 57 17
23 33 64 64 76
23 34 99 45 76
23 35 21 38 62
23 36 60 8 32
23 37 47 14 48
23 38 48 78 59
23 39 39 25 54
23 40 19 85 93
23 41 43 18 82
23 42 93 90 5
23 43 36 61 11
23 44 26 17 40
23 45 0 31 53
23 46 59 84 5
23 47 67 65 25
23 48 9 92 47
23 49 75 27 19
23 50 33 63 57
23 51 53 30 18
23 52 46 71 6
23 53 43 18 65
23 54 22 23 52
23 55 80 67 83
23 56 7 52 85
23 57 18 16 11
23 58 50 75 35
23 59 52 60 39
23 60 57 42 74
23 61 15 35 40
23 62 20 91 52
23 63 55 9 51
23 64 81 42 84
23 65 42 61 44
23 66 47 22 28
23 67 16 30 35
23 68 79 43 46
23 69 8 34 28
23 70 47 30 43
23 71 28 49 21
23 72 18 10 24
23 73 42 32 73
23 74 80 34 64
23 75 27 78 9
23 76 15 20 18
23 77 90 10 28
23 78 46 68 92
23 79 3 94 20
23 80 40 28 44
23 81 87 50 76
23 82 5 15 63
23 83 62 44 77
23 84 48 85 63
23 85 72 42 31
23 86 88 74 77
23 87 75 18 79
23 88 31 36 83
23 89 54 67 39
23 90 4 58 9
23 91 37 10 43
23 92 26 60 86
23 93 87 45 69
23 94 73 66 48
23 95 13 16 42
23 96 4 70 73
23 97 34 95 51
23 98 13 70 71
23 99 13 51 21
24 25 56 74 6
24 26 57 75 78
24 27 81 36 20
24 28 64 44 14
24 29 9 41 51
24 30 67 59 13
24 31 96 75 32
24 32 61 31 26
24 33 4 12 46
24 34 51 80 73
24 35 44 62 42
24 36 32 15 57
24 37 57 68 51
24 38 70 54 50
24 39 64 51 67
24 40 23 36 20
24 41 88 64 50
24 42 59 71 46
24 43 63 75 58
24 44 64 45 87
24 45 11 53 54
24 46 42 56 35
24 47 83 13 9
24 48 82 32 36
24 49 36 60 52
24 50 41 15 32
24 51 64 10 83
24 52 87 55 84
24 53 54 72 53
24 54 32 10 71
24 55 15 71 96
24 56 43 76 38
24 57 98 84 22
24 58 65 74 15
24 59 43 75 20
24 60 63 83 8
24 61 22 93 55
24 62 86 8 34
24 63 11 47 41
24 64 64 3 26
24 65 71 88 20
24 66 58 88 70
24 67 76 39 37
24 68 24 40 8
24 69 53 67 40
24 70 68 86 72
24 71 35 41 21
24 72 81 21 55
24 73 3 90 60
24 74 99 74 20
24 75 63 13 27
24 76 97 81 27
24 77 34 86 71
24 78 43 62 48
24 79 47 27 38
24 80 62 16 72
24 81 26 37 9
24 82 80 16 84
24 83 6 53 31
24 84 46 90 38
24 85 94 31 24
24 86 56 82 65
24 87 26 40 26
24 88 20 26 52
24 89 42 94 15
24 90 48 52 21
24 91 32 13 17
24 92 32 89 72
24 93 19 8 11
24 94 56 33 73
24 95 35 29 50
24 96 25 10 43
24 97 57 72 38
24 98 27 32 15
24 99 90 38 11
25 26 9 72 81
25 27 95 36 39
25 28 21 95 97
25 29 13 26 60
25 30 85 5 44
25 31 73 32 52
25 32 10 28 73
25 33 18 63 94
25 34 34 78 84
25 35 57 28 46
25 36 59 93 63
25 37 1 78 49
25 38 62 43 4
25 39 53 70 16
25 40 36 36 68
25 41 5 90 22
25 42 85 12 73
25 43 7 92 63
25 44 96 15 27
25 45 64 83 31
25 46 50 28 30
25 47 85 90 28
25 48 68 70 63
25 49 9 45 58
25 50 39 37 95
25 51 70 20 11
25 52 97 58 8
25 53 71 16 5
25 54 8 33 90
25 55 78 60 74
25 56 40 27 70
25 57 50 43 9
25 58 94 84 22
25 59 68 84 19
25 60 75 47 48
25 61 80 15 3
25 62 32 36 62
25 63 76 18 26
25 64 54 73 46
25 65 6 54 32
25 66 63 6 86
25 67 96 7 20
25 68 80 43 9
25 69 30 43 87
25 70 64 77 7
25 71 69 47 42
25 72 49 83 5
25 73 59 68 45
25 74 98 48 27
25 75 90 58 31
25 76 8 16 95
25 77 75 54 53
25 78 28 73 20
25 79 45 45 53
25 80 18 38 95
25 81 70 33 59
25 82 64 93 12
25 83 91 55 45
25 84 34 39 33
25 85 97 43 37
25 86 11 52 30
25 87 97 14 39
25 88 93 54 27
25 89 99 73 3
25 90 63 61 65
25 91 69 18 4
25 92 82 57 59
25 93 76 66 52
25 94 55 47 64
25 95 45 57 94
25 96 9 78 25
25 97 91 22 82
25 98 48 20 38
25 99 95 49 2
26 27 22 37 84
26 28 66 68 11
26 29 42 75 36
26 30 16 36 73
26 31 18 14 13
26 32 11 36 45
26 33 33 45 83
26 34 82 66 38
26 35 26 47 81
26 36 42 74 80
26 37 98 8 7
26 38 70 19 40
26 39 83 73 51
26 40 31 72 54
26 41 65 14 85
26 42 40 86 51
26 43 44 95 85
26 44 82 13 43
26 45 90 68 57
26 46 60 47 22
26 47 8 27 77
26 48 40 18 43
26 49 71 51 6
26 50 85 86 45
26 51 94 59 45
26 52 57 86 43
26 53 40 89 27
26 54 37 17 24
26 55 91 34 22
26 56 16 50 33
26 57 7 96 73
26 58 93 23 19
26 59 61 36 56
26 60 78 21 5
26 61 16 86 33
26 62 26 38 24
26 63 74 75 11
26 64 5 20 37
26 65 34 76 79
26 66 70 26 90
26 67 40 33 89
26 68 83 27 79
26 69 5 60 79
26 70 92 53 33
26 71 55 68 20
26 72 5 56 57
26 73 97 22 49
26 74 34 73 37
26 75 22 61 30
26 76 75 37 91
26 77 49 49 24
26 78 65 65 71
26 79 45 70 51
26 80 53 40 46
26 81 52 9 77
26 82 40 10 69
26 83 88 6 48
26 84 46 49 61
26 85 53 8 61
26 86 92 70 69
26 87 63 13 30
26 88 39 11 25
26 89 28 20 56
26 90 74 18 69
26 91 87 11 33
26 92 3 19 93
26 93 31 28 17
26 94 92 13 9
26 95 28 7 41
26 96 7 93 32
26 97 35 15 68
26 98 6 50 88
26 99 94 1 33
27 28 75 81 38
27 29 55 61 82
27 30 51 70 64
27 31 94 4 5
27 32 29 49 22
27 33 81 10 83
27 34 7 63 55
27 35 39 16 92
27 36 50 73 75
27 37 85 61 17
27 38 21 73 32
27 39 11 89 93
27 40 59 29 86
27 41 46 40 11
27 42 13 52 85
27 43 60 76 35
27 44 25 68 71
27 45 81 24 12
27 46 38 15 51
27 47 62 39 25
27 48 5 42 25
27 49 96 38 17
27 50 45 15 25
27 51 18 35 42
27 52 15 33 93
27 53 45 58 68
27 54 70 31 11
27 55 1 77 77
27 56 12 68 33
27 57 87 49 12
27 58 32 89 67
27 59 73 6 7
27 60 32 78 24
27 61 40 74 90
27 62 2 77 13
27 63 95 0 67
27 64 74 6 53
27 65 26 36 41
27 66 24 13 43
27 67 45 92 43
27 68 81 38 30
27 69 9 27 68
27 70 7 23 72
27 71 80 79 65
27 72 95 3 34
27 73 14 76 65
27 74 65 60 57
27 75 63 26 49
27 76 80 84 35
27 77 24 75 32
27 78 92 6 79
27 79 11 52 56
27 80 28 9 47
27 81 14 51 35
27 82 4 23 95
27 83 96 54 41
27 84 65 49 59
27 85 76 36 36
27 86 30 75 23
27 87 63 85 49
27 88 22 32 79
27 89 36 83 67
27 90 79 80 80
27 91 99 28 61
27 92 62 67 12
27 93 5 45 74
27 94 22 59 51
27 95 73 6 75
27 96 27 90 54
27 97 57 76 38
27 98 96 10 12
27 99 57 71 34
28 29 94 64 14
28 30 44 17 38
28 31 34 28 80
28 32 55 20 17
28 33 89 32 22
28 34 1 98 53
28 35 29 50 77
28 36 70 65 71
28 37 65 41 4
28 38 80 79 7
28 39 44 50 51
28 40 53 61 62
28 41 29 18 75
28 42 29 82 72
28 43 20 41 75
28 44 21 42 24
28 45 10 10 47
28 46 99 85 38
28 47 17 95 93
28 48 46 91 10
28 49 37 40 19
28 50 74 86 12
28 51 48 58 58
28 52 31 89 83
28 53 98 32 32
28 54 16 75 29
28 55 38 12 54
28 56 56 7 64
28 57 70 28 64
28 58 60 85 67
28 59 51 14 34
28 60 6 87 52
28 61 26 74 26
28 62 56 6 54
28 63 30 53 55
28 64 38 38 16
28 65 68 39 70
28 66 54 29 45
28 67 48 47 81
28 68 63 31 49
28 69 50 39 77
28 70 30 9 46
28 71 72 10 80
28 72 31 39 17
28 73 36 65 61
28 74 99 10 16
28 75 78 23 66
28 76 13 69 93
28 77 45 57 83
28 78 89 55 29
28 79 96 17 2
28 80 82 91 76
28 81 61 73 66
28 82 96 76 29
28 83 59 41 51
28 84 90 17 82
28 85 0 70 39
28 86 28 23 53
28 87 28 34 51
28 88 78 34 51
28 89 64 87 85
28 90 91 67 8
28 91 28 92 44
28 92 24 80 44
28 93 64 51 4
28 94 7 19 40
28 95 85 29 9
28 96 20 28 61
28 97 35 84 25
28 98 91 23 28
28 99 66 72 57
29 30 51 51 43
29 31 33 44 90
29 32 98 23 71
29 33 66 23 42
29 34 14 25 91
29 35 0 54 55
29 36 20 16 67
29 37 95 24 58
29 38 32 42 79
29 39 80 69 86
29 40 62 39 42
29 41 4 34 18
29 42 44 11 28
29 43 18 56 67
29 44 36 32 86
29 45 4 66 87
29 46 14 64 71
29 47 38 81 31
29 48 46 18 73
29 49 19 85 45
29 50 4 48 45
29 51 92 19 47
29 52 32 60 21
29 53 60 52 83
29 54 52 50 52
29 55 54 75 18
29 56 73 32 82
29 57 53 62 5
29 58 33 37 51
29 59 0 12 73
29 60 71 40 85
29 61 21 41 77
29 62 95 6 62
29 63 64 57 90
29 64 17 70 90
29 65 38 7 24
29 66 38 42 86
29 67 2 57 30
29 68 61 51 72
29 69 43 65 48
29 70 27 66 38
29 71 14 17 36
29 72 39 31 49
29 73 21 88 93
29 74 31 57 68
29 75 65 69 29
29 76 52 39 91
29 77 52 6 54
29 78 34 78 37
29 79 62 90 61
29 80 82 38 51
29 81 54 89 76
29 82 32 13 33
29 83 77 29 28
29 84 49 44 89
29 85 43 11 44
29 86 15 14 59
29 87 95 78 5
29 88 34 71 18
29 89 83 82 79
29 90 20 89 16
29 91 68 71 54
29 92 65 62 50
29 93 44 91 65
29 94 80 24 14
29 95 22 84 66
29 96 42 49 25
29 97 83 31 67
29 98 47 58 74
29 99 21 52 34
30 31 33 93 43
30 32 65 36 44
30 33 57 34 50
30 34 89 3 10
30 35 42 14 72
30 36 33 19 8
30 37 10 13 77
30 38 8 80 52
30 39 67 85 72
30 40 86 89 40
30 41 76 9 85
30 42 32 81 40
30 43 62 90 56
30 44 44 12 93
30 45 89 5 77
30 46 42 24 69
30 47 71 17 80
30 48 51 21 91
30 49 89 48 31
30 50 23 94 39
30 51 87 90 13
30 52 66 62 21
30 53 74 81 23
30 54 48 69 55
30 55 35 9 13
30 56 25 47 85
30 57 38 83 88
30 58 44 51 63
30 59 62 37 90
30 60 79 8 91
30 61 99 44 0
30 62 84 75 30
30 63 36 32 82
30 64 24 85 39
30 65 0 18 67
30 66 73 41 59
30 67 13 16 30
30 68 81 78 5
30 69 6 65 13
30 70 94 25 0
30 71 73 87 5
30 72 15 8 13
30 73 25 30 26
30 74 0 79 71
30 75 48 41 38
30 76 9 98 38
30 77 98 46 9
30 78 96 48 31
30 79 95 78 59
30 80 30 42 44
30 81 57 6 45
30 82 20 18 35
30 83 12 24 51
30 84 44 47 46
30 85 38 37 92
30 86 59 32 62
30 87 52 78 56
30 88 71 47 8
30 89 38 49 85
30 90 8 14 9
30 91 96 23 74
30 92 39 55 20
30 93 38 48 84
30 94 21 33 63
30 95 29 89 80
30 96 60 53 22
30 97 9 59 86
30 98 77 20 14
30 99 25 52 39
31 32 75 48 13
31 33 26 67 88
31 34 96 55 36
31 35 80 76 79
31 36 39 82 76
31 37 42 14 25
31 38 9 49 37
31 39 83 9 68
31 40 64 57 38
31 41 40 33 23
31 42 11 67 73
31 43 86 77 16
31 44 24 14 11
31 45 22 39 68
31 46 77 24 72
31 47 71 36 67
31 48 85 87 48
31 49 35 39 20
31 50 94 66 73
31 51 36 16 47
31 52 13 88 72
31 53 34 87 30
31 54 24 22 25
31 55 71 74 23
31 56 29 89 84
31 57 43 84 15
31 58 82 37 91
31 59 63 32 72
31 60 81 2 9
31 61 56 34 57
31 62 87 40 56
31 63 84 61 62
31 64 11 22 53
31 65 69 90 65
31 66 48 52 34
31 67 88 21 55
31 68 74 77 82
31 69 87 86 59
31 70 25 84 82
31 71 71 76 16
31 72 2 80 81
31 73 92 74 53
31 74 83 58 50
31 75 3 90 81
31 76 10 12 60
31 77 59 12 57
31 78 51 64 65
31 79 93 59 23
31 80 48 82 90
31 81 80 34 79
31 82 85 87 22
31 83 6 51 81
31 84 24 13 74
31 85 21 74 56
31 86 96 23 11
31 87 37 26 56
31 88 25 14 39
31 89 36 81 46
31 90 27 29 40
31 91 98 10 4
31 92 84 5 40
31 93 68 20 63
31 94 72 85 77
31 95 12 94 69
31 96 1 55 44
31 97 27 79 96
31 98 49 69 59
31 99 55 8 64
32 33 24 16 73
32 34 46 32 95
32 35 74 50 6
32 36 28 32 48
32 37 42 93 86
32 38 16 93 26
32 39 22 75 69
32 40 97 71 6
32 41 58 37 9
32 42 16 94 16
32 43 98 36 5
32 44 99 58 37
32 45 89 24 52
32 46 85 17 79
32 47 51 87 19
32 48 71 20 24
32 49 43 26 25
32 50 41 81 27
32 51 84 18 46
32 52 78 30 75
32 53 11 83 21
32 54 33 23 37
32 55 15 11 53
32 56 50 21 13
32 57 13 72 69
32 58 43 26 95
32 59 15 95 93
32 60 63 23 52
32 61 87 25 51
32 62 45 40 28
32 63 3 77 9
32 64 86 21 77
32 65 53 21 65
32 66 50 72 66
32 67 57 13 15
32 68 91 48 20
32 69 54 14 77
32 70 78 23 33
32 71 22 91 67
32 72 20 33 72
32 73 79 30 33
32 74 12 88 82
32 75 34 87 86
32 76 43 19 61
32 77 99 40 43
32 78 41 68 84
32 79 81 47 57
32 80 30 19 74
32 81 36 61 76
32 82 0 34 29
32 83 70 13 72
32 84 78 73 49
32 85 33 82 42
32 86 91 68 78
32 87 2 61 63
32 88 70 84 91
32 89 37 80 21
32 90 20 92 57
32 91 92 41 24
32 92 29 46 43
32 93 84 37 42
32 94 39 35 12
32 95 30 19 19
32 96 38 79 94
32 97 74 43 83
32 98 57 64 91
32 99 51 84 25
33 34 84 35 60
33 35 9 93 33
33 36 59 20 28
33 37 59 20 12
33 38 44 7 93
33 39 89 23 46
33 40 4 59 85
33 41 42 59 42
33 42 64 31 55
33 43 84 40 71
33 44 94 81 13
33 45 76 47 26
33 46 2 11 28
33 47 66 91 87
33 48 15 88 19
33 49 92 73 85
33 50 16 16 93
33 51 53 81 49
33 52 15 68 21
33 53 91 58 74
33 54 14 47 27
33 55 89 2 6
33 56 83 6 76
33 57 78 65 14
33 58 41 64 16
33 59 1 80 78
33 60 20 78 37
33 61 13 62 19
33 62 7 34 79
33 63 10 20 44
33 64 48 88 20
33 65 62 34 52
33 66 84 23 79
33 67 86 90 74
33 68 73 23 51
33 69 11 16 89
33 70 4 22 48
33 71 36 9 19
33 72 1 50 96
33 73 82 67 26
33 74 8 79 86
33 75 64 48 20
33 76 79 90 28
33 77 10 11 29
33 78 65 45 22
33 79 97 1 28
33 80 41 9 43
33 81 64 89 43
33 82 52 21 7
33 83 4 17 25
33 84 35 83 68
33 85 28 95 89
33 86 34 67 21
33 87 51 36 24
33 88 40 95 70
33 89 94 43 48
33 90 68 16 72
33 91 8 96 11
33 92 77 18 17
33 93 30 77 49
33 94 12 53 51
33 95 44 45 13
33 96 17 10 78
33 97 48 61 49
33 98 19 71 38
33 99 7 97 87
34 35 3 21 94
34 36 78 4 91
34 37 78 54 90
34 38 72 6 19
34 39 92 83 45
34 40 15 47 55
34 41 87 83 37
34 42 70 17 61
34 43 65 30 55
34 44 34 68 28
34 45 1 85 30
34 46 68 90 53
34 47 99 57 58
34 48 47 82 42
34 49 1 27 27
34 50 77 41 46
34 51 64 58 49
34 52 75 48 10
34 53 15 76 76
34 54 80 46 49
34 55 18 91 95
34 56 45 81 17
34 57 72 6 72
34 58 94 20 63
34 59 37 55 26
34 60 58 28 39
34 61 51 16 76
34 62 68 40 29
34 63 90 75 48
34 64 21 18 19
34 65 15 14 51
34 66 42 18 31
34 67 93 56 11
34 68 83 20 12
34 69 0 93 87
34 70 92 23 16
34 71 22 88 56
34 72 84 87 28
34 73 35 87 59
34 74 55 74 68
34 75 30 66 15
34 76 6 85 89
34 77 34 79 11
34 78 69 30 73
34 79 79 49 71
34 80 25 96 39
34 81 39 31 64
34 82 24 35 36
34 83 17 60 34
34 84 3 73 59
34 85 97 42 81
34 86 61 91 52
34 87 22 43 85
34 88 49 26 87
34 89 87 41 84
34 90 52 34 28
34 91 43 81 8
34 92 49 60 82
34 93 31 20 37
34 94 42 60 91
34 95 4 97 92
34 96 80 87 73
34 97 38 73 55
34 98 44 41 51
34 99 92 76 23
35 36 99 68 89
35 37 41 14 32
35 38 64 52 62
35 39 67 88 48
35 40 98 71 32
35 41 60 61 83
35 42 77 10 69
35 43 79 12 50
35 44 17 42 17
35 45 56 82 54
35 46 74 14 77
35 47 1 90 64
35 48 54 27 65
35 49 99 43 11
35 50 11 9 45
35 51 78 42 65
35 52 21 14 26
35 53 51 26 61
35 54 73 61 38
35 55 65 64 92
35 56 9 13 62
35 57 8 49 71
35 58 51 20 34
35 59 24 66 44
35 60 55 47 16
35 61 24 96 42
35 62 94 47 80
35 63 21 82 58
35 64 4 30 64
35 65 88 50 14
35 66 28 42 79
35 67 94 39 52
35 68 34 89 83
35 69 61 19 90
35 70 79 12 46
35 71 98 2 63
35 72 65 54 16
35 73 75 59 80
35 74 42 77 78
35 75 31 61 44
35 76 15 74 48
35 77 48 36 50
35 78 71 30 91
35 79 8 89 76
35 80 50 17 51
35 81 33 93 68
35 82 7 61 82
35 83 25 27 31
35 84 55 74 43
35 85 51 16 33
35 86 23 46 11
35 87 18 67 91
35 88 70 22 15
35 89 20 18 22
35 90 22 95 64
35 91 10 41 81
35 92 65 66 46
35 93 31 67 55
35 94 21 40 44
35 95 0 41 89
35 96 97 41 80
35 97 34 47 91
35 98 68 91 51
35 99 1 52 53
36 37 14 69 69
36 38 54 33 40
36 39 11 62 87
36 40 97 79 53
36 41 64 27 10
36 42 53 38 49
36 43 27 78 44
36 44 95 18 44
36 45 80 84 75
36 46 56 57 47
36 47 34 15 24
36 48 63 37 6
36 49 24 83 16
36 50 85 2 50
36 51 99 68 33
36 52 14 63 86
36 53 26 20 73
36 54 32 88 77
36 55 75 15 18
36 56 50 68 16
36 57 51 5 63
36 58 24 20 75
36 59 43 42 15
36 60 65 26 46
36 61 4 92 23
36 62 48 6 16
36 63 71 58 68
36 64 54 79 68
36 65 16 60 15
36 66 94 59 23
36 67 35 18 41
36 68 40 29 77
36 69 22 53 16
36 70 48 84 61
36 71 17 10 23
36 72 78 77 78
36 73 15 60 83
36 74 36 67 21
36 75 94 80 21
36 76 57 73 22
36 77 79 87 85
36 78 54 44 77
36 79 80 42 36
36 80 75 71 40
36 81 19 63 52
36 82 75 68 8
36 83 4 72 92
36 84 23 68 21
36 85 98 42 50
36 86 30 71 9
36 87 58 48 4
36 88 2 78 94
36 89 39 94 72
36 90 80 3 64
36 91 65 72 58
36 92 65 45 86
36 93 2 15 76
36 94 86 43 21
36 95 93 41 71
36 96 55 22 88
36 97 98 44 85
36 98 25 11 40
36 99 77 90 64
37 38 44 70 9
37 39 98 76 61
37 40 27 55 58
37 41 94 31 62
37 42 20 78 28
37 43 83 5 22
37 44 28 55 18
37 45 97 36 80
37 46 55 31 12
37 47 54 19 73
37 48 5 88 46
37 49 30 54 40
37 50 60 26 58
37 51 23 94 67
37 52 70 35 20
37 53 10 46 77
37 54 69 74 27
37 55 76 6 3
37 56 16 74 57
37 57 68 14 62
37 58 8 67 73
37 59 89 41 35
37 60 62 45 58
37 61 52 93 13
37 62 93 35 57
37 63 33 44 20
37 64 47 49 74
37 65 46 94 83
37 66 22 30 34
37 67 69 64 60
37 68 17 13 53
37 69 15 57 16
37 70 79 91 22
37 71 51 59 11
37 72 95 47 46
37 73 43 11 14
37 74 13 35 71
37 75 41 45 72
37 76 94 56 51
37 77 80 27 90
37 78 26 21 71
37 79 72 72 22
37 80 35 76 18
37 81 94 5 77
37 82 37 52 8
37 83 16 34 74
37 84 37 71 58
37 85 85 87 63
37 86 46 54 26
37 87 83 78 47
37 88 41 52 83
37 89 99 52 53
37 90 62 50 10
37 91 20 82 67
37 92 3 50 28
37 93 62 25 17
37 94 54 13 40
37 95 52 86 94
37 96 99 10 28
37 97 62 36 33
37 98 60 89 69
37 99 48 31 20
38 39 11 72 47
38 40 62 81 43
38 41 71 66 68
38 42 77 15 29
38 43 3 22 70
38 44 16 23 33
38 45 33 96 24
38 46 13 51 89
38 47 15 43 50
38 48 68 40 65
38 49 57 51 33
38 50 39 16 52
38 51 20 86 45
38 52 34 75 60
38 53 33 17 57
38 54 82 67 19
38 55 85 45 7
38 56 37 65 34
38 57 35 86 26
38 58 93 85 83
38 59 6 71 69
38 60 50 76 79
38 61 19 41 85
38 62 11 55 87
38 63 41 55 90
38 64 64 34 22
38 65 14 70 72
38 66 72 43 47
38 67 75 9 79
38 68 56 63 73
38 69 5 68 45
38 70 19 38 38
38 71 90 5 54
38 72 33 62 65
38 73 24 15 45
38 74 53 37 60
38 75 81 35 44
38 76 46 87 88
38 77 14 75 9
38 78 68 92 84
38 79 29 95 62
38 80 14 93 75
38 81 13 36 70
38 82 43 82 80
38 83 53 34 28
38 84 32 90 22
38 85 65 84 16
38 86 4 38 62
38 87 85 65 67
38 88 78 62 89
38 89 99 29 47
38 90 81 12 90
38 91 41 76 94
38 92 29 19 42
38 93 92 58 11
38 94 75 27 20
38 95 37 23 32
38 96 67 44 57
38 97 6 30 50
38 98 50 65 23
38 99 55 45 27
39 40 85 18 77
39 41 22 87 69
39 42 20 11 9
39 43 12 90 98
39 44 89 87 64
39 45 49 24 78
39 46 6 64 86
39 47 91 28 79
39 48 75 59 38
39 49 22 28 74
39 50 53 78 57
39 51 5 98 78
39 52 60 92 32
39 53 70 36 27
39 54 0 39 77
39 55 53 35 25
39 56 77 26 43
39 57 63 47 53
39 58 56 14 46
39 59 14 89 67
39 60 24 59 21
39 61 65 40 58
39 62 71 10 40
39 63 91 17 64
39 64 73 19 45
39 65 68 60 44
39 66 60 26 33
39 67 18 32 69
39 68 67 44 36
39 69 24 49 36
39 70 47 11 55
39 71 89 10 32
39 72 85 44 22
39 73 36 93 11
39 74 30 95 52
39 75 22 72 75
39 76 79 41 7
39 77 24 22 19
39 78 96 68 34
39 79 4 88 63
39 80 65 80 17
39 81 72 62 53
39 82 84 86 19
39 83 75 54 58
39 84 87 52 63
39 85 36 85 70
39 86 96 78 63
39 87 41 62 25
39 88 37 27 25
39 89 12 18 33
39 90 2 92 78
39 91 22 96 23
39 92 39 31 79
39 93 83 48 59
39 94 60 8 81
39 95 45 17 73
39 96 18 82 34
39 97 19 95 42
39 98 59 39 79
39 99 84 36 4
40 41 50 68 77
40 42 12 92 49
40 43 38 35 47
40 44 77 32 65
40 45 56 92 34
40 46 62 57 26
40 47 13 9 86
40 48 59 75 73
40 49 67 21 8
40 50 66 42 72
40 51 51 11 35
40 52 18 95 94
40 53 42 63 47
40 54 1 21 75
40 55 27 39 38
40 56 17 48 29
40 57 63 51 36
40 58 39 34 48
40 59 29 78 59
40 60 64 41 56
40 61 61 68 72
40 62 74 45 64
40 63 56 58 92
40 64 46 79 67
40 65 69 53 78
40 66 29 40 38
40 67 43 8 6
40 68 46 53 71
40 69 46 7 82
40 70 93 11 88
40 71 12 57 29
40 72 76 68 47
40 73 75 50 62
40 74 6 11 23
40 75 42 16 62
40 76 47 67 10
40 77 33 44 23
40 78 70 40 39
40 79 17 82 81
40 80 97 9 24
40 81 46 47 83
40 82 31 48 94
40 83 95 59 25
40 84 92 18 89
40 85 80 6 23
40 86 51 11 33
40 87 30 20 51
40 88 45 82 32
40 89 64 67 75
40 90 86 64 2
40 91 38 40 17
40 92 77 54 51
40 93 52 88 63
40 94 86 91 37
40 95 38 20 43
40 96 26 50 59
40 97 1 34 39
40 98 20 58 23
40 99 21 79 47
41 42 89 9 22
41 43 1 21 59
41 44 90 81 17
41 45 95 14 35
41 46 1 66 99
41 47 91 85 65
41 48 0 71 41
41 49 89 19 69
41 50 69 69 70
41 51 9 74 16
41 52 68 68 89
41 53 43 62 67
41 54 69 83 54
41 55 9 10 81
41 56 48 43 11
41 57 65 35 11
41 58 14 81 87
41 59 53 21 33
41 60 99 14 70
41 61 82 23 72
41 62 13 10 42
41 63 82 60 49
41 64 13 92 92
41 65 60 8 45
41 66 25 27 7
41 67 12 93 29
41 68 45 13 54
41 69 7 55 70
41 70 7 81 43
41 71 47 26 16
41 72 60 92 23
41 73 96 31 87
41 74 86 13 14
41 75 81 88 40
41 76 28 80 89
41 77 88 62 79
41 78 12 36 45
41 79 94 23 85
41 80 43 42 87
41 81 88 72 82
41 82 71 15 3
41 83 56 65 78
41 84 11 84 47
41 85 86 37 77
41 86 8 90 11
41 87 63 7 5
41 88 73 44 59
41 89 5 77 97
41 90 15 53 54
41 91 14 73 51
41 92 14 16 22
41 93 76 85 10
41 94 80 13 7
41 95 0 95 70
41 96 84 85 68
41 97 88 54 31
41 98 22 86 32
41 99 44 52 72
42 43 85 5 89
42 44 80 86 51
42 45 21 18 71
42 46 25 34 39
42 47 73 82 16
42 48 21 75 62
42 49 0 69 23
42 50 27 38 33
42 51 39 94 30
42 52 38 69 89
42 53 70 25 48
42 54 20 10 9
42 55 17 56 81
42 56 78 63 88
42 57 78 33 18
42 58 75 49 5
42 59 89 25 30
42 60 46 48 64
42 61 98 43 41
42 62 66 9 90
42 63 78 28 20
42 64 5 87 54
42 65 65 87 66
42 66 21 52 97
42 67 33 78 38
42 68 67 41 51
42 69 7 14 72
42 70 47 39 79
42 71 24 82 9
42 72 6 30 28
42 73 53 12 84
42 74 11 90 68
42 75 87 17 83
42 76 2 71 74
42 77 1 41 26
42 78 25 8 89
42 79 54 60 29
42 80 1 44 88
42 81 55 46 69
42 82 89 15 67
42 83 11 98 10
42 84 62 17 69
42 85 51 14 72
42 86 21 8 26
42 87 72 35 56
42 88 72 29 90
42 89 87 35 88
42 90 18 79 56
42 91 4 64 61
42 92 72 89 25
42 93 50 72 39
42 94 67 90 6
42 95 89 66 9
42 96 38 64 60
42 97 38 78 89
42 98 75 87 45
42 99 37 29 8
43 44 72 68 76
43 45 37 25 20
43 46 39 6 59
43 47 18 44 22
43 48 4 54 64
43 49 4 36 63
43 50 34 18 92
43 51 37 72 6
43 52 13 62 52
43 53 38 46 55
43 54 78 18 21
43 55 84 6 63
43 56 7 26 37
43 57 53 74 55
43 58 55 70 38
43 59 50 75 16
43 60 64 65 39
43 61 93 44 62
43 62 40 93 18
43 63 33 92 76
43 64 3 24 45
43 65 92 29 17
43 66 9 56 72
43 67 24 28 42
43 68 91 40 77
43 69 84 58 50
43 70 79 71 33
43 71 75 61 8
43 72 95 45 15
43 73 41 53 27
43 74 29 61 18
43 75 90 3 45
43 76 3 90 73
43 77 8 17 33
43 78 69 18 64
43 79 33 78 54
43 80 13 95 58
43 81 66 64 30
43 82 36 35 60
43 83 78 22 75
43 84 99 0 0
43 85 35 55 69
43 86 15 57 34
43 87 18 82 68
43 88 6 98 57
43 89 19 40 89
43 90 92 41 28
43 91 8 71 64
43 92 77 61 65
43 93 73 40 74
43 94 49 72 89
43 95 56 45 31
43 96 88 52 77
43 97 52 92 60
43 98 16 28 29
43 99 96 19 72
44 45 15 50 57
44 46 92 11 42
44 47 16 91 92
44 48 54 7 82
44 49 16 72 47
44 50 95 30 9
44 51 94 27 61
44 52 49 75 8
44 53 64 11 80
44 54 68 23 24
44 55 27 43 29
44 56 32 43 59
44 57 98 83 72
44 58 19 29 47
44 59 45 74 91
44 60 25 96 27
44 61 50 65 84
44 62 84 27 77
44 63 59 35 30
44 64 91 32 64
44 65 42 88 58
44 66 75 41 47
44 67 69 51 89
44 68 84 89 87
44 69 65 90 62
44 70 33 94 66
44 71 36 62 50
44 72 41 60 81
44 73 22 11 40
44 74 84 39 64
44 75 7 42 34
44 76 55 63 93
44 77 64 49 52
44 78 3 56 16
44 79 72 43 12
44 80 37 92 64
44 81 31 17 79
44 82 18 10 82
44 83 93 22 44
44 84 59 34 37
44 85 18 85 97
44 86 50 71 57
44 87 77 11 33
44 88 39 71 61
44 89 9 71 64
44 90 41 61 88
44 91 47 58 59
44 92 18 91 47
44 93 2 94 10
44 94 19 84 78
44 95 92 83 30
44 96 8 29 74
44 97 38 68 6
44 98 58 80 68
44 99 83 85 35
45 46 84 67 70
45 47 1 42 20
45 48 61 26 60
45 49 94 43 39
45 50 4 94 38
45 51 31 15 38
45 52 5 63 28
45 53 74 45 64
45 54 80 32 82
45 55 58 64 23
45 56 47 27 30
45 57 84 45 85
45 58 31 91 61
45 59 45 83 63
45 60 11 95 26
45 61 72 85 77
45 62 42 35 9
45 63 76 20 29
45 64 45 46 78
45 65 29 11 38
45 66 18 80 79
45 67 19 25 11
45 68 26 73 35
45 69 38 57 58
45 70 53 61 15
45 71 88 20 89
45 72 86 50 50
45 73 67 90 79
45 74 84 54 53
45 75 54 26 79
45 76 67 43 9
45 77 86 81 73
45 78 73 22 81
45 79 65 66 83
45 80 11 38 19
45 81 48 29 73
45 82 12 86 26
45 83 58 30 72
45 84 2 18 13
45 85 55 30 87
45 86 20 65 36
45 87 3 46 55
45 88 69 79 85
45 89 30 11 34
45 90 41 72 35
45 91 39 77 17
45 92 43 13 75
45 93 17 79 42
45 94 59 11 70
45 95 67 70 62
45 96 88 48 55
45 97 39 95 76
45 98 72 21 54
45 99 14 13 50
46 47 13 48 27
46 48 60 56 38
46 49 47 39 34
46 50 44 55 92
46 51 66 32 16
46 52 50 31 45
46 53 47 31 73
46 54 0 47 69
46 55 39 37 59
46 56 65 53 70
46 57 5 24 23
46 58 35 54 65
46 59 18 90 15
46 60 35 48 86
46 61 37 70 27
46 62 61 22 44
46 63 8 78 45
46 64 21 57 13
46 65 42 45 47
46 66 96 76 39
46 67 46 49 46
46 68 54 68 38
46 69 52 47 93
46 70 24 55 26
46 71 94 47 47
46 72 13 24 55
46 73 77 27 39
46 74 50 18 71
46 75 94 13 22
46 76 68 12 21
46 77 35 34 17
46 78 40 85 34
46 79 80 17 75
46 80 82 91 76
46 81 48 55 70
46 82 62 17 20
46 83 27 37 44
46 84 7 86 48
46 85 6 97 14
46 86 60 77 51
46 87 30 75 64
46 88 97 38 24
46 89 77 36 21
46 90 40 79 49
46 91 74 78 87
46 92 58 68 8
46 93 49 6 7
46 94 25 52 81
46 95 47 75 62
46 96 14 32 43
46 97 48 68 60
46 98 30 76 95
46 99 43 28 39
47 48 45 60 47
47 49 86 35 75
47 50 52 83 33
47 51 99 5 16
47 52 11 71 33
47 53 37 82 28
47 54 93 53 81
47 55 24 20 31
47 56 36 49 7
47 57 40 71 74
47 58 9 43 56
47 59 68 41 14
47 60 65 44 26
47 61 87 69 71
47 62 98 20 48
47 63 54 40 17
47 64 71 42 74
47 65 16 32 54
47 66 22 68 88
47 67 82 85 82
47 68 40 17 67
47 69 82 82 23
47 70 51 76 18
47 71 19 38 48
47 72 34 48 60
47 73 85 29 85
47 74 17 61 49
47 75 54 76 84
47 76 9 77 32
47 77 20 40 27
47 78 38 31 25
47 79 64 52 48
47 80 93 51 40
47 81 20 91 52
47 82 63 9 75
47 83 35 73 11
47 84 4 89 75
47 85 33 86 43
47 86 77 30 68
47 87 49 42 9
47 88 17 89 46
47 89 40 28 53
47 90 40 47 70
47 91 53 23 91
47 92 74 35 3
47 93 75 43 3
47 94 99 0 38
47 95 13 29 49
47 96 59 47 39
47 97 47 82 73
47 98 64 21 89
47 99 57 25 75
48 49 51 19 71
48 50 81 77 34
48 51 77 32 74
48 52 54 13 34
48 53 30 57 14
48 54 2 31 47
48 55 10 16 28
48 56 30 42 9
48 57 47 10 75
48 58 49 11 21
48 59 17 77 76
48 60 39 6 11
48 61 14 96 89
48 62 52 66 38
48 63 32 52 52
48 64 57 65 50
48 65 99 73 85
48 66 14 43 15
48 67 10 15 65
48 68 65 24 34
48 69 78 69 21
48 70 51 37 13
48 71 30 70 71
48 72 31 68 42
48 73 21 30 21
48 74 75 34 81
48 75 58 43 9
48 76 68 59 70
48 77 6 71 63
48 78 80 34 61
48 79 49 93 28
48 80 65 39 49
48 81 97 50 72
48 82 97 35 11
48 83 72 48 13
48 84 21 77 56
48 85 87 24 89
48 86 95 77 64
48 87 74 5 37
48 88 54 49 46
48 89 75 63 20
48 90 12 30 74
48 91 59 69 66
48 92 42 11 59
48 93 27 37 18
48 94 55 23 25
48 95 64 50 52
48 96 62 51 85
48 97 53 33 13
48 98 74 84 72
48 99 1 35 59
49 50 17 92 74
49 51 40 86 68
49 52 86 22 55
49 53 34 10 31
49 54 71 86 51
49 55 40 7 91
49 56 6 17 88
49 57 27 45 17
49 58 55 11 10
49 59 4 39 48
49 60 77 74 57
49 61 67 12 87
49 62 68 87 77
49 63 64 3 86
49 64 77 12 66
49 65 63 9 77
49 66 0 69 38
49 67 54 31 91
49 68 26 80 75
49 69 28 38 26
49 70 13 95 23
49 71 36 66 73
49 72 97 55 7
49 73 60 43 56
49 74 4 46 35
49 75 70 56 37
49 76 78 60 45
49 77 96 19 31
49 78 7 30 28
49 79 36 33 92
49 80 57 57 40
49 81 61 55 27
49 82 39 78 37
49 83 64 65 5
49 84 68 38 20
49 85 79 70 49
49 86 44 75 26
49 87 75 46 44
49 88 49 79 5
49 89 96 17 88
49 90 57 60 59
49 91 86 82 81
49 92 85 21 25
49 93 10 86 50
49 94 77 64 15
49 95 37 30 18
49 96 42 16 67
49 97 99 1 86
49 98 75 13 50
49 99 22 63 77
50 51 33 44 44
50 52 87 70 50
50 53 28 82 71
50 54 5 10 16
50 55 90 23 41
50 56 58 73 12
50 57 8 29 94
50 58 70 3 68
50 59 9 64 27
50 60 65 77 86
50 61 48 78 59
50 62 73 51 29
50 63 91 20 19
50 64 45 82 32
50 65 18 10 39
50 66 53 43 81
50 67 98 34 15
50 68 44 40 77
50 69 64 5 88
50 70 54 47 54
50 71 46 21 88
50 72 95 85 40
50 73 60 83 80
50 74 42 52 14
50 75 65 37 25
50 76 14 45 35
50 77 30 14 55
50 78 67 47 48
50 79 12 50 54
50 80 77 61 3
50 81 12 41 50
50 82 79 37 14
50 83 62 66 59
50 84 45 57 18
50 85 15 93 76
50 86 92 82 83
50 87 79 33 79
50 88 38 61 12
50 89 96 51 14
50 90 37 88 38
50 91 54 9 8
50 92 38 9 24
50 93 75 4 50
50 94 66 90 45
50 95 79 60 56
50 96 98 46 7
50 97 30 29 88
50 98 40 59 16
50 99 78 12 53
51 52 85 20 32
51 53 64 56 24
51 54 39 88 17
51 55 66 43 88
51 56 92 66 85
51 57 24 9 24
51 58 9 53 84
51 59 32 64 40
51 60 81 54 60
51 61 92 45 67
51 62 90 43 48
51 63 94 2 16
51 64 56 72 19
51 65 19 8 35
51 66 23 39 10
51 67 58 37 32
51 68 74 62 8
51 69 38 72 22
51 70 11 82 32
51 71 30 35 65
51 72 77 73 4
51 73 51 62 60
51 74 65 15 62
51 75 59 51 17
51 76 69 74 10
51 77 6 24 12
51 78 95 66 57
51 79 41 9 13
51 80 14 38 38
51 81 65 80 23
51 82 39 16 17
51 83 59 31 27
51 84 33 82 85
51 85 95 8 87
51 86 64 61 88
51 87 62 32 64
51 88 91 80 77
51 89 51 15 25
51 90 23 86 55
51 91 50 37 83
51 92 20 87 95
51 93 65 74 68
51 94 94 53 72
51 95 88 6 39
51 96 41 32 14
51 97 46 19 6
51 98 44 92 30
51 99 87 20 6
52 53 1 18 49
52 54 41 34 18
52 55 51 22 11
52 56 40 27 45
52 57 49 52 83
52 58 49 23 84
52 59 46 58 62
52 60 29 35 8
52 61 9 23 58
52 62 53 28 58
52 63 57 16 5
52 64 46 62 41
52 65 4 66 90
52 66 54 27 57
52 67 46 65 81
52 68 43 14 17
52 69 99 32 50
52 70 26 41 40
52 71 43 15 14
52 72 59 62 55
52 73 48 56 81
52 74 84 62 39
52 75 9 82 37
52 76 74 22 55
52 77 81 80 52
52 78 54 65 62
52 79 51 12 42
52 80 51 31 43
52 81 57 13 33
52 82 15 9 11
52 83 15 69 47
52 84 46 34 36
52 85 62 77 48
52 86 79 69 8
52 87 64 85 4
52 88 16 94 39
52 89 85 84 37
52 90 98 74 67
52 91 95 83 27
52 92 84 63 73
52 93 23 69 33
52 94 35 52 68
52 95 32 81 36
52 96 87 45 67
52 97 51 30 46
52 98 83 26 72
52 99 5 79 31
53 54 98 11 48
53 55 10 44 76
53 56 54 19 57
53 57 13 83 73
53 58 73 76 74
53 59 21 50 22
53 60 57 69 14
53 61 52 44 58
53 62 61 10 10
53 63 1 96 97
53 64 35 35 23
53 65 95 6 90
53 66 52 15 90
53 67 53 63 60
53 68 50 73 25
53 69 36 93 49
53 70 89 66 75
53 71 7 15 64
53 72 86 10 66
53 73 70 4 11
53 74 20 49 14
53 75 60 58 65
53 76 26 51 21
53 77 66 8 15
53 78 11 62 55
53 79 63 57 77
53 80 1 48 31
53 81 0 82 66
53 82 99 13 54
53 83 38 50 41
53 84 75 19 33
53 85 65 6 56
53 86 55 5 92
53 87 50 20 7
53 88 90 26 40
53 89 64 12 36
53 90 1 25 38
53 91 95 88 39
53 92 14 52 47
53 93 97 7 11
53 94 77 85 40
53 95 98 38 67
53 96 40 9 31
53 97 29 19 91
53 98 85 60 70
53 99 43 57 28
54 55 90 47 56
54 56 19 49 77
54 57 58 64 14
54 58 76 12 50
54 59 65 69 38
54 60 0 58 85
54 61 56 81 11
54 62 95 72 39
54 63 13 92 48
54 64 64 90 15
54 65 99 41 42
54 66 29 72 23
54 67 12 22 77
54 68 53 34 11
54 69 46 70 83
54 70 58 92 31
54 71 69 69 4
54 72 53 69 30
54 73 5 38 97
54 74 88 80 26
54 75 59 80 49
54 76 42 95 57
54 77 38 21 12
54 78 62 7 65
54 79 33 73 90
54 80 43 58 15
54 81 59 70 86
54 82 48 71 54
54 83 61 57 16
54 84 5 59 97
54 85 49 52 5
54 86 92 70 73
54 87 34 69 7
54 88 23 22 87
54 89 78 18 73
54 90 35 29 51
54 91 43 64 92
54 92 30 35 75
54 93 97 54 45
54 94 16 39 38
54 95 9 83 81
54 96 23 82 28
54 97 66 71 18
54 98 44 54 56
54 99 59 64 42
55 56 34 85 88
55 57 8 74 75
55 58 6 29 85
55 59 9 92 71
55 60 51 79 11
55 61 80 18 91
55 62 78 89 53
55 63 75 87 63
55 64 35 37 96
55 65 1 72 82
55 66 76 76 91
55 67 50 57 66
55 68 16 91 32
55 69 97 40 41
55 70 45 65 55
55 71 33 46 81
55 72 72 49 6
55 73 3 48 56
55 74 50 93 71
55 75 43 66 42
55 76 43 68 85
55 77 51 75 12
55 78 22 67 86
55 79 23 23 76
55 80 67 7 38
55 81 39 26 77
55 82 72 21 4
55 83 36 54 63
55 84 91 74 26
55 85 39 17 89
55 86 27 19 37
55 87 95 62 60
55 88 98 68 60
55 89 47 94 89
55 90 26 53 20
55 91 46 58 65
55 92 3 52 85
55 93 37 39 61
55 94 58 29 63
55 95 79 58 52
55 96 11 27 10
55 97 30 64 15
55 98 60 35 36
55 99 98 45 9
56 57 22 29 93
56 58 84 24 57
56 59 60 35 32
56 60 27 95 97
56 61 77 23 11
56 62 80 84 33
56 63 61 54 17
56 64 3 47 51
56 65 41 63 35
56 66 63 10 24
56 67 84 15 66
56 68 49 73 6
56 69 82 1 50
56 70 69 50 25
56 71 12 82 9
56 72 97 0 74
56 73 52 48 50
56 74 47 58 52
56 75 15 97 18
56 76 5 88 85
56 77 26 8 81
56 78 95 13 77
56 79 35 68 82
56 80 39 33 88
56 81 44 80 10
56 82 42 17 23
56 83 44 12 34
56 84 48 39 36
56 85 95 10 4
56 86 44 16 36
56 87 59 46 16
56 88 95 36 7
56 89 79 33 71
56 90 65 89 62
56 91 21 91 44
56 92 77 88 34
56 93 23 27 70
56 94 27 55 10
56 95 92 42 86
56 96 61 50 83
56 97 35 23 19
56 98 80 53 23
56 99 41 81 61
57 58 6 75 87
57 59 40 50 63
57 60 91 39 73
57 61 90 61 23
57 62 5 76 56
57 63 2 99 27
57 64 22 14 12
57 65 57 6 23
57 66 22 82 72
57 67 26 19 88
57 68 24 46 13
57 69 17 75 32
57 70 8 64 49
57 71 13 44 49
57 72 78 73 78
57 73 2 11 68
57 74 77 3 80
57 75 83 24 35
57 76 96 73 60
57 77 72 86 66
57 78 95 12 52
57 79 42 90 36
57 80 18 67 50
57 81 4 60 41
57 82 37 82 19
57 83 4 52 24
57 84 46 32 32
57 85 55 6 49
57 86 26 59 86
57 87 23 86 60
57 88 4 85 88
57 89 40 28 19
57 90 16 77 58
57 91 92 78 70
57 92 72 54 15
57 93 91 61 23
57 94 52 38 70
57 95 1 44 58
57 96 92 1 35
57 97 9 69 42
57 98 88 64 26
57 99 12 28 81
58 59 7 39 64
58 60 77 85 9
58 61 91 68 64
58 62 73 83 84
58 63 6 38 9
58 64 79 90 50
58 65 57 52 83
58 66 30 56 83
58 67 93 16 89
58 68 6 10 42
58 69 78 37 65
58 70 21 52 39
58 71 9 86 24
58 72 48 34 78
58 73 4 22 97
58 74 68 54 76
58 75 39 25 77
58 76 96 68 45
58 77 81 80 34
58 78 41 17 24
58 79 38 46 29
58 80 6 64 73
58 81 85 85 36
58 82 46 47 66
58 83 5 34 69
58 84 70 64 4
58 85 95 10 87
58 86 24 20 68
58 87 12 10 87
58 88 18 47 72
58 89 48 39 55
58 90 58 33 53
58 91 31 94 95
58 92 87 41 9
58 93 46 43 81
58 94 88 53 7
58 95 59 56 67
58 96 28 54 35
58 97 14 40 52
58 98 25 37 28
58 99 14 43 41
59 60 93 5 37
59 61 75 17 24
59 62 7 96 91
59 63 31 18 68
59 64 76 32 57
59 65 85 48 22
59 66 32 83 56
59 67 88 81 6
59 68 30 48 18
59 69 89 45 53
59 70 38 50 74
59 71 23 18 23
59 72 30 81 14
59 73 76 82 27
59 74 66 51 43
59 75 80 77 59
59 76 85 77 87
59 77 20 73 71
59 78 10 55 66
59 79 85 54 50
59 80 61 6 50
59 81 5 24 68
59 82 95 22 66
59 83 40 76 88
59 84 98 40 77
59 85 37 39 73
59 86 33 87 13
59 87 84 31 43
59 88 63 19 54
59 89 12 9 35
59 90 81 63 15
59 91 11 79 15
59 92 7 55 9
59 93 87 32 57
59 94 37 18 6
59 95 86 70 85
59 96 94 20 71
59 97 25 91 16
59 98 70 70 12
59 99 49 26 86
60 61 77 76 37
60 62 63 65 38
60 63 24 12 33
60 64 46 11 89
60 65 67 13 82
60 66 56 33 71
60 67 15 23 37
60 68 89 79 72
60 69 95 77 59
60 70 13 69 24
60 71 22 22 13
60 72 43 25 80
60 73 4 77 20
60 74 88 54 5
60 75 77 65 28
60 76 72 14 75
60 77 37 37 65
60 78 17 93 40
60 79 54 39 27
60 80 97 50 70
60 81 1 60 36
60 82 54 48 60
60 83 64 23 16
60 84 86 55 85
60 85 49 79 33
60 86 14 39 14
60 87 86 82 14
60 88 20 91 89
60 89 9 75 91
60 90 18 9 64
60 91 84 22 18
60 92 89 61 5
60 93 20 60 50
60 94 86 19 26
60 95 40 36 71
60 96 16 96 73
60 97 19 68 74
60 98 97 50 7
60 99 0 14 31
61 62 95 12 11
61 63 16 79 16
61 64 2 15 90
61 65 32 86 10
61 66 26 27 8
61 67 39 72 26
61 68 99 18 80
61 69 35 84 68
61 70 53 47 91
61 71 83 51 27
61 72 2 51 66
61 73 4 83 42
61 74 18 75 41
61 75 29 58 54
61 76 53 50 93
61 77 96 13 46
61 78 12 12 22
61 79 16 82 87
61 80 92 32 80
61 81 54 89 82
61 82 96 31 9
61 83 26 43 50
61 84 23 46 39
61 85 83 70 52
61 86 30 56 89
61 87 87 20 84
61 88 30 48 84
61 89 86 76 8
61 90 70 90 68
61 91 23 17 44
61 92 90 19 15
61 93 42 88 21
61 94 67 30 88
61 95 11 19 23
61 96 59 4 33
61 97 44 51 74
61 98 20 25 59
61 99 29 51 42
62 63 67 70 73
62 64 38 58 7
62 65 84 67 58
62 66 81 45 23
62 67 57 78 11
62 68 78 50 19
62 69 26 33 77
62 70 96 78 57
62 71 70 48 84
62 72 28 56 89
62 73 61 8 45
62 74 73 72 86
62 75 16 37 16
62 76 90 2 15
62 77 24 23 28
62 78 46 27 89
62 79 34 16 31
62 80 84 68 81
62 81 35 89 44
62 82 66 79 59
62 83 37 77 44
62 84 11 85 52
62 85 56 59 59
62 86 66 57 75
62 87 96 53 36
62 88 32 15 56
62 89 4 10 35
62 90 13 94 70
62 91 93 29 78
62 92 57 8 93
62 93 49 71 74
62 94 69 48 47
62 95 11 72 46
62 96 84 87 43
62 97 28 72 14
62 98 17 23 97
62 99 63 16 59
63 64 25 41 38
63 65 25 14 30
63 66 0 22 66
63 67 78 4 8
63 68 77 44 69
63 69 4 51 45
63 70 30 52 64
63 71 32 81 29
63 72 14 53 49
63 73 27 38 92
63 74 14 67 73
63 75 79 69 46
63 76 71 49 16
63 77 30 74 42
63 78 99 62 89
63 79 47 21 72
63 80 54 71 55
63 81 92 27 68
63 82 41 20 11
63 83 39 93 83
63 84 15 15 93
63 85 82 39 82
63 86 66 80 87
63 87 85 70 22
63 88 4 85 48
63 89 55 89 48
63 90 61 89 40
63 91 79 56 81
63 92 99 80 9
63 93 65 9 11
63 94 39 73 7
63 95 62 45 43
63 96 10 88 80
63 97 94 84 80
63 98 63 66 9
63 99 18 72 64
64 65 26 74 76
64 66 44 43 90
64 67 28 50 80
64 68 61 69 42
64 69 22 40 76
64 70 13 81 92
64 71 86 60 72
64 72 85 2 31
64 73 86 3 62
64 74 60 64 93
64 75 48 55 90
64 76 65 79 68
64 77 55 36 28
64 78 86 34 12
64 79 60 46 21
64 80 41 55 41
64 81 10 75 9
64 82 37 11 57
64 83 33 40 74
64 84 73 58 33
64 85 98 44 52
64 86 61 33 39
64 87 54 69 46
64 88 43 92 71
64 89 6 49 65
64 90 61 81 45
64 91 3 24 15
64 92 84 32 64
64 93 51 60 16
64 94 29 45 20
64 95 62 33 77
64 96 59 80 57
64 97 75 48 66
64 98 87 50 25
64 99 49 41 79
65 66 93 43 57
65 67 75 22 28
65 68 19 87 53
65 69 94 62 42
65 70 79 63 48
65 71 82 13 51
65 72 40 56 51
65 73 39 18 64
65 74 13 98 55
65 75 1 85 91
65 76 74 18 50
65 77 68 28 90
65 78 52 88 36
65 79 88 68 47
65 80 79 39 18
65 81 20 74 43
65 82 29 69 85
65 83 43 20 53
65 84 60 8 51
65 85 19 58 10
65 86 13 84 66
65 87 32 55 69
65 88 29 53 54
65 89 76 79 90
65 90 78 63 70
65 91 41 11 25
65 92 82 49 90
65 93 33 73 22
65 94 88 80 28
65 95 82 24 51
65 96 46 43 50
65 97 66 88 13
65 98 45 30 10
65 99 42 18 63
66 67 36 51 18
66 68 39 68 72
66 69 51 85 41
66 70 80 27 86
66 71 21 63 23
66 72 12 30 53
66 73 78 83 62
66 74 52 62 53
66 75 77 27 42
66 76 63 68 45
66 77 30 42 8
66 78 87 43 22
66 79 6 20 10
66 80 8 61 39
66 81 23 18 19
66 82 86 51 64
66 83 18 21 60
66 84 67 10 77
66 85 36 13 81
66 86 80 50 21
66 87 41 83 90
66 88 46 41 34
66 89 61 5 41
66 90 12 73 86
66 91 9 77 33
66 92 19 24 84
66 93 22 13 91
66 94 76 6 47
66 95 25 17 93
66 96 93 86 59
66 97 62 77 30
66 98 9 60 81
66 99 82 33 87
67 68 15 38 73
67 69 33 50 27
67 70 93 6 27
67 71 17 93 26
67 72 29 94 81
67 73 54 76 93
67 74 51 69 52
67 75 89 62 33
67 76 90 60 14
67 77 73 54 82
67 78 76 78 31
67 79 33 78 55
67 80 57 52 36
67 81 11 75 91
67 82 76 15 40
67 83 41 55 71
67 84 88 62 44
67 85 71 60 85
67 86 35 64 92
67 87 58 85 49
67 88 65 31 7
67 89 54 82 34
67 90 19 22 58
67 91 71 48 21
67 92 86 25 80
67 93 37 63 15
67 94 28 23 43
67 95 54 6 10
67 96 30 33 53
67 97 52 35 19
67 98 89 46 20
67 99 76 33 5
68 69 11 88 8
68 70 96 55 19
68 71 8 52 63
68 72 7 13 79
68 73 58 93 19
68 74 54 67 68
68 75 33 84 83
68 76 73 91 92
68 77 54 59 25
68 78 44 75 52
68 79 12 38 77
68 80 98 85 67
68 81 31 31 88
68 82 15 93 20
68 83 87 81 58
68 84 31 94 91
68 85 98 82 49
68 86 36 84 82
68 87 22 71 24
68 88 22 33 96
68 89 15 83 57
68 90 93 73 40
68 91 50 45 58
68 92 20 30 96
68 93 18 28 15
68 94 18 83 94
68 95 65 7 79
68 96 98 87 50
68 97 4 98 74
68 98 15 60 40
68 99 11 33 73
69 70 29 41 32
69 71 16 62 10
69 72 88 55 16
69 73 32 86 50
69 74 23 69 47
69 75 66 6 55
69 76 36 6 69
69 77 42 52 12
69 78 99 85 59
69 79 57 57 86
69 80 20 65 9
69 81 38 71 34
69 82 60 83 35
69 83 17 56 24
69 84 91 39 63
69 85 46 9 84
69 86 73 32 27
69 87 31 20 19
69 88 5 35 10
69 89 71 92 57
69 90 63 29 24
69 91 82 88 87
69 92 68 83 26
69 93 22 93 47
69 94 62 70 85
69 95 46 88 75
69 96 6 42 94
69 97 78 40 44
69 98 5 30 73
69 99 2 88 10
70 71 86 90 72
70 72 79 62 59
70 73 90 28 54
70 74 27 29 22
70 75 55 52 36
70 76 49 34 50
70 77 33 76 72
70 78 15 66 86
70 79 58 68 23
70 80 62 25 78
70 81 18 47 87
70 82 41 12 95
70 83 88 51 65
70 84 58 25 44
70 85 27 75 72
70 86 8 23 33
70 87 35 58 49
70 88 90 81 16
70 89 78 81 51
70 90 19 84 36
70 91 80 8 78
70 92 29 49 51
70 93 51 86 86
70 94 85 15 31
70 95 35 6 36
70 96 9 17 51
70 97 19 51 12
70 98 75 33 33
70 99 32 80 96
71 72 45 75 78
71 73 90 48 17
71 74 38 7 86
71 75 1 71 34
71 76 28 17 24
71 77 8 12 52
71 78 91 44 60
71 79 64 10 60
71 80 47 62 37
71 81 4 85 31
71 82 12 68 67
71 83 93 36 77
71 84 25 92 64
71 85 23 23 80
71 86 92 77 1
71 87 98 25 15
71 88 94 29 77
71 89 65 79 52
71 90 40 90 32
71 91 13 38 26
71 92 95 52 85
71 93 12 59 67
71 94 78 52 82
71 95 81 2 16
71 96 6 18 44
71 97 19 87 91
71 98 36 76 45
71 99 46 85 41
72 73 8 22 77
72 74 48 64 26
72 75 98 25 66
72 76 64 23 70
72 77 42 6 37
72 78 10 12 51
72 79 12 72 46
72 80 94 54 81
72 81 70 32 49
72 82 82 1 37
72 83 49 6 13
72 84 25 40 31
72 85 30 71 45
72 86 59 69 7
72 87 26 60 23
72 88 20 71 89
72 89 61 20 41
72 90 42 84 49
72 91 20 67 20
72 92 46 67 50
72 93 30 29 87
72 94 13 63 13
72 95 4 80 89
72 96 75 19 12
72 97 63 13 64
72 98 48 24 33
72 99 59 24 20
73 74 35 36 15
73 75 21 9 39
73 76 74 30 44
73 77 17 88 95
73 78 13 70 40
73 79 73 68 29
73 80 9 82 63
73 81 43 88 70
73 82 13 8 76
73 83 5 76 83
73 84 42 47 19
73 85 36 6 87
73 86 38 30 66
73 87 67 4 9
73 88 41 51 43
73 89 51 88 36
73 90 51 62 40
73 91 96 12 80
73 92 55 81 33
73 93 4 17 63
73 94 68 85 86
73 95 0 40 64
73 96 61 76 4
73 97 83 4 10
73 98 72 54 54
73 99 50 86 27
74 75 1 13 87
74 76 77 5 14
74 77 13 48 26
74 78 9 74 61
74 79 26 38 43
74 80 44 20 39
74 81 15 41 47
74 82 97 0 87
74 83 72 18 83
74 84 23 69 8
74 85 55 15 65
74 86 93 32 71
74 87 52 87 87
74 88 97 76 74
74 89 63 17 25
74 90 47 29 40
74 91 45 58 38
74 92 53 75 82
74 93 13 31 59
74 94 32 91 92
74 95 53 23 91
74 96 11 33 28
74 97 66 4 37
74 98 24 35 43
74 99 11 77 11
75 76 66 8 5
75 77 79 74 60
75 78 54 94 53
75 79 54 54 71
75 80 35 12 77
75 81 5 30 33
75 82 45 32 14
75 83 34 12 28
75 84 17 54 30
75 85 10 60 43
75 86 64 4 62
75 87 55 56 56
75 88 61 29 88
75 89 22 53 38
75 90 52 13 29
75 91 30 58 90
75 92 38 71 22
75 93 75 56 2
75 94 36 75 75
75 95 40 91 45
75 96 21 35 74
75 97 83 52 10
75 98 98 86 78
75 99 53 20 44
76 77 64 19 88
76 78 18 94 97
76 79 3 13 40
76 80 39 80 61
76 81 45 77 92
76 82 33 56 22
76 83 21 86 16
76 84 65 31 54
76 85 36 70 52
76 86 75 59 55
76 87 51 80 38
76 88 61 55 68
76 89 79 49 11
76 90 86 8 81
76 91 97 62 5
76 92 39 76 25
76 93 75 67 60
76 94 69 81 12
76 95 17 20 44
76 96 53 68 33
76 97 18 96 86
76 98 84 87 18
76 99 48 86 22
77 78 11 84 75
77 79 47 44 38
77 80 34 34 57
77 81 72 68 70
77 82 21 32 10
77 83 8 59 29
77 84 74 39 86
77 85 66 7 42
77 86 17 14 12
77 87 99 7 2
77 88 33 30 16
77 89 42 68 86
77 90 93 81 77
77 91 66 76 22
77 92 74 15 34
77 93 61 23 51
77 94 50 82 76
77 95 51 70 92
77 96 24 41 95
77 97 96 78 58
77 98 30 53 9
77 99 31 76 47
78 79 61 8 65
78 80 46 15 84
78 81 73 20 37
78 82 55 91 73
78 83 22 91 24
78 84 81 58 66
78 85 36 14 36
78 86 18 61 82
78 87 94 82 76
78 88 5 83 37
78 89 16 9 74
78 90 58 50 58
78 91 45 41 71
78 92 51 58 68
78 93 84 41 38
78 94 80 59 79
78 95 66 90 77
78 96 39 28 47
78 97 70 34 54
78 98 77 20 51
78 99 1 22 76
79 80 90 55 63
79 81 92 0 67
79 82 64 79 18
79 83 77 71 14
79 84 67 54 84
79 85 23 25 71
79 86 9 37 56
79 87 75 87 51
79 88 36 36 75
79 89 99 61 85
79 90 10 87 75
79 91 54 83 29
79 92 18 39 28
79 93 34 16 48
79 94 87 66 16
79 95 97 67 12
79 96 39 92 19
79 97 39 43 12
79 98 60 44 8
79 99 66 57 70
80 81 25 56 76
80 82 74 80 48
80 83 44 72 85
80 84 17 73 11
80 85 31 63 90
80 86 15 57 29
80 87 58 10 63
80 88 39 95 79
80 89 2 66 96
80 90 3 23 54
80 91 61 91 58
80 92 80 60 64
80 93 85 91 39
80 94 30 27 61
80 95 18 88 15
80 96 71 25 91
80 97 51 84 90
80 98 98 2 36
80 99 33 82 12
81 82 82 90 88
81 83 19 41 52
81 84 8 32 58
81 85 44 56 24
81 86 3 15 32
81 87 4 25 83
81 88 51 61 91
81 89 19 74 82
81 90 47 65 44
81 91 43 40 22
81 92 80 10 20
81 93 31 11 32
81 94 53 5 93
81 95 89 16 66
81 96 31 7 16
81 97 10 44 83
81 98 81 58 82
81 99 85 68 88
82 83 93 27 41
82 84 38 47 58
82 85 53 94 48
82 86 79 41 89
82 87 78 50 67
82 88 87 28 16
82 89 32 9 61
82 90 2 54 46
82 91 15 77 61
82 92 57 85 6
82 93 74 81 71
82 94 19 72 49
82 95 9 37 83
82 96 57 84 41
82 97 96 82 4
82 98 99 83 10
82 99 78 58 63
83 84 80 49 62
83 85 13 41 70
83 86 92 26 75
83 87 60 67 57
83 88 30 64 61
83 89 5 87 76
83 90 10 63 70
83 91 56 80 85
83 92 6 94 75
83 93 56 42 73
83 94 34 8 71
83 95 15 70 98
83 96 85 51 53
83 97 47 71 29
83 98 28 42 85
83 99 69 10 15
84 85 36 50 88
84 86 44 73 34
84 87 49 33 83
84 88 52 31 62
84 89 86 69 67
84 90 25 61 80
84 91 94 8 80
84 92 64 37 38
84 93 61 88 37
84 94 64 64 26
84 95 63 83 93
84 96 23 87 75
84 97 40 94 35
84 98 75 80 46
84 99 94 16 72
85 86 91 41 21
85 87 58 29 51
85 88 43 30 49
85 89 96 63 83
85 90 74 14 78
85 91 73 61 59
85 92 91 12 71
85 93 28 30 9
85 94 53 73 66
85 95 56 49 9
85 96 86 20 37
85 97 25 23 20
85 98 89 45 67
85 99 59 45 19
86 87 3 17 81
86 88 20 77 58
86 89 42 12 80
86 90 5 10 17
86 91 69 34 37
86 92 79 39 30
86 93 82 2 25
86 94 57 21 45
86 95 72 54 71
86 96 81 11 32
86 97 60 89 39
86 98 13 76 79
86 99 87 67 10
87 88 94 74 70
87 89 72 51 86
87 90 62 26 26
87 91 80 2 5
87 92 18 80 59
87 93 18 41 33
87 94 4 93 47
87 95 41 30 38
87 96 30 8 27
87 97 46 74 63
87 98 46 56 64
87 99 26 92 11
88 89 32 74 40
88 90 67 78 43
88 91 95 55 55
88 92 77 84 9
88 93 12 75 15
88 94 79 51 49
88 95 1 26 46
88 96 88 10 60
88 97 89 12 26
88 98 95 83 54
88 99 67 3 55
89 90 84 77 75
89 91 73 18 25
89 92 84 77 11
89 93 99 58 74
89 94 73 71 26
89 95 75 30 29
89 96 53 65 25
89 97 99 67 31
89 98 98 21 50
89 99 32 23 33
90 91 27 56 9
90 92 57 40 35
90 93 59 8 17
90 94 42 79 24
90 95 94 42 19
90 96 17 64 72
90 97 64 84 88
90 98 74 26 35
90 99 77 81 25
91 92 45 69 49
91 93 1 13 30
91 94 48 65 47
91 95 78 40 52
91 96 3 74 42
91 97 70 84 5
91 98 29 53 50
91 99 4 50 91
92 93 62 52 41
92 94 13 29 37
92 95 64 79 11
92 96 95 41 34
92 97 4 62 90
92 98 19 77 49
92 99 36 74 90
93 94 68 76 9
93 95 98 52 86
93 96 99 13 62
93 97 95 24 35
93 98 25 37 25
93 99 41 27 23
94 95 38 43 13
94 96 3 85 84
94 97 60 35 35
94 98 69 28 29
94 99 63 81 57
95 96 34 67 66
95 97 94 88 56
95 98 77 58 63
95 99 91 20 28
96 97 85 76 48
96 98 6 74 94
96 99 64 35 48
97 98 61 38 51
97 99 48 39 14
98 99 59 11 10
