100
0 1 84 48 52
0 2 50 60 16
0 3 12 88 33
0 4 90 72 37
0 5 39 87 20
0 6 3 54 39
0 7 90 36 25
0 8 41 55 30
0 9 4 94 47
0 10 64 45 34
0 11 2 88 51
0 12 63 79 62
0 13 65 19 79
0 14 8 40 33
0 15 25 33 58
0 16 15 87 74
0 17 9 46 68
0 18 81 32 52
0 19 70 38 48
0 20 12 69 85
0 21 7 95 67
0 22 96 4 33
0 23 32 63 77
0 24 43 53 38
0 25 38 24 82
0 26 94 49 51
0 27 6 77 63
0 28 55 80 23
0 29 99 16 15
0 30 15 65 72
0 31 52 75 44
0 32 56 20 64
0 33 21 84 92
0 34 75 75 19
0 35 63 61 13
0 36 99 14 53
0 37 95 40 71
0 38 25 47 63
0 39 75 36 74
0 40 15 64 27
0 41 77 63 72
0 42 54 41 60
0 43 74 42 70
0 44 0 62 58
0 45 24 41 76
0 46 39 80 30
0 47 71 29 26
0 48 27 32 55
0 49 2 59 67
0 50 95 44 47
0 51 41 64 76
0 52 88 47 10
0 53 90 40 12
0 54 56 27 50
0 55 63 56 56
0 56 39 64 26
0 57 64 45 78
0 58 68 51 63
0 59 0 32 59
0 60 62 21 77
0 61 77 47 64
0 62 47 63 47
0 63 12 56 77
0 64 8 73 88
0 65 86 18 52
0 66 73 44 20
0 67 92 54 47
0 68 13 33 47
0 69 87 9 12
0 70 29 35 70
0 71 33 80 45
0 72 10 38 58
0 73 30 44 50
0 74 62 20 30
0 75 10 58 72
0 76 84 25 69
0 77 81 52 16
0 78 60 58 19
0 79 45 80 65
0 80 97 24 7
0 81 78 38 15
0 82 38 19 48
0 83 83 71 44
0 84 58 20 49
0 85 55 70 53
0 86 2 84 62
0 87 38 23 53
0 88 60 72 23
0 89 86 48 60
0 90 40 39 43
0 91 43 74 47
0 92 80 23 25
0 93 54 69 40
0 94 59 50 67
0 95 74 43 9
0 96 62 56 25
0 97 55 35 65
0 98 47 71 64
0 99 4 68 31
1 2 38 21 34
1 3 50 75 41
1 4 66 22 39
1 5 24 37 82
1 6 8 88 63
1 7 13 41 48
1 8 45 72 56
1 9 15 47 74
1 10 58 28 29
1 11 70 43 46
1 12 74 48 40
1 13 19 31 90
1 14 16 80 40
1 15 71 28 15
1 16 82 52 71
1 17 85 51 26
1 18 42 26 55
1 19 80 65 58
1 20 60 22 27
1 21 25 73 23
1 22 25 79 26
1 23 52 15 60
1 24 31 88 86
1 25 3 86 47
1 26 15 68 78
1 27 77 27 69
1 28 40 63 56
1 29 18 40 43
1 30 87 12 56
1 31 62 33 66
1 32 83 7 50
1 33 45 36 48
1 34 21 78 47
1 35 65 76 16
1 36 33 64 23
1 37 78 15 6
1 38 32 70 57
1 39 72 75 64
1 40 98 66 66
1 41 20 79 73
1 42 41 69 70
1 43 37 45 31
1 44 23 80 33
1 45 71 58 62
1 46 2 95 58
1 47 77 28 48
1 48 76 64 58
1 49 15 93 34
1 50 59 40 36
1 51 90 13 58
1 52 22 64 66
1 53 34 42 45
1 54 54 50 74
1 55 50 62 74
1 56 9 74 51
1 57 64 36 27
1 58 82 10 64
1 59 10 82 59
1 60 85 58 45
1 61 27 39 86
1 62 20 90 59
1 63 20 52 77
1 64 70 47 33
1 65 78 65 45
1 66 75 38 46
1 67 26 39 49
1 68 35 86 36
1 69 92 12 4
1 70 24 65 71
1 71 53 50 31
1 72 16 34 50
1 73 85 9 49
1 74 6 54 97
1 75 76 25 41
1 76 40 82 55
1 77 23 51 44
1 78 70 56 18
1 79 63 36 69
1 80 57 34 66
1 81 36 69 51
1 82 46 78 81
1 83 85 38 10
1 84 42 42 58
1 85 1 47 33
1 86 13 45 36
1 87 97 46 60
1 88 37 20 47
1 89 80 14 42
1 90 57 75 45
1 91 99 18 41
1 92 37 54 58
1 93 73 42 50
1 94 71 46 63
1 95 27 36 67
1 96 64 66 29
1 97 66 56 12
1 98 49 68 38
1 99 66 40 56
2 3 33 80 52
2 4 29 74 30
2 5 84 28 73
2 6 76 27 33
2 7 34 28 50
2 8 9 48 69
2 9 71 64 78
2 10 66 20 22
2 11 41 46 35
2 12 14 40 81
2 13 83 33 12
2 14 31 43 87
2 15 55 64 17
2 16 46 72 49
2 17 25 54 68
2 18 55 76 44
2 19 38 52 73
2 20 81 31 61
2 21 16 60 91
2 22 90 63 28
2 23 76 12 35
2 24 15 34 41
2 25 85 57 7
2 26 9 34 92
2 27 36 74 48
2 28 46 60 22
2 29 54 28 76
2 30 77 49 24
2 31 75 13 33
2 32 71 76 17
2 33 81 49 31
2 34 41 33 53
2 35 35 89 32
2 36 80 34 32
2 37 66 24 42
2 38 85 23 15
2 39 19 78 59
2 40 79 71 60
2 41 90 9 15
2 42 42 64 77
2 43 57 64 21
2 44 55 81 78
2 45 63 62 22
2 46 49 68 39
2 47 9 62 67
2 48 63 76 13
2 49 58 53 72
2 50 92 10 59
2 51 61 76 70
2 52 50 73 82
2 53 98 28 34
2 54 36 41 75
2 55 27 62 88
2 56 88 19 29
2 57 17 33 47
2 58 44 84 32
2 59 88 62 41
2 60 73 18 18
2 61 31 37 26
2 62 42 59 51
2 63 44 61 46
2 64 64 69 72
2 65 23 87 38
2 66 94 37 10
2 67 72 39 27
2 68 92 8 59
2 69 83 13 66
2 70 90 23 50
2 71 14 31 34
2 72 39 66 74
2 73 12 40 74
2 74 4 61 73
2 75 67 74 16
2 76 59 26 15
2 77 93 12 41
2 78 43 55 72
2 79 70 18 50
2 80 12 49 54
2 81 61 15 36
2 82 70 64 42
2 83 50 56 49
2 84 33 60 38
2 85 75 27 27
2 86 60 20 18
2 87 93 59 37
2 88 91 39 8
2 89 10 63 53
2 90 6 93 61
2 91 35 48 37
2 92 58 43 58
2 93 90 6 40
2 94 90 16 72
2 95 44 52 64
2 96 24 22 85
2 97 4 91 72
2 98 28 34 61
2 99 95 22 6
3 4 49 39 24
3 5 30 27 53
3 6 17 82 84
3 7 44 57 66
3 8 42 60 19
3 9 36 45 24
3 10 8 41 49
3 11 33 87 56
3 12 0 85 81
3 13 29 80 44
3 14 10 92 29
3 15 80 7 57
3 16 79 15 59
3 17 12 52 91
3 18 27 50 32
3 19 65 17 67
3 20 13 42 88
3 21 44 34 21
3 22 97 1 55
3 23 51 38 18
3 24 18 93 28
3 25 67 42 57
3 26 69 72 22
3 27 58 31 46
3 28 30 63 83
3 29 78 19 60
3 30 52 69 26
3 31 48 73 28
3 32 1 56 80
3 33 86 42 56
3 34 14 79 29
3 35 32 31 63
3 36 24 75 90
3 37 16 63 29
3 38 72 39 66
3 39 56 50 52
3 40 57 73 41
3 41 63 57 59
3 42 57 77 62
3 43 78 66 44
3 44 59 79 26
3 45 60 32 80
3 46 55 75 61
3 47 95 64 45
3 48 20 88 25
3 49 25 65 82
3 50 32 67 45
3 51 92 56 55
3 52 51 77 56
3 53 16 64 79
3 54 39 38 60
3 55 37 51 70
3 56 78 39 47
3 57 33 53 68
3 58 56 58 73
3 59 49 16 32
3 60 52 25 39
3 61 91 10 5
3 62 24 86 88
3 63 0 32 83
3 64 32 88 21
3 65 68 61 70
3 66 99 8 38
3 67 3 78 43
3 68 32 66 67
3 69 21 93 51
3 70 54 77 52
3 71 79 33 11
3 72 96 35 70
3 73 14 40 40
3 74 14 38 62
3 75 98 42 6
3 76 41 41 51
3 77 41 45 41
3 78 6 41 51
3 79 57 44 20
3 80 67 68 17
3 81 71 27 33
3 82 30 84 35
3 83 84 18 62
3 84 93 28 29
3 85 57 31 38
3 86 24 77 80
3 87 33 88 35
3 88 23 26 32
3 89 49 23 83
3 90 40 55 32
3 91 29 81 24
3 92 97 26 67
3 93 91 56 61
3 94 10 34 56
3 95 50 48 71
3 96 97 59 24
3 97 26 37 60
3 98 45 48 69
3 99 98 22 18
4 5 5 42 85
4 6 72 37 21
4 7 76 32 69
4 8 58 52 71
4 9 23 80 47
4 10 15 92 30
4 11 39 36 37
4 12 11 89 77
4 13 39 60 36
4 14 0 58 78
4 15 87 4 63
4 16 26 57 64
4 17 85 67 58
4 18 25 47 32
4 19 73 16 46
4 20 21 45 55
4 21 75 58 14
4 22 17 76 65
4 23 71 17 56
4 24 30 84 26
4 25 53 58 39
4 26 39 45 84
4 27 30 49 64
4 28 98 27 30
4 29 40 46 27
4 30 56 29 46
4 31 35 42 47
4 32 60 22 19
4 33 60 57 14
4 34 53 79 57
4 35 1 48 53
4 36 17 87 53
4 37 81 44 64
4 38 30 80 76
4 39 48 75 64
4 40 63 39 49
4 41 42 61 26
4 42 59 29 21
4 43 69 72 31
4 44 48 46 54
4 45 71 69 27
4 46 14 87 40
4 47 87 41 17
4 48 81 17 44
4 49 39 42 24
4 50 64 13 15
4 51 5 44 31
4 52 0 31 55
4 53 52 84 21
4 54 60 65 73
4 55 63 73 75
4 56 62 64 57
4 57 38 81 39
4 58 70 32 68
4 59 59 34 75
4 60 16 68 44
4 61 98 38 26
4 62 93 65 70
4 63 15 79 33
4 64 96 59 47
4 65 38 35 36
4 66 31 31 76
4 67 12 28 71
4 68 18 83 38
4 69 64 60 49
4 70 18 86 76
4 71 10 48 61
4 72 85 7 55
4 73 51 83 18
4 74 28 55 34
4 75 62 74 16
4 76 93 37 33
4 77 48 63 65
4 78 36 41 62
4 79 83 71 48
4 80 78 72 44
4 81 51 74 66
4 82 54 22 82
4 83 84 12 70
4 84 22 79 87
4 85 84 17 30
4 86 88 25 50
4 87 43 24 72
4 88 27 86 64
4 89 80 31 42
4 90 15 38 45
4 91 47 21 63
4 92 9 30 88
4 93 24 56 56
4 94 62 21 57
4 95 95 30 6
4 96 22 34 63
4 97 8 36 47
4 98 9 77 78
4 99 18 72 68
5 6 40 33 42
5 7 85 19 49
5 8 42 75 55
5 9 80 54 37
5 10 82 35 62
5 11 60 16 23
5 12 11 43 79
5 13 81 19 21
5 14 89 65 69
5 15 86 36 6
5 16 17 40 47
5 17 19 87 90
5 18 46 41 21
5 19 79 28 47
5 20 89 72 8
5 21 87 30 10
5 22 16 28 45
5 23 24 46 23
5 24 22 53 41
5 25 97 25 59
5 26 44 17 82
5 27 82 55 31
5 28 23 70 91
5 29 76 11 27
5 30 84 7 68
5 31 41 56 62
5 32 80 22 60
5 33 41 22 29
5 34 9 93 54
5 35 84 19 28
5 36 0 87 45
5 37 45 69 49
5 38 80 34 35
5 39 76 68 62
5 40 42 28 46
5 41 88 52 7
5 42 70 28 29
5 43 98 9 22
5 44 79 67 62
5 45 91 25 50
5 46 92 33 22
5 47 27 76 89
5 48 43 66 26
5 49 80 22 53
5 50 91 14 49
5 51 26 54 47
5 52 46 38 55
5 53 76 20 24
5 54 55 17 70
5 55 59 64 35
5 56 85 63 14
5 57 1 75 51
5 58 56 16 52
5 59 4 30 64
5 60 45 23 44
5 61 43 85 53
5 62 29 52 45
5 63 79 43 37
5 64 43 28 72
5 65 77 31 43
5 66 30 65 74
5 67 45 35 67
5 68 51 40 73
5 69 54 72 30
5 70 78 35 27
5 71 75 70 8
5 72 85 44 23
5 73 68 9 44
5 74 45 76 41
5 75 42 28 21
5 76 17 27 71
5 77 31 75 60
5 78 51 31 46
5 79 95 12 18
5 80 68 50 48
5 81 43 39 85
5 82 23 87 79
5 83 19 33 38
5 84 86 58 72
5 85 64 34 54
5 86 80 63 55
5 87 76 51 24
5 88 20 30 40
5 89 41 86 51
5 90 56 37 61
5 91 25 81 54
5 92 95 39 48
5 93 52 22 66
5 94 26 26 55
5 95 37 43 31
5 96 31 33 54
5 97 1 37 79
5 98 87 66 29
5 99 14 83 50
6 7 14 51 68
6 8 29 80 81
6 9 33 77 36
6 10 67 58 68
6 11 82 28 51
6 12 62 17 23
6 13 9 33 47
6 14 5 91 54
6 15 52 54 51
6 16 68 42 55
6 17 74 20 60
6 18 96 26 70
6 19 94 22 44
6 20 82 9 19
6 21 13 36 72
6 22 77 47 43
6 23 46 17 74
6 24 47 37 20
6 25 37 27 36
6 26 97 24 27
6 27 91 24 27
6 28 69 53 51
6 29 33 82 39
6 30 46 32 69
6 31 38 61 53
6 32 71 22 76
6 33 84 72 58
6 34 23 90 85
6 35 15 64 64
6 36 54 80 57
6 37 42 69 32
6 38 50 26 63
6 39 60 35 40
6 40 86 35 48
6 41 88 42 6
6 42 24 46 36
6 43 57 46 55
6 44 60 26 70
6 45 97 13 50
6 46 83 46 73
6 47 47 83 22
6 48 82 28 74
6 49 93 55 10
6 50 76 30 12
6 51 0 39 86
6 52 13 88 46
6 53 76 33 55
6 54 6 55 40
6 55 19 47 70
6 56 9 30 31
6 57 75 49 45
6 58 83 59 7
6 59 98 61 37
6 60 12 41 85
6 61 20 60 68
6 62 35 81 56
6 63 65 62 28
6 64 56 44 36
6 65 2 39 52
6 66 77 64 33
6 67 34 28 50
6 68 4 89 63
6 69 81 41 52
6 70 50 48 15
6 71 35 57 41
6 72 44 60 45
6 73 48 76 21
6 74 85 19 43
6 75 57 26 72
6 76 95 56 60
6 77 57 36 61
6 78 69 36 51
6 79 42 30 27
6 80 45 85 73
6 81 11 63 68
6 82 77 31 64
6 83 98 0 14
6 84 39 28 20
6 85 91 51 29
6 86 9 53 63
6 87 88 15 70
6 88 83 60 42
6 89 24 58 43
6 90 61 59 37
6 91 32 44 26
6 92 50 20 81
6 93 86 42 59
6 94 99 45 18
6 95 39 32 55
6 96 98 59 22
6 97 93 58 21
6 98 42 60 34
6 99 13 56 83
7 8 71 9 71
7 9 45 29 22
7 10 68 73 30
7 11 20 54 77
7 12 53 58 66
7 13 76 19 37
7 14 26 69 34
7 15 16 58 85
7 16 86 66 68
7 17 18 53 85
7 18 71 43 22
7 19 51 67 72
7 20 66 35 68
7 21 90 50 3
7 22 11 44 80
7 23 33 71 42
7 24 20 65 65
7 25 80 74 71
7 26 62 57 47
7 27 97 43 61
7 28 21 38 70
7 29 10 47 80
7 30 76 68 76
7 31 95 61 33
7 32 60 44 31
7 33 10 70 70
7 34 97 59 43
7 35 2 55 56
7 36 79 76 35
7 37 98 3 50
7 38 99 1 43
7 39 40 57 35
7 40 35 55 48
7 41 27 28 74
7 42 4 87 33
7 43 84 52 13
7 44 80 42 69
7 45 29 21 84
7 46 48 35 79
7 47 60 16 35
7 48 37 76 36
7 49 52 30 25
7 50 26 71 40
7 51 23 80 56
7 52 47 78 42
7 53 62 47 79
7 54 35 40 87
7 55 90 7 52
7 56 54 44 48
7 57 60 24 61
7 58 65 40 68
7 59 36 59 74
7 60 10 45 88
7 61 41 62 22
7 62 70 25 16
7 63 55 82 23
7 64 40 67 63
7 65 8 48 52
7 66 97 34 5
7 67 79 31 46
7 68 11 27 82
7 69 76 40 55
7 70 72 51 19
7 71 55 27 31
7 72 89 67 25
7 73 69 51 71
7 74 37 34 28
7 75 15 93 30
7 76 33 54 52
7 77 70 54 41
7 78 78 75 45
7 79 34 84 44
7 80 63 33 35
7 81 8 47 43
7 82 27 72 24
7 83 52 51 39
7 84 12 77 69
7 85 58 67 46
7 86 84 73 48
7 87 27 35 45
7 88 15 83 51
7 89 59 38 13
7 90 52 69 18
7 91 82 52 5
7 92 38 55 69
7 93 31 29 67
7 94 5 73 87
7 95 54 20 14
7 96 77 68 52
7 97 64 15 25
7 98 86 10 13
7 99 25 44 51
8 9 69 35 16
8 10 91 41 48
8 11 7 84 92
8 12 91 36 20
8 13 60 17 67
8 14 58 76 70
8 15 97 11 58
8 16 47 56 21
8 17 47 38 67
8 18 21 92 30
8 19 43 36 60
8 20 2 95 92
8 21 55 64 48
8 22 9 57 51
8 23 98 69 64
8 24 44 81 79
8 25 64 23 50
8 26 89 3 4
8 27 80 13 62
8 28 80 28 63
8 29 66 32 54
8 30 21 30 41
8 31 60 35 18
8 32 46 18 18
8 33 91 27 56
8 34 91 5 22
8 35 55 61 67
8 36 62 24 53
8 37 9 93 71
8 38 71 29 31
8 39 34 33 64
8 40 15 33 32
8 41 21 84 39
8 42 27 33 79
8 43 87 15 24
8 44 94 46 41
8 45 63 21 34
8 46 97 4 19
8 47 68 47 25
8 48 61 20 26
8 49 38 34 86
8 50 93 52 24
8 51 60 44 43
8 52 39 70 51
8 53 94 36 23
8 54 54 47 81
8 55 60 50 21
8 56 5 37 73
8 57 10 56 76
8 58 25 32 86
8 59 76 14 67
8 60 14 48 39
8 61 27 47 89
8 62 0 64 31
8 63 30 53 56
8 64 47 30 67
8 65 40 46 78
8 66 88 39 56
8 67 63 56 77
8 68 23 46 81
8 69 26 75 57
8 70 53 75 83
8 71 22 91 83
8 72 67 43 63
8 73 57 49 38
8 74 93 30 49
8 75 85 7 68
8 76 91 60 37
8 77 63 64 36
8 78 23 77 91
8 79 9 72 87
8 80 57 77 59
8 81 19 89 93
8 82 71 12 66
8 83 90 56 18
8 84 83 68 6
8 85 77 70 64
8 86 55 73 33
8 87 5 64 87
8 88 3 39 98
8 89 35 20 44
8 90 52 15 53
8 91 90 15 30
8 92 28 26 32
8 93 29 46 90
8 94 96 15 25
8 95 58 52 79
8 96 42 74 66
8 97 78 60 41
8 98 74 33 17
8 99 95 63 44
9 10 74 63 71
9 11 91 66 20
9 12 75 61 11
9 13 97 41 56
9 14 15 70 30
9 15 1 38 85
9 16 98 7 66
9 17 62 74 66
9 18 28 53 34
9 19 94 64 25
9 20 38 73 29
9 21 42 49 34
9 22 68 43 70
9 23 90 28 18
9 24 83 13 69
9 25 38 30 19
9 26 97 43 26
9 27 91 3 42
9 28 47 40 55
9 29 4 71 59
9 30 78 36 42
9 31 98 66 31
9 32 85 63 33
9 33 94 31 70
9 34 27 34 87
9 35 77 52 9
9 36 43 50 40
9 37 9 72 55
9 38 39 24 21
9 39 99 4 2
9 40 85 50 5
9 41 22 37 48
9 42 51 51 68
9 43 39 56 30
9 44 30 72 50
9 45 38 47 62
9 46 10 38 83
9 47 62 77 52
9 48 15 65 50
9 49 69 77 34
9 50 59 35 39
9 51 47 38 25
9 52 60 17 53
9 53 47 80 54
9 54 5 92 88
9 55 12 50 36
9 56 58 75 73
9 57 2 70 65
9 58 90 9 46
9 59 99 31 14
9 60 21 54 62
9 61 83 39 31
9 62 71 12 66
9 63 63 47 13
9 64 9 30 79
9 65 14 35 34
9 66 31 78 73
9 67 75 65 27
9 68 90 42 3
9 69 80 59 49
9 70 44 85 22
9 71 44 76 78
9 72 45 59 19
9 73 74 48 64
9 74 57 43 52
9 75 10 81 74
9 76 82 51 24
9 77 14 93 46
9 78 70 74 28
9 79 77 31 37
9 80 93 21 29
9 81 58 73 75
9 82 11 92 34
9 83 32 56 70
9 84 42 79 84
9 85 19 80 59
9 86 72 61 26
9 87 73 65 11
9 88 42 20 52
9 89 66 65 76
9 90 3 94 49
9 91 78 58 58
9 92 48 81 60
9 93 37 54 60
9 94 94 9 62
9 95 80 54 34
9 96 27 66 48
9 97 69 36 32
9 98 70 28 66
9 99 72 56 8
10 11 57 32 29
10 12 17 58 79
10 13 21 59 24
10 14 25 25 43
10 15 22 56 85
10 16 70 70 38
10 17 76 12 42
10 18 37 47 21
10 19 76 68 37
10 20 72 31 61
10 21 70 19 62
10 22 48 18 69
10 23 6 56 70
10 24 20 38 82
10 25 48 60 17
10 26 41 18 73
10 27 47 34 43
10 28 98 12 3
10 29 20 26 28
10 30 14 55 95
10 31 82 45 24
10 32 8 48 72
10 33 99 9 59
10 34 93 48 48
10 35 25 67 50
10 36 16 88 57
10 37 80 31 32
10 38 71 71 40
10 39 6 83 82
10 40 28 56 68
10 41 34 49 52
10 42 35 68 49
10 43 48 59 18
10 44 50 16 29
10 45 4 87 69
10 46 25 25 76
10 47 24 42 66
10 48 49 52 82
10 49 18 90 54
10 50 81 62 49
10 51 19 80 75
10 52 78 54 55
10 53 91 37 26
10 54 26 60 83
10 55 0 69 97
10 56 29 87 73
10 57 14 49 25
10 58 76 46 34
10 59 54 43 62
10 60 48 58 45
10 61 97 13 19
10 62 59 54 58
10 63 69 59 58
10 64 41 19 84
10 65 16 94 83
10 66 36 70 67
10 67 62 79 70
10 68 43 55 39
10 69 40 52 64
10 70 40 56 24
10 71 3 95 35
10 72 56 70 81
10 73 0 46 31
10 74 21 87 59
10 75 17 72 40
10 76 69 16 76
10 77 59 32 17
10 78 25 65 61
10 79 19 86 89
10 80 72 52 51
10 81 28 89 87
10 82 48 33 45
10 83 39 18 39
10 84 83 24 5
10 85 57 17 13
10 86 72 10 21
10 87 17 48 91
10 88 23 66 26
10 89 39 79 20
10 90 14 59 70
10 91 99 54 53
10 92 52 70 29
10 93 23 87 83
10 94 74 54 60
10 95 24 79 84
10 96 54 48 21
10 97 28 23 41
10 98 45 50 79
10 99 60 61 77
11 12 16 36 66
11 13 19 79 32
11 14 35 86 21
11 15 69 61 27
11 16 92 8 42
11 17 62 30 11
11 18 32 62 29
11 19 38 71 53
11 20 28 43 32
11 21 28 67 37
11 22 80 19 63
11 23 75 35 31
11 24 20 77 77
11 25 28 30 30
11 26 73 45 53
11 27 75 34 48
11 28 75 72 24
11 29 51 22 38
11 30 9 91 73
11 31 38 50 28
11 32 84 67 73
11 33 10 74 35
11 34 51 72 34
11 35 18 40 37
11 36 86 20 63
11 37 85 18 32
11 38 30 53 31
11 39 1 77 45
11 40 14 82 70
11 41 4 57 96
11 42 78 41 47
11 43 68 35 48
11 44 47 18 75
11 45 60 14 78
11 46 43 79 19
11 47 6 94 38
11 48 85 44 51
11 49 32 73 84
11 50 63 60 24
11 51 11 67 56
11 52 8 71 44
11 53 18 38 65
11 54 29 63 84
11 55 54 36 36
11 56 16 74 68
11 57 2 77 38
11 58 52 55 43
11 59 69 40 46
11 60 28 55 55
11 61 83 68 36
11 62 15 32 28
11 63 1 86 36
11 64 34 52 80
11 65 20 83 77
11 66 79 45 37
11 67 15 55 89
11 68 21 52 34
11 69 8 72 77
11 70 7 50 82
11 71 8 90 39
11 72 33 46 70
11 73 34 57 34
11 74 91 61 61
11 75 38 29 83
11 76 10 93 30
11 77 49 58 37
11 78 88 4 35
11 79 39 28 87
11 80 28 33 73
11 81 32 32 56
11 82 52 21 69
11 83 69 49 52
11 84 50 19 16
11 85 96 19 47
11 86 42 26 84
11 87 20 48 73
11 88 33 74 26
11 89 13 34 33
11 90 99 14 43
11 91 56 44 65
11 92 43 68 70
11 93 39 20 45
11 94 36 75 47
11 95 42 51 40
11 96 79 45 42
11 97 36 84 19
11 98 37 69 56
11 99 99 50 3
12 13 66 78 53
12 14 11 51 91
12 15 62 45 35
12 16 7 72 83
12 17 28 39 51
12 18 55 61 24
12 19 29 21 23
12 20 20 37 75
12 21 46 36 80
12 22 73 76 24
12 23 55 77 47
12 24 98 8 56
12 25 43 43 20
12 26 16 68 56
12 27 73 50 68
12 28 6 51 94
12 29 83 33 62
12 30 23 49 57
12 31 81 16 10
12 32 57 64 12
12 33 58 55 22
12 34 97 56 3
12 35 48 67 22
12 36 12 76 29
12 37 46 63 42
12 38 22 74 38
12 39 45 46 47
12 40 83 73 6
12 41 87 42 59
12 42 89 55 67
12 43 40 52 19
12 44 25 81 81
12 45 24 22 88
12 46 8 43 40
12 47 51 31 39
12 48 10 89 91
12 49 62 69 19
12 50 61 20 68
12 51 44 23 83
12 52 66 49 24
12 53 74 60 30
12 54 78 12 74
12 55 67 77 15
12 56 70 18 35
12 57 34 27 66
12 58 69 14 45
12 59 42 78 81
12 60 9 69 71
12 61 15 43 93
12 62 30 86 46
12 63 11 67 80
12 64 48 38 36
12 65 36 87 77
12 66 79 54 46
12 67 67 18 53
12 68 67 42 61
12 69 31 85 74
12 70 39 58 43
12 71 55 50 40
12 72 73 58 32
12 73 57 31 14
12 74 71 57 62
12 75 86 46 58
12 76 77 23 71
12 77 80 7 5
12 78 17 70 84
12 79 62 64 28
12 80 45 33 71
12 81 5 40 48
12 82 22 77 91
12 83 39 68 67
12 84 42 86 47
12 85 69 54 27
12 86 80 31 23
12 87 84 47 61
12 88 64 22 28
12 89 61 45 78
12 90 42 37 44
12 91 55 27 59
12 92 5 97 29
12 93 49 39 74
12 94 91 52 56
12 95 90 41 46
12 96 2 88 90
12 97 92 7 67
12 98 16 42 28
12 99 46 53 38
13 14 75 66 51
13 15 22 73 58
13 16 67 57 15
13 17 9 91 33
13 18 69 30 34
13 19 28 88 41
13 20 25 53 67
13 21 36 41 72
13 22 35 23 24
13 23 71 48 70
13 24 95 5 20
13 25 13 64 94
13 26 54 51 40
13 27 34 39 25
13 28 95 26 9
13 29 14 40 64
13 30 32 42 35
13 31 80 34 27
13 32 15 36 56
13 33 92 41 27
13 34 94 48 31
13 35 10 37 85
13 36 80 8 48
13 37 48 31 81
13 38 92 48 38
13 39 44 30 20
13 40 88 31 12
13 41 33 59 55
13 42 80 41 75
13 43 24 91 27
13 44 82 16 28
13 45 73 72 48
13 46 72 66 59
13 47 42 79 42
13 48 80 36 37
13 49 11 51 92
13 50 15 81 58
13 51 91 14 5
13 52 82 45 26
13 53 60 69 29
13 54 92 67 39
13 55 94 41 29
13 56 0 61 72
13 57 15 32 50
13 58 71 16 38
13 59 17 57 29
13 60 56 45 75
13 61 12 93 40
13 62 13 95 90
13 63 19 46 51
13 64 64 16 65
13 65 97 34 50
13 66 90 43 36
13 67 93 22 24
13 68 1 86 72
13 69 47 72 56
13 70 84 70 71
13 71 44 69 76
13 72 93 48 50
13 73 36 37 22
13 74 84 70 66
13 75 13 27 33
13 76 13 70 50
13 77 19 92 26
13 78 67 33 19
13 79 69 70 39
13 80 65 12 27
13 81 70 28 28
13 82 23 59 29
13 83 35 64 68
13 84 21 60 92
13 85 77 29 56
13 86 48 35 24
13 87 93 52 64
13 88 88 58 33
13 89 40 82 31
13 90 25 36 42
13 91 56 24 69
13 92 7 91 90
13 93 56 15 18
13 94 69 28 73
13 95 59 43 59
13 96 72 34 77
13 97 68 42 17
13 98 67 50 12
13 99 97 49 37
14 15 22 25 27
14 16 77 22 17
14 17 90 51 5
14 18 37 81 60
14 19 58 26 26
14 20 53 71 27
14 21 70 51 15
14 22 9 65 51
14 23 80 73 16
14 24 84 58 74
14 25 73 46 8
14 26 68 69 16
14 27 34 87 30
14 28 74 39 52
14 29 40 82 82
14 30 55 34 77
14 31 39 51 46
14 32 2 62 45
14 33 82 20 62
14 34 24 47 45
14 35 59 81 44
14 36 82 49 36
14 37 8 29 66
14 38 12 50 29
14 39 82 74 14
14 40 62 54 80
14 41 57 73 14
14 42 81 7 19
14 43 6 71 52
14 44 35 70 44
14 45 35 44 85
14 46 1 82 33
14 47 48 36 36
14 48 37 26 57
14 49 37 62 67
14 50 55 66 70
14 51 80 45 16
14 52 0 41 77
14 53 55 42 40
14 54 56 39 24
14 55 33 53 43
14 56 44 41 46
14 57 92 55 66
14 58 21 91 78
14 59 29 36 70
14 60 79 67 54
14 61 40 56 86
14 62 42 56 82
14 63 26 79 81
14 64 47 77 20
14 65 33 65 61
14 66 71 51 18
14 67 59 43 58
14 68 5 55 33
14 69 9 79 69
14 70 18 52 80
14 71 7 73 69
14 72 48 81 31
14 73 61 32 11
14 74 73 38 10
14 75 95 23 9
14 76 57 14 27
14 77 56 77 56
14 78 3 75 66
14 79 87 25 47
14 80 36 54 88
14 81 94 37 5
14 82 80 23 64
14 83 8 44 55
14 84 76 22 72
14 85 61 32 37
14 86 64 36 75
14 87 25 67 89
14 88 16 88 30
14 89 47 44 26
14 90 35 76 24
14 91 51 78 31
14 92 7 32 55
14 93 71 15 12
14 94 73 77 71
14 95 82 19 39
14 96 26 29 65
14 97 64 18 33
14 98 28 25 25
14 99 11 79 31
15 16 39 52 60
15 17 83 31 46
15 18 24 76 37
15 19 80 5 35
15 20 33 79 54
15 21 59 77 56
15 22 73 75 73
15 23 14 57 60
15 24 29 32 79
15 25 26 44 48
15 26 50 53 79
15 27 10 55 93
15 28 45 65 68
15 29 28 53 24
15 30 7 81 81
15 31 20 52 48
15 32 40 84 44
15 33 73 44 63
15 34 95 25 9
15 35 78 51 42
15 36 20 34 34
15 37 22 32 75
15 38 3 83 74
15 39 79 9 20
15 40 47 17 45
15 41 71 15 28
15 42 83 27 6
15 43 6 31 68
15 44 40 18 25
15 45 26 41 78
15 46 4 77 77
15 47 56 14 73
15 48 40 85 27
15 49 89 20 60
15 50 66 28 39
15 51 23 25 56
15 52 51 72 23
15 53 6 78 33
15 54 16 61 52
15 55 79 42 13
15 56 67 44 66
15 57 16 77 57
15 58 55 20 66
15 59 53 83 60
15 60 84 12 31
15 61 98 27 0
15 62 3 97 35
15 63 57 54 37
15 64 26 87 27
15 65 37 48 73
15 66 46 76 55
15 67 95 7 44
15 68 81 73 31
15 69 75 58 57
15 70 73 40 52
15 71 92 6 49
15 72 43 32 25
15 73 68 10 34
15 74 21 76 62
15 75 77 57 71
15 76 90 35 17
15 77 35 34 20
15 78 90 55 9
15 79 27 25 33
15 80 20 24 37
15 81 8 80 88
15 82 36 29 69
15 83 28 44 57
15 84 31 31 47
15 85 49 36 62
15 86 6 91 74
15 87 42 23 28
15 88 57 43 73
15 89 56 67 62
15 90 58 42 49
15 91 38 48 47
15 92 50 76 80
15 93 9 63 85
15 94 70 77 16
15 95 71 55 32
15 96 75 24 46
15 97 57 78 45
15 98 5 31 43
15 99 80 51 70
16 17 97 23 22
16 18 11 88 94
16 19 6 90 67
16 20 92 22 6
16 21 48 46 26
16 22 67 23 45
16 23 43 32 20
16 24 93 16 49
16 25 52 29 36
16 26 68 62 42
16 27 40 20 18
16 28 60 40 40
16 29 20 63 44
16 30 4 73 78
16 31 63 39 62
16 32 55 73 14
16 33 77 61 42
16 34 53 56 66
16 35 39 48 28
16 36 53 34 56
16 37 83 52 17
16 38 83 21 63
16 39 49 44 51
16 40 17 47 49
16 41 84 47 51
16 42 91 69 26
16 43 12 34 54
16 44 40 25 83
16 45 44 59 68
16 46 26 59 50
16 47 35 88 69
16 48 30 88 83
16 49 25 23 86
16 50 15 66 72
16 51 5 90 28
16 52 25 84 51
16 53 96 14 44
16 54 3 89 80
16 55 52 20 40
16 56 65 69 25
16 57 3 30 69
16 58 93 12 23
16 59 86 37 17
16 60 28 26 39
16 61 32 30 54
16 62 96 59 57
16 63 23 40 40
16 64 65 26 74
16 65 93 19 61
16 66 10 54 71
16 67 70 72 28
16 68 83 31 39
16 69 85 15 71
16 70 16 61 72
16 71 86 18 16
16 72 27 24 71
16 73 18 34 38
16 74 14 95 72
16 75 99 37 55
16 76 0 85 84
16 77 95 28 45
16 78 85 64 49
16 79 12 78 28
16 80 10 34 74
16 81 11 40 34
16 82 18 81 68
16 83 18 64 49
16 84 40 56 53
16 85 40 87 50
16 86 92 35 40
16 87 39 59 53
16 88 94 29 3
16 89 45 27 56
16 90 96 21 40
16 91 44 39 64
16 92 43 39 50
16 93 46 21 20
16 94 86 37 33
16 95 98 4 40
16 96 4 58 87
16 97 26 52 46
16 98 50 26 68
16 99 69 29 10
17 18 29 75 39
17 19 72 42 8
17 20 15 81 56
17 21 30 56 49
17 22 33 63 25
17 23 78 35 49
17 24 14 82 30
17 25 11 67 59
17 26 14 85 40
17 27 83 44 22
17 28 29 39 49
17 29 30 25 37
17 30 8 60 73
17 31 90 11 4
17 32 81 32 6
17 33 80 42 48
17 34 54 62 21
17 35 57 44 20
17 36 62 32 54
17 37 72 41 20
17 38 0 95 35
17 39 84 33 6
17 40 39 59 68
17 41 95 10 65
17 42 53 60 36
17 43 56 14 42
17 44 59 62 16
17 45 26 25 63
17 46 85 60 62
17 47 5 62 64
17 48 85 14 29
17 49 6 95 76
17 50 7 62 65
17 51 86 52 47
17 52 57 44 71
17 53 74 65 44
17 54 70 57 72
17 55 66 24 61
17 56 96 32 42
17 57 15 25 38
17 58 22 50 68
17 59 89 56 67
17 60 57 30 23
17 61 31 61 64
17 62 64 77 74
17 63 12 37 76
17 64 29 75 79
17 65 84 65 5
17 66 57 38 15
17 67 94 17 27
17 68 79 36 23
17 69 97 21 2
17 70 83 49 56
17 71 94 5 15
17 72 89 57 48
17 73 47 27 58
17 74 94 2 55
17 75 48 63 75
17 76 31 32 52
17 77 15 71 53
17 78 92 53 41
17 79 76 49 76
17 80 43 24 35
17 81 32 73 82
17 82 24 40 78
17 83 59 52 42
17 84 35 56 42
17 85 18 69 60
17 86 25 43 48
17 87 88 43 40
17 88 94 39 56
17 89 67 22 10
17 90 76 70 76
17 91 13 80 75
17 92 58 56 72
17 93 50 47 39
17 94 14 94 58
17 95 53 45 23
17 96 5 94 35
17 97 88 9 23
17 98 23 54 56
17 99 80 72 18
18 19 20 50 67
18 20 28 61 26
18 21 86 10 28
18 22 59 36 50
18 23 73 47 38
18 24 16 63 41
18 25 75 23 58
18 26 79 36 18
18 27 0 61 84
18 28 40 59 23
18 29 30 72 46
18 30 60 78 71
18 31 42 86 68
18 32 42 26 27
18 33 40 35 39
18 34 4 35 42
18 35 64 43 11
18 36 35 74 39
18 37 27 88 33
18 38 35 68 63
18 39 9 32 27
18 40 23 26 88
18 41 51 35 21
18 42 39 72 60
18 43 96 67 53
18 44 54 55 37
18 45 45 22 73
18 46 83 30 20
18 47 13 69 31
18 48 7 90 94
18 49 99 41 50
18 50 68 68 30
18 51 0 49 86
18 52 9 67 48
18 53 71 21 42
18 54 48 16 27
18 55 89 30 32
18 56 67 24 67
18 57 97 69 28
18 58 61 76 77
18 59 25 44 72
18 60 41 69 75
18 61 14 92 48
18 62 5 66 49
18 63 74 69 40
18 64 95 16 39
18 65 44 31 85
18 66 0 51 42
18 67 1 32 64
18 68 26 54 79
18 69 46 60 80
18 70 30 49 20
18 71 28 59 51
18 72 5 50 75
18 73 0 99 52
18 74 0 52 45
18 75 97 58 62
18 76 50 17 64
18 77 93 11 8
18 78 89 14 54
18 79 3 32 70
18 80 25 44 60
18 81 90 15 9
18 82 38 41 80
18 83 77 67 50
18 84 55 37 24
18 85 77 8 51
18 86 13 49 42
18 87 41 48 18
18 88 93 34 10
18 89 82 5 20
18 90 24 23 45
18 91 66 23 79
18 92 88 70 47
18 93 46 74 73
18 94 63 48 74
18 95 82 9 42
18 96 45 57 72
18 97 52 81 23
18 98 93 53 45
18 99 72 72 75
19 20 50 34 24
19 21 25 49 49
19 22 30 65 57
19 23 89 42 43
19 24 86 33 17
19 25 40 19 37
19 26 87 23 50
19 27 16 86 84
19 28 96 25 29
19 29 33 47 89
19 30 35 27 30
19 31 38 78 47
19 32 15 27 41
19 33 26 53 51
19 34 80 10 32
19 35 4 49 95
19 36 38 62 48
19 37 92 34 7
19 38 24 55 72
19 39 60 40 62
19 40 35 69 76
19 41 65 43 63
19 42 97 39 16
19 43 24 54 29
19 44 94 57 10
19 45 1 58 53
19 46 60 75 73
19 47 45 50 26
19 48 53 43 24
19 49 70 73 36
19 50 65 72 72
19 51 50 36 32
19 52 71 42 54
19 53 80 75 58
19 54 70 9 43
19 55 70 76 56
19 56 13 64 44
19 57 86 12 42
19 58 24 70 75
19 59 68 62 76
19 60 3 73 71
19 61 30 28 66
19 62 13 78 51
19 63 98 11 47
19 64 76 31 51
19 65 82 27 23
19 66 27 26 71
19 67 8 57 59
19 68 42 37 60
19 69 68 32 21
19 70 67 67 35
19 71 93 34 42
19 72 55 29 52
19 73 95 70 23
19 74 4 50 47
19 75 61 59 28
19 76 2 86 43
19 77 90 52 6
19 78 57 31 81
19 79 58 31 41
19 80 83 16 43
19 81 12 52 87
19 82 77 28 34
19 83 96 7 46
19 84 72 14 45
19 85 78 36 53
19 86 29 22 66
19 87 5 59 83
19 88 87 35 21
19 89 30 27 76
19 90 10 42 60
19 91 61 76 80
19 92 19 61 58
19 93 35 50 72
19 94 70 22 22
19 95 8 90 53
19 96 41 49 19
19 97 15 83 49
19 98 62 59 33
19 99 38 33 70
20 21 9 91 61
20 22 44 56 75
20 23 39 29 30
20 24 60 54 24
20 25 53 77 28
20 26 18 38 87
20 27 9 62 81
20 28 4 51 86
20 29 1 75 61
20 30 96 61 55
20 31 34 70 76
20 32 0 32 68
20 33 71 9 66
20 34 52 47 83
20 35 68 24 24
20 36 63 15 51
20 37 42 82 21
20 38 50 58 33
20 39 35 61 23
20 40 84 16 14
20 41 62 66 66
20 42 13 80 66
20 43 70 13 53
20 44 74 48 60
20 45 64 23 68
20 46 50 67 29
20 47 20 64 92
20 48 73 15 75
20 49 96 48 15
20 50 63 22 65
20 51 15 91 50
20 52 55 82 32
20 53 56 55 49
20 54 19 93 85
20 55 89 12 65
20 56 30 68 79
20 57 90 33 5
20 58 40 59 38
20 59 64 69 69
20 60 73 47 41
20 61 85 74 68
20 62 77 66 11
20 63 36 88 24
20 64 89 45 48
20 65 61 38 24
20 66 90 13 63
20 67 73 31 26
20 68 16 46 82
20 69 23 81 83
20 70 51 28 42
20 71 89 4 59
20 72 57 70 45
20 73 38 19 79
20 74 43 43 25
20 75 88 73 47
20 76 70 57 16
20 77 59 50 34
20 78 72 29 29
20 79 46 64 68
20 80 12 74 37
20 81 12 35 89
20 82 99 65 39
20 83 65 57 63
20 84 70 21 74
20 85 3 41 28
20 86 12 91 29
20 87 54 43 74
20 88 96 55 58
20 89 70 22 52
20 90 14 34 90
20 91 61 31 55
20 92 41 80 83
20 93 73 24 46
20 94 27 69 32
20 95 1 57 43
20 96 44 38 71
20 97 21 73 61
20 98 68 28 56
20 99 35 60 58
21 22 26 91 22
21 23 67 63 34
21 24 14 58 78
21 25 65 57 58
21 26 40 67 61
21 27 76 24 45
21 28 61 55 17
21 29 26 40 52
21 30 75 58 57
21 31 97 41 55
21 32 53 59 69
21 33 56 19 71
21 34 90 7 46
21 35 68 62 52
21 36 66 38 18
21 37 62 54 60
21 38 78 37 51
21 39 67 44 19
21 40 67 31 64
21 41 64 11 59
21 42 21 69 24
21 43 6 61 34
21 44 44 46 57
21 45 42 22 77
21 46 56 51 25
21 47 64 76 18
21 48 28 78 47
21 49 57 38 14
21 50 7 61 40
21 51 21 88 55
21 52 57 54 27
21 53 85 44 72
21 54 93 8 58
21 55 4 53 36
21 56 23 28 79
21 57 47 59 69
21 58 33 49 34
21 59 71 75 48
21 60 85 33 26
21 61 79 58 40
21 62 25 42 36
21 63 2 66 96
21 64 61 75 41
21 65 40 71 39
21 66 67 51 73
21 67 54 29 23
21 68 55 47 61
21 69 60 13 56
21 70 86 8 41
21 71 2 83 49
21 72 91 17 40
21 73 40 78 29
21 74 42 86 68
21 75 35 70 28
21 76 73 41 12
21 77 10 96 69
21 78 39 69 30
21 79 54 38 37
21 80 97 64 30
21 81 28 49 34
21 82 95 64 32
21 83 67 70 18
21 84 96 25 36
21 85 96 22 44
21 86 71 76 36
21 87 8 45 43
21 88 11 62 70
21 89 12 73 52
21 90 9 72 53
21 91 30 63 78
21 92 45 82 83
21 93 7 36 35
21 94 29 56 34
21 95 26 64 67
21 96 45 56 55
21 97 38 36 79
21 98 12 56 77
21 99 7 95 86
22 23 68 57 59
22 24 97 65 55
22 25 17 69 73
22 26 38 68 42
22 27 17 46 60
22 28 81 43 47
22 29 76 30 46
22 30 74 46 32
22 31 67 11 41
22 32 34 82 47
22 33 8 54 52
22 34 22 34 57
22 35 87 54 30
22 36 58 59 28
22 37 63 34 57
22 38 40 76 27
22 39 88 61 12
22 40 93 36 14
22 41 2 38 88
22 42 95 14 10
22 43 16 64 42
22 44 44 67 48
22 45 15 72 56
22 46 8 77 49
22 47 7 92 42
22 48 53 26 47
22 49 38 87 25
22 50 49 25 47
22 51 78 38 9
22 52 17 83 70
22 53 3 78 80
22 54 0 56 45
22 55 29 87 37
22 56 69 61 68
22 57 54 76 37
22 58 69 25 58
22 59 85 42 29
22 60 57 72 15
22 61 26 23 43
22 62 48 45 42
22 63 83 25 35
22 64 72 10 67
22 65 34 52 40
22 66 35 30 25
22 67 60 14 63
22 68 30 66 55
22 69 53 31 17
22 70 64 38 13
22 71 87 37 51
22 72 43 64 39
22 73 19 82 49
22 74 12 50 31
22 75 30 60 24
22 76 1 44 62
22 77 49 84 51
22 78 35 42 51
22 79 70 16 42
22 80 6 46 95
22 81 32 24 72
22 82 77 8 17
22 83 0 37 77
22 84 82 51 37
22 85 41 17 61
22 86 3 37 86
22 87 66 34 54
22 88 79 14 64
22 89 43 34 78
22 90 86 35 31
22 91 18 63 30
22 92 36 58 78
22 93 75 24 53
22 94 78 64 19
22 95 32 68 62
22 96 13 52 29
22 97 47 32 30
22 98 35 26 52
22 99 49 20 39
23 24 17 54 48
23 25 77 30 7
23 26 50 73 68
23 27 55 81 20
23 28 54 22 17
23 29 80 36 10
23 30 41 29 30
23 31 99 62 52
23 32 76 14 61
23 33 31 28 54
23 34 55 64 43
23 35 35 89 28
23 36 84 59 23
23 37 20 86 30
23 38 29 77 62
23 39 15 55 37
23 40 18 42 32
23 41 62 15 30
23 42 62 58 79
23 43 79 57 54
23 44 26 51 91
23 45 32 42 88
23 46 4 78 52
23 47 19 48 85
23 48 77 34 10
23 49 16 70 78
23 50 68 30 71
23 51 38 25 31
23 52 74 52 30
23 53 57 64 32
23 54 22 53 31
23 55 4 39 55
23 56 20 54 29
23 57 87 4 65
23 58 59 67 27
23 59 93 4 25
23 60 37 19 51
23 61 75 18 11
23 62 89 6 47
23 63 73 51 23
23 64 3 30 70
23 65 53 70 15
23 66 95 15 23
23 67 67 76 40
23 68 80 13 49
23 69 3 69 58
23 70 69 60 10
23 71 65 62 68
23 72 46 69 57
23 73 88 69 35
23 74 1 76 75
23 75 59 73 51
23 76 91 52 33
23 77 37 42 65
23 78 99 55 49
23 79 77 47 34
23 80 24 29 73
23 81 13 70 28
23 82 38 40 46
23 83 47 59 53
23 84 59 32 36
23 85 82 15 61
23 86 90 27 9
23 87 73 7 68
23 88 92 17 44
23 89 75 56 61
23 90 49 38 78
23 91 61 73 21
23 92 37 20 86
23 93 75 14 28
23 94 53 76 82
23 95 1 90 94
23 96 27 73 85
23 97 26 37 38
23 98 28 30 58
23 99 68 28 18
24 25 86 53 35
24 26 39 86 56
24 27 80 41 5
24 28 86 46 19
24 29 73 9 9
24 30 2 31 41
24 31 67 21 44
24 32 75 66 20
24 33 78 40 68
24 34 0 76 61
24 35 89 67 23
24 36 77 62 29
24 37 23 33 75
24 38 70 78 55
24 39 59 17 81
24 40 63 22 74
24 41 77 14 67
24 42 19 80 56
24 43 96 19 4
24 44 95 17 62
24 45 87 6 43
24 46 90 64 49
24 47 57 41 80
24 48 91 26 48
24 49 39 65 48
24 50 25 39 83
24 51 25 47 71
24 52 41 26 29
24 53 8 27 64
24 54 93 57 12
24 55 92 30 19
24 56 31 66 44
24 57 5 97 72
24 58 37 65 22
24 59 98 57 18
24 60 69 68 49
24 61 38 81 35
24 62 31 54 80
24 63 33 27 54
24 64 4 37 92
24 65 64 47 57
24 66 55 39 57
24 67 40 35 59
24 68 98 32 40
24 69 80 69 17
24 70 82 27 40
24 71 19 46 42
24 72 69 59 42
24 73 71 19 62
24 74 87 41 45
24 75 21 39 45
24 76 19 94 74
24 77 1 41 65
24 78 13 31 61
24 79 87 50 55
24 80 89 61 24
24 81 86 44 46
24 82 52 52 54
24 83 52 81 81
24 84 94 71 68
24 85 0 58 57
24 86 68 22 51
24 87 3 77 86
24 88 61 54 37
24 89 39 25 67
24 90 71 18 44
24 91 63 69 47
24 92 87 49 7
24 93 50 45 76
24 94 73 25 50
24 95 74 26 66
24 96 86 5 72
24 97 97 12 33
24 98 71 23 45
24 99 44 72 66
25 26 35 87 45
25 27 16 82 55
25 28 31 69 58
25 29 35 43 23
25 30 37 38 27
25 31 47 41 17
25 32 68 36 54
25 33 50 19 64
25 34 99 66 60
25 35 0 31 38
25 36 86 22 61
25 37 21 60 29
25 38 99 26 62
25 39 52 69 80
25 40 98 47 62
25 41 7 80 55
25 42 26 89 63
25 43 56 81 32
25 44 78 21 12
25 45 35 74 20
25 46 46 38 23
25 47 12 37 29
25 48 91 66 15
25 49 1 85 65
25 50 2 42 36
25 51 46 63 82
25 52 31 27 66
25 53 58 54 62
25 54 11 50 62
25 55 96 21 67
25 56 44 74 44
25 57 44 57 31
25 58 5 60 90
25 59 38 33 28
25 60 98 3 57
25 61 92 57 7
25 62 49 65 20
25 63 64 58 59
25 64 94 18 12
25 65 29 51 90
25 66 83 15 45
25 67 32 40 54
25 68 27 28 75
25 69 67 49 50
25 70 54 47 48
25 71 73 28 50
25 72 41 50 36
25 73 22 62 69
25 74 14 85 83
25 75 26 22 32
25 76 16 84 59
25 77 70 57 71
25 78 60 64 69
25 79 95 38 55
25 80 39 69 46
25 81 11 32 89
25 82 51 75 32
25 83 76 56 43
25 84 22 78 72
25 85 24 46 30
25 86 86 73 10
25 87 17 67 80
25 88 99 65 59
25 89 34 76 31
25 90 66 59 19
25 91 82 55 11
25 92 20 77 46
25 93 34 83 42
25 94 39 23 42
25 95 55 76 34
25 96 47 37 54
25 97 11 82 32
25 98 42 82 85
25 99 20 48 88
26 27 65 59 69
26 28 70 54 35
26 29 67 41 14
26 30 20 78 84
26 31 40 69 46
26 32 40 69 35
26 33 31 23 24
26 34 58 80 80
26 35 18 26 81
26 36 79 69 30
26 37 51 68 49
26 38 71 59 47
26 39 95 53 28
26 40 34 32 43
26 41 58 78 21
26 42 50 58 73
26 43 53 34 20
26 44 43 59 85
26 45 31 72 80
26 46 69 38 29
26 47 48 81 34
26 48 63 19 39
26 49 43 52 69
26 50 81 31 33
26 51 24 56 53
26 52 75 33 68
26 53 67 20 18
26 54 13 83 58
26 55 81 57 33
26 56 97 52 13
26 57 67 79 51
26 58 10 83 48
26 59 35 27 33
26 60 53 21 46
26 61 86 53 67
26 62 60 31 66
26 63 7 64 46
26 64 24 24 75
26 65 32 35 46
26 66 14 75 31
26 67 51 21 55
26 68 61 29 25
26 69 6 50 57
26 70 81 51 32
26 71 84 24 32
26 72 68 73 61
26 73 65 35 64
26 74 45 48 55
26 75 67 52 49
26 76 39 35 31
26 77 71 67 76
26 78 88 55 71
26 79 97 55 6
26 80 12 29 84
26 81 2 40 33
26 82 81 66 53
26 83 33 21 48
26 84 90 38 59
26 85 96 36 58
26 86 84 52 69
26 87 3 89 63
26 88 61 70 16
26 89 5 32 38
26 90 6 84 52
26 91 24 33 36
26 92 31 64 25
26 93 12 82 46
26 94 64 79 17
26 95 80 58 54
26 96 21 48 28
26 97 58 79 35
26 98 50 34 40
26 99 27 90 82
27 28 38 60 83
27 29 3 55 34
27 30 62 67 66
27 31 45 74 24
27 32 99 47 57
27 33 60 28 67
27 34 27 52 67
27 35 99 19 37
27 36 30 27 28
27 37 38 43 28
27 38 4 42 47
27 39 22 63 78
27 40 75 23 60
27 41 83 38 44
27 42 8 27 44
27 43 76 11 31
27 44 59 35 29
27 45 80 58 47
27 46 6 55 83
27 47 72 26 17
27 48 59 58 72
27 49 82 40 54
27 50 31 72 38
27 51 98 3 50
27 52 8 67 57
27 53 72 22 16
27 54 31 34 68
27 55 34 80 49
27 56 13 45 72
27 57 92 9 40
27 58 20 81 51
27 59 80 33 32
27 60 98 37 23
27 61 43 24 61
27 62 95 69 3
27 63 27 76 61
27 64 67 42 23
27 65 25 80 39
27 66 90 30 36
27 67 54 82 29
27 68 26 87 33
27 69 81 40 21
27 70 15 88 47
27 71 40 70 85
27 72 1 78 32
27 73 44 62 47
27 74 87 52 7
27 75 9 75 95
27 76 93 2 20
27 77 36 86 46
27 78 87 32 35
27 79 11 92 57
27 80 99 63 36
27 81 71 22 22
27 82 54 19 76
27 83 29 23 83
27 84 15 83 72
27 85 77 39 73
27 86 19 52 60
27 87 25 76 28
27 88 14 30 94
27 89 65 15 27
27 90 63 67 49
27 91 96 55 61
27 92 45 38 43
27 93 42 85 79
27 94 78 35 37
27 95 12 74 29
27 96 88 15 6
27 97 74 76 59
27 98 70 68 29
27 99 94 47 53
28 29 7 41 50
28 30 70 66 30
28 31 55 13 32
28 32 90 69 46
28 33 37 53 76
28 34 41 46 85
28 35 65 67 47
28 36 0 80 66
28 37 82 40 54
28 38 46 38 29
28 39 61 52 17
28 40 85 69 66
28 41 80 21 7
28 42 62 14 42
28 43 97 47 10
28 44 74 58 13
28 45 4 83 76
28 46 38 67 49
28 47 16 32 77
28 48 73 10 58
28 49 4 51 85
28 50 6 60 54
28 51 89 72 10
28 52 33 24 52
28 53 96 40 57
28 54 60 12 51
28 55 42 78 86
28 56 36 50 41
28 57 33 23 26
28 58 68 66 31
28 59 72 33 52
28 60 90 11 72
28 61 88 58 41
28 62 55 80 64
28 63 25 29 67
28 64 59 80 33
28 65 32 87 27
28 66 18 68 45
28 67 23 82 41
28 68 78 24 42
28 69 93 35 41
28 70 33 88 74
28 71 35 36 61
28 72 30 30 42
28 73 11 68 39
28 74 67 45 34
28 75 4 72 92
28 76 38 48 77
28 77 69 54 77
28 78 51 63 51
28 79 78 71 35
28 80 47 23 79
28 81 9 30 41
28 82 71 44 46
28 83 71 16 69
28 84 74 33 15
28 85 31 59 88
28 86 30 76 60
28 87 41 29 33
28 88 25 47 87
28 89 36 39 54
28 90 16 41 61
28 91 31 20 23
28 92 92 17 66
28 93 68 43 53
28 94 56 38 17
28 95 15 30 47
28 96 86 29 44
28 97 31 87 61
28 98 81 8 14
28 99 76 17 55
29 30 95 70 43
29 31 85 24 73
29 32 81 65 75
29 33 86 14 14
29 34 88 5 71
29 35 68 44 31
29 36 39 27 33
29 37 93 70 4
29 38 92 19 46
29 39 50 27 59
29 40 35 25 22
29 41 78 58 54
29 42 84 64 59
29 43 26 29 87
29 44 74 40 70
29 45 31 45 21
29 46 53 51 27
29 47 98 56 68
29 48 94 31 67
29 49 70 57 48
29 50 25 67 74
29 51 8 53 83
29 52 22 90 67
29 53 53 33 75
29 54 37 55 28
29 55 92 58 12
29 56 75 8 72
29 57 44 34 68
29 58 8 76 70
29 59 66 27 22
29 60 23 32 92
29 61 42 59 70
29 62 91 40 7
29 63 94 71 35
29 64 47 17 68
29 65 15 58 37
29 66 70 39 50
29 67 11 75 30
29 68 92 13 40
29 69 54 34 62
29 70 43 20 82
29 71 43 66 58
29 72 6 65 41
29 73 25 73 78
29 74 35 25 74
29 75 94 55 40
29 76 91 41 43
29 77 0 89 38
29 78 87 5 15
29 79 55 14 77
29 80 56 33 33
29 81 98 70 10
29 82 11 44 70
29 83 65 63 22
29 84 27 61 62
29 85 81 53 68
29 86 19 64 85
29 87 57 51 43
29 88 79 60 9
29 89 81 35 51
29 90 81 22 11
29 91 67 23 63
29 92 39 22 23
29 93 62 30 22
29 94 56 35 19
29 95 28 29 65
29 96 5 32 55
29 97 70 78 53
29 98 52 66 40
29 99 34 41 28
30 31 7 53 79
30 32 6 77 69
30 33 66 60 29
30 34 63 70 65
30 35 98 44 54
30 36 51 29 27
30 37 31 20 40
30 38 45 56 35
30 39 33 67 52
30 40 80 51 41
30 41 87 44 4
30 42 71 72 62
30 43 44 70 44
30 44 95 65 10
30 45 29 65 48
30 46 33 33 88
30 47 63 30 69
30 48 42 41 24
30 49 87 24 43
30 50 60 47 63
30 51 76 73 29
30 52 12 89 62
30 53 75 61 48
30 54 21 34 88
30 55 48 69 78
30 56 67 39 11
30 57 63 69 63
30 58 4 94 77
30 59 90 10 66
30 60 93 51 43
30 61 28 77 56
30 62 41 34 45
30 63 47 27 24
30 64 17 74 58
30 65 83 62 25
30 66 45 48 45
30 67 28 66 21
30 68 28 38 87
30 69 70 39 28
30 70 87 17 17
30 71 65 64 19
30 72 97 46 58
30 73 46 23 59
30 74 79 21 11
30 75 45 46 37
30 76 55 80 74
30 77 52 80 53
30 78 64 14 49
30 79 52 33 53
30 80 69 49 58
30 81 99 49 24
30 82 79 15 70
30 83 49 73 38
30 84 81 54 6
30 85 50 36 69
30 86 50 73 81
30 87 10 40 89
30 88 90 21 36
30 89 31 65 74
30 90 63 66 27
30 91 55 21 31
30 92 33 59 51
30 93 4 36 85
30 94 56 81 40
30 95 0 77 76
30 96 90 32 71
30 97 68 27 10
30 98 98 49 63
30 99 49 82 20
31 32 55 62 78
31 33 62 53 74
31 34 54 74 61
31 35 70 57 72
31 36 36 32 43
31 37 40 69 71
31 38 31 43 42
31 39 20 89 70
31 40 69 51 21
31 41 58 46 34
31 42 85 58 43
31 43 85 25 45
31 44 90 36 24
31 45 42 77 22
31 46 3 35 79
31 47 44 72 80
31 48 96 29 9
31 49 32 77 30
31 50 81 27 10
31 51 73 31 21
31 52 17 38 33
31 53 7 83 31
31 54 41 59 58
31 55 96 54 13
31 56 23 66 68
31 57 10 41 89
31 58 19 68 79
31 59 1 29 84
31 60 87 31 61
31 61 38 33 75
31 62 21 56 84
31 63 35 51 20
31 64 86 59 72
31 65 14 31 87
31 66 41 25 49
31 67 41 48 84
31 68 75 39 65
31 69 81 33 36
31 70 19 67 91
31 71 19 56 61
31 72 83 41 36
31 73 13 57 60
31 74 2 56 92
31 75 87 73 67
31 76 8 82 64
31 77 48 16 31
31 78 1 64 64
31 79 8 60 46
31 80 7 78 51
31 81 27 48 47
31 82 4 44 40
31 83 59 40 70
31 84 74 44 20
31 85 5 33 64
31 86 30 47 72
31 87 56 25 37
31 88 90 14 53
31 89 33 74 75
31 90 20 53 59
31 91 80 70 26
31 92 88 17 12
31 93 5 35 45
31 94 8 50 64
31 95 79 37 62
31 96 71 12 15
31 97 92 40 25
31 98 49 39 78
31 99 4 45 34
32 33 2 80 87
32 34 52 75 67
32 35 36 56 62
32 36 85 7 5
32 37 26 79 75
32 38 45 28 66
32 39 49 62 37
32 40 1 46 68
32 41 3 79 50
32 42 68 25 12
32 43 51 36 64
32 44 88 40 58
32 45 49 70 84
32 46 92 21 58
32 47 56 73 27
32 48 10 81 72
32 49 47 44 62
32 50 60 13 37
32 51 52 38 49
32 52 30 25 39
32 53 47 17 63
32 54 54 46 14
32 55 36 48 39
32 56 48 55 78
32 57 42 18 51
32 58 97 37 7
32 59 51 54 67
32 60 51 79 44
32 61 82 65 23
32 62 13 83 91
32 63 45 80 35
32 64 86 21 30
32 65 30 36 24
32 66 7 95 82
32 67 5 81 38
32 68 99 41 41
32 69 5 31 45
32 70 35 86 77
32 71 13 64 39
32 72 99 55 59
32 73 14 76 86
32 74 15 37 50
32 75 84 26 30
32 76 88 38 71
32 77 66 48 66
32 78 69 30 20
32 79 6 85 65
32 80 39 78 87
32 81 0 52 42
32 82 61 20 44
32 83 67 10 43
32 84 59 19 72
32 85 45 56 32
32 86 22 65 76
32 87 19 74 70
32 88 5 42 90
32 89 64 43 54
32 90 8 87 69
32 91 44 43 66
32 92 79 9 68
32 93 43 27 26
32 94 3 32 88
32 95 68 51 12
32 96 43 47 27
32 97 31 55 48
32 98 42 51 64
32 99 78 22 19
33 34 28 75 61
33 35 24 42 35
33 36 33 70 54
33 37 14 81 48
33 38 79 65 73
33 39 4 87 60
33 40 30 77 58
33 41 77 74 23
33 42 55 34 83
33 43 41 25 41
33 44 10 93 39
33 45 81 32 55
33 46 30 66 78
33 47 37 79 22
33 48 25 72 87
33 49 44 52 48
33 50 32 87 59
33 51 55 81 30
33 52 37 42 88
33 53 97 60 48
33 54 60 38 24
33 55 10 86 86
33 56 80 40 64
33 57 12 36 62
33 58 22 62 53
33 59 12 54 53
33 60 54 41 31
33 61 82 6 5
33 62 67 60 46
33 63 10 73 93
33 64 38 65 73
33 65 46 47 66
33 66 33 85 21
33 67 36 83 84
33 68 83 32 14
33 69 27 37 63
33 70 43 59 69
33 71 77 46 10
33 72 60 43 20
33 73 4 67 70
33 74 98 27 35
33 75 93 23 40
33 76 56 44 72
33 77 61 79 61
33 78 82 18 69
33 79 37 29 83
33 80 89 57 15
33 81 56 52 29
33 82 22 42 68
33 83 13 32 85
33 84 24 55 85
33 85 90 11 12
33 86 59 53 25
33 87 82 16 16
33 88 20 66 41
33 89 49 65 20
33 90 13 35 45
33 91 51 25 25
33 92 41 45 51
33 93 80 67 27
33 94 45 32 39
33 95 4 67 80
33 96 94 38 8
33 97 49 19 66
33 98 57 36 54
33 99 35 33 52
34 35 96 9 44
34 36 7 48 60
34 37 86 15 11
34 38 47 85 71
34 39 44 58 27
34 40 40 43 43
34 41 33 25 37
34 42 8 60 74
34 43 10 78 70
34 44 26 80 78
34 45 26 37 73
34 46 25 36 26
34 47 84 69 72
34 48 35 50 63
34 49 44 72 41
34 50 85 58 54
34 51 16 56 68
34 52 56 43 65
34 53 99 48 58
34 54 32 39 33
34 55 70 39 16
34 56 43 18 75
34 57 37 38 23
34 58 68 15 51
34 59 33 47 78
34 60 89 7 54
34 61 49 61 38
34 62 11 78 59
34 63 15 67 92
34 64 7 97 59
34 65 19 90 26
34 66 54 14 70
34 67 43 27 32
34 68 3 42 30
34 69 68 29 34
34 70 34 73 85
34 71 63 49 13
34 72 5 70 80
34 73 85 24 47
34 74 97 40 32
34 75 9 35 55
34 76 4 68 56
34 77 2 89 37
34 78 64 15 53
34 79 34 79 45
34 80 93 65 48
34 81 91 59 13
34 82 80 21 28
34 83 73 63 38
34 84 35 43 20
34 85 54 24 59
34 86 95 37 27
34 87 37 68 40
34 88 10 57 88
34 89 46 24 80
34 90 87 5 60
34 91 92 31 71
34 92 45 45 38
34 93 42 54 21
34 94 44 75 30
34 95 44 17 48
34 96 81 58 49
34 97 11 26 50
34 98 97 66 28
34 99 24 54 42
35 36 95 23 25
35 37 96 23 26
35 38 46 62 69
35 39 58 55 35
35 40 53 51 73
35 41 28 66 91
35 42 69 69 77
35 43 6 63 97
35 44 27 30 26
35 45 26 23 83
35 46 31 66 71
35 47 2 69 63
35 48 12 49 58
35 49 28 53 44
35 50 7 53 68
35 51 12 74 81
35 52 13 39 88
35 53 6 47 35
35 54 48 23 57
35 55 84 35 53
35 56 48 16 21
35 57 14 28 93
35 58 48 63 46
35 59 15 81 48
35 60 39 29 20
35 61 87 39 5
35 62 42 86 59
35 63 80 43 43
35 64 3 38 73
35 65 84 25 34
35 66 76 33 43
35 67 16 61 71
35 68 0 36 65
35 69 2 44 47
35 70 62 69 65
35 71 95 39 59
35 72 24 40 37
35 73 52 18 19
35 74 20 75 78
35 75 49 37 45
35 76 83 30 38
35 77 81 49 69
35 78 88 4 60
35 79 52 59 32
35 80 14 58 39
35 81 63 68 52
35 82 76 72 30
35 83 92 65 63
35 84 62 15 31
35 85 50 37 32
35 86 83 36 59
35 87 71 67 25
35 88 88 50 33
35 89 65 79 74
35 90 73 11 20
35 91 32 29 23
35 92 25 27 71
35 93 42 85 37
35 94 45 32 24
35 95 68 59 13
35 96 28 90 57
35 97 61 51 40
35 98 4 40 29
35 99 5 61 47
36 37 48 34 58
36 38 19 35 73
36 39 55 19 51
36 40 82 61 22
36 41 76 38 73
36 42 9 70 78
36 43 67 12 21
36 44 15 74 93
36 45 79 71 72
36 46 98 34 21
36 47 53 34 22
36 48 31 46 87
36 49 72 24 31
36 50 21 80 36
36 51 59 47 46
36 52 91 22 38
36 53 83 53 35
36 54 14 29 63
36 55 77 52 14
36 56 64 25 50
36 57 20 78 70
36 58 56 76 45
36 59 83 59 36
36 60 70 21 70
36 61 73 73 19
36 62 66 38 79
36 63 34 24 31
36 64 20 86 75
36 65 88 49 40
36 66 39 38 27
36 67 17 62 30
36 68 74 24 76
36 69 50 64 56
36 70 8 40 82
36 71 10 47 53
36 72 47 64 80
36 73 12 39 65
36 74 44 81 20
36 75 82 46 69
36 76 36 68 46
36 77 98 69 17
36 78 21 70 85
36 79 17 88 92
36 80 95 5 43
36 81 80 64 10
36 82 50 43 62
36 83 40 36 43
36 84 99 40 42
36 85 90 70 48
36 86 86 58 55
36 87 74 38 23
36 88 98 67 6
36 89 27 31 90
36 90 99 15 33
36 91 75 22 69
36 92 85 54 49
36 93 92 67 57
36 94 41 69 45
36 95 31 28 67
36 96 74 45 37
36 97 13 53 35
36 98 97 26 2
36 99 57 44 61
37 38 66 30 51
37 39 61 74 29
37 40 13 78 45
37 41 65 27 46
37 42 23 78 49
37 43 53 28 30
37 44 96 49 51
37 45 56 79 61
37 46 39 34 29
37 47 99 36 48
37 48 6 70 71
37 49 45 63 22
37 50 85 35 26
37 51 55 35 43
37 52 74 20 16
37 53 30 65 83
37 54 68 63 42
37 55 79 32 27
37 56 5 77 55
37 57 76 41 48
37 58 15 61 54
37 59 78 57 27
37 60 24 29 80
37 61 85 39 64
37 62 40 27 42
37 63 93 37 60
37 64 20 39 89
37 65 70 10 40
37 66 35 25 47
37 67 49 77 53
37 68 50 41 24
37 69 54 38 44
37 70 96 43 36
37 71 7 63 75
37 72 11 34 43
37 73 96 17 2
37 74 63 76 29
37 75 60 68 46
37 76 72 70 29
37 77 78 20 40
37 78 97 49 66
37 79 90 25 21
37 80 30 30 22
37 81 18 45 83
37 82 40 72 69
37 83 93 20 9
37 84 48 25 59
37 85 59 12 39
37 86 44 62 66
37 87 26 49 51
37 88 91 13 29
37 89 16 52 93
37 90 98 19 69
37 91 72 69 50
37 92 97 20 24
37 93 86 62 46
37 94 83 49 23
37 95 51 80 37
37 96 82 56 54
37 97 43 27 77
37 98 89 7 22
37 99 19 93 69
38 39 19 48 67
38 40 76 9 66
38 41 26 42 83
38 42 82 67 27
38 43 48 68 76
38 44 96 2 21
38 45 26 61 78
38 46 34 75 88
38 47 29 71 46
38 48 20 44 60
38 49 77 25 70
38 50 20 46 66
38 51 77 53 76
38 52 94 48 54
38 53 30 57 36
38 54 30 52 23
38 55 14 73 88
38 56 17 57 25
38 57 26 42 49
38 58 40 37 55
38 59 95 4 8
38 60 46 25 52
38 61 65 64 34
38 62 33 50 80
38 63 9 63 53
38 64 26 85 79
38 65 89 62 14
38 66 47 84 21
38 67 1 84 33
38 68 86 41 29
38 69 80 73 61
38 70 18 41 30
38 71 17 42 35
38 72 17 94 78
38 73 83 25 64
38 74 27 77 47
38 75 86 51 39
38 76 94 32 2
38 77 96 66 18
38 78 56 19 75
38 79 36 20 26
38 80 65 47 31
38 81 31 74 87
38 82 53 79 46
38 83 83 64 36
38 84 18 84 31
38 85 50 56 54
38 86 98 41 47
38 87 55 31 47
38 88 37 75 43
38 89 67 76 17
38 90 98 36 54
38 91 84 72 16
38 92 6 36 60
38 93 12 76 30
38 94 43 34 59
38 95 78 52 44
38 96 10 84 48
38 97 19 80 58
38 98 26 55 72
38 99 11 53 34
39 40 12 87 62
39 41 96 62 40
39 42 84 67 21
39 43 17 42 31
39 44 52 83 51
39 45 41 44 44
39 46 99 41 49
39 47 21 87 92
39 48 94 49 47
39 49 87 72 15
39 50 77 66 58
39 51 78 46 12
39 52 36 75 27
39 53 0 49 38
39 54 41 32 34
39 55 85 25 40
39 56 7 30 49
39 57 38 72 32
39 58 37 74 37
39 59 35 46 83
39 60 95 15 70
39 61 9 84 54
39 62 65 16 58
39 63 19 92 76
39 64 53 35 45
39 65 83 36 29
39 66 90 20 56
39 67 49 81 53
39 68 11 85 48
39 69 6 51 93
39 70 82 5 16
39 71 8 68 66
39 72 47 55 71
39 73 65 51 66
39 74 29 69 34
39 75 75 67 40
39 76 59 25 42
39 77 29 49 26
39 78 30 88 88
39 79 50 36 72
39 80 98 46 1
39 81 93 37 44
39 82 8 57 91
39 83 26 74 40
39 84 34 40 48
39 85 32 64 39
39 86 92 21 39
39 87 42 45 22
39 88 41 48 44
39 89 95 28 45
39 90 68 44 41
39 91 19 88 54
39 92 30 26 33
39 93 90 8 59
39 94 68 50 42
39 95 41 82 60
39 96 11 60 46
39 97 11 32 34
39 98 97 41 34
39 99 80 33 11
40 41 84 27 44
40 42 41 21 55
40 43 12 75 43
40 44 82 68 48
40 45 58 65 63
40 46 53 42 55
40 47 0 47 43
40 48 63 43 47
40 49 13 76 89
40 50 93 33 37
40 51 34 31 57
40 52 10 40 66
40 53 79 66 63
40 54 35 40 37
40 55 44 46 54
40 56 95 51 55
40 57 46 20 59
40 58 95 58 18
40 59 77 69 18
40 60 42 73 42
40 61 8 91 67
40 62 91 3 45
40 63 52 27 16
40 64 88 32 71
40 65 67 34 16
40 66 96 12 61
40 67 94 1 6
40 68 14 59 59
40 69 28 86 55
40 70 78 55 30
40 71 33 33 51
40 72 42 17 58
40 73 71 14 15
40 74 69 26 10
40 75 52 69 81
40 76 61 72 50
40 77 5 89 28
40 78 86 18 32
40 79 76 50 51
40 80 4 59 62
40 81 7 64 47
40 82 97 14 45
40 83 74 20 26
40 84 63 65 37
40 85 75 14 22
40 86 7 92 82
40 87 87 60 71
40 88 7 56 41
40 89 47 37 18
40 90 82 50 5
40 91 52 83 53
40 92 53 53 27
40 93 70 74 37
40 94 80 43 37
40 95 66 27 65
40 96 44 63 60
40 97 31 42 76
40 98 49 50 57
40 99 63 62 22
41 42 64 42 56
41 43 17 86 74
41 44 35 64 85
41 45 53 54 59
41 46 75 38 40
41 47 33 40 87
41 48 9 53 67
41 49 54 29 46
41 50 94 30 49
41 51 5 76 39
41 52 66 48 71
41 53 14 55 93
41 54 7 49 91
41 55 54 54 42
41 56 22 28 67
41 57 21 58 34
41 58 68 22 45
41 59 38 48 36
41 60 7 58 95
41 61 95 64 39
41 62 98 39 62
41 63 35 46 32
41 64 89 7 66
41 65 90 63 53
41 66 22 55 37
41 67 99 55 50
41 68 65 17 66
41 69 55 25 64
41 70 29 38 48
41 71 32 50 50
41 72 58 38 70
41 73 83 73 24
41 74 41 59 24
41 75 81 72 59
41 76 37 60 20
41 77 41 54 62
41 78 18 38 87
41 79 25 72 81
41 80 87 64 9
41 81 55 69 61
41 82 13 55 86
41 83 12 94 50
41 84 24 73 29
41 85 24 60 69
41 86 75 76 65
41 87 81 60 58
41 88 94 23 5
41 89 11 38 47
41 90 97 8 30
41 91 56 56 60
41 92 58 79 78
41 93 57 80 20
41 94 46 39 44
41 95 22 43 58
41 96 83 51 29
41 97 48 84 79
41 98 31 48 85
41 99 9 54 29
42 43 1 64 76
42 44 19 49 43
42 45 30 44 58
42 46 60 55 76
42 47 6 69 58
42 48 4 96 49
42 49 85 70 61
42 50 22 51 81
42 51 65 40 60
42 52 20 39 64
42 53 41 51 24
42 54 15 54 91
42 55 55 41 76
42 56 82 70 34
42 57 53 14 71
42 58 42 60 63
42 59 39 82 87
42 60 62 67 69
42 61 52 27 21
42 62 41 68 33
42 63 62 54 63
42 64 87 51 39
42 65 69 58 77
42 66 39 34 19
42 67 20 68 67
42 68 7 35 44
42 69 33 42 81
42 70 83 68 20
42 71 82 42 55
42 72 0 43 41
42 73 54 41 68
42 74 44 23 36
42 75 34 33 49
42 76 37 33 79
42 77 13 83 51
42 78 6 31 89
42 79 55 30 46
42 80 8 96 77
42 81 40 52 85
42 82 13 76 40
42 83 19 38 61
42 84 84 30 20
42 85 2 37 65
42 86 81 49 22
42 87 67 17 51
42 88 69 24 62
42 89 14 74 54
42 90 44 49 40
42 91 62 68 56
42 92 66 13 10
42 93 42 58 61
42 94 35 51 52
42 95 60 60 18
42 96 55 35 42
42 97 70 12 21
42 98 17 89 91
42 99 82 57 64
43 44 75 22 33
43 45 62 34 60
43 46 14 30 54
43 47 0 50 45
43 48 5 44 57
43 49 44 28 26
43 50 36 56 36
43 51 33 87 34
43 52 35 49 42
43 53 32 35 59
43 54 11 68 85
43 55 37 39 55
43 56 13 86 73
43 57 24 90 65
43 58 50 48 75
43 59 37 20 28
43 60 7 81 87
43 61 22 87 33
43 62 86 43 4
43 63 46 32 51
43 64 72 24 62
43 65 28 38 54
43 66 25 61 78
43 67 84 49 62
43 68 98 20 30
43 69 39 18 19
43 70 99 65 21
43 71 40 35 50
43 72 56 34 14
43 73 98 69 41
43 74 60 72 59
43 75 85 6 50
43 76 89 4 25
43 77 33 61 58
43 78 25 67 59
43 79 25 36 88
43 80 78 46 11
43 81 50 40 42
43 82 59 46 50
43 83 39 44 77
43 84 35 57 71
43 85 17 56 55
43 86 0 31 63
43 87 79 55 43
43 88 61 60 39
43 89 49 52 72
43 90 78 58 67
43 91 95 58 7
43 92 75 29 49
43 93 42 82 72
43 94 94 28 40
43 95 42 47 31
43 96 77 17 36
43 97 43 59 61
43 98 3 51 45
43 99 56 46 24
44 45 60 51 72
44 46 24 77 83
44 47 16 60 74
44 48 17 37 46
44 49 91 44 66
44 50 72 20 34
44 51 31 77 62
44 52 35 39 51
44 53 17 50 26
44 54 67 53 71
44 55 60 40 64
44 56 99 46 45
44 57 59 70 33
44 58 84 43 56
44 59 17 80 36
44 60 53 50 63
44 61 79 18 34
44 62 15 35 81
44 63 0 84 75
44 64 97 66 8
44 65 35 45 77
44 66 90 64 46
44 67 18 82 84
44 68 84 63 23
44 69 29 75 48
44 70 84 65 8
44 71 51 54 49
44 72 80 23 62
44 73 74 54 21
44 74 5 83 91
44 75 5 75 32
44 76 58 22 52
44 77 60 39 26
44 78 20 67 63
44 79 86 7 67
44 80 48 52 85
44 81 84 39 14
44 82 89 32 41
44 83 31 87 89
44 84 51 67 34
44 85 63 75 75
44 86 66 48 42
44 87 10 54 88
44 88 91 18 15
44 89 65 15 13
44 90 80 63 71
44 91 7 81 79
44 92 38 36 64
44 93 55 17 22
44 94 65 71 71
44 95 38 58 68
44 96 7 81 50
44 97 42 41 27
44 98 78 52 12
44 99 62 61 65
45 46 15 67 47
45 47 95 27 17
45 48 68 24 76
45 49 93 61 16
45 50 42 84 62
45 51 74 45 73
45 52 64 46 37
45 53 41 71 20
45 54 6 66 42
45 55 0 73 93
45 56 82 69 9
45 57 11 53 84
45 58 9 96 37
45 59 22 76 65
45 60 42 33 68
45 61 11 63 69
45 62 86 51 6
45 63 21 44 59
45 64 6 93 86
45 65 57 54 46
45 66 39 22 53
45 67 33 73 41
45 68 76 22 75
45 69 48 23 77
45 70 80 29 41
45 71 98 25 24
45 72 33 84 37
45 73 84 58 7
45 74 94 42 26
45 75 11 39 30
45 76 40 23 65
45 77 86 60 70
45 78 94 53 60
45 79 97 28 36
45 80 12 55 95
45 81 44 85 61
45 82 85 4 45
45 83 35 23 79
45 84 77 34 17
45 85 89 48 64
45 86 31 63 73
45 87 20 90 93
45 88 20 42 32
45 89 64 56 27
45 90 3 79 44
45 91 13 87 51
45 92 51 32 41
45 93 99 29 31
45 94 16 55 71
45 95 89 7 10
45 96 39 56 35
45 97 66 67 60
45 98 90 44 61
45 99 42 30 41
46 47 72 28 30
46 48 72 21 9
46 49 42 44 22
46 50 70 14 65
46 51 25 77 34
46 52 26 58 73
46 53 32 47 38
46 54 60 55 48
46 55 21 56 51
46 56 89 24 54
46 57 2 38 79
46 58 36 43 80
46 59 77 54 57
46 60 83 72 69
46 61 98 17 10
46 62 70 73 20
46 63 31 78 30
46 64 7 83 90
46 65 33 73 60
46 66 98 62 56
46 67 61 78 79
46 68 61 15 14
46 69 53 50 20
46 70 76 33 64
46 71 5 35 76
46 72 96 67 53
46 73 48 36 66
46 74 31 45 71
46 75 20 49 27
46 76 8 68 75
46 77 79 39 7
46 78 41 70 42
46 79 0 42 58
46 80 8 55 93
46 81 66 23 16
46 82 51 19 38
46 83 21 82 56
46 84 63 24 80
46 85 90 65 57
46 86 97 45 70
46 87 16 79 86
46 88 39 79 19
46 89 5 48 38
46 90 50 64 31
46 91 39 28 72
46 92 26 51 68
46 93 13 55 44
46 94 89 10 49
46 95 74 15 57
46 96 49 78 21
46 97 33 25 71
46 98 37 31 83
46 99 97 16 48
47 48 1 80 41
47 49 77 29 16
47 50 76 27 75
47 51 21 67 25
47 52 72 51 9
47 53 9 40 78
47 54 98 52 20
47 55 15 26 33
47 56 69 72 15
47 57 75 67 29
47 58 65 17 48
47 59 73 27 64
47 60 92 27 64
47 61 71 78 46
47 62 76 29 25
47 63 16 88 71
47 64 17 57 44
47 65 15 44 62
47 66 7 77 29
47 67 19 78 33
47 68 62 41 27
47 69 60 76 47
47 70 19 79 78
47 71 2 73 63
47 72 31 36 24
47 73 50 83 53
47 74 69 46 21
47 75 59 19 76
47 76 83 24 8
47 77 99 45 66
47 78 31 40 45
47 79 32 47 69
47 80 33 58 82
47 81 74 35 58
47 82 5 66 36
47 83 99 41 60
47 84 8 73 79
47 85 60 76 50
47 86 25 60 37
47 87 86 59 17
47 88 2 99 85
47 89 76 45 27
47 90 83 41 59
47 91 51 63 29
47 92 51 75 16
47 93 31 54 74
47 94 65 68 46
47 95 26 51 43
47 96 56 33 59
47 97 98 38 19
47 98 67 47 27
47 99 3 97 42
48 49 49 32 63
48 50 53 76 76
48 51 16 94 29
48 52 31 89 88
48 53 45 21 68
48 54 36 46 31
48 55 83 27 74
48 56 73 56 62
48 57 16 89 50
48 58 69 73 74
48 59 78 8 64
48 60 44 59 39
48 61 86 33 68
48 62 14 35 77
48 63 29 62 85
48 64 45 62 34
48 65 17 81 34
48 66 27 82 48
48 67 8 87 82
48 68 56 66 14
48 69 3 41 38
48 70 49 68 83
48 71 2 65 67
48 72 76 19 27
48 73 87 65 67
48 74 34 46 70
48 75 18 61 54
48 76 76 13 37
48 77 78 45 7
48 78 19 28 62
48 79 27 80 68
48 80 50 67 39
48 81 96 28 63
48 82 36 50 51
48 83 23 44 85
48 84 34 41 68
48 85 47 46 31
48 86 43 19 37
48 87 22 46 26
48 88 10 85 61
48 89 75 76 70
48 90 77 30 65
48 91 71 37 15
48 92 72 58 36
48 93 85 36 51
48 94 99 40 53
48 95 16 26 40
48 96 75 44 45
48 97 73 68 64
48 98 51 18 38
48 99 7 55 62
49 50 55 37 77
49 51 83 48 40
49 52 81 73 62
49 53 1 49 83
49 54 4 70 56
49 55 49 50 55
49 56 3 53 97
49 57 12 31 95
49 58 85 20 41
49 59 16 37 41
49 60 16 32 40
49 61 97 16 16
49 62 68 73 58
49 63 79 61 57
49 64 56 71 57
49 65 70 45 13
49 66 57 64 77
49 67 2 39 75
49 68 26 44 48
49 69 76 30 59
49 70 81 5 40
49 71 25 67 76
49 72 12 63 53
49 73 91 17 30
49 74 88 22 3
49 75 69 74 31
49 76 37 44 65
49 77 27 38 88
49 78 5 91 73
49 79 3 96 41
49 80 12 80 35
49 81 53 75 59
49 82 11 56 57
49 83 48 76 57
49 84 66 76 51
49 85 18 52 62
49 86 86 58 10
49 87 29 52 68
49 88 40 48 34
49 89 26 63 55
49 90 40 57 47
49 91 30 33 76
49 92 72 14 71
49 93 65 71 23
49 94 11 88 86
49 95 29 83 74
49 96 83 46 46
49 97 33 31 82
49 98 26 50 91
49 99 97 55 54
50 51 16 36 56
50 52 41 73 77
50 53 12 40 96
50 54 78 50 62
50 55 5 52 92
50 56 27 35 89
50 57 11 88 29
50 58 88 33 52
50 59 84 54 71
50 60 41 32 28
50 61 17 74 93
50 62 25 51 37
50 63 11 81 88
50 64 48 84 59
50 65 36 84 21
50 66 79 35 9
50 67 84 17 39
50 68 62 19 33
50 69 35 65 82
50 70 8 82 61
50 71 84 21 32
50 72 42 37 82
50 73 31 69 79
50 74 41 59 39
50 75 55 38 64
50 76 9 92 61
50 77 89 23 29
50 78 63 72 60
50 79 61 75 58
50 80 51 17 71
50 81 29 50 61
50 82 60 50 34
50 83 10 31 89
50 84 11 82 54
50 85 1 84 46
50 86 90 4 40
50 87 55 59 23
50 88 47 37 78
50 89 75 48 49
50 90 93 49 15
50 91 57 44 61
50 92 59 20 78
50 93 83 39 67
50 94 70 47 51
50 95 90 69 20
50 96 9 53 42
50 97 84 43 46
50 98 51 58 51
50 99 14 55 50
51 52 93 69 3
51 53 13 89 60
51 54 29 56 76
51 55 56 26 37
51 56 82 69 23
51 57 88 58 51
51 58 86 31 38
51 59 17 93 27
51 60 96 34 64
51 61 63 39 53
51 62 49 36 56
51 63 86 24 47
51 64 77 48 44
51 65 20 58 53
51 66 93 52 33
51 67 24 34 26
51 68 86 4 48
51 69 16 42 79
51 70 72 12 30
51 71 96 17 46
51 72 68 29 76
51 73 53 30 77
51 74 43 26 41
51 75 99 20 41
51 76 98 17 40
51 77 87 48 66
51 78 58 22 54
51 79 60 66 72
51 80 37 26 53
51 81 7 83 83
51 82 76 14 29
51 83 94 30 56
51 84 97 13 64
51 85 83 27 24
51 86 8 62 93
51 87 0 99 49
51 88 58 79 70
51 89 25 85 76
51 90 36 66 57
51 91 16 73 69
51 92 82 38 24
51 93 93 50 52
51 94 82 11 8
51 95 46 42 66
51 96 78 11 64
51 97 94 54 65
51 98 75 57 7
51 99 88 9 61
52 53 26 50 86
52 54 9 32 33
52 55 26 72 48
52 56 10 42 47
52 57 35 73 48
52 58 53 80 82
52 59 56 46 24
52 60 88 30 31
52 61 3 53 60
52 62 53 42 41
52 63 56 68 40
52 64 73 12 43
52 65 82 62 7
52 66 31 28 38
52 67 96 19 38
52 68 58 24 77
52 69 87 27 54
52 70 52 52 21
52 71 9 96 65
52 72 91 67 57
52 73 33 59 22
52 74 19 33 64
52 75 59 63 53
52 76 91 50 8
52 77 15 58 31
52 78 13 90 34
52 79 40 37 57
52 80 35 35 75
52 81 69 32 23
52 82 52 49 52
52 83 83 33 33
52 84 99 26 0
52 85 99 23 7
52 86 45 32 81
52 87 13 79 30
52 88 11 27 92
52 89 6 95 92
52 90 11 91 58
52 91 84 51 66
52 92 12 80 39
52 93 41 63 43
52 94 19 49 65
52 95 16 64 43
52 96 97 10 56
52 97 81 73 11
52 98 71 27 11
52 99 8 37 40
53 54 98 59 61
53 55 87 72 57
53 56 45 24 80
53 57 34 71 59
53 58 33 40 64
53 59 34 20 64
53 60 60 77 57
53 61 61 72 39
53 62 28 63 48
53 63 1 56 88
53 64 37 77 31
53 65 96 18 42
53 66 77 33 11
53 67 54 49 78
53 68 22 26 79
53 69 14 61 28
53 70 68 71 63
53 71 39 76 43
53 72 86 68 50
53 73 67 65 11
53 74 44 69 63
53 75 13 34 91
53 76 69 65 36
53 77 16 79 86
53 78 84 54 68
53 79 73 26 44
53 80 42 86 47
53 81 32 33 63
53 82 51 51 41
53 83 27 59 52
53 84 82 11 52
53 85 64 20 35
53 86 75 39 25
53 87 19 78 64
53 88 78 9 24
53 89 15 88 26
53 90 92 14 47
53 91 98 44 16
53 92 56 45 54
53 93 55 39 71
53 94 39 52 26
53 95 51 80 24
53 96 84 66 4
53 97 7 76 57
53 98 93 58 55
53 99 80 53 64
54 55 2 84 90
54 56 33 62 85
54 57 93 40 55
54 58 9 62 57
54 59 17 58 74
54 60 56 82 25
54 61 67 47 45
54 62 83 20 12
54 63 43 22 76
54 64 39 35 56
54 65 61 27 32
54 66 97 70 30
54 67 62 49 15
54 68 10 78 40
54 69 26 78 34
54 70 32 46 22
54 71 35 35 57
54 72 91 48 7
54 73 45 34 59
54 74 38 26 65
54 75 38 38 44
54 76 6 89 67
54 77 69 64 23
54 78 66 60 46
54 79 30 36 90
54 80 79 63 39
54 81 98 40 1
54 82 39 63 25
54 83 42 35 49
54 84 4 71 86
54 85 26 54 36
54 86 5 36 70
54 87 81 34 43
54 88 13 40 79
54 89 37 66 23
54 90 45 69 37
54 91 16 67 87
54 92 80 55 75
54 93 61 23 33
54 94 74 17 54
54 95 23 64 38
54 96 3 80 37
54 97 86 63 5
54 98 47 58 34
54 99 21 88 48
55 56 20 51 25
55 57 55 25 75
55 58 21 87 46
55 59 57 49 69
55 60 0 47 87
55 61 93 31 48
55 62 44 84 83
55 63 89 36 71
55 64 82 15 24
55 65 5 98 81
55 66 60 55 59
55 67 90 9 66
55 68 14 88 55
55 69 69 56 63
55 70 30 67 47
55 71 77 58 35
55 72 97 46 19
55 73 66 27 51
55 74 30 79 30
55 75 82 65 59
55 76 26 61 74
55 77 37 33 58
55 78 76 24 43
55 79 97 42 28
55 80 36 25 23
55 81 55 24 47
55 82 24 39 62
55 83 1 81 85
55 84 60 61 61
55 85 44 56 32
55 86 35 65 53
55 87 20 28 59
55 88 90 57 55
55 89 68 53 45
55 90 85 52 9
55 91 79 8 29
55 92 47 61 67
55 93 32 62 23
55 94 23 59 76
55 95 54 15 70
55 96 97 22 67
55 97 24 78 60
55 98 92 23 21
55 99 86 23 65
56 57 35 84 57
56 58 39 33 78
56 59 20 72 35
56 60 29 27 55
56 61 92 13 35
56 62 12 82 52
56 63 36 34 42
56 64 65 36 79
56 65 99 24 36
56 66 97 5 55
56 67 88 52 37
56 68 44 44 42
56 69 45 43 28
56 70 55 38 79
56 71 23 46 51
56 72 36 84 64
56 73 43 50 75
56 74 6 75 74
56 75 63 71 20
56 76 38 67 45
56 77 30 54 41
56 78 24 25 65
56 79 21 46 45
56 80 0 42 44
56 81 96 46 5
56 82 3 53 89
56 83 52 27 36
56 84 2 51 96
56 85 59 30 33
56 86 85 63 28
56 87 28 67 50
56 88 17 50 61
56 89 99 63 54
56 90 17 73 40
56 91 30 30 53
56 92 10 62 56
56 93 32 33 31
56 94 80 29 30
56 95 38 63 30
56 96 83 50 71
56 97 85 41 28
56 98 12 27 44
56 99 11 41 57
57 58 25 89 35
57 59 20 82 63
57 60 34 72 73
57 61 41 54 54
57 62 36 28 79
57 63 19 52 52
57 64 30 29 76
57 65 37 72 85
57 66 69 52 42
57 67 76 23 39
57 68 57 70 29
57 69 38 19 61
57 70 16 69 55
57 71 84 59 51
57 72 47 24 60
57 73 78 72 31
57 74 96 52 30
57 75 97 58 14
57 76 88 21 37
57 77 60 35 60
57 78 65 28 32
57 79 75 70 59
57 80 10 49 53
57 81 53 57 31
57 82 83 60 32
57 83 61 39 49
57 84 57 73 12
57 85 7 56 78
57 86 68 42 64
57 87 30 51 82
57 88 60 75 71
57 89 3 42 90
57 90 71 55 72
57 91 34 32 40
57 92 8 47 71
57 93 98 5 35
57 94 60 60 15
57 95 9 36 86
57 96 47 33 20
57 97 32 41 79
57 98 81 71 47
57 99 14 83 49
58 59 67 45 43
58 60 92 54 68
58 61 18 70 91
58 62 19 61 92
58 63 76 7 19
58 64 19 89 86
58 65 18 72 80
58 66 40 26 79
58 67 64 14 72
58 68 81 14 67
58 69 70 49 33
58 70 80 37 67
58 71 89 28 40
58 72 86 32 59
58 73 94 13 44
58 74 42 65 33
58 75 13 54 40
58 76 49 33 23
58 77 23 36 31
58 78 67 29 9
58 79 1 73 86
58 80 48 59 60
58 81 78 35 51
58 82 75 56 40
58 83 18 78 93
58 84 30 67 67
58 85 34 59 39
58 86 75 61 8
58 87 82 6 67
58 88 26 65 23
58 89 30 40 79
58 90 40 47 84
58 91 48 73 25
58 92 9 90 48
58 93 76 49 57
58 94 97 29 58
58 95 15 78 47
58 96 17 41 86
58 97 43 21 36
58 98 56 19 18
58 99 20 48 88
59 60 73 13 22
59 61 50 53 27
59 62 47 28 68
59 63 38 42 72
59 64 73 68 49
59 65 58 58 42
59 66 16 78 42
59 67 13 81 42
59 68 21 33 33
59 69 22 52 41
59 70 72 32 71
59 71 47 70 18
59 72 72 61 9
59 73 3 80 41
59 74 0 52 88
59 75 8 30 79
59 76 40 26 36
59 77 56 65 14
59 78 43 84 56
59 79 88 20 17
59 80 14 46 57
59 81 7 61 33
59 82 50 78 52
59 83 26 47 23
59 84 22 86 63
59 85 92 31 23
59 86 73 69 45
59 87 85 62 46
59 88 48 29 27
59 89 67 28 56
59 90 40 33 63
59 91 72 31 63
59 92 71 37 17
59 93 24 24 65
59 94 13 82 84
59 95 26 48 68
59 96 59 64 59
59 97 79 23 67
59 98 8 50 74
59 99 8 85 76
60 61 88 10 7
60 62 46 61 33
60 63 62 24 62
60 64 96 23 37
60 65 9 93 34
60 66 22 68 77
60 67 69 18 34
60 68 60 48 23
60 69 53 83 71
60 70 46 31 30
60 71 60 51 34
60 72 92 6 15
60 73 43 38 65
60 74 66 32 68
60 75 2 70 77
60 76 82 22 50
60 77 9 69 79
60 78 57 55 34
60 79 83 29 38
60 80 70 14 64
60 81 48 79 46
60 82 23 37 88
60 83 89 68 35
60 84 34 62 60
60 85 61 44 68
60 86 11 79 85
60 87 9 89 64
60 88 89 18 70
60 89 43 78 69
60 90 84 33 46
60 91 33 75 76
60 92 21 49 74
60 93 94 6 63
60 94 95 68 39
60 95 84 56 48
60 96 96 4 54
60 97 8 54 93
60 98 84 53 61
60 99 85 23 66
61 62 20 72 65
61 63 47 55 30
61 64 39 51 50
61 65 57 28 45
61 66 45 85 76
61 67 60 73 31
61 68 53 52 35
61 69 30 68 43
61 70 94 27 32
61 71 35 36 66
61 72 56 13 39
61 73 72 76 36
61 74 36 38 21
61 75 82 51 48
61 76 67 42 41
61 77 20 81 66
61 78 1 44 35
61 79 81 6 47
61 80 15 52 39
61 81 16 47 80
61 82 58 22 43
61 83 82 54 20
61 84 63 15 28
61 85 68 52 16
61 86 44 83 37
61 87 49 78 38
61 88 41 70 55
61 89 62 12 61
61 90 53 15 17
61 91 45 84 26
61 92 73 24 71
61 93 92 59 2
61 94 98 20 46
61 95 52 58 55
61 96 72 13 57
61 97 75 26 70
61 98 18 26 56
61 99 74 50 56
62 63 20 78 28
62 64 85 74 17
62 65 16 37 78
62 66 2 87 80
62 67 48 82 37
62 68 98 35 54
62 69 38 85 52
62 70 79 34 73
62 71 80 14 74
62 72 28 30 89
62 73 23 79 28
62 74 99 35 23
62 75 56 22 36
62 76 75 46 44
62 77 1 65 70
62 78 0 87 64
62 79 60 61 42
62 80 27 65 48
62 81 57 25 60
62 82 94 59 71
62 83 71 69 73
62 84 91 5 54
62 85 91 54 51
62 86 61 24 78
62 87 85 66 65
62 88 13 32 77
62 89 78 22 49
62 90 39 87 52
62 91 47 57 70
62 92 57 40 32
62 93 12 30 79
62 94 61 13 75
62 95 41 63 27
62 96 54 42 25
62 97 17 91 92
62 98 47 68 46
62 99 93 30 61
63 64 69 70 14
63 65 55 46 47
63 66 77 28 9
63 67 3 31 47
63 68 85 53 36
63 69 52 18 53
63 70 57 28 46
63 71 38 55 27
63 72 8 57 56
63 73 8 72 77
63 74 75 13 50
63 75 91 19 50
63 76 64 19 22
63 77 78 60 41
63 78 29 64 42
63 79 39 22 34
63 80 30 42 76
63 81 60 56 17
63 82 64 52 12
63 83 87 20 40
63 84 53 83 55
63 85 37 78 24
63 86 23 68 82
63 87 88 64 25
63 88 58 52 54
63 89 8 76 59
63 90 43 23 84
63 91 99 37 33
63 92 93 57 56
63 93 29 84 46
63 94 15 63 46
63 95 28 54 90
63 96 15 55 42
63 97 4 53 87
63 98 34 32 44
63 99 19 73 68
64 65 67 13 60
64 66 30 27 80
64 67 78 70 58
64 68 34 38 51
64 69 14 55 28
64 70 43 57 86
64 71 44 55 60
64 72 55 58 49
64 73 1 45 62
64 74 4 63 34
64 75 9 33 77
64 76 75 28 59
64 77 37 53 78
64 78 26 44 71
64 79 39 72 67
64 80 62 67 28
64 81 42 46 86
64 82 59 69 14
64 83 14 70 91
64 84 0 98 99
64 85 36 34 79
64 86 96 11 29
64 87 22 90 50
64 88 90 30 72
64 89 14 73 30
64 90 26 47 85
64 91 24 77 40
64 92 29 58 66
64 93 25 67 79
64 94 51 71 71
64 95 61 35 35
64 96 17 33 76
64 97 55 49 64
64 98 54 40 33
64 99 53 72 50
65 66 30 51 53
65 67 75 8 60
65 68 28 83 32
65 69 24 45 32
65 70 83 35 24
65 71 57 37 33
65 72 34 80 71
65 73 82 40 51
65 74 54 68 52
65 75 25 81 27
65 76 39 29 70
65 77 11 58 48
65 78 50 82 42
65 79 41 36 83
65 80 76 9 31
65 81 4 93 57
65 82 70 21 67
65 83 13 87 29
65 84 13 38 26
65 85 87 36 6
65 86 92 6 22
65 87 17 25 37
65 88 17 86 55
65 89 41 31 58
65 90 49 81 36
65 91 87 8 26
65 92 77 56 16
65 93 84 61 70
65 94 26 35 28
65 95 71 16 65
65 96 94 3 69
65 97 34 20 32
65 98 31 38 32
65 99 20 41 44
66 67 35 69 50
66 68 26 76 91
66 69 18 87 88
66 70 75 61 66
66 71 16 36 87
66 72 32 67 31
66 73 78 68 46
66 74 90 9 56
66 75 81 22 68
66 76 33 64 58
66 77 96 31 60
66 78 90 57 10
66 79 24 24 67
66 80 9 34 48
66 81 31 54 42
66 82 83 65 41
66 83 83 42 15
66 84 77 18 47
66 85 46 43 30
66 86 50 31 65
66 87 92 43 22
66 88 54 69 80
66 89 62 11 42
66 90 68 78 72
66 91 12 48 52
66 92 97 62 30
66 93 20 32 44
66 94 17 52 52
66 95 12 49 64
66 96 41 32 57
66 97 37 87 83
66 98 21 84 66
66 99 87 15 19
67 68 7 46 42
67 69 68 78 62
67 70 6 52 34
67 71 43 63 79
67 72 20 41 79
67 73 73 16 28
67 74 32 47 81
67 75 79 47 23
67 76 67 76 61
67 77 72 25 14
67 78 28 41 63
67 79 2 99 31
67 80 42 38 84
67 81 15 46 52
67 82 89 39 4
67 83 53 62 28
67 84 19 28 55
67 85 6 40 47
67 86 55 68 53
67 87 49 70 35
67 88 80 55 19
67 89 39 57 38
67 90 73 69 22
67 91 86 30 64
67 92 69 36 9
67 93 34 57 77
67 94 51 65 29
67 95 5 29 66
67 96 38 51 72
67 97 65 52 62
67 98 92 56 67
67 99 54 70 34
68 69 28 51 53
68 70 70 58 8
68 71 51 17 56
68 72 46 44 46
68 73 68 70 69
68 74 60 53 32
68 75 58 28 56
68 76 62 43 43
68 77 6 58 67
68 78 33 68 59
68 79 51 24 34
68 80 43 59 48
68 81 62 25 14
68 82 87 50 9
68 83 42 38 87
68 84 52 65 34
68 85 57 69 70
68 86 7 81 51
68 87 61 65 49
68 88 46 20 52
68 89 71 42 15
68 90 2 39 45
68 91 11 94 73
68 92 59 49 43
68 93 39 53 19
68 94 8 63 69
68 95 7 47 90
68 96 23 43 36
68 97 92 60 9
68 98 0 44 45
68 99 69 33 57
69 70 24 29 83
69 71 0 79 48
69 72 20 37 79
69 73 22 36 44
69 74 40 82 86
69 75 42 38 66
69 76 80 34 49
69 77 91 58 38
69 78 8 86 68
69 79 29 31 27
69 80 10 36 50
69 81 68 45 47
69 82 40 54 35
69 83 30 53 26
69 84 11 47 86
69 85 55 70 47
69 86 46 38 39
69 87 68 69 78
69 88 81 10 64
69 89 35 47 51
69 90 2 67 51
69 91 79 57 33
69 92 50 70 47
69 93 92 3 28
69 94 92 50 26
69 95 5 80 43
69 96 57 43 71
69 97 49 73 80
69 98 88 11 26
69 99 84 8 41
70 71 14 78 43
70 72 81 62 12
70 73 22 55 77
70 74 77 76 70
70 75 87 28 10
70 76 63 53 55
70 77 26 91 63
70 78 50 24 18
70 79 54 21 23
70 80 32 75 84
70 81 38 58 24
70 82 95 47 7
70 83 58 29 54
70 84 67 17 52
70 85 68 65 64
70 86 32 89 58
70 87 79 31 8
70 88 10 52 60
70 89 9 45 82
70 90 68 21 20
70 91 90 15 59
70 92 21 45 33
70 93 48 84 18
70 94 92 65 27
70 95 85 48 9
70 96 83 35 57
70 97 80 63 8
70 98 26 31 27
70 99 44 23 83
71 72 72 69 25
71 73 2 91 38
71 74 65 72 23
71 75 26 58 58
71 76 94 60 6
71 77 52 14 68
71 78 88 7 58
71 79 39 19 19
71 80 68 47 22
71 81 72 35 65
71 82 25 28 43
71 83 68 62 16
71 84 5 34 56
71 85 41 21 70
71 86 85 26 57
71 87 99 26 50
71 88 88 43 24
71 89 52 79 52
71 90 66 22 44
71 91 85 26 29
71 92 87 26 19
71 93 86 46 23
71 94 62 13 71
71 95 33 59 66
71 96 20 43 45
71 97 46 60 67
71 98 56 46 80
71 99 57 53 16
72 73 63 76 52
72 74 59 63 50
72 75 81 6 12
72 76 32 72 73
72 77 95 28 39
72 78 16 29 72
72 79 76 15 23
72 80 94 51 70
72 81 52 80 32
72 82 68 51 58
72 83 72 22 47
72 84 67 69 28
72 85 7 47 29
72 86 98 42 28
72 87 17 75 74
72 88 92 45 4
72 89 64 43 17
72 90 21 26 42
72 91 38 80 82
72 92 72 21 34
72 93 82 34 34
72 94 60 79 58
72 95 86 32 14
72 96 97 56 32
72 97 5 60 67
72 98 91 5 54
72 99 16 80 38
73 74 77 13 14
73 75 13 51 78
73 76 95 59 29
73 77 75 58 57
73 78 56 13 57
73 79 48 72 50
73 80 24 23 38
73 81 74 38 60
73 82 63 18 64
73 83 96 40 4
73 84 58 69 30
73 85 90 32 32
73 86 17 24 89
73 87 54 50 79
73 88 54 77 27
73 89 36 30 28
73 90 56 22 24
73 91 22 32 80
73 92 88 52 62
73 93 24 37 60
73 94 44 38 57
73 95 99 51 40
73 96 20 67 44
73 97 91 55 56
73 98 15 63 75
73 99 78 11 38
74 75 93 69 40
74 76 8 88 28
74 77 89 31 13
74 78 62 75 70
74 79 38 44 23
74 80 67 67 22
74 81 75 27 14
74 82 52 52 60
74 83 8 59 72
74 84 77 53 39
74 85 4 76 80
74 86 21 32 40
74 87 37 19 64
74 88 75 44 63
74 89 38 80 45
74 90 5 58 32
74 91 19 89 84
74 92 36 29 76
74 93 21 67 68
74 94 57 25 19
74 95 22 84 75
74 96 97 61 50
74 97 61 76 16
74 98 60 24 12
74 99 27 40 81
75 76 74 66 15
75 77 47 78 70
75 78 28 77 44
75 79 3 86 69
75 80 51 49 78
75 81 98 48 69
75 82 8 65 43
75 83 86 43 23
75 84 70 66 9
75 85 98 57 26
75 86 78 68 31
75 87 58 72 54
75 88 68 30 17
75 89 94 71 47
75 90 44 43 55
75 91 22 42 83
75 92 70 73 58
75 93 12 54 95
75 94 40 53 63
75 95 77 8 12
75 96 24 35 46
75 97 71 29 23
75 98 10 55 49
75 99 61 60 14
76 77 37 68 54
76 78 73 15 75
76 79 60 52 31
76 80 47 45 54
76 81 70 78 11
76 82 33 20 66
76 83 88 18 20
76 84 59 70 73
76 85 60 22 53
76 86 11 56 65
76 87 26 59 26
76 88 98 49 46
76 89 73 27 49
76 90 93 45 46
76 91 98 43 69
76 92 44 58 49
76 93 30 54 51
76 94 89 62 26
76 95 4 70 52
76 96 36 46 54
76 97 47 58 41
76 98 19 57 32
76 99 11 83 58
77 78 72 27 54
77 79 79 54 7
77 80 69 31 10
77 81 39 34 56
77 82 81 49 47
77 83 1 32 60
77 84 0 59 37
77 85 49 59 42
77 86 24 37 73
77 87 53 19 70
77 88 93 52 10
77 89 63 72 74
77 90 86 32 39
77 91 97 26 48
77 92 48 82 46
77 93 37 58 30
77 94 74 62 31
77 95 33 36 67
77 96 35 22 88
77 97 91 55 64
77 98 87 47 63
77 99 36 65 41
78 79 99 53 49
78 80 83 47 74
78 81 57 80 38
78 82 92 64 17
78 83 53 57 52
78 84 95 45 14
78 85 63 15 74
78 86 27 81 68
78 87 70 41 63
78 88 31 89 20
78 89 54 38 63
78 90 39 33 18
78 91 20 49 43
78 92 7 48 92
78 93 76 74 37
78 94 47 25 58
78 95 70 14 17
78 96 26 40 54
78 97 48 37 46
78 98 80 56 62
78 99 29 52 84
79 80 24 24 61
79 81 17 56 36
79 82 86 41 42
79 83 13 65 41
79 84 24 70 75
79 85 98 53 42
79 86 31 86 65
79 87 1 31 49
79 88 62 71 35
79 89 83 34 28
79 90 71 21 11
79 91 13 28 55
79 92 13 43 68
79 93 78 64 46
79 94 9 66 60
79 95 44 21 73
79 96 19 29 45
79 97 78 58 20
79 98 64 65 15
79 99 77 73 64
80 81 5 64 74
80 82 6 97 70
80 83 61 28 79
80 84 90 6 71
80 85 48 78 56
80 86 66 41 36
80 87 74 16 14
80 88 5 77 89
80 89 60 78 50
80 90 83 52 25
80 91 32 70 64
80 92 61 44 33
80 93 30 21 62
80 94 78 42 36
80 95 78 13 73
80 96 90 4 46
80 97 36 70 28
80 98 71 62 39
80 99 90 57 32
81 82 76 50 11
81 83 37 77 62
81 84 60 73 34
81 85 0 31 39
81 86 68 39 78
81 87 25 54 58
81 88 21 83 71
81 89 59 14 12
81 90 17 61 74
81 91 40 41 38
81 92 5 42 72
81 93 58 61 38
81 94 41 23 41
81 95 20 53 59
81 96 13 91 69
81 97 31 48 22
81 98 61 12 14
81 99 24 70 41
82 83 62 34 52
82 84 65 76 17
82 85 90 41 32
82 86 36 28 80
82 87 68 61 30
82 88 39 59 72
82 89 64 65 15
82 90 74 24 57
82 91 32 68 67
82 92 53 64 36
82 93 21 77 37
82 94 93 18 7
82 95 6 70 88
82 96 6 75 64
82 97 80 61 53
82 98 92 42 71
82 99 52 16 58
83 84 55 60 44
83 85 18 90 32
83 86 60 52 44
83 87 19 93 92
83 88 34 30 57
83 89 66 67 42
83 90 91 40 29
83 91 19 46 29
83 92 14 48 37
83 93 40 38 42
83 94 38 88 45
83 95 6 54 74
83 96 33 37 23
83 97 72 55 66
83 98 20 46 39
83 99 1 62 53
84 85 35 52 23
84 86 28 34 52
84 87 96 62 45
84 88 64 14 35
84 89 57 28 21
84 90 9 37 75
84 91 2 56 94
84 92 10 71 93
84 93 40 25 46
84 94 7 75 34
84 95 65 45 28
84 96 75 57 57
84 97 81 6 59
84 98 83 7 70
84 99 83 19 16
85 86 75 25 19
85 87 27 64 23
85 88 69 35 61
85 89 69 10 10
85 90 51 53 70
85 91 98 39 66
85 92 78 62 56
85 93 25 50 85
85 94 15 30 69
85 95 32 47 82
85 96 18 50 51
85 97 85 21 68
85 98 39 58 53
85 99 57 29 23
86 87 33 84 43
86 88 11 46 88
86 89 19 39 30
86 90 78 38 51
86 91 91 36 60
86 92 2 32 78
86 93 59 58 49
86 94 66 65 76
86 95 34 68 81
86 96 21 56 24
86 97 33 77 64
86 98 29 88 89
86 99 32 84 62
87 88 91 64 52
87 89 66 70 70
87 90 48 65 70
87 91 38 25 45
87 92 7 41 44
87 93 56 58 81
87 94 50 59 78
87 95 71 20 44
87 96 38 42 69
87 97 88 26 46
87 98 57 66 21
87 99 5 61 69
88 89 2 81 69
88 90 31 58 71
88 91 10 48 56
88 92 84 27 73
88 93 57 72 81
88 94 45 25 69
88 95 89 51 8
88 96 52 79 26
88 97 32 55 59
88 98 16 45 86
88 99 39 71 45
89 90 47 37 53
89 91 91 59 20
89 92 46 58 36
89 93 85 44 26
89 94 28 88 36
89 95 65 22 37
89 96 85 10 68
89 97 89 5 53
89 98 43 42 62
89 99 69 77 31
90 91 30 69 85
90 92 95 70 35
90 93 20 82 34
90 94 51 19 64
90 95 31 41 37
90 96 69 43 39
90 97 38 62 48
90 98 12 61 73
90 99 4 35 74
91 92 49 57 25
91 93 62 66 54
91 94 12 79 48
91 95 64 35 34
91 96 44 49 55
91 97 40 67 60
91 98 72 27 41
91 99 15 85 81
92 93 97 46 36
92 94 65 25 44
92 95 88 36 68
92 96 18 71 40
92 97 57 39 57
92 98 29 85 88
92 99 42 24 69
93 94 81 61 28
93 95 64 71 37
93 96 57 27 30
93 97 12 32 42
93 98 9 36 37
93 99 64 21 48
94 95 16 76 82
94 96 81 8 35
94 97 13 59 59
94 98 53 29 56
94 99 10 31 75
95 96 57 74 79
95 97 84 34 32
95 98 79 18 64
95 99 78 13 60
96 97 85 52 64
96 98 59 53 59
96 99 57 76 37
97 98 71 69 26
97 99 93 58 50
98 99 29 63 62
