100
0 1 42 60 55
0 2 67 33 38
0 3 65 30 34
0 4 79 19 20
0 5 12 83 84
0 6 98 8 6
0 7 78 21 28
0 8 92 11 14
0 9 73 32 29
0 10 0 95 95
0 11 67 34 29
0 12 15 82 78
0 13 29 71 64
0 14 32 61 65
0 15 37 56 57
0 16 96 9 3
0 17 51 52 51
0 18 75 28 26
0 19 84 16 17
0 20 27 71 71
0 21 30 68 64
0 22 0 90 95
0 23 69 32 30
0 24 65 35 34
0 25 23 75 72
0 26 64 36 38
0 27 29 71 66
0 28 31 68 62
0 29 77 28 23
0 30 5 87 92
0 31 87 14 17
0 32 72 30 25
0 33 26 75 74
0 34 25 70 70
0 35 6 88 87
0 36 45 50 50
0 37 39 58 60
0 38 27 69 68
0 39 93 8 13
0 40 24 76 76
0 41 20 74 75
0 42 74 27 23
0 43 96 12 12
0 44 10 84 90
0 45 66 37 34
0 46 7 89 83
0 47 0 96 91
0 48 73 28 25
0 49 8 91 82
0 50 57 45 41
0 51 22 71 70
0 52 56 45 41
0 53 16 84 79
0 54 29 67 67
0 55 0 89 96
0 56 88 12 14
0 57 86 20 15
0 58 51 53 52
0 59 70 30 29
0 60 49 46 52
0 61 2 97 90
0 62 46 57 52
0 63 12 80 82
0 64 83 20 20
0 65 87 16 16
0 66 55 40 42
0 67 25 70 73
0 68 77 26 21
0 69 36 65 59
0 70 88 15 11
0 71 22 75 73
0 72 26 66 69
0 73 47 48 48
0 74 10 86 84
0 75 99 10 1
0 76 66 37 32
0 77 17 81 77
0 78 82 20 16
0 79 32 66 65
0 80 87 13 18
0 81 66 35 30
0 82 90 14 13
0 83 86 17 12
0 84 28 66 69
0 85 42 55 53
0 86 38 55 63
0 87 35 58 63
0 88 65 33 31
0 89 56 41 45
0 90 48 48 52
0 91 58 47 43
0 92 66 31 36
0 93 43 59 58
0 94 99 1 10
0 95 83 23 23
0 96 89 16 9
0 97 80 24 27
0 98 61 40 34
0 99 52 43 46
1 2 29 67 64
1 3 96 12 10
1 4 53 48 51
1 5 15 85 84
1 6 85 18 21
1 7 99 3 10
1 8 42 55 55
1 9 11 82 84
1 10 81 18 24
1 11 55 42 41
1 12 13 82 85
1 13 55 44 45
1 14 12 84 87
1 15 49 49 47
1 16 32 65 69
1 17 65 41 31
1 18 76 24 23
1 19 72 26 30
1 20 65 33 38
1 21 28 73 69
1 22 48 56 47
1 23 69 30 33
1 24 26 74 69
1 25 8 85 87
1 26 74 28 28
1 27 52 50 48
1 28 65 40 33
1 29 73 32 33
1 30 99 3 1
1 31 61 39 41
1 32 23 69 74
1 33 96 11 10
1 34 74 29 30
1 35 77 20 27
1 36 87 12 16
1 37 58 45 42
1 38 13 78 81
1 39 8 88 89
1 40 49 52 49
1 41 3 88 91
1 42 3 89 92
1 43 47 47 51
1 44 1 93 94
1 45 28 68 64
1 46 46 54 56
1 47 51 47 53
1 48 28 72 73
1 49 77 26 23
1 50 37 65 57
1 51 99 1 4
1 52 58 42 40
1 53 75 28 24
1 54 18 81 78
1 55 59 42 43
1 56 65 34 38
1 57 89 15 11
1 58 41 58 58
1 59 62 41 40
1 60 8 89 87
1 61 63 34 36
1 62 2 94 87
1 63 15 82 84
1 64 89 14 15
1 65 15 78 84
1 66 80 26 25
1 67 82 25 25
1 68 15 78 77
1 69 42 60 55
1 70 52 46 43
1 71 51 50 50
1 72 8 86 88
1 73 78 26 23
1 74 20 72 73
1 75 36 60 66
1 76 64 40 38
1 77 29 72 70
1 78 29 66 71
1 79 53 44 42
1 80 60 44 44
1 81 36 57 65
1 82 69 34 33
1 83 66 32 33
1 84 90 14 12
1 85 78 27 27
1 86 65 33 35
1 87 25 75 69
1 88 52 52 47
1 89 12 86 84
1 90 85 17 21
1 91 42 55 52
1 92 92 8 10
1 93 81 22 17
1 94 70 34 31
1 95 58 45 39
1 96 90 17 18
1 97 63 34 35
1 98 60 41 42
1 99 45 54 57
2 3 95 4 13
2 4 84 22 17
2 5 12 82 85
2 6 26 75 74
2 7 27 73 74
2 8 11 84 81
2 9 75 31 30
2 10 73 33 33
2 11 15 83 77
2 12 82 19 24
2 13 5 88 92
2 14 11 83 85
2 15 84 16 20
2 16 13 78 78
2 17 77 23 22
2 18 3 93 88
2 19 0 91 93
2 20 90 13 15
2 21 16 78 84
2 22 85 17 21
2 23 94 5 7
2 24 47 55 48
2 25 23 74 73
2 26 33 67 60
2 27 87 11 15
2 28 71 26 26
2 29 41 55 58
2 30 91 9 9
2 31 25 73 69
2 32 43 55 56
2 33 8 84 82
2 34 68 32 30
2 35 94 7 10
2 36 51 52 44
2 37 41 55 61
2 38 99 3 5
2 39 59 45 40
2 40 70 32 33
2 41 74 28 28
2 42 26 70 67
2 43 86 21 15
2 44 68 35 30
2 45 57 46 47
2 46 10 90 81
2 47 21 72 76
2 48 62 42 35
2 49 45 52 59
2 50 59 40 40
2 51 83 20 19
2 52 1 93 98
2 53 87 20 18
2 54 1 93 98
2 55 88 18 12
2 56 56 47 48
2 57 5 86 88
2 58 61 39 39
2 59 97 6 7
2 60 63 36 40
2 61 4 86 87
2 62 57 46 43
2 63 45 58 51
2 64 13 86 84
2 65 63 33 37
2 66 88 11 14
2 67 59 45 44
2 68 65 40 38
2 69 91 8 8
2 70 33 66 64
2 71 72 29 28
2 72 20 72 79
2 73 96 10 7
2 74 19 75 73
2 75 71 32 27
2 76 8 84 91
2 77 54 48 41
2 78 79 25 24
2 79 72 25 27
2 80 98 2 8
2 81 48 53 48
2 82 12 85 81
2 83 26 67 66
2 84 39 55 58
2 85 88 12 18
2 86 92 12 16
2 87 58 47 42
2 88 45 58 57
2 89 37 66 56
2 90 90 14 12
2 91 39 57 60
2 92 4 86 88
2 93 83 15 23
2 94 88 20 16
2 95 71 32 31
2 96 10 82 87
2 97 63 43 42
2 98 27 73 71
2 99 35 67 66
3 4 67 29 29
3 5 6 88 89
3 6 36 58 57
3 7 98 2 2
3 8 51 52 46
3 9 92 14 15
3 10 24 77 73
3 11 78 22 27
3 12 39 59 57
3 13 87 11 20
3 14 50 47 47
3 15 70 27 31
3 16 70 29 34
3 17 62 34 37
3 18 52 50 50
3 19 88 17 10
3 20 43 55 58
3 21 40 55 55
3 22 64 41 34
3 23 61 44 43
3 24 24 72 70
3 25 64 37 39
3 26 1 97 94
3 27 25 69 76
3 28 15 85 77
3 29 45 51 55
3 30 29 70 70
3 31 94 8 10
3 32 71 27 30
3 33 95 12 5
3 34 44 54 59
3 35 87 13 16
3 36 86 21 17
3 37 29 70 68
3 38 55 44 41
3 39 21 77 79
3 40 4 93 88
3 41 34 62 66
3 42 48 50 51
3 43 30 67 68
3 44 29 67 71
3 45 0 98 92
3 46 56 47 41
3 47 28 73 67
3 48 22 75 76
3 49 13 78 81
3 50 5 92 95
3 51 95 12 13
3 52 8 85 85
3 53 93 14 14
3 54 9 82 87
3 55 18 82 81
3 56 20 75 73
3 57 23 78 75
3 58 73 26 32
3 59 93 6 14
3 60 55 42 44
3 61 83 21 16
3 62 1 88 96
3 63 47 53 53
3 64 59 40 40
3 65 6 89 92
3 66 71 33 26
3 67 60 42 36
3 68 7 83 89
3 69 49 46 54
3 70 7 87 85
3 71 17 76 81
3 72 46 57 51
3 73 68 31 30
3 74 21 72 74
3 75 87 13 15
3 76 46 50 53
3 77 20 78 80
3 78 88 19 17
3 79 9 85 88
3 80 70 28 34
3 81 75 25 22
3 82 60 38 42
3 83 53 41 44
3 84 86 20 14
3 85 8 86 85
3 86 58 38 43
3 87 64 35 35
3 88 21 76 71
3 89 41 55 55
3 90 64 37 31
3 91 87 11 12
3 92 5 92 94
3 93 64 40 34
3 94 5 90 95
3 95 88 14 19
3 96 46 54 52
3 97 16 82 82
3 98 17 79 84
3 99 84 22 17
4 5 14 78 85
4 6 54 48 47
4 7 36 61 57
4 8 29 70 64
4 9 93 7 14
4 10 69 27 34
4 11 25 72 75
4 12 86 13 18
4 13 8 86 88
4 14 15 76 79
4 15 64 34 39
4 16 12 81 85
4 17 78 28 25
4 18 48 48 56
4 19 64 34 40
4 20 78 23 21
4 21 45 54 50
4 22 64 32 37
4 23 15 78 84
4 24 57 44 39
4 25 27 70 73
4 26 62 35 40
4 27 42 60 57
4 28 48 51 50
4 29 16 80 78
4 30 62 43 40
4 31 55 45 45
4 32 71 34 35
4 33 8 88 90
4 34 10 88 82
4 35 89 14 9
4 36 41 57 60
4 37 34 60 61
4 38 74 31 25
4 39 59 39 43
4 40 94 13 5
4 41 25 73 70
4 42 19 81 72
4 43 41 61 58
4 44 16 79 81
4 45 65 40 36
4 46 16 84 77
4 47 76 27 27
4 48 64 36 34
4 49 96 7 8
4 50 14 77 85
4 51 18 78 78
4 52 18 78 82
4 53 79 23 28
4 54 40 58 57
4 55 58 43 42
4 56 33 60 65
4 57 68 32 35
4 58 3 89 91
4 59 54 42 41
4 60 63 40 40
4 61 82 24 20
4 62 97 11 4
4 63 4 91 88
4 64 50 47 48
4 65 47 52 52
4 66 6 90 85
4 67 66 39 32
4 68 95 13 11
4 69 60 39 45
4 70 58 42 43
4 71 28 73 72
4 72 9 90 86
4 73 35 66 65
4 74 16 80 80
4 75 47 52 50
4 76 1 96 92
4 77 88 19 11
4 78 54 47 46
4 79 43 55 60
4 80 65 35 34
4 81 25 71 68
4 82 49 55 48
4 83 11 80 80
4 84 55 48 48
4 85 77 23 26
4 86 20 79 78
4 87 88 17 11
4 88 9 87 88
4 89 57 40 38
4 90 30 65 70
4 91 4 91 94
4 92 34 63 59
4 93 43 57 51
4 94 36 61 66
4 95 72 29 27
4 96 0 96 92
4 97 6 88 85
4 98 82 21 22
4 99 17 79 80
5 6 81 22 24
5 7 9 89 91
5 8 13 86 80
5 9 8 92 84
5 10 65 35 36
5 11 33 68 61
5 12 88 11 14
5 13 34 59 62
5 14 91 14 9
5 15 89 14 9
5 16 74 33 26
5 17 12 86 86
5 18 31 70 70
5 19 95 13 7
5 20 13 79 84
5 21 21 79 76
5 22 71 27 35
5 23 12 88 80
5 24 45 52 53
5 25 84 16 18
5 26 95 12 6
5 27 9 82 85
5 28 5 88 91
5 29 9 87 83
5 30 71 27 34
5 31 60 44 42
5 32 87 14 12
5 33 62 36 42
5 34 54 47 46
5 35 76 25 21
5 36 70 29 34
5 37 14 83 87
5 38 67 34 37
5 39 64 39 42
5 40 11 87 82
5 41 73 27 27
5 42 20 81 72
5 43 41 60 61
5 44 61 36 41
5 45 21 79 77
5 46 82 25 20
5 47 30 65 72
5 48 73 30 26
5 49 32 66 68
5 50 96 7 6
5 51 34 61 66
5 52 82 21 19
5 53 30 65 64
5 54 25 74 73
5 55 81 23 21
5 56 94 13 12
5 57 93 13 13
5 58 81 23 21
5 59 82 20 20
5 60 66 32 34
5 61 77 23 20
5 62 34 59 68
5 63 44 56 52
5 64 86 20 19
5 65 66 38 36
5 66 85 14 20
5 67 96 9 8
5 68 19 78 80
5 69 15 77 82
5 70 99 5 8
5 71 64 32 36
5 72 35 60 59
5 73 86 12 15
5 74 21 70 73
5 75 55 49 44
5 76 29 66 72
5 77 15 81 78
5 78 19 74 81
5 79 51 52 45
5 80 11 84 85
5 81 45 57 57
5 82 73 24 28
5 83 70 31 33
5 84 45 58 51
5 85 54 45 44
5 86 80 27 20
5 87 7 88 84
5 88 82 22 17
5 89 39 64 58
5 90 35 61 62
5 91 99 9 5
5 92 1 90 97
5 93 0 93 98
5 94 73 30 25
5 95 95 9 4
5 96 35 59 60
5 97 80 24 18
5 98 44 58 52
5 99 50 46 50
6 7 43 61 54
6 8 62 43 35
6 9 77 20 28
6 10 34 65 59
6 11 21 73 75
6 12 9 85 86
6 13 17 80 83
6 14 69 35 30
6 15 17 81 74
6 16 26 72 71
6 17 12 83 79
6 18 24 71 74
6 19 28 72 65
6 20 49 53 46
6 21 96 9 9
6 22 9 89 84
6 23 65 38 36
6 24 15 76 78
6 25 26 66 72
6 26 60 43 38
6 27 45 57 57
6 28 95 7 9
6 29 75 24 27
6 30 56 43 47
6 31 46 51 55
6 32 71 26 30
6 33 29 67 66
6 34 66 34 32
6 35 24 76 76
6 36 78 24 21
6 37 70 29 34
6 38 82 24 20
6 39 73 33 33
6 40 31 71 64
6 41 43 57 53
6 42 1 89 89
6 43 47 53 47
6 44 84 15 17
6 45 83 21 19
6 46 22 77 72
6 47 10 87 89
6 48 77 29 27
6 49 55 45 48
6 50 3 89 91
6 51 73 27 30
6 52 43 57 57
6 53 87 21 14
6 54 67 38 31
6 55 19 79 73
6 56 37 60 62
6 57 29 65 71
6 58 0 98 95
6 59 12 82 81
6 60 72 28 30
6 61 79 23 23
6 62 76 23 23
6 63 60 40 35
6 64 61 34 36
6 65 5 94 87
6 66 23 72 76
6 67 41 56 54
6 68 36 60 60
6 69 86 19 20
6 70 45 53 49
6 71 74 30 24
6 72 0 90 96
6 73 36 65 62
6 74 34 61 68
6 75 75 25 29
6 76 9 86 85
6 77 97 10 10
6 78 42 54 60
6 79 74 25 26
6 80 63 36 39
6 81 15 81 82
6 82 52 43 44
6 83 13 79 78
6 84 20 78 79
6 85 10 85 81
6 86 30 64 69
6 87 1 94 94
6 88 37 65 60
6 89 53 50 45
6 90 61 37 44
6 91 89 15 17
6 92 6 84 93
6 93 10 88 81
6 94 78 23 19
6 95 37 63 59
6 96 71 34 27
6 97 70 28 31
6 98 39 61 63
6 99 9 88 89
7 8 99 4 5
7 9 25 71 75
7 10 42 57 59
7 11 95 12 13
7 12 68 38 32
7 13 62 36 35
7 14 19 76 76
7 15 16 75 81
7 16 45 50 58
7 17 44 58 56
7 18 57 41 39
7 19 81 25 22
7 20 49 45 51
7 21 17 75 78
7 22 19 81 78
7 23 68 28 30
7 24 31 64 69
7 25 16 83 80
7 26 65 39 35
7 27 73 32 32
7 28 99 4 9
7 29 41 58 52
7 30 87 11 13
7 31 32 64 67
7 32 15 85 82
7 33 91 12 12
7 34 87 12 19
7 35 55 44 49
7 36 99 7 0
7 37 92 9 11
7 38 84 22 14
7 39 93 13 9
7 40 63 37 43
7 41 80 25 26
7 42 36 64 58
7 43 48 56 47
7 44 7 93 86
7 45 94 10 13
7 46 42 59 59
7 47 57 40 41
7 48 33 66 63
7 49 2 93 91
7 50 83 14 15
7 51 43 58 57
7 52 23 75 71
7 53 90 8 15
7 54 27 65 67
7 55 26 66 68
7 56 13 85 77
7 57 41 60 57
7 58 89 19 19
7 59 42 58 53
7 60 88 13 14
7 61 96 4 5
7 62 23 76 74
7 63 54 42 46
7 64 74 30 26
7 65 35 60 61
7 66 9 86 83
7 67 23 76 75
7 68 4 92 91
7 69 46 54 51
7 70 44 52 57
7 71 86 13 12
7 72 9 88 90
7 73 99 7 6
7 74 66 32 36
7 75 53 44 43
7 76 88 12 15
7 77 10 86 82
7 78 9 86 86
7 79 4 93 90
7 80 78 28 24
7 81 12 81 87
7 82 11 79 79
7 83 91 13 15
7 84 78 26 28
7 85 41 55 56
7 86 63 35 42
7 87 45 57 52
7 88 42 59 52
7 89 54 43 44
7 90 1 96 95
7 91 36 63 65
7 92 64 35 41
7 93 24 75 75
7 94 70 34 28
7 95 27 64 66
7 96 31 66 67
7 97 46 58 53
7 98 66 33 33
7 99 36 57 63
8 9 45 50 59
8 10 45 49 54
8 11 47 48 55
8 12 3 88 96
8 13 85 17 15
8 14 67 29 31
8 15 7 88 87
8 16 6 86 85
8 17 44 56 59
8 18 2 97 91
8 19 77 24 25
8 20 68 29 34
8 21 22 77 73
8 22 54 48 47
8 23 26 67 74
8 24 71 25 28
8 25 34 62 61
8 26 27 69 67
8 27 44 54 52
8 28 59 36 39
8 29 26 74 70
8 30 42 52 58
8 31 38 55 59
8 32 36 62 57
8 33 81 21 25
8 34 55 44 41
8 35 60 42 44
8 36 40 56 59
8 37 93 16 10
8 38 10 86 82
8 39 4 88 92
8 40 43 51 56
8 41 59 45 38
8 42 62 40 36
8 43 60 40 44
8 44 37 60 56
8 45 79 24 20
8 46 27 71 73
8 47 41 54 60
8 48 43 60 56
8 49 27 70 70
8 50 97 4 9
8 51 67 38 33
8 52 57 42 43
8 53 66 39 38
8 54 26 73 67
8 55 46 53 49
8 56 18 80 80
8 57 78 21 22
8 58 72 31 29
8 59 50 47 44
8 60 96 3 5
8 61 60 44 37
8 62 59 46 37
8 63 53 44 44
8 64 73 32 25
8 65 94 9 14
8 66 7 90 92
8 67 0 98 93
8 68 4 89 88
8 69 17 81 77
8 70 94 8 12
8 71 78 24 24
8 72 98 4 1
8 73 10 87 86
8 74 78 20 27
8 75 33 66 61
8 76 79 22 25
8 77 59 42 38
8 78 18 81 78
8 79 49 48 52
8 80 79 23 27
8 81 91 13 9
8 82 96 6 8
8 83 75 23 28
8 84 47 52 49
8 85 11 83 82
8 86 67 35 29
8 87 5 85 94
8 88 55 40 46
8 89 94 5 12
8 90 33 67 63
8 91 19 81 76
8 92 36 59 57
8 93 49 54 46
8 94 65 31 40
8 95 20 79 78
8 96 97 10 11
8 97 80 24 21
8 98 44 57 58
8 99 36 61 58
9 10 9 90 88
9 11 62 34 36
9 12 15 85 78
9 13 75 28 26
9 14 57 42 45
9 15 77 20 27
9 16 76 26 26
9 17 46 50 51
9 18 85 19 19
9 19 92 14 8
9 20 74 27 32
9 21 63 38 33
9 22 53 42 51
9 23 6 89 91
9 24 35 58 62
9 25 12 81 79
9 26 21 71 77
9 27 54 45 42
9 28 78 28 19
9 29 80 22 21
9 30 51 51 52
9 31 69 34 33
9 32 41 61 62
9 33 21 71 77
9 34 48 48 47
9 35 50 47 50
9 36 66 36 37
9 37 26 70 72
9 38 50 45 48
9 39 68 33 28
9 40 44 59 52
9 41 58 39 42
9 42 77 24 20
9 43 69 27 31
9 44 15 83 77
9 45 76 24 27
9 46 2 93 90
9 47 79 19 25
9 48 95 8 7
9 49 12 87 80
9 50 94 9 10
9 51 68 37 38
9 52 97 8 3
9 53 54 47 48
9 54 80 26 24
9 55 19 79 77
9 56 90 14 14
9 57 40 56 56
9 58 32 68 68
9 59 25 70 74
9 60 5 85 91
9 61 32 68 65
9 62 59 36 43
9 63 16 84 82
9 64 47 49 54
9 65 96 10 11
9 66 99 5 3
9 67 43 58 60
9 68 47 51 50
9 69 65 32 36
9 70 10 80 85
9 71 37 62 61
9 72 86 14 20
9 73 0 98 95
9 74 68 37 31
9 75 14 77 80
9 76 98 4 9
9 77 36 60 62
9 78 32 65 67
9 79 78 21 22
9 80 96 6 9
9 81 67 29 37
9 82 15 77 83
9 83 19 73 75
9 84 98 10 9
9 85 13 86 80
9 86 5 85 92
9 87 21 73 72
9 88 6 89 92
9 89 67 37 32
9 90 10 85 87
9 91 73 27 24
9 92 83 23 15
9 93 18 82 77
9 94 56 46 45
9 95 17 80 84
9 96 48 53 55
9 97 86 12 14
9 98 79 22 19
9 99 91 16 11
10 11 74 32 27
10 12 20 73 76
10 13 46 52 50
10 14 99 2 1
10 15 32 61 67
10 16 62 34 39
10 17 8 90 86
10 18 67 32 31
10 19 56 41 46
10 20 84 19 21
10 21 11 86 83
10 22 49 47 45
10 23 69 28 30
10 24 9 89 86
10 25 11 80 80
10 26 39 61 54
10 27 2 96 96
10 28 2 94 93
10 29 26 68 68
10 30 0 96 90
10 31 52 51 48
10 32 65 32 34
10 33 58 41 40
10 34 88 16 10
10 35 46 51 49
10 36 72 29 26
10 37 84 20 19
10 38 57 47 41
10 39 20 79 75
10 40 3 88 94
10 41 52 48 52
10 42 72 34 32
10 43 59 42 43
10 44 25 75 75
10 45 21 78 72
10 46 68 28 32
10 47 37 56 58
10 48 81 21 26
10 49 59 39 39
10 50 78 27 24
10 51 49 52 53
10 52 4 88 95
10 53 54 42 42
10 54 22 71 74
10 55 63 35 40
10 56 69 36 34
10 57 89 13 19
10 58 67 31 33
10 59 62 41 39
10 60 27 68 74
10 61 45 51 58
10 62 24 69 72
10 63 5 84 90
10 64 97 4 11
10 65 86 19 14
10 66 59 42 45
10 67 94 12 11
10 68 25 68 76
10 69 90 17 14
10 70 87 15 18
10 71 93 6 14
10 72 43 58 56
10 73 27 67 70
10 74 77 20 29
10 75 63 33 39
10 76 3 93 95
10 77 86 22 19
10 78 71 33 34
10 79 51 49 47
10 80 33 66 67
10 81 13 78 82
10 82 41 59 58
10 83 95 9 10
10 84 51 50 44
10 85 12 82 81
10 86 52 46 52
10 87 67 30 29
10 88 86 21 21
10 89 1 91 93
10 90 69 29 29
10 91 45 54 50
10 92 60 39 40
10 93 20 80 75
10 94 80 23 17
10 95 4 91 95
10 96 15 78 79
10 97 5 92 89
10 98 5 88 86
10 99 31 67 63
11 12 35 61 59
11 13 29 65 67
11 14 38 61 61
11 15 45 51 53
11 16 64 33 39
11 17 47 48 55
11 18 41 60 60
11 19 30 66 65
11 20 31 66 67
11 21 38 64 55
11 22 5 94 87
11 23 18 73 78
11 24 32 65 67
11 25 59 40 46
11 26 70 32 34
11 27 30 64 68
11 28 54 49 44
11 29 37 58 64
11 30 60 41 39
11 31 43 53 56
11 32 53 46 47
11 33 83 18 21
11 34 37 64 59
11 35 91 12 9
11 36 72 30 32
11 37 68 29 33
11 38 93 13 8
11 39 59 38 43
11 40 91 15 14
11 41 89 9 14
11 42 67 34 37
11 43 83 15 15
11 44 0 97 90
11 45 13 79 78
11 46 10 85 86
11 47 48 47 52
11 48 73 28 28
11 49 64 40 39
11 50 58 43 42
11 51 88 14 15
11 52 2 96 94
11 53 88 19 15
11 54 8 87 86
11 55 17 75 77
11 56 33 69 61
11 57 2 92 97
11 58 6 85 90
11 59 85 13 19
11 60 97 4 3
11 61 75 24 27
11 62 92 8 9
11 63 27 73 69
11 64 68 34 32
11 65 54 49 49
11 66 93 8 13
11 67 11 88 88
11 68 94 5 7
11 69 30 65 68
11 70 45 51 54
11 71 57 42 39
11 72 89 15 10
11 73 70 36 31
11 74 88 18 15
11 75 10 89 86
11 76 94 14 12
11 77 94 14 11
11 78 58 39 40
11 79 26 68 66
11 80 64 34 40
11 81 43 51 51
11 82 8 91 90
11 83 46 56 53
11 84 94 9 13
11 85 36 61 57
11 86 10 84 80
11 87 1 92 95
11 88 15 78 80
11 89 9 90 90
11 90 1 90 92
11 91 38 55 57
11 92 91 12 13
11 93 99 6 5
11 94 38 59 62
11 95 10 89 88
11 96 66 33 34
11 97 56 41 43
11 98 9 91 84
11 99 10 87 83
12 13 52 43 50
12 14 30 69 71
12 15 11 89 83
12 16 1 98 91
12 17 29 73 72
12 18 39 59 62
12 19 54 44 46
12 20 71 27 35
12 21 47 56 48
12 22 98 10 1
12 23 34 60 61
12 24 64 40 39
12 25 43 56 52
12 26 1 96 96
12 27 35 59 60
12 28 49 54 50
12 29 79 25 28
12 30 87 13 21
12 31 20 77 72
12 32 92 11 7
12 33 67 34 38
12 34 65 41 37
12 35 99 9 1
12 36 80 17 27
12 37 86 16 20
12 38 89 14 12
12 39 1 93 94
12 40 90 13 12
12 41 32 63 65
12 42 34 61 61
12 43 35 63 62
12 44 90 15 15
12 45 60 41 40
12 46 32 60 67
12 47 25 72 66
12 48 39 54 61
12 49 35 60 60
12 50 87 20 17
12 51 34 62 65
12 52 42 61 55
12 53 37 61 58
12 54 94 6 14
12 55 10 90 82
12 56 56 39 47
12 57 22 72 76
12 58 84 17 20
12 59 43 61 60
12 60 44 59 54
12 61 59 39 36
12 62 11 82 88
12 63 25 74 75
12 64 84 22 20
12 65 0 97 99
12 66 37 60 64
12 67 52 44 46
12 68 58 44 41
12 69 8 89 86
12 70 21 72 78
12 71 0 99 99
12 72 79 21 22
12 73 78 19 21
12 74 18 81 77
12 75 85 15 16
12 76 56 40 41
12 77 18 76 82
12 78 19 81 82
12 79 83 22 23
12 80 13 78 85
12 81 90 12 18
12 82 54 48 46
12 83 89 16 11
12 84 13 84 78
12 85 40 58 60
12 86 88 16 10
12 87 82 23 25
12 88 59 36 45
12 89 10 87 84
12 90 91 15 15
12 91 47 53 48
12 92 57 39 44
12 93 74 23 23
12 94 69 30 32
12 95 28 69 70
12 96 20 72 81
12 97 28 65 64
12 98 41 55 62
12 99 59 38 43
13 14 35 61 59
13 15 34 61 60
13 16 61 40 37
13 17 13 85 83
13 18 50 48 51
13 19 9 84 90
13 20 81 25 25
13 21 53 42 50
13 22 48 53 46
13 23 74 31 31
13 24 87 11 19
13 25 37 59 65
13 26 15 85 84
13 27 68 31 35
13 28 8 86 90
13 29 5 87 87
13 30 18 80 81
13 31 21 71 74
13 32 73 34 32
13 33 75 25 31
13 34 78 20 26
13 35 49 46 47
13 36 37 59 60
13 37 2 89 95
13 38 5 91 91
13 39 92 8 7
13 40 39 64 64
13 41 47 55 55
13 42 42 61 58
13 43 20 78 79
13 44 1 95 94
13 45 54 49 43
13 46 61 37 43
13 47 20 74 77
13 48 10 81 85
13 49 36 66 63
13 50 55 46 45
13 51 23 75 76
13 52 60 40 41
13 53 72 29 30
13 54 43 58 54
13 55 65 38 38
13 56 64 39 32
13 57 46 51 52
13 58 83 16 21
13 59 97 9 10
13 60 56 39 49
13 61 13 86 84
13 62 17 81 79
13 63 31 67 62
13 64 27 70 72
13 65 30 62 68
13 66 57 47 41
13 67 68 33 34
13 68 41 60 58
13 69 50 49 45
13 70 82 22 25
13 71 55 45 49
13 72 22 73 77
13 73 60 40 35
13 74 29 70 72
13 75 51 49 44
13 76 80 27 24
13 77 79 25 23
13 78 37 60 61
13 79 54 49 41
13 80 67 33 37
13 81 99 0 4
13 82 79 20 19
13 83 95 7 10
13 84 48 49 53
13 85 30 64 70
13 86 51 52 44
13 87 34 61 61
13 88 71 33 27
13 89 32 65 62
13 90 24 70 77
13 91 92 16 15
13 92 61 42 36
13 93 33 65 60
13 94 78 29 29
13 95 54 46 44
13 96 96 5 6
13 97 41 58 52
13 98 98 10 7
13 99 55 41 42
14 15 69 31 28
14 16 5 88 86
14 17 64 40 33
14 18 87 17 21
14 19 9 91 84
14 20 8 85 88
14 21 0 90 93
14 22 55 47 42
14 23 9 83 90
14 24 49 48 53
14 25 38 57 56
14 26 6 86 87
14 27 69 28 35
14 28 9 82 81
14 29 36 64 61
14 30 14 78 82
14 31 21 75 76
14 32 78 21 25
14 33 86 13 15
14 34 31 68 68
14 35 34 68 60
14 36 2 93 90
14 37 50 47 45
14 38 63 40 40
14 39 78 26 20
14 40 70 35 36
14 41 96 10 7
14 42 11 83 86
14 43 59 43 39
14 44 16 76 84
14 45 15 85 76
14 46 77 28 23
14 47 70 27 30
14 48 3 91 95
14 49 61 36 43
14 50 93 12 15
14 51 28 71 70
14 52 38 62 63
14 53 76 30 26
14 54 9 88 82
14 55 0 91 89
14 56 30 68 66
14 57 9 91 85
14 58 15 79 80
14 59 74 32 32
14 60 89 12 10
14 61 27 67 74
14 62 50 47 45
14 63 41 61 58
14 64 11 84 85
14 65 18 75 81
14 66 37 59 62
14 67 31 69 71
14 68 20 75 75
14 69 89 9 12
14 70 9 83 88
14 71 80 20 20
14 72 11 82 87
14 73 61 36 43
14 74 62 39 42
14 75 37 57 62
14 76 91 13 10
14 77 45 49 50
14 78 48 50 54
14 79 80 24 24
14 80 20 80 80
14 81 55 42 45
14 82 74 30 32
14 83 92 13 13
14 84 88 14 13
14 85 67 38 36
14 86 42 59 60
14 87 38 63 60
14 88 68 34 35
14 89 92 7 6
14 90 8 85 88
14 91 58 43 47
14 92 67 35 33
14 93 99 9 7
14 94 91 17 14
14 95 41 55 57
14 96 22 75 71
14 97 35 65 60
14 98 52 45 45
14 99 48 52 49
15 16 57 40 45
15 17 3 93 92
15 18 48 54 50
15 19 20 75 78
15 20 70 35 31
15 21 27 74 74
15 22 21 77 78
15 23 58 39 43
15 24 67 38 34
15 25 99 6 6
15 26 59 44 36
15 27 56 41 44
15 28 49 50 48
15 29 56 46 45
15 30 71 33 35
15 31 74 29 31
15 32 64 39 40
15 33 62 37 38
15 34 47 49 50
15 35 19 80 77
15 36 96 3 2
15 37 73 31 29
15 38 33 61 60
15 39 34 60 67
15 40 78 26 27
15 41 82 25 19
15 42 93 14 11
15 43 60 37 37
15 44 76 23 28
15 45 39 59 61
15 46 87 13 18
15 47 43 55 52
15 48 37 60 56
15 49 31 68 70
15 50 1 92 93
15 51 78 27 19
15 52 16 83 79
15 53 14 83 79
15 54 84 14 15
15 55 71 31 29
15 56 2 88 89
15 57 83 17 24
15 58 32 69 68
15 59 81 25 23
15 60 44 55 59
15 61 60 40 39
15 62 35 63 63
15 63 75 28 24
15 64 28 70 66
15 65 85 22 13
15 66 29 64 66
15 67 57 45 47
15 68 39 56 57
15 69 79 21 20
15 70 89 14 12
15 71 60 42 36
15 72 14 77 81
15 73 30 62 68
15 74 74 29 24
15 75 56 48 45
15 76 46 55 48
15 77 5 94 92
15 78 73 30 31
15 79 34 59 60
15 80 97 4 9
15 81 26 74 74
15 82 85 15 18
15 83 44 56 50
15 84 77 23 29
15 85 72 25 33
15 86 34 67 67
15 87 25 75 74
15 88 27 70 70
15 89 34 60 67
15 90 63 33 35
15 91 58 37 43
15 92 53 50 43
15 93 50 54 51
15 94 40 59 59
15 95 37 63 59
15 96 96 12 4
15 97 25 74 68
15 98 77 27 20
15 99 4 88 91
16 17 98 8 10
16 18 57 38 39
16 19 37 63 58
16 20 18 82 75
16 21 66 35 40
16 22 7 87 87
16 23 12 81 87
16 24 39 58 59
16 25 93 6 6
16 26 58 41 43
16 27 89 11 13
16 28 70 30 28
16 29 40 60 60
16 30 8 84 84
16 31 67 34 30
16 32 99 6 1
16 33 41 62 59
16 34 24 74 69
16 35 10 83 89
16 36 84 18 23
16 37 57 42 39
16 38 83 15 20
16 39 71 31 33
16 40 55 42 47
16 41 89 16 16
16 42 39 59 62
16 43 89 10 10
16 44 48 54 47
16 45 51 50 44
16 46 89 10 13
16 47 36 63 59
16 48 82 23 16
16 49 19 72 72
16 50 60 44 36
16 51 66 30 37
16 52 85 21 17
16 53 3 93 86
16 54 76 27 26
16 55 6 85 86
16 56 58 38 39
16 57 74 27 23
16 58 53 42 45
16 59 7 89 91
16 60 25 76 69
16 61 95 8 6
16 62 56 44 41
16 63 60 43 36
16 64 58 39 44
16 65 79 27 28
16 66 56 44 48
16 67 61 42 39
16 68 97 5 11
16 69 8 82 89
16 70 83 16 16
16 71 19 75 75
16 72 29 65 68
16 73 47 49 49
16 74 71 35 26
16 75 62 36 34
16 76 84 20 15
16 77 97 3 11
16 78 13 85 78
16 79 50 44 48
16 80 67 34 39
16 81 94 9 13
16 82 14 82 78
16 83 81 19 18
16 84 18 79 75
16 85 20 72 75
16 86 89 18 16
16 87 85 14 16
16 88 44 58 52
16 89 34 67 63
16 90 48 46 48
16 91 44 51 54
16 92 76 21 25
16 93 46 48 50
16 94 24 77 74
16 95 34 61 59
16 96 55 50 43
16 97 47 50 51
16 98 43 54 58
16 99 24 73 73
17 18 67 37 33
17 19 77 27 25
17 20 38 56 61
17 21 12 84 88
17 22 23 77 75
17 23 31 65 70
17 24 23 74 76
17 25 48 52 46
17 26 36 65 64
17 27 1 91 97
17 28 30 70 71
17 29 84 21 15
17 30 34 68 64
17 31 39 55 54
17 32 73 30 27
17 33 88 16 11
17 34 5 89 86
17 35 87 16 13
17 36 84 22 17
17 37 89 12 18
17 38 38 55 64
17 39 15 78 84
17 40 9 89 85
17 41 11 87 82
17 42 11 83 87
17 43 44 59 57
17 44 68 28 28
17 45 85 15 16
17 46 29 63 66
17 47 21 78 75
17 48 93 10 15
17 49 80 25 23
17 50 8 89 92
17 51 45 58 55
17 52 16 77 85
17 53 5 93 91
17 54 82 21 17
17 55 7 88 90
17 56 42 60 60
17 57 66 38 33
17 58 80 20 18
17 59 44 53 59
17 60 39 62 55
17 61 10 82 87
17 62 2 93 89
17 63 92 11 7
17 64 36 64 65
17 65 23 74 76
17 66 10 82 87
17 67 59 40 36
17 68 44 51 54
17 69 13 84 83
17 70 23 75 75
17 71 19 81 76
17 72 33 64 65
17 73 50 53 54
17 74 67 34 37
17 75 15 80 78
17 76 23 73 75
17 77 48 53 50
17 78 75 30 24
17 79 64 37 32
17 80 96 13 6
17 81 59 44 37
17 82 15 78 84
17 83 7 85 83
17 84 80 20 22
17 85 9 88 84
17 86 41 54 58
17 87 81 24 17
17 88 33 61 68
17 89 39 62 61
17 90 48 47 50
17 91 86 16 19
17 92 71 27 29
17 93 80 23 19
17 94 84 18 21
17 95 94 7 14
17 96 11 88 80
17 97 93 11 10
17 98 43 60 57
17 99 94 10 9
18 19 73 32 30
18 20 38 58 58
18 21 34 64 58
18 22 19 81 78
18 23 74 28 31
18 24 27 67 67
18 25 52 45 48
18 26 96 12 4
18 27 16 76 76
18 28 75 30 31
18 29 1 91 90
18 30 25 73 76
18 31 83 20 22
18 32 23 74 70
18 33 86 18 13
18 34 20 77 80
18 35 13 82 83
18 36 80 25 25
18 37 46 48 54
18 38 34 67 59
18 39 20 75 76
18 40 97 9 10
18 41 32 70 65
18 42 0 94 93
18 43 72 30 32
18 44 37 63 58
18 45 47 48 48
18 46 87 13 21
18 47 35 60 62
18 48 48 50 47
18 49 47 55 56
18 50 44 51 59
18 51 19 77 78
18 52 73 24 27
18 53 89 19 18
18 54 93 10 12
18 55 83 23 18
18 56 45 52 53
18 57 18 80 76
18 58 58 44 43
18 59 55 40 48
18 60 66 37 32
18 61 71 31 31
18 62 45 52 48
18 63 29 70 69
18 64 84 19 23
18 65 23 72 72
18 66 79 20 25
18 67 10 80 86
18 68 18 73 75
18 69 98 8 4
18 70 49 47 48
18 71 53 47 42
18 72 30 64 64
18 73 1 91 95
18 74 79 23 20
18 75 48 49 52
18 76 88 13 19
18 77 79 19 18
18 78 49 52 50
18 79 0 93 93
18 80 32 67 66
18 81 94 14 6
18 82 7 88 92
18 83 93 11 11
18 84 94 12 10
18 85 52 46 51
18 86 30 69 66
18 87 39 58 54
18 88 75 26 31
18 89 4 92 92
18 90 33 66 63
18 91 56 40 39
18 92 51 44 45
18 93 6 88 86
18 94 8 82 83
18 95 74 25 25
18 96 74 30 32
18 97 80 24 20
18 98 17 81 75
18 99 27 66 69
19 20 36 62 58
19 21 76 26 22
19 22 44 54 55
19 23 8 83 88
19 24 33 64 67
19 25 82 23 23
19 26 79 24 25
19 27 1 95 89
19 28 19 74 79
19 29 82 19 16
19 30 26 69 66
19 31 82 21 25
19 32 79 28 23
19 33 31 62 67
19 34 52 50 48
19 35 3 89 95
19 36 21 79 72
19 37 63 32 33
19 38 90 18 11
19 39 5 93 85
19 40 71 26 33
19 41 77 28 28
19 42 39 54 63
19 43 75 25 24
19 44 2 92 95
19 45 64 40 40
19 46 59 42 40
19 47 68 36 34
19 48 24 76 77
19 49 67 31 30
19 50 14 83 87
19 51 89 14 15
19 52 83 19 21
19 53 41 54 52
19 54 78 20 27
19 55 60 42 40
19 56 23 74 76
19 57 7 90 88
19 58 56 42 48
19 59 84 16 20
19 60 53 43 49
19 61 13 78 83
19 62 96 10 10
19 63 8 91 85
19 64 9 86 89
19 65 7 83 91
19 66 6 85 87
19 67 43 57 57
19 68 45 56 55
19 69 83 17 22
19 70 72 26 31
19 71 45 57 56
19 72 32 69 65
19 73 21 71 79
19 74 21 76 71
19 75 38 65 59
19 76 56 43 46
19 77 50 47 49
19 78 8 88 83
19 79 39 58 56
19 80 99 8 10
19 81 55 43 46
19 82 55 49 43
19 83 37 61 59
19 84 9 90 82
19 85 46 48 52
19 86 49 52 53
19 87 38 59 59
19 88 44 53 50
19 89 69 33 29
19 90 50 51 47
19 91 30 66 70
19 92 30 67 63
19 93 78 21 28
19 94 68 32 36
19 95 9 84 83
19 96 94 8 9
19 97 70 36 36
19 98 42 53 56
19 99 41 57 56
20 21 99 2 2
20 22 29 67 71
20 23 78 23 24
20 24 35 58 66
20 25 75 27 28
20 26 3 88 94
20 27 80 21 20
20 28 82 23 22
20 29 98 5 5
20 30 7 92 92
20 31 65 32 36
20 32 90 9 9
20 33 47 51 48
20 34 35 61 66
20 35 76 28 26
20 36 58 38 45
20 37 55 42 40
20 38 43 53 53
20 39 43 51 53
20 40 54 40 49
20 41 61 36 41
20 42 65 37 34
20 43 7 86 88
20 44 12 84 84
20 45 75 31 30
20 46 29 66 68
20 47 15 76 80
20 48 26 67 67
20 49 3 94 92
20 50 66 34 35
20 51 18 76 79
20 52 83 18 17
20 53 45 56 52
20 54 53 43 46
20 55 27 73 73
20 56 87 14 14
20 57 39 54 60
20 58 18 75 81
20 59 10 86 84
20 60 33 68 62
20 61 86 21 17
20 62 62 35 36
20 63 97 4 2
20 64 65 34 39
20 65 9 83 82
20 66 96 12 10
20 67 47 55 51
20 68 70 34 35
20 69 8 86 88
20 70 0 96 92
20 71 7 91 84
20 72 53 45 44
20 73 78 24 22
20 74 29 70 66
20 75 17 75 82
20 76 94 5 6
20 77 29 67 69
20 78 80 27 22
20 79 42 56 58
20 80 36 60 58
20 81 94 14 9
20 82 51 46 53
20 83 7 90 91
20 84 50 50 48
20 85 18 73 79
20 86 30 66 66
20 87 99 6 7
20 88 24 72 69
20 89 93 12 14
20 90 14 86 83
20 91 96 8 11
20 92 46 51 53
20 93 51 44 50
20 94 17 74 81
20 95 63 36 36
20 96 19 78 80
20 97 38 60 65
20 98 76 25 23
20 99 26 72 69
21 22 74 27 25
21 23 58 45 40
21 24 92 8 10
21 25 13 83 77
21 26 16 75 75
21 27 45 56 50
21 28 70 26 31
21 29 34 65 65
21 30 64 38 41
21 31 39 61 56
21 32 32 67 65
21 33 51 45 47
21 34 49 54 47
21 35 86 21 13
21 36 5 88 90
21 37 37 63 62
21 38 99 5 6
21 39 16 75 79
21 40 31 70 71
21 41 34 67 63
21 42 32 70 63
21 43 3 90 87
21 44 55 45 50
21 45 31 66 62
21 46 8 86 83
21 47 4 87 93
21 48 85 21 22
21 49 26 66 73
21 50 92 8 8
21 51 75 24 29
21 52 11 85 80
21 53 81 21 21
21 54 50 49 50
21 55 88 15 20
21 56 39 59 63
21 57 73 28 32
21 58 53 43 49
21 59 32 61 70
21 60 87 14 16
21 61 55 42 41
21 62 54 48 47
21 63 21 74 77
21 64 82 24 18
21 65 30 63 67
21 66 86 21 12
21 67 2 96 90
21 68 44 53 59
21 69 59 40 39
21 70 59 42 37
21 71 53 50 43
21 72 71 35 33
21 73 78 26 26
21 74 64 39 41
21 75 10 85 87
21 76 39 64 59
21 77 84 23 21
21 78 61 35 43
21 79 21 72 71
21 80 79 19 22
21 81 64 40 39
21 82 16 81 77
21 83 39 62 61
21 84 7 91 87
21 85 44 52 52
21 86 26 67 75
21 87 77 26 23
21 88 68 35 29
21 89 99 1 3
21 90 15 82 83
21 91 62 36 40
21 92 0 99 92
21 93 91 12 7
21 94 40 55 54
21 95 55 44 42
21 96 61 38 38
21 97 59 39 38
21 98 62 38 42
21 99 49 50 53
22 23 9 84 82
22 24 21 78 71
22 25 0 95 99
22 26 37 58 64
22 27 18 73 77
22 28 61 42 41
22 29 17 80 75
22 30 6 89 90
22 31 69 31 35
22 32 97 5 7
22 33 24 70 68
22 34 49 46 47
22 35 3 90 96
22 36 96 11 8
22 37 88 19 13
22 38 43 59 58
22 39 79 23 24
22 40 96 8 12
22 41 52 47 47
22 42 86 14 20
22 43 43 58 58
22 44 0 93 92
22 45 76 23 22
22 46 82 23 18
22 47 38 61 61
22 48 14 82 78
22 49 84 17 18
22 50 73 25 28
22 51 5 86 86
22 52 44 56 53
22 53 86 20 20
22 54 91 12 9
22 55 91 16 12
22 56 74 30 28
22 57 52 43 48
22 58 62 36 41
22 59 77 25 29
22 60 85 17 16
22 61 73 29 28
22 62 27 69 67
22 63 9 90 88
22 64 99 5 1
22 65 63 41 41
22 66 60 40 38
22 67 43 54 59
22 68 36 66 64
22 69 43 60 53
22 70 25 71 76
22 71 95 8 6
22 72 85 18 13
22 73 58 43 47
22 74 8 91 90
22 75 44 55 58
22 76 69 33 36
22 77 7 91 90
22 78 26 67 70
22 79 60 42 36
22 80 40 58 53
22 81 77 23 25
22 82 24 75 75
22 83 34 61 67
22 84 87 12 19
22 85 85 21 17
22 86 51 48 53
22 87 4 94 89
22 88 65 31 36
22 89 47 56 49
22 90 46 49 51
22 91 57 40 41
22 92 60 39 42
22 93 5 86 91
22 94 9 81 83
22 95 7 87 85
22 96 71 31 33
22 97 43 52 54
22 98 9 87 85
22 99 51 53 53
23 24 14 80 84
23 25 90 8 17
23 26 29 67 66
23 27 70 34 35
23 28 92 9 14
23 29 56 48 39
23 30 89 13 18
23 31 64 32 35
23 32 74 22 28
23 33 26 71 76
23 34 87 13 20
23 35 13 80 80
23 36 23 68 72
23 37 67 32 30
23 38 50 47 49
23 39 81 25 23
23 40 78 25 24
23 41 98 10 3
23 42 9 88 87
23 43 61 40 41
23 44 88 17 11
23 45 67 37 35
23 46 2 88 95
23 47 95 13 5
23 48 34 63 59
23 49 23 76 75
23 50 86 12 20
23 51 61 39 42
23 52 17 75 81
23 53 24 70 69
23 54 16 76 79
23 55 57 46 48
23 56 92 10 9
23 57 6 87 87
23 58 97 4 5
23 59 2 90 92
23 60 29 65 69
23 61 79 27 27
23 62 67 38 39
23 63 24 74 72
23 64 73 27 26
23 65 72 31 29
23 66 46 57 55
23 67 92 6 10
23 68 73 31 30
23 69 52 46 50
23 70 43 54 51
23 71 62 40 42
23 72 32 65 63
23 73 64 38 40
23 74 51 43 53
23 75 22 77 76
23 76 21 71 79
23 77 82 19 20
23 78 0 91 91
23 79 1 90 96
23 80 30 63 71
23 81 75 24 27
23 82 82 20 20
23 83 80 23 26
23 84 20 77 74
23 85 70 30 31
23 86 64 41 32
23 87 78 26 20
23 88 45 56 50
23 89 46 54 54
23 90 6 92 86
23 91 80 21 21
23 92 36 66 62
23 93 80 24 20
23 94 3 90 91
23 95 16 78 82
23 96 80 21 18
23 97 87 19 16
23 98 92 8 16
23 99 75 22 22
24 25 16 82 77
24 26 64 34 35
24 27 89 10 13
24 28 61 38 41
24 29 31 70 66
24 30 61 36 43
24 31 48 46 51
24 32 48 47 48
24 33 8 90 87
24 34 75 26 31
24 35 34 63 65
24 36 7 88 87
24 37 87 21 17
24 38 8 82 86
24 39 55 40 40
24 40 97 9 11
24 41 28 70 66
24 42 54 44 46
24 43 60 42 39
24 44 53 50 44
24 45 76 22 25
24 46 53 51 43
24 47 86 17 13
24 48 75 26 27
24 49 11 80 85
24 50 97 3 5
24 51 37 60 61
24 52 35 66 65
24 53 56 40 45
24 54 37 56 58
24 55 17 78 74
24 56 51 53 46
24 57 27 66 66
24 58 77 26 24
24 59 64 35 41
24 60 73 31 29
24 61 99 2 2
24 62 60 38 41
24 63 92 7 9
24 64 49 48 55
24 65 53 46 42
24 66 95 6 6
24 67 65 37 33
24 68 92 13 13
24 69 57 41 43
24 70 60 42 37
24 71 41 61 55
24 72 55 44 49
24 73 51 49 48
24 74 77 20 24
24 75 35 60 64
24 76 56 44 44
24 77 68 36 28
24 78 96 10 9
24 79 21 79 77
24 80 82 16 22
24 81 12 82 86
24 82 36 66 61
24 83 97 3 10
24 84 61 36 37
24 85 91 11 9
24 86 50 45 47
24 87 9 88 84
24 88 4 93 90
24 89 74 26 30
24 90 95 4 8
24 91 46 54 55
24 92 87 20 19
24 93 24 71 68
24 94 58 45 39
24 95 65 33 37
24 96 90 12 10
24 97 31 67 70
24 98 67 34 34
24 99 69 36 29
25 26 77 26 22
25 27 74 25 23
25 28 73 32 33
25 29 40 59 54
25 30 10 87 80
25 31 50 45 53
25 32 35 60 64
25 33 4 88 92
25 34 33 67 62
25 35 56 47 43
25 36 55 42 44
25 37 57 47 47
25 38 68 37 34
25 39 29 71 65
25 40 6 84 90
25 41 24 76 73
25 42 92 16 9
25 43 90 9 11
25 44 63 36 40
25 45 64 33 34
25 46 31 63 71
25 47 74 26 25
25 48 23 69 69
25 49 19 72 73
25 50 48 52 52
25 51 75 31 30
25 52 47 47 47
25 53 91 15 11
25 54 88 18 17
25 55 51 51 43
25 56 30 70 63
25 57 78 25 20
25 58 88 13 16
25 59 43 55 51
25 60 30 66 70
25 61 73 26 24
25 62 34 59 63
25 63 65 37 38
25 64 11 88 87
25 65 99 3 9
25 66 20 80 77
25 67 27 73 67
25 68 68 33 38
25 69 11 80 83
25 70 22 78 73
25 71 45 54 54
25 72 10 83 83
25 73 67 37 38
25 74 6 93 92
25 75 84 23 15
25 76 3 89 87
25 77 54 41 44
25 78 73 29 32
25 79 58 38 43
25 80 66 33 33
25 81 3 94 87
25 82 25 75 67
25 83 52 46 52
25 84 41 61 57
25 85 41 61 59
25 86 11 87 86
25 87 96 3 5
25 88 78 26 26
25 89 35 60 61
25 90 41 59 60
25 91 38 63 56
25 92 7 84 92
25 93 19 78 78
25 94 77 20 23
25 95 29 66 67
25 96 71 31 28
25 97 82 16 17
25 98 74 27 26
25 99 90 18 10
26 27 13 79 83
26 28 87 12 15
26 29 0 96 94
26 30 79 25 26
26 31 6 90 84
26 32 54 43 47
26 33 32 64 69
26 34 48 51 51
26 35 25 71 69
26 36 0 91 95
26 37 18 81 75
26 38 58 38 44
26 39 85 18 16
26 40 84 19 14
26 41 10 86 90
26 42 71 32 33
26 43 51 43 53
26 44 56 48 48
26 45 32 68 66
26 46 87 12 17
26 47 62 36 37
26 48 27 71 66
26 49 81 19 19
26 50 19 77 74
26 51 99 8 9
26 52 69 32 34
26 53 33 62 69
26 54 61 41 36
26 55 22 70 71
26 56 3 96 95
26 57 44 55 58
26 58 93 5 11
26 59 27 69 71
26 60 6 90 90
26 61 79 18 22
26 62 51 44 52
26 63 71 27 34
26 64 27 73 74
26 65 68 32 32
26 66 34 66 65
26 67 72 28 25
26 68 31 68 63
26 69 7 90 92
26 70 34 66 62
26 71 43 52 53
26 72 89 16 16
26 73 77 21 21
26 74 63 38 35
26 75 67 36 39
26 76 25 67 70
26 77 22 69 79
26 78 43 51 57
26 79 42 55 54
26 80 18 75 73
26 81 7 88 87
26 82 92 8 8
26 83 96 3 7
26 84 83 24 20
26 85 17 83 77
26 86 21 74 70
26 87 12 87 81
26 88 89 13 9
26 89 79 23 25
26 90 19 74 79
26 91 92 13 15
26 92 87 13 12
26 93 49 53 48
26 94 11 86 87
26 95 43 55 51
26 96 45 56 58
26 97 62 37 42
26 98 99 8 4
26 99 51 50 50
27 28 70 28 34
27 29 28 65 68
27 30 50 44 49
27 31 75 26 29
27 32 96 5 5
27 33 64 39 34
27 34 91 9 8
27 35 35 60 64
27 36 60 40 38
27 37 2 97 93
27 38 46 52 48
27 39 57 43 46
27 40 47 53 49
27 41 15 79 84
27 42 51 49 44
27 43 63 33 41
27 44 13 87 83
27 45 69 29 37
27 46 30 71 69
27 47 44 54 56
27 48 65 38 31
27 49 27 72 70
27 50 10 85 88
27 51 1 91 95
27 52 29 65 71
27 53 8 88 89
27 54 75 23 24
27 55 58 42 46
27 56 15 81 81
27 57 76 22 21
27 58 9 90 82
27 59 48 53 56
27 60 78 21 29
27 61 33 67 65
27 62 36 61 66
27 63 21 80 77
27 64 83 15 16
27 65 60 43 40
27 66 51 45 47
27 67 61 41 39
27 68 48 54 51
27 69 43 58 60
27 70 85 21 22
27 71 54 46 47
27 72 14 81 85
27 73 31 64 63
27 74 42 56 52
27 75 19 81 81
27 76 53 47 45
27 77 3 88 91
27 78 96 5 7
27 79 50 52 49
27 80 14 82 83
27 81 9 90 86
27 82 78 22 20
27 83 70 34 31
27 84 61 37 41
27 85 48 54 47
27 86 69 32 29
27 87 40 63 62
27 88 97 8 2
27 89 96 3 10
27 90 0 90 92
27 91 10 84 89
27 92 90 13 11
27 93 54 43 42
27 94 30 64 72
27 95 68 33 34
27 96 56 45 49
27 97 72 25 30
27 98 76 29 30
27 99 8 86 83
28 29 71 31 28
28 30 22 79 71
28 31 97 8 5
28 32 31 63 71
28 33 90 9 17
28 34 57 42 44
28 35 4 90 94
28 36 37 56 65
28 37 61 35 41
28 38 93 8 12
28 39 40 56 59
28 40 12 79 85
28 41 96 12 11
28 42 64 35 40
28 43 18 82 78
28 44 33 63 62
28 45 77 20 27
28 46 9 85 83
28 47 61 34 35
28 48 62 39 41
28 49 75 23 27
28 50 93 6 14
28 51 36 57 62
28 52 33 67 63
28 53 99 4 8
28 54 97 10 9
28 55 32 69 68
28 56 63 35 39
28 57 11 86 85
28 58 62 34 34
28 59 3 91 87
28 60 58 44 40
28 61 96 7 12
28 62 64 41 40
28 63 16 76 80
28 64 88 12 13
28 65 46 51 49
28 66 33 65 66
28 67 29 72 66
28 68 61 41 38
28 69 24 74 71
28 70 50 47 47
28 71 71 35 30
28 72 80 22 21
28 73 40 58 55
28 74 36 58 63
28 75 84 14 18
28 76 11 88 81
28 77 10 86 86
28 78 32 61 62
28 79 99 1 5
28 80 37 61 59
28 81 38 57 60
28 82 41 54 52
28 83 48 50 49
28 84 54 44 43
28 85 96 10 6
28 86 47 49 53
28 87 95 8 7
28 88 21 79 80
28 89 60 41 39
28 90 60 42 37
28 91 85 13 15
28 92 22 70 75
28 93 96 7 6
28 94 32 65 67
28 95 95 5 7
28 96 91 8 9
28 97 39 62 58
28 98 10 90 88
28 99 16 81 84
29 30 54 44 48
29 31 49 49 53
29 32 54 48 48
29 33 16 78 85
29 34 76 23 22
29 35 99 3 6
29 36 34 67 61
29 37 32 70 67
29 38 62 36 40
29 39 76 31 30
29 40 96 11 4
29 41 31 63 70
29 42 80 19 19
29 43 10 89 87
29 44 5 92 86
29 45 65 36 34
29 46 98 4 5
29 47 17 75 82
29 48 42 52 57
29 49 53 46 45
29 50 39 54 63
29 51 68 33 33
29 52 47 48 50
29 53 72 27 25
29 54 16 82 84
29 55 69 32 36
29 56 35 64 58
29 57 3 90 95
29 58 33 62 62
29 59 80 25 22
29 60 47 56 54
29 61 64 32 39
29 62 84 16 21
29 63 49 52 51
29 64 97 3 7
29 65 17 75 77
29 66 80 26 23
29 67 21 71 71
29 68 36 62 61
29 69 38 61 59
29 70 36 64 62
29 71 50 51 44
29 72 63 38 41
29 73 42 61 60
29 74 83 24 23
29 75 94 10 5
29 76 37 64 58
29 77 64 33 39
29 78 81 18 26
29 79 32 68 61
29 80 41 55 53
29 81 16 79 78
29 82 9 90 88
29 83 42 53 55
29 84 26 67 71
29 85 65 38 33
29 86 31 63 61
29 87 40 59 57
29 88 49 55 48
29 89 35 66 62
29 90 90 13 14
29 91 14 84 84
29 92 93 11 15
29 93 12 80 82
29 94 6 89 88
29 95 42 61 55
29 96 87 12 12
29 97 95 14 5
29 98 47 56 56
29 99 55 47 44
30 31 2 88 94
30 32 90 17 16
30 33 15 77 78
30 34 31 70 68
30 35 45 57 56
30 36 40 59 58
30 37 20 78 75
30 38 93 7 14
30 39 29 66 72
30 40 93 8 13
30 41 78 22 22
30 42 62 38 43
30 43 15 85 80
30 44 3 86 89
30 45 60 39 45
30 46 86 18 19
30 47 73 26 25
30 48 85 16 20
30 49 23 75 70
30 50 38 58 64
30 51 66 30 39
30 52 81 25 21
30 53 23 72 70
30 54 87 14 19
30 55 71 33 33
30 56 34 59 67
30 57 66 38 34
30 58 54 50 47
30 59 95 8 10
30 60 86 22 18
30 61 53 42 46
30 62 50 52 50
30 63 27 72 67
30 64 76 22 22
30 65 18 79 74
30 66 61 44 38
30 67 27 71 71
30 68 31 63 62
30 69 96 12 7
30 70 40 61 62
30 71 35 65 59
30 72 33 69 60
30 73 28 64 72
30 74 24 74 76
30 75 29 72 65
30 76 84 14 22
30 77 75 25 28
30 78 0 98 99
30 79 53 44 50
30 80 4 94 94
30 81 38 64 64
30 82 26 68 73
30 83 37 60 60
30 84 64 32 33
30 85 58 46 44
30 86 53 46 48
30 87 91 13 16
30 88 95 5 14
30 89 25 67 69
30 90 96 7 5
30 91 69 34 34
30 92 72 28 30
30 93 61 43 37
30 94 56 42 43
30 95 35 67 63
30 96 43 57 60
30 97 69 31 35
30 98 38 63 63
30 99 86 19 21
31 32 87 13 19
31 33 63 36 41
31 34 32 70 68
31 35 82 16 18
31 36 53 47 42
31 37 71 29 27
31 38 12 88 82
31 39 53 42 51
31 40 65 40 39
31 41 45 49 55
31 42 19 80 76
31 43 76 26 26
31 44 82 20 24
31 45 41 57 56
31 46 95 10 12
31 47 78 29 27
31 48 41 55 56
31 49 43 56 60
31 50 26 71 70
31 51 82 23 20
31 52 49 51 47
31 53 59 46 41
31 54 56 38 44
31 55 14 80 76
31 56 9 84 81
31 57 42 61 52
31 58 94 13 14
31 59 39 61 59
31 60 50 50 45
31 61 36 60 67
31 62 26 73 66
31 63 46 56 57
31 64 59 42 40
31 65 15 76 80
31 66 99 5 3
31 67 91 13 12
31 68 13 85 82
31 69 42 57 58
31 70 91 15 12
31 71 85 21 22
31 72 80 27 27
31 73 43 54 60
31 74 38 57 58
31 75 55 47 41
31 76 87 18 12
31 77 42 61 56
31 78 72 26 26
31 79 51 45 45
31 80 45 52 52
31 81 85 22 18
31 82 40 62 62
31 83 31 66 64
31 84 9 87 89
31 85 10 88 86
31 86 25 74 77
31 87 72 27 34
31 88 58 42 38
31 89 83 24 15
31 90 25 68 68
31 91 29 67 69
31 92 27 68 66
31 93 31 64 61
31 94 28 65 66
31 95 48 49 50
31 96 0 94 95
31 97 94 5 14
31 98 19 76 76
31 99 88 13 18
32 33 35 63 68
32 34 64 38 37
32 35 32 62 62
32 36 85 14 15
32 37 56 47 46
32 38 78 25 27
32 39 0 92 98
32 40 25 69 69
32 41 41 59 56
32 42 95 12 5
32 43 12 87 80
32 44 14 80 86
32 45 6 91 92
32 46 21 76 75
32 47 70 35 30
32 48 8 87 90
32 49 69 28 28
32 50 58 44 37
32 51 35 65 64
32 52 2 97 89
32 53 1 97 98
32 54 78 24 20
32 55 62 36 42
32 56 32 64 61
32 57 28 73 73
32 58 11 84 84
32 59 66 30 30
32 60 93 15 6
32 61 57 45 38
32 62 27 75 69
32 63 84 17 15
32 64 32 68 70
32 65 47 57 54
32 66 83 21 20
32 67 43 51 58
32 68 82 25 24
32 69 12 86 85
32 70 25 72 71
32 71 88 14 18
32 72 46 48 51
32 73 23 70 72
32 74 6 91 85
32 75 13 84 79
32 76 62 37 42
32 77 51 44 46
32 78 48 46 52
32 79 33 67 68
32 80 71 27 26
32 81 33 64 59
32 82 63 43 33
32 83 69 29 33
32 84 89 12 16
32 85 34 63 65
32 86 88 14 18
32 87 21 80 78
32 88 87 12 11
32 89 79 25 22
32 90 61 40 39
32 91 70 30 31
32 92 53 49 48
32 93 14 80 80
32 94 64 35 40
32 95 8 85 84
32 96 47 56 52
32 97 96 6 9
32 98 29 73 71
32 99 22 71 69
33 34 83 15 17
33 35 66 39 38
33 36 34 59 64
33 37 78 26 21
33 38 77 23 26
33 39 90 14 15
33 40 13 80 83
33 41 78 26 20
33 42 98 5 6
33 43 30 69 70
33 44 67 38 35
33 45 11 86 86
33 46 64 33 34
33 47 97 7 5
33 48 81 21 21
33 49 20 79 76
33 50 21 72 76
33 51 6 93 91
33 52 32 61 71
33 53 35 66 64
33 54 0 98 96
33 55 76 23 29
33 56 62 34 35
33 57 94 10 13
33 58 56 48 45
33 59 81 22 23
33 60 52 44 51
33 61 89 14 12
33 62 80 17 24
33 63 73 33 31
33 64 56 47 39
33 65 96 4 4
33 66 2 91 97
33 67 0 98 99
33 68 20 76 79
33 69 39 58 62
33 70 67 34 34
33 71 83 18 17
33 72 9 87 87
33 73 10 88 87
33 74 74 26 26
33 75 83 18 21
33 76 90 14 13
33 77 21 78 76
33 78 3 88 91
33 79 0 96 92
33 80 90 15 14
33 81 81 19 21
33 82 78 20 19
33 83 78 21 21
33 84 86 15 14
33 85 34 59 66
33 86 25 76 67
33 87 23 78 77
33 88 0 96 92
33 89 41 59 61
33 90 5 89 86
33 91 60 39 42
33 92 68 32 30
33 93 12 84 80
33 94 70 31 27
33 95 35 61 59
33 96 5 86 88
33 97 16 84 78
33 98 35 63 66
33 99 59 44 37
34 35 16 75 83
34 36 70 33 30
34 37 6 90 90
34 38 30 72 68
34 39 15 79 80
34 40 7 84 85
34 41 53 50 46
34 42 56 47 43
34 43 86 18 20
34 44 39 56 56
34 45 71 35 33
34 46 6 86 84
34 47 95 5 5
34 48 70 36 33
34 49 7 89 87
34 50 93 8 5
34 51 89 16 13
34 52 9 88 90
34 53 12 83 82
34 54 93 6 14
34 55 9 91 87
34 56 2 87 88
34 57 92 16 13
34 58 3 90 86
34 59 95 11 7
34 60 85 21 22
34 61 53 42 47
34 62 10 83 81
34 63 18 77 80
34 64 48 55 53
34 65 76 30 29
34 66 16 76 83
34 67 65 38 31
34 68 56 42 47
34 69 26 68 70
34 70 93 12 7
34 71 74 26 31
34 72 98 10 2
34 73 58 40 37
34 74 10 88 82
34 75 17 75 78
34 76 3 92 89
34 77 90 9 10
34 78 64 34 41
34 79 32 67 65
34 80 18 74 78
34 81 35 58 59
34 82 4 93 88
34 83 83 16 17
34 84 42 59 61
34 85 41 52 53
34 86 9 88 83
34 87 57 45 41
34 88 13 80 79
34 89 11 80 84
34 90 24 75 74
34 91 39 62 63
34 92 37 57 62
34 93 36 64 66
34 94 84 19 21
34 95 94 14 8
34 96 97 9 11
34 97 71 30 32
34 98 91 16 15
34 99 0 99 99
35 36 73 24 24
35 37 32 67 69
35 38 56 39 47
35 39 65 38 36
35 40 75 29 25
35 41 12 81 78
35 42 20 74 72
35 43 5 86 87
35 44 42 53 61
35 45 33 61 67
35 46 77 24 25
35 47 43 52 52
35 48 50 47 49
35 49 14 80 81
35 50 91 12 9
35 51 4 88 86
35 52 94 11 4
35 53 49 53 49
35 54 14 80 84
35 55 30 68 70
35 56 43 52 55
35 57 22 74 76
35 58 96 12 10
35 59 92 10 16
35 60 51 51 48
35 61 82 24 24
35 62 28 71 69
35 63 60 37 36
35 64 92 10 11
35 65 5 90 89
35 66 92 7 9
35 67 97 3 8
35 68 46 49 52
35 69 77 27 24
35 70 18 82 78
35 71 11 80 89
35 72 12 80 85
35 73 22 78 71
35 74 91 16 11
35 75 88 19 19
35 76 92 11 6
35 77 16 83 79
35 78 52 46 48
35 79 63 37 36
35 80 83 23 24
35 81 88 17 19
35 82 12 84 85
35 83 13 80 84
35 84 59 44 39
35 85 70 35 35
35 86 17 83 80
35 87 77 21 26
35 88 50 45 47
35 89 19 73 80
35 90 12 79 83
35 91 33 67 64
35 92 15 76 82
35 93 10 81 90
35 94 21 76 75
35 95 59 45 45
35 96 35 63 62
35 97 8 89 83
35 98 74 28 32
35 99 34 67 61
36 37 53 51 44
36 38 95 5 12
36 39 51 48 47
36 40 26 75 70
36 41 60 35 39
36 42 63 41 39
36 43 36 66 59
36 44 31 70 66
36 45 41 57 57
36 46 43 59 52
36 47 94 10 13
36 48 25 75 68
36 49 7 86 84
36 50 90 8 14
36 51 99 9 2
36 52 81 19 25
36 53 97 3 5
36 54 39 55 57
36 55 49 46 50
36 56 57 45 40
36 57 53 49 43
36 58 22 73 71
36 59 4 92 94
36 60 48 51 53
36 61 48 49 48
36 62 56 46 46
36 63 7 88 91
36 64 65 39 38
36 65 41 58 54
36 66 84 23 17
36 67 15 81 77
36 68 80 19 23
36 69 6 86 89
36 70 18 78 81
36 71 57 40 38
36 72 16 75 78
36 73 28 73 73
36 74 55 40 48
36 75 7 83 86
36 76 9 86 83
36 77 59 42 43
36 78 99 0 6
36 79 42 58 53
36 80 23 69 78
36 81 35 64 67
36 82 48 54 48
36 83 34 62 64
36 84 66 37 37
36 85 64 33 38
36 86 26 72 74
36 87 11 88 88
36 88 73 29 27
36 89 69 33 31
36 90 53 43 47
36 91 93 12 7
36 92 62 43 43
36 93 50 51 48
36 94 7 83 85
36 95 29 69 72
36 96 30 65 68
36 97 72 33 28
36 98 36 60 59
36 99 9 84 85
37 38 48 53 55
37 39 72 26 32
37 40 54 49 45
37 41 81 17 25
37 42 21 73 77
37 43 80 22 18
37 44 24 70 72
37 45 15 76 81
37 46 27 71 72
37 47 37 61 59
37 48 90 12 17
37 49 42 58 57
37 50 26 67 69
37 51 81 19 18
37 52 60 40 44
37 53 43 59 53
37 54 91 17 17
37 55 80 27 22
37 56 11 81 84
37 57 97 11 5
37 58 62 40 44
37 59 9 85 89
37 60 81 20 25
37 61 95 10 5
37 62 26 70 75
37 63 24 75 74
37 64 86 19 19
37 65 46 50 57
37 66 23 70 71
37 67 25 67 73
37 68 65 37 32
37 69 3 87 90
37 70 16 80 83
37 71 53 43 42
37 72 66 32 38
37 73 77 25 29
37 74 30 71 66
37 75 48 50 50
37 76 42 53 56
37 77 12 84 83
37 78 0 91 90
37 79 20 75 72
37 80 13 81 82
37 81 41 60 60
37 82 73 23 26
37 83 98 3 4
37 84 64 32 33
37 85 57 38 39
37 86 71 31 34
37 87 29 67 68
37 88 67 34 39
37 89 54 44 42
37 90 68 29 37
37 91 47 51 56
37 92 74 31 22
37 93 52 45 46
37 94 36 66 57
37 95 78 27 24
37 96 30 71 66
37 97 55 47 40
37 98 34 68 62
37 99 87 19 17
38 39 81 19 16
38 40 49 55 53
38 41 94 12 12
38 42 79 24 18
38 43 13 80 79
38 44 76 24 25
38 45 60 43 35
38 46 76 27 29
38 47 85 17 16
38 48 59 38 43
38 49 44 59 49
38 50 68 28 28
38 51 8 88 83
38 52 5 87 88
38 53 19 82 79
38 54 26 73 67
38 55 89 17 13
38 56 56 46 40
38 57 60 41 38
38 58 4 91 90
38 59 35 65 68
38 60 84 22 20
38 61 45 50 54
38 62 67 30 34
38 63 28 72 72
38 64 7 91 87
38 65 77 21 21
38 66 75 25 25
38 67 73 25 29
38 68 84 22 20
38 69 77 24 23
38 70 96 12 11
38 71 97 6 4
38 72 85 15 17
38 73 87 16 14
38 74 17 77 74
38 75 67 29 34
38 76 14 85 80
38 77 19 81 81
38 78 23 72 75
38 79 38 61 61
38 80 60 37 43
38 81 51 49 45
38 82 23 72 71
38 83 87 13 14
38 84 29 70 65
38 85 76 25 28
38 86 33 66 68
38 87 69 33 36
38 88 78 24 28
38 89 67 38 38
38 90 16 83 79
38 91 20 76 74
38 92 53 47 43
38 93 67 33 32
38 94 74 29 23
38 95 23 74 70
38 96 79 22 28
38 97 33 66 65
38 98 59 38 44
38 99 32 65 67
39 40 24 77 72
39 41 89 11 19
39 42 36 62 62
39 43 7 91 89
39 44 75 25 24
39 45 88 19 14
39 46 10 84 89
39 47 22 72 70
39 48 46 50 49
39 49 74 23 27
39 50 11 88 80
39 51 40 56 59
39 52 67 35 36
39 53 0 96 89
39 54 25 71 68
39 55 94 11 9
39 56 47 50 53
39 57 12 81 83
39 58 65 34 37
39 59 79 21 25
39 60 31 69 65
39 61 18 74 78
39 62 2 97 90
39 63 17 77 78
39 64 25 74 70
39 65 77 26 28
39 66 71 30 26
39 67 29 66 68
39 68 40 58 61
39 69 59 42 40
39 70 36 59 66
39 71 80 23 18
39 72 74 26 23
39 73 14 80 80
39 74 34 61 64
39 75 10 81 89
39 76 92 7 14
39 77 68 33 31
39 78 98 6 7
39 79 96 10 12
39 80 63 34 37
39 81 83 20 17
39 82 4 91 96
39 83 64 38 39
39 84 47 53 52
39 85 45 55 50
39 86 23 75 76
39 87 48 55 49
39 88 28 65 65
39 89 70 29 36
39 90 92 15 16
39 91 73 27 27
39 92 5 85 91
39 93 42 57 59
39 94 29 67 73
39 95 94 15 6
39 96 84 19 20
39 97 87 19 18
39 98 14 85 84
39 99 10 88 88
40 41 17 79 76
40 42 5 88 93
40 43 89 19 16
40 44 25 68 76
40 45 7 86 88
40 46 91 15 11
40 47 21 77 74
40 48 1 91 91
40 49 21 77 76
40 50 69 27 29
40 51 85 14 19
40 52 89 15 16
40 53 46 51 52
40 54 38 62 58
40 55 92 9 13
40 56 48 47 49
40 57 21 71 74
40 58 4 92 92
40 59 85 17 13
40 60 8 91 85
40 61 13 84 86
40 62 79 20 21
40 63 94 12 6
40 64 92 9 12
40 65 78 29 25
40 66 81 18 24
40 67 7 83 86
40 68 69 34 27
40 69 83 23 15
40 70 27 74 73
40 71 79 26 21
40 72 90 12 14
40 73 69 32 31
40 74 45 50 50
40 75 51 48 49
40 76 0 91 94
40 77 16 83 79
40 78 0 98 96
40 79 8 87 84
40 80 28 64 71
40 81 64 37 39
40 82 38 55 62
40 83 10 80 80
40 84 16 76 80
40 85 10 80 84
40 86 51 53 50
40 87 34 60 67
40 88 32 63 70
40 89 85 12 16
40 90 93 15 6
40 91 97 12 11
40 92 22 76 70
40 93 69 27 27
40 94 72 33 29
40 95 79 25 19
40 96 64 40 35
40 97 63 38 35
40 98 9 82 82
40 99 77 27 22
41 42 29 66 71
41 43 47 48 48
41 44 50 52 50
41 45 86 13 14
41 46 24 70 75
41 47 23 69 70
41 48 32 65 65
41 49 76 26 27
41 50 84 22 19
41 51 91 12 13
41 52 54 44 46
41 53 91 12 15
41 54 66 37 31
41 55 59 45 41
41 56 2 87 96
41 57 16 80 78
41 58 26 72 74
41 59 35 59 62
41 60 43 56 51
41 61 80 24 21
41 62 36 58 60
41 63 60 41 44
41 64 49 53 53
41 65 11 84 87
41 66 22 77 73
41 67 33 68 60
41 68 6 86 91
41 69 3 96 91
41 70 57 47 45
41 71 50 46 49
41 72 4 92 91
41 73 60 42 37
41 74 12 86 85
41 75 3 87 95
41 76 81 19 19
41 77 99 8 9
41 78 72 26 30
41 79 78 24 24
41 80 67 37 38
41 81 90 10 11
41 82 50 45 50
41 83 30 64 64
41 84 42 58 52
41 85 39 57 54
41 86 54 46 43
41 87 3 87 95
41 88 12 83 82
41 89 40 57 59
41 90 91 8 15
41 91 71 32 35
41 92 27 71 66
41 93 60 44 40
41 94 58 43 40
41 95 44 51 55
41 96 85 15 13
41 97 93 12 14
41 98 30 65 62
41 99 23 71 71
42 43 48 51 49
42 44 53 44 42
42 45 66 32 31
42 46 32 63 63
42 47 1 97 91
42 48 82 18 24
42 49 93 12 8
42 50 90 10 10
42 51 47 47 53
42 52 61 41 44
42 53 68 28 35
42 54 33 65 68
42 55 77 23 21
42 56 72 31 33
42 57 99 9 9
42 58 2 93 90
42 59 14 80 78
42 60 69 27 31
42 61 59 46 45
42 62 63 42 42
42 63 47 48 55
42 64 50 49 45
42 65 39 62 54
42 66 30 69 67
42 67 51 45 44
42 68 33 62 59
42 69 33 60 69
42 70 51 47 47
42 71 80 22 26
42 72 92 12 12
42 73 23 78 72
42 74 77 26 27
42 75 23 73 71
42 76 98 6 5
42 77 30 66 65
42 78 83 21 17
42 79 33 66 65
42 80 47 51 53
42 81 59 37 41
42 82 32 62 69
42 83 84 22 18
42 84 21 77 79
42 85 82 16 21
42 86 95 10 10
42 87 44 53 52
42 88 36 62 57
42 89 87 19 20
42 90 74 31 29
42 91 46 53 58
42 92 18 75 76
42 93 89 13 14
42 94 67 31 31
42 95 53 44 48
42 96 34 64 63
42 97 39 64 54
42 98 91 13 12
42 99 75 31 24
43 44 85 18 19
43 45 71 30 29
43 46 27 69 67
43 47 19 77 78
43 48 97 11 9
43 49 93 6 16
43 50 48 54 50
43 51 7 88 85
43 52 19 77 73
43 53 62 41 35
43 54 75 23 31
43 55 23 78 72
43 56 84 14 20
43 57 1 90 89
43 58 11 84 87
43 59 79 23 20
43 60 80 23 19
43 61 5 88 85
43 62 65 33 36
43 63 78 19 20
43 64 50 53 46
43 65 49 48 54
43 66 93 7 6
43 67 43 52 56
43 68 58 38 42
43 69 7 91 89
43 70 36 58 57
43 71 44 53 53
43 72 99 9 10
43 73 75 26 31
43 74 13 81 81
43 75 32 66 70
43 76 33 62 67
43 77 32 63 63
43 78 78 23 26
43 79 21 73 79
43 80 39 55 57
43 81 97 5 7
43 82 35 60 60
43 83 1 93 97
43 84 50 51 45
43 85 71 30 32
43 86 94 6 11
43 87 8 88 83
43 88 31 66 63
43 89 61 42 39
43 90 31 64 71
43 91 10 81 82
43 92 24 71 77
43 93 51 52 51
43 94 48 49 46
43 95 98 3 2
43 96 66 35 31
43 97 3 96 93
43 98 56 41 45
43 99 48 52 52
44 45 80 24 21
44 46 9 89 82
44 47 46 50 52
44 48 29 66 65
44 49 70 27 34
44 50 4 95 95
44 51 1 96 92
44 52 89 11 14
44 53 28 67 67
44 54 62 38 41
44 55 60 38 35
44 56 99 2 9
44 57 52 43 48
44 58 17 76 81
44 59 56 42 39
44 60 82 22 23
44 61 79 22 19
44 62 14 83 82
44 63 14 86 79
44 64 14 79 86
44 65 89 10 15
44 66 75 30 21
44 67 20 74 71
44 68 28 70 67
44 69 18 81 74
44 70 5 89 94
44 71 87 17 19
44 72 41 53 59
44 73 65 36 32
44 74 19 76 72
44 75 64 33 40
44 76 61 34 35
44 77 94 8 8
44 78 84 21 22
44 79 6 89 90
44 80 74 31 24
44 81 60 39 36
44 82 96 6 11
44 83 14 80 81
44 84 31 70 62
44 85 41 58 56
44 86 29 72 69
44 87 57 48 39
44 88 87 11 12
44 89 54 48 49
44 90 70 26 35
44 91 68 38 34
44 92 20 74 71
44 93 63 40 40
44 94 31 68 69
44 95 4 86 88
44 96 62 36 34
44 97 38 57 56
44 98 84 22 20
44 99 78 24 22
45 46 46 48 56
45 47 42 54 59
45 48 96 3 10
45 49 64 33 37
45 50 60 43 38
45 51 10 83 82
45 52 69 37 31
45 53 71 30 28
45 54 59 42 37
45 55 77 23 23
45 56 52 45 44
45 57 81 26 20
45 58 32 65 67
45 59 36 63 63
45 60 52 45 50
45 61 7 84 87
45 62 99 6 4
45 63 70 29 33
45 64 82 20 19
45 65 36 62 58
45 66 48 47 56
45 67 36 64 59
45 68 54 43 43
45 69 69 35 27
45 70 2 96 96
45 71 1 98 93
45 72 70 32 34
45 73 12 80 78
45 74 18 83 74
45 75 37 62 63
45 76 18 76 77
45 77 27 67 71
45 78 78 29 26
45 79 64 38 40
45 80 29 73 69
45 81 77 22 22
45 82 17 83 80
45 83 0 95 95
45 84 49 49 52
45 85 65 38 38
45 86 34 59 66
45 87 17 78 79
45 88 82 19 17
45 89 43 53 57
45 90 75 23 30
45 91 30 63 64
45 92 21 80 78
45 93 50 47 49
45 94 58 42 41
45 95 75 30 22
45 96 3 91 86
45 97 70 28 32
45 98 16 78 76
45 99 83 18 21
46 47 33 61 60
46 48 82 20 23
46 49 95 6 7
46 50 56 46 42
46 51 66 30 36
46 52 72 29 28
46 53 26 72 67
46 54 95 4 10
46 55 45 58 58
46 56 37 64 57
46 57 88 15 18
46 58 39 61 61
46 59 65 39 39
46 60 38 63 56
46 61 86 13 13
46 62 70 33 32
46 63 15 85 81
46 64 40 61 63
46 65 94 12 8
46 66 27 70 71
46 67 91 12 10
46 68 87 13 20
46 69 76 26 29
46 70 9 87 90
46 71 11 86 85
46 72 66 34 38
46 73 48 49 53
46 74 84 15 15
46 75 47 53 48
46 76 77 28 26
46 77 52 43 51
46 78 0 98 96
46 79 54 46 47
46 80 37 63 59
46 81 34 61 64
46 82 23 77 75
46 83 93 12 9
46 84 6 85 93
46 85 16 77 78
46 86 80 22 25
46 87 35 61 61
46 88 31 69 66
46 89 81 19 25
46 90 83 22 20
46 91 37 63 60
46 92 70 34 32
46 93 26 66 71
46 94 27 69 74
46 95 7 84 91
46 96 45 58 54
46 97 93 15 9
46 98 98 6 2
46 99 23 74 75
47 48 2 92 91
47 49 97 7 11
47 50 78 23 23
47 51 24 75 68
47 52 60 45 43
47 53 82 23 20
47 54 94 13 5
47 55 91 13 8
47 56 86 11 18
47 57 8 86 89
47 58 5 87 86
47 59 35 60 67
47 60 62 35 43
47 61 54 45 45
47 62 85 21 15
47 63 20 80 78
47 64 26 69 73
47 65 13 84 83
47 66 96 8 10
47 67 2 89 88
47 68 67 35 30
47 69 87 12 11
47 70 11 82 88
47 71 67 34 32
47 72 19 80 75
47 73 21 73 77
47 74 30 69 62
47 75 7 91 87
47 76 55 43 47
47 77 97 8 9
47 78 57 45 45
47 79 77 21 23
47 80 8 91 88
47 81 79 27 24
47 82 92 12 16
47 83 66 33 35
47 84 79 24 26
47 85 73 27 27
47 86 50 45 45
47 87 4 88 88
47 88 62 36 35
47 89 31 71 68
47 90 89 18 17
47 91 45 51 55
47 92 69 36 29
47 93 85 21 16
47 94 14 81 85
47 95 80 21 25
47 96 43 55 51
47 97 63 40 36
47 98 0 96 92
47 99 92 16 11
48 49 24 77 71
48 50 48 49 47
48 51 88 13 13
48 52 97 11 3
48 53 19 80 80
48 54 87 17 15
48 55 33 60 66
48 56 12 82 82
48 57 12 82 82
48 58 55 40 40
48 59 52 44 45
48 60 10 89 81
48 61 95 12 13
48 62 4 94 89
48 63 91 9 17
48 64 79 24 22
48 65 25 76 72
48 66 16 81 78
48 67 86 16 20
48 68 10 88 85
48 69 85 14 22
48 70 59 44 37
48 71 91 17 17
48 72 19 73 72
48 73 25 67 67
48 74 65 33 34
48 75 54 41 43
48 76 78 28 27
48 77 57 39 42
48 78 80 21 21
48 79 9 84 84
48 80 8 91 91
48 81 8 87 85
48 82 55 44 46
48 83 76 29 24
48 84 77 24 25
48 85 25 72 72
48 86 41 54 58
48 87 65 34 37
48 88 54 45 48
48 89 31 64 71
48 90 81 19 18
48 91 48 54 47
48 92 62 36 39
48 93 56 46 47
48 94 88 10 10
48 95 46 55 54
48 96 34 59 60
48 97 50 45 45
48 98 65 32 36
48 99 94 9 12
49 50 77 21 27
49 51 80 19 22
49 52 86 20 17
49 53 34 61 62
49 54 22 75 79
49 55 18 81 76
49 56 0 98 90
49 57 16 75 83
49 58 91 14 10
49 59 55 41 44
49 60 13 82 82
49 61 0 95 91
49 62 49 46 52
49 63 46 53 51
49 64 80 17 17
49 65 45 49 50
49 66 1 98 91
49 67 11 84 81
49 68 70 32 36
49 69 59 43 40
49 70 74 24 24
49 71 42 56 59
49 72 88 11 13
49 73 33 66 65
49 74 5 94 87
49 75 80 20 19
49 76 63 42 33
49 77 41 52 53
49 78 35 63 61
49 79 45 52 50
49 80 32 69 66
49 81 32 65 64
49 82 50 50 51
49 83 99 5 3
49 84 96 12 6
49 85 21 80 73
49 86 64 35 41
49 87 51 44 45
49 88 7 92 90
49 89 39 58 61
49 90 68 30 30
49 91 94 9 11
49 92 49 45 55
49 93 89 18 19
49 94 26 66 71
49 95 43 53 55
49 96 66 32 35
49 97 5 86 85
49 98 6 87 87
49 99 29 72 65
50 51 70 28 29
50 52 63 42 41
50 53 99 6 0
50 54 22 74 78
50 55 1 95 92
50 56 77 24 21
50 57 81 21 26
50 58 43 55 55
50 59 91 8 17
50 60 67 36 35
50 61 13 80 83
50 62 68 37 37
50 63 53 46 51
50 64 6 94 87
50 65 93 14 9
50 66 67 36 34
50 67 97 11 3
50 68 4 95 86
50 69 75 29 22
50 70 54 50 45
50 71 29 68 68
50 72 32 67 69
50 73 57 42 41
50 74 86 14 15
50 75 51 44 46
50 76 72 27 28
50 77 38 62 60
50 78 60 36 44
50 79 65 32 35
50 80 97 3 9
50 81 98 5 6
50 82 45 50 55
50 83 93 11 7
50 84 11 82 85
50 85 25 75 73
50 86 83 19 21
50 87 48 53 50
50 88 55 41 48
50 89 85 22 21
50 90 58 38 37
50 91 91 10 11
50 92 83 20 24
50 93 46 55 57
50 94 56 48 48
50 95 56 43 43
50 96 84 19 19
50 97 7 90 86
50 98 76 22 27
50 99 61 36 38
51 52 43 59 51
51 53 39 64 60
51 54 1 95 89
51 55 51 45 52
51 56 75 26 23
51 57 44 50 54
51 58 14 79 85
51 59 38 62 56
51 60 82 15 18
51 61 95 5 5
51 62 48 48 54
51 63 20 80 77
51 64 81 18 22
51 65 32 64 64
51 66 83 21 23
51 67 91 15 14
51 68 30 64 63
51 69 22 79 75
51 70 5 92 89
51 71 59 46 45
51 72 8 90 89
51 73 41 58 57
51 74 48 50 50
51 75 90 14 12
51 76 42 56 54
51 77 24 70 74
51 78 36 56 66
51 79 43 57 57
51 80 28 72 70
51 81 75 28 26
51 82 60 45 38
51 83 48 46 51
51 84 24 75 71
51 85 24 76 71
51 86 92 9 12
51 87 58 45 41
51 88 60 37 39
51 89 98 6 5
51 90 20 74 78
51 91 70 31 30
51 92 31 66 62
51 93 31 66 65
51 94 31 71 62
51 95 5 90 93
51 96 10 80 90
51 97 28 73 66
51 98 21 79 74
51 99 53 43 44
52 53 1 89 98
52 54 86 13 16
52 55 61 41 42
52 56 42 53 56
52 57 33 61 68
52 58 12 85 82
52 59 93 11 7
52 60 0 97 91
52 61 73 26 34
52 62 17 75 75
52 63 96 6 5
52 64 16 80 76
52 65 29 65 66
52 66 28 69 70
52 67 65 39 39
52 68 65 37 37
52 69 28 72 70
52 70 11 84 82
52 71 73 29 33
52 72 42 58 59
52 73 61 40 37
52 74 2 88 95
52 75 27 65 68
52 76 7 89 86
52 77 60 36 41
52 78 65 39 33
52 79 23 70 69
52 80 11 80 89
52 81 30 64 66
52 82 98 8 4
52 83 60 41 38
52 84 35 64 62
52 85 98 3 3
52 86 55 43 40
52 87 5 89 85
52 88 24 73 68
52 89 60 37 37
52 90 94 7 11
52 91 54 48 45
52 92 28 65 70
52 93 58 47 41
52 94 85 14 16
52 95 66 38 37
52 96 14 85 79
52 97 95 4 6
52 98 93 11 11
52 99 31 70 62
53 54 96 4 7
53 55 20 80 73
53 56 32 61 68
53 57 41 61 59
53 58 26 69 71
53 59 57 41 48
53 60 29 68 69
53 61 16 83 80
53 62 31 66 68
53 63 69 31 28
53 64 81 21 23
53 65 20 71 75
53 66 89 16 19
53 67 46 54 52
53 68 29 70 71
53 69 68 34 30
53 70 9 88 81
53 71 62 41 38
53 72 66 40 37
53 73 85 15 15
53 74 51 44 52
53 75 50 53 47
53 76 31 65 67
53 77 29 71 64
53 78 62 40 41
53 79 76 26 28
53 80 59 45 38
53 81 51 47 45
53 82 71 32 29
53 83 53 44 48
53 84 51 44 47
53 85 44 52 50
53 86 13 86 79
53 87 21 79 79
53 88 33 65 65
53 89 53 49 49
53 90 81 21 18
53 91 40 57 55
53 92 6 92 88
53 93 31 63 68
53 94 33 66 63
53 95 52 50 46
53 96 87 20 13
53 97 44 57 52
53 98 28 72 67
53 99 84 17 20
54 55 52 45 49
54 56 64 39 39
54 57 82 22 25
54 58 89 16 10
54 59 89 16 9
54 60 91 12 8
54 61 39 56 62
54 62 13 78 86
54 63 43 52 57
54 64 62 36 39
54 65 29 68 66
54 66 91 17 17
54 67 86 19 18
54 68 20 71 78
54 69 62 42 40
54 70 19 77 82
54 71 26 75 74
54 72 41 60 56
54 73 43 52 52
54 74 12 86 81
54 75 95 8 3
54 76 43 59 59
54 77 82 24 20
54 78 45 52 56
54 79 65 32 34
54 80 56 40 47
54 81 14 83 76
54 82 29 68 69
54 83 78 19 27
54 84 96 4 3
54 85 31 68 68
54 86 74 23 31
54 87 48 55 47
54 88 75 24 28
54 89 57 44 42
54 90 97 2 10
54 91 88 12 16
54 92 4 86 88
54 93 48 46 52
54 94 80 24 18
54 95 56 41 42
54 96 47 55 55
54 97 43 52 53
54 98 87 18 16
54 99 83 22 21
55 56 70 33 35
55 57 26 75 73
55 58 2 91 89
55 59 83 24 21
55 60 48 49 52
55 61 54 46 48
55 62 58 43 46
55 63 14 84 87
55 64 73 29 31
55 65 71 26 28
55 66 6 92 88
55 67 83 15 20
55 68 46 48 49
55 69 62 33 34
55 70 83 16 16
55 71 24 70 71
55 72 79 20 26
55 73 58 39 40
55 74 79 22 19
55 75 61 37 40
55 76 19 82 76
55 77 61 35 39
55 78 27 69 68
55 79 80 18 26
55 80 24 76 77
55 81 31 65 68
55 82 52 51 44
55 83 99 1 6
55 84 93 10 5
55 85 45 55 55
55 86 10 88 81
55 87 68 29 28
55 88 5 94 85
55 89 67 34 37
55 90 19 82 74
55 91 89 17 9
55 92 94 7 9
55 93 30 65 68
55 94 15 76 76
55 95 72 27 31
55 96 30 71 67
55 97 27 66 72
55 98 80 18 20
55 99 77 21 22
56 57 5 86 89
56 58 47 56 53
56 59 17 77 82
56 60 43 52 51
56 61 2 96 94
56 62 5 90 88
56 63 63 34 34
56 64 88 14 19
56 65 53 47 50
56 66 79 23 25
56 67 93 8 12
56 68 98 3 8
56 69 10 87 90
56 70 96 11 10
56 71 54 47 48
56 72 32 61 65
56 73 26 68 75
56 74 76 28 22
56 75 92 9 10
56 76 42 61 54
56 77 36 62 60
56 78 65 31 33
56 79 5 93 92
56 80 59 39 45
56 81 21 77 74
56 82 54 48 44
56 83 78 28 27
56 84 38 56 65
56 85 25 68 72
56 86 19 75 80
56 87 24 69 70
56 88 90 10 15
56 89 87 18 16
56 90 95 6 12
56 91 54 45 41
56 92 9 83 81
56 93 25 68 73
56 94 22 76 75
56 95 90 12 16
56 96 28 73 64
56 97 30 62 64
56 98 88 10 10
56 99 95 12 5
57 58 9 89 90
57 59 67 36 37
57 60 97 3 7
57 61 67 36 35
57 62 8 83 91
57 63 75 29 30
57 64 29 72 69
57 65 41 54 59
57 66 8 90 89
57 67 72 32 30
57 68 89 16 12
57 69 48 49 56
57 70 15 77 81
57 71 70 35 31
57 72 8 91 86
57 73 51 45 51
57 74 79 18 26
57 75 31 66 61
57 76 4 92 87
57 77 57 48 45
57 78 6 84 88
57 79 95 11 6
57 80 17 76 83
57 81 23 76 74
57 82 59 41 46
57 83 78 22 28
57 84 86 17 12
57 85 20 78 77
57 86 2 89 93
57 87 49 48 51
57 88 64 39 33
57 89 51 50 47
57 90 3 91 93
57 91 89 13 13
57 92 28 69 73
57 93 2 96 89
57 94 93 8 14
57 95 5 92 94
57 96 59 38 39
57 97 92 16 7
57 98 98 7 5
57 99 9 90 84
58 59 31 63 65
58 60 49 51 50
58 61 4 92 90
58 62 84 15 16
58 63 46 56 49
58 64 89 17 17
58 65 20 74 73
58 66 65 37 36
58 67 31 63 69
58 68 70 32 33
58 69 45 58 55
58 70 62 39 35
58 71 73 25 26
58 72 12 79 86
58 73 91 9 11
58 74 13 87 85
58 75 11 86 88
58 76 77 21 24
58 77 40 61 54
58 78 94 13 7
58 79 27 69 71
58 80 63 39 38
58 81 89 18 11
58 82 51 47 53
58 83 38 57 63
58 84 40 55 61
58 85 21 74 74
58 86 22 75 77
58 87 34 62 67
58 88 94 13 14
58 89 66 38 38
58 90 23 76 70
58 91 4 86 87
58 92 7 84 92
58 93 34 62 60
58 94 11 86 89
58 95 24 76 69
58 96 19 79 77
58 97 9 87 91
58 98 80 21 24
58 99 26 66 68
59 60 64 36 40
59 61 88 16 15
59 62 87 15 14
59 63 12 83 81
59 64 98 8 2
59 65 84 16 20
59 66 96 7 5
59 67 65 32 37
59 68 67 39 29
59 69 28 67 68
59 70 77 27 22
59 71 96 9 12
59 72 44 56 52
59 73 72 27 33
59 74 60 38 36
59 75 53 50 48
59 76 95 6 4
59 77 19 77 81
59 78 95 9 7
59 79 56 41 42
59 80 39 57 59
59 81 19 81 75
59 82 4 91 90
59 83 97 8 7
59 84 12 83 82
59 85 36 63 58
59 86 64 37 36
59 87 15 84 80
59 88 7 88 91
59 89 19 75 77
59 90 60 39 40
59 91 39 55 64
59 92 53 47 48
59 93 28 66 64
59 94 71 35 29
59 95 51 47 51
59 96 39 61 58
59 97 28 70 71
59 98 5 94 91
59 99 23 73 71
60 61 1 96 92
60 62 63 37 39
60 63 74 23 23
60 64 7 84 85
60 65 28 69 67
60 66 45 49 53
60 67 34 67 61
60 68 97 12 5
60 69 29 71 73
60 70 42 58 59
60 71 72 25 32
60 72 36 67 66
60 73 19 75 80
60 74 9 81 86
60 75 20 71 79
60 76 91 16 14
60 77 32 70 69
60 78 36 62 58
60 79 97 4 9
60 80 91 14 9
60 81 36 61 57
60 82 53 46 44
60 83 44 56 59
60 84 13 80 77
60 85 24 70 76
60 86 92 10 9
60 87 1 96 98
60 88 25 72 67
60 89 64 34 36
60 90 33 61 66
60 91 52 44 43
60 92 22 72 73
60 93 78 20 21
60 94 73 29 25
60 95 2 95 89
60 96 58 46 39
60 97 11 81 88
60 98 28 66 67
60 99 80 22 19
61 62 60 39 41
61 63 92 7 13
61 64 43 55 54
61 65 79 28 28
61 66 66 31 33
61 67 24 69 76
61 68 34 64 67
61 69 25 74 67
61 70 74 33 31
61 71 23 73 73
61 72 96 11 7
61 73 3 92 90
61 74 93 10 13
61 75 74 32 29
61 76 82 24 16
61 77 49 53 51
61 78 67 34 35
61 79 24 74 74
61 80 54 44 44
61 81 84 16 15
61 82 81 19 19
61 83 30 65 64
61 84 69 33 37
61 85 33 67 62
61 86 68 28 37
61 87 30 66 70
61 88 79 24 22
61 89 63 39 39
61 90 95 3 5
61 91 98 9 11
61 92 11 83 84
61 93 95 13 8
61 94 55 40 43
61 95 14 78 79
61 96 21 76 77
61 97 87 11 12
61 98 85 22 21
61 99 90 13 13
62 63 23 72 72
62 64 31 63 70
62 65 12 84 81
62 66 72 33 25
62 67 37 63 63
62 68 4 92 86
62 69 49 49 52
62 70 51 52 53
62 71 46 51 56
62 72 84 13 18
62 73 77 27 24
62 74 89 13 16
62 75 8 84 85
62 76 1 92 93
62 77 24 71 77
62 78 97 8 2
62 79 29 64 73
62 80 3 91 96
62 81 37 64 64
62 82 0 91 98
62 83 65 31 35
62 84 73 31 24
62 85 43 53 56
62 86 51 45 51
62 87 59 37 36
62 88 58 37 39
62 89 63 42 41
62 90 2 88 93
62 91 61 42 38
62 92 59 44 43
62 93 26 69 70
62 94 32 63 70
62 95 88 19 17
62 96 60 43 42
62 97 88 16 14
62 98 55 40 46
62 99 30 68 70
63 64 32 63 64
63 65 32 66 63
63 66 57 41 42
63 67 75 27 30
63 68 20 73 80
63 69 89 12 14
63 70 95 8 9
63 71 38 63 56
63 72 20 73 74
63 73 58 44 40
63 74 0 99 99
63 75 78 22 27
63 76 51 43 46
63 77 12 83 81
63 78 85 22 15
63 79 7 83 85
63 80 34 62 63
63 81 28 72 70
63 82 14 80 77
63 83 60 35 39
63 84 43 56 51
63 85 81 17 17
63 86 38 58 57
63 87 39 61 55
63 88 70 26 29
63 89 70 28 32
63 90 63 34 37
63 91 61 38 42
63 92 13 80 86
63 93 99 8 9
63 94 28 64 70
63 95 18 81 76
63 96 91 10 13
63 97 57 39 39
63 98 19 79 79
63 99 11 82 85
64 65 11 87 85
64 66 68 33 28
64 67 47 50 56
64 68 41 58 55
64 69 89 11 13
64 70 2 97 91
64 71 17 80 81
64 72 42 53 53
64 73 63 37 33
64 74 2 91 95
64 75 75 31 23
64 76 4 91 94
64 77 37 61 56
64 78 58 43 39
64 79 97 4 2
64 80 29 69 70
64 81 65 33 32
64 82 98 1 9
64 83 59 38 41
64 84 48 50 48
64 85 68 30 36
64 86 32 69 65
64 87 11 87 88
64 88 6 87 92
64 89 82 20 19
64 90 19 79 80
64 91 12 85 84
64 92 4 93 92
64 93 65 32 38
64 94 24 72 73
64 95 62 42 42
64 96 4 94 89
64 97 49 49 52
64 98 51 46 44
64 99 74 24 32
65 66 18 78 78
65 67 15 78 83
65 68 28 67 72
65 69 72 28 27
65 70 68 32 29
65 71 0 92 94
65 72 36 65 62
65 73 65 40 33
65 74 41 55 55
65 75 97 8 10
65 76 49 49 45
65 77 91 16 14
65 78 74 29 28
65 79 39 56 59
65 80 9 88 83
65 81 92 11 8
65 82 77 21 26
65 83 69 32 31
65 84 50 50 51
65 85 24 71 70
65 86 54 46 48
65 87 75 32 22
65 88 71 32 33
65 89 66 32 37
65 90 87 12 15
65 91 17 77 79
65 92 78 23 23
65 93 62 38 35
65 94 0 95 90
65 95 94 14 13
65 96 42 62 58
65 97 3 88 87
65 98 67 34 33
65 99 31 62 67
66 67 43 57 51
66 68 6 84 87
66 69 66 37 32
66 70 90 17 13
66 71 70 31 36
66 72 17 76 76
66 73 38 64 59
66 74 78 28 28
66 75 99 6 5
66 76 58 46 47
66 77 70 31 27
66 78 1 93 88
66 79 56 41 46
66 80 54 44 41
66 81 99 7 10
66 82 32 63 65
66 83 27 69 67
66 84 96 5 4
66 85 50 52 49
66 86 2 94 96
66 87 38 61 62
66 88 4 91 91
66 89 8 83 87
66 90 34 62 64
66 91 14 78 83
66 92 76 22 20
66 93 52 49 49
66 94 66 36 35
66 95 38 64 65
66 96 80 22 20
66 97 22 78 74
66 98 4 87 86
66 99 71 32 35
67 68 67 37 32
67 69 78 25 27
67 70 16 79 82
67 71 46 57 50
67 72 90 13 13
67 73 92 9 9
67 74 28 74 64
67 75 38 62 59
67 76 90 9 13
67 77 25 69 75
67 78 91 7 15
67 79 1 93 92
67 80 33 65 61
67 81 25 73 70
67 82 63 37 35
67 83 4 85 94
67 84 65 40 33
67 85 47 50 57
67 86 67 37 35
67 87 21 71 79
67 88 15 78 83
67 89 84 19 14
67 90 82 22 21
67 91 76 22 28
67 92 72 27 25
67 93 55 39 45
67 94 80 21 26
67 95 79 23 19
67 96 82 22 19
67 97 34 61 64
67 98 1 98 93
67 99 71 34 28
68 69 84 14 22
68 70 76 29 22
68 71 43 58 59
68 72 86 14 17
68 73 65 41 40
68 74 8 91 82
68 75 9 84 82
68 76 14 78 84
68 77 52 46 42
68 78 92 6 12
68 79 5 92 93
68 80 24 73 77
68 81 99 7 4
68 82 30 71 69
68 83 54 42 42
68 84 54 43 45
68 85 73 30 26
68 86 10 82 88
68 87 44 57 52
68 88 56 43 45
68 89 67 38 30
68 90 45 51 55
68 91 68 29 38
68 92 38 57 58
68 93 90 12 12
68 94 99 2 3
68 95 94 7 11
68 96 25 72 70
68 97 40 53 60
68 98 89 10 17
68 99 89 14 11
69 70 39 61 61
69 71 97 9 3
69 72 65 36 38
69 73 24 68 74
69 74 31 66 64
69 75 70 35 32
69 76 33 62 63
69 77 91 13 11
69 78 93 5 14
69 79 40 54 60
69 80 25 74 69
69 81 91 14 8
69 82 47 47 47
69 83 5 86 90
69 84 2 93 93
69 85 82 18 23
69 86 72 31 31
69 87 74 29 23
69 88 5 93 87
69 89 55 46 45
69 90 37 63 60
69 91 50 46 54
69 92 40 63 62
69 93 17 74 81
69 94 58 42 44
69 95 53 44 47
69 96 71 33 34
69 97 75 21 24
69 98 94 15 7
69 99 72 34 27
70 71 41 57 55
70 72 53 48 51
70 73 43 51 60
70 74 62 41 39
70 75 83 20 18
70 76 56 42 45
70 77 92 10 9
70 78 74 29 24
70 79 25 70 70
70 80 7 83 86
70 81 11 89 85
70 82 31 69 65
70 83 78 24 27
70 84 48 52 55
70 85 66 33 37
70 86 72 31 27
70 87 68 37 38
70 88 91 9 9
70 89 85 20 16
70 90 96 9 10
70 91 15 83 84
70 92 90 17 18
70 93 13 86 85
70 94 74 29 29
70 95 8 91 88
70 96 24 75 70
70 97 95 7 9
70 98 91 15 10
70 99 41 59 54
71 72 82 23 22
71 73 90 10 10
71 74 83 19 22
71 75 59 40 45
71 76 36 60 60
71 77 76 26 24
71 78 67 32 35
71 79 72 26 25
71 80 24 69 76
71 81 17 78 75
71 82 92 14 8
71 83 86 21 17
71 84 18 78 81
71 85 18 82 74
71 86 52 43 49
71 87 46 51 49
71 88 5 88 87
71 89 97 4 9
71 90 60 35 42
71 91 64 40 34
71 92 41 55 58
71 93 73 26 27
71 94 32 62 62
71 95 31 67 64
71 96 44 57 54
71 97 87 20 14
71 98 37 59 62
71 99 54 46 43
72 73 24 75 71
72 74 21 80 74
72 75 41 54 56
72 76 67 34 35
72 77 54 47 49
72 78 69 34 35
72 79 82 20 16
72 80 23 73 78
72 81 25 75 70
72 82 79 22 23
72 83 43 55 57
72 84 78 20 25
72 85 42 55 55
72 86 6 93 93
72 87 86 19 15
72 88 88 10 13
72 89 90 17 12
72 90 11 80 88
72 91 1 96 97
72 92 2 95 95
72 93 39 63 57
72 94 22 71 78
72 95 99 6 1
72 96 45 57 50
72 97 40 57 56
72 98 2 96 92
72 99 19 73 73
73 74 30 70 69
73 75 33 66 61
73 76 21 73 74
73 77 39 57 61
73 78 93 13 11
73 79 55 45 50
73 80 92 10 8
73 81 69 36 34
73 82 59 43 41
73 83 55 43 44
73 84 58 46 45
73 85 89 11 13
73 86 44 50 56
73 87 66 36 37
73 88 61 43 40
73 89 75 31 29
73 90 99 3 2
73 91 13 83 85
73 92 30 64 63
73 93 98 7 4
73 94 75 25 23
73 95 68 35 32
73 96 85 21 16
73 97 47 56 51
73 98 53 46 46
73 99 0 99 95
74 75 30 68 70
74 76 98 10 1
74 77 93 12 13
74 78 69 32 37
74 79 16 75 81
74 80 14 83 79
74 81 60 37 41
74 82 17 82 79
74 83 45 53 51
74 84 75 22 26
74 85 78 23 26
74 86 49 46 49
74 87 30 65 68
74 88 58 37 42
74 89 0 90 97
74 90 43 56 52
74 91 20 72 80
74 92 2 89 96
74 93 69 31 27
74 94 35 62 58
74 95 14 83 84
74 96 87 19 13
74 97 27 73 67
74 98 51 51 45
74 99 39 56 59
75 76 67 37 34
75 77 61 37 35
75 78 2 94 96
75 79 5 94 85
75 80 54 50 43
75 81 56 42 44
75 82 42 56 60
75 83 24 76 77
75 84 64 40 38
75 85 53 46 51
75 86 93 11 11
75 87 64 40 40
75 88 80 19 18
75 89 31 64 62
75 90 29 65 72
75 91 93 6 10
75 92 58 42 38
75 93 18 78 76
75 94 73 24 26
75 95 52 51 44
75 96 45 55 52
75 97 95 5 8
75 98 85 18 18
75 99 85 20 13
76 77 79 19 28
76 78 16 83 81
76 79 23 71 75
76 80 72 27 28
76 81 40 60 56
76 82 45 52 52
76 83 29 68 69
76 84 1 96 98
76 85 66 34 36
76 86 42 52 58
76 87 0 90 91
76 88 11 79 80
76 89 30 69 64
76 90 70 35 27
76 91 66 38 29
76 92 18 81 73
76 93 20 75 78
76 94 77 27 28
76 95 13 81 85
76 96 10 89 83
76 97 65 37 33
76 98 26 68 74
76 99 51 45 47
77 78 22 76 73
77 79 7 86 86
77 80 60 37 37
77 81 91 12 14
77 82 40 59 61
77 83 80 27 22
77 84 12 81 82
77 85 66 35 34
77 86 40 54 62
77 87 18 73 77
77 88 24 70 75
77 89 2 92 96
77 90 15 78 78
77 91 85 17 19
77 92 31 70 68
77 93 54 45 47
77 94 13 82 78
77 95 69 32 35
77 96 78 26 27
77 97 98 10 6
77 98 9 84 89
77 99 78 28 21
78 79 17 80 82
78 80 24 71 76
78 81 76 28 23
78 82 17 77 81
78 83 55 49 40
78 84 36 60 58
78 85 3 95 89
78 86 38 57 64
78 87 22 74 77
78 88 41 52 56
78 89 21 74 72
78 90 16 82 83
78 91 2 88 88
78 92 34 66 60
78 93 35 64 58
78 94 92 16 7
78 95 1 94 93
78 96 64 39 40
78 97 3 94 95
78 98 22 79 74
78 99 74 28 25
79 80 3 90 88
79 81 95 5 9
79 82 79 26 26
79 83 46 49 52
79 84 47 54 48
79 85 35 66 62
79 86 14 81 79
79 87 84 16 21
79 88 69 31 35
79 89 95 8 11
79 90 17 82 76
79 91 36 59 64
79 92 83 24 17
79 93 30 62 69
79 94 41 53 61
79 95 41 55 56
79 96 11 82 85
79 97 95 3 7
79 98 30 65 69
79 99 4 89 91
80 81 55 48 45
80 82 45 50 54
80 83 96 4 3
80 84 85 13 13
80 85 17 81 77
80 86 83 22 22
80 87 91 12 7
80 88 15 78 81
80 89 71 30 31
80 90 97 9 6
80 91 51 49 44
80 92 54 44 50
80 93 3 93 95
80 94 28 65 69
80 95 86 21 16
80 96 8 89 92
80 97 45 54 53
80 98 75 22 29
80 99 70 35 33
81 82 44 57 55
81 83 63 41 38
81 84 83 20 18
81 85 2 94 94
81 86 44 57 59
81 87 11 85 85
81 88 40 55 60
81 89 76 29 25
81 90 80 18 19
81 91 95 7 8
81 92 52 51 47
81 93 76 26 25
81 94 24 74 74
81 95 78 28 25
81 96 96 11 9
81 97 12 83 88
81 98 11 80 89
81 99 81 20 18
82 83 24 77 68
82 84 15 83 77
82 85 59 41 38
82 86 17 80 76
82 87 25 74 73
82 88 42 57 53
82 89 65 40 34
82 90 84 22 15
82 91 42 53 56
82 92 29 66 63
82 93 91 13 8
82 94 65 39 33
82 95 37 63 57
82 96 68 30 31
82 97 32 64 67
82 98 40 62 63
82 99 70 28 31
83 84 54 41 47
83 85 21 72 80
83 86 64 31 39
83 87 38 62 63
83 88 56 40 40
83 89 70 29 31
83 90 51 52 48
83 91 11 80 84
83 92 54 44 41
83 93 79 22 26
83 94 92 15 11
83 95 61 39 35
83 96 22 70 69
83 97 0 91 98
83 98 48 49 47
83 99 21 78 78
84 85 27 68 71
84 86 41 53 61
84 87 62 36 34
84 88 31 62 65
84 89 80 25 17
84 90 26 73 71
84 91 9 83 87
84 92 81 17 23
84 93 60 39 44
84 94 98 6 6
84 95 37 59 56
84 96 26 69 71
84 97 39 58 60
84 98 44 55 56
84 99 52 45 43
85 86 15 80 83
85 87 23 75 76
85 88 12 79 85
85 89 74 29 32
85 90 57 40 39
85 91 88 12 20
85 92 50 53 45
85 93 25 69 69
85 94 11 83 84
85 95 77 30 28
85 96 81 26 19
85 97 66 32 38
85 98 49 49 53
85 99 3 93 96
86 87 83 17 22
86 88 64 37 32
86 89 56 40 39
86 90 97 6 4
86 91 78 22 25
86 92 73 31 31
86 93 52 48 47
86 94 77 29 23
86 95 86 12 12
86 96 64 37 37
86 97 54 45 43
86 98 20 73 73
86 99 12 86 81
87 88 65 35 35
87 89 45 52 49
87 90 28 66 65
87 91 41 56 61
87 92 75 25 24
87 93 93 14 6
87 94 22 74 70
87 95 1 92 93
87 96 14 86 81
87 97 59 46 43
87 98 69 32 27
87 99 52 49 45
88 89 11 81 80
88 90 44 58 57
88 91 75 26 25
88 92 28 71 69
88 93 73 25 24
88 94 52 43 50
88 95 28 70 69
88 96 12 82 83
88 97 70 26 29
88 98 19 80 80
88 99 64 34 37
89 90 34 62 67
89 91 0 91 92
89 92 62 35 40
89 93 85 14 16
89 94 4 87 88
89 95 13 80 86
89 96 68 31 33
89 97 4 88 89
89 98 92 14 11
89 99 80 25 24
90 91 98 7 7
90 92 56 46 42
90 93 1 92 89
90 94 29 73 68
90 95 22 72 76
90 96 36 62 60
90 97 34 60 66
90 98 5 88 88
90 99 64 37 32
91 92 9 84 91
91 93 47 48 53
91 94 20 80 75
91 95 99 0 4
91 96 52 48 49
91 97 45 49 51
91 98 87 13 20
91 99 51 48 51
92 93 19 81 73
92 94 79 25 19
92 95 44 51 53
92 96 9 82 89
92 97 99 3 4
92 98 20 72 77
92 99 44 58 52
93 94 44 53 58
93 95 19 77 81
93 96 16 75 80
93 97 65 31 37
93 98 10 87 88
93 99 63 37 40
94 95 45 51 56
94 96 28 65 64
94 97 65 40 37
94 98 95 8 10
94 99 38 63 60
95 96 20 74 73
95 97 7 90 85
95 98 13 85 81
95 99 52 51 46
96 97 95 11 7
96 98 79 21 23
96 99 30 65 72
97 98 27 73 67
97 99 7 85 83
98 99 62 40 41
