100
0 1 70 38 47
0 2 22 66 49
0 3 63 47 23
0 4 37 75 73
0 5 97 9 31
0 6 2 49 61
0 7 53 40 51
0 8 58 39 30
0 9 78 35 48
0 10 78 41 51
0 11 91 37 35
0 12 51 48 45
0 13 56 56 62
0 14 52 59 45
0 15 5 60 85
0 16 97 48 36
0 17 51 72 31
0 18 15 57 45
0 19 52 70 32
0 20 51 47 43
0 21 18 84 67
0 22 29 36 39
0 23 33 82 71
0 24 68 62 25
0 25 71 29 26
0 26 3 97 71
0 27 17 64 89
0 28 16 80 56
0 29 38 58 38
0 30 61 41 45
0 31 73 54 58
0 32 14 90 74
0 33 98 39 31
0 34 47 40 59
0 35 86 50 50
0 36 42 72 55
0 37 83 26 43
0 38 8 85 88
0 39 84 57 33
0 40 19 72 43
0 41 59 37 57
0 42 5 73 79
0 43 13 54 64
0 44 96 45 14
0 45 47 39 70
0 46 50 65 57
0 47 52 69 31
0 48 28 72 78
0 49 75 28 59
0 50 49 40 29
0 51 87 36 35
0 52 98 46 41
0 53 11 93 45
0 54 68 61 27
0 55 54 48 42
0 56 91 16 45
0 57 32 49 71
0 58 55 56 50
0 59 0 67 85
0 60 25 46 41
0 61 16 84 52
0 62 94 3 38
0 63 61 29 36
0 64 14 88 91
0 65 0 85 88
0 66 85 37 48
0 67 2 66 94
0 68 85 8 28
0 69 38 78 65
0 70 23 87 79
0 71 90 24 39
0 72 74 14 21
0 73 60 52 62
0 74 16 77 80
0 75 57 21 33
0 76 39 38 75
0 77 34 80 42
0 78 31 79 65
0 79 47 45 31
0 80 94 41 25
0 81 11 84 80
0 82 12 64 47
0 83 1 77 57
0 84 73 63 50
0 85 23 53 43
0 86 14 86 87
0 87 85 13 54
0 88 17 76 75
0 89 27 73 68
0 90 19 51 48
0 91 4 56 50
0 92 46 58 57
0 93 6 70 85
0 94 96 23 18
0 95 51 31 50
0 96 0 70 64
0 97 84 53 32
0 98 69 54 35
0 99 81 41 13
1 2 84 12 27
1 3 12 90 55
1 4 90 47 20
1 5 10 93 80
1 6 97 36 11
1 7 63 27 49
1 8 45 50 33
1 9 27 54 55
1 10 76 37 40
1 11 42 55 66
1 12 51 52 26
1 13 71 32 27
1 14 50 43 49
1 15 2 83 48
1 16 61 44 57
1 17 16 63 78
1 18 62 65 26
1 19 79 41 55
1 20 73 52 34
1 21 61 68 36
1 22 97 35 18
1 23 88 21 20
1 24 88 27 40
1 25 82 54 48
1 26 63 39 23
1 27 30 38 80
1 28 16 54 73
1 29 78 24 25
1 30 84 33 12
1 31 40 45 32
1 32 95 44 29
1 33 52 71 67
1 34 75 12 35
1 35 26 73 67
1 36 87 24 17
1 37 7 80 85
1 38 25 73 49
1 39 52 72 70
1 40 68 31 29
1 41 44 41 68
1 42 67 36 23
1 43 72 38 27
1 44 56 26 39
1 45 32 38 34
1 46 64 38 58
1 47 59 30 35
1 48 22 67 80
1 49 85 49 37
1 50 12 54 58
1 51 87 54 17
1 52 89 42 21
1 53 14 88 50
1 54 19 76 74
1 55 12 80 70
1 56 71 26 17
1 57 91 25 8
1 58 68 44 20
1 59 47 62 50
1 60 15 92 88
1 61 35 55 43
1 62 13 80 46
1 63 37 56 66
1 64 84 36 42
1 65 95 9 8
1 66 76 31 40
1 67 7 93 95
1 68 44 66 75
1 69 38 44 76
1 70 84 33 38
1 71 43 36 44
1 72 42 31 36
1 73 5 52 93
1 74 75 40 45
1 75 2 57 71
1 76 48 42 58
1 77 56 40 43
1 78 57 46 54
1 79 70 41 27
1 80 91 7 15
1 81 19 70 78
1 82 31 80 37
1 83 12 48 80
1 84 93 24 38
1 85 49 73 54
1 86 40 65 41
1 87 96 12 18
1 88 10 86 73
1 89 51 39 59
1 90 85 23 38
1 91 76 59 37
1 92 6 84 81
1 93 4 93 56
1 94 17 62 49
1 95 32 76 75
1 96 14 44 53
1 97 16 64 91
1 98 12 66 53
1 99 46 49 59
2 3 74 39 45
2 4 72 54 15
2 5 30 47 57
2 6 6 80 59
2 7 33 73 80
2 8 24 47 68
2 9 94 45 3
2 10 1 68 78
2 11 15 86 72
2 12 85 16 11
2 13 11 72 93
2 14 1 95 81
2 15 8 61 85
2 16 36 48 45
2 17 50 38 59
2 18 66 39 33
2 19 95 49 30
2 20 85 29 50
2 21 41 46 69
2 22 90 19 11
2 23 88 42 55
2 24 85 35 39
2 25 44 69 77
2 26 83 31 10
2 27 79 17 39
2 28 32 66 52
2 29 4 96 48
2 30 96 2 18
2 31 25 56 83
2 32 23 61 81
2 33 96 24 31
2 34 23 68 82
2 35 44 62 50
2 36 35 68 46
2 37 78 11 22
2 38 83 25 18
2 39 3 90 86
2 40 89 44 7
2 41 33 70 34
2 42 57 38 56
2 43 77 60 57
2 44 50 53 61
2 45 71 31 62
2 46 84 25 42
2 47 18 41 54
2 48 92 14 35
2 49 95 25 7
2 50 93 37 22
2 51 81 36 29
2 52 3 60 82
2 53 90 26 33
2 54 60 54 46
2 55 64 45 44
2 56 86 43 49
2 57 73 25 34
2 58 70 36 44
2 59 51 66 24
2 60 85 52 42
2 61 84 45 17
2 62 57 52 45
2 63 99 23 40
2 64 22 52 74
2 65 63 56 30
2 66 52 67 38
2 67 15 59 69
2 68 90 52 21
2 69 92 31 45
2 70 72 16 24
2 71 33 47 62
2 72 93 36 45
2 73 73 59 51
2 74 96 46 24
2 75 9 77 89
2 76 95 26 24
2 77 57 69 47
2 78 7 59 55
2 79 16 54 62
2 80 99 22 46
2 81 22 79 65
2 82 42 54 45
2 83 12 55 68
2 84 58 22 59
2 85 58 28 51
2 86 83 27 54
2 87 6 54 88
2 88 78 32 21
2 89 44 66 28
2 90 56 49 61
2 91 64 62 38
2 92 0 68 77
2 93 7 64 46
2 94 91 32 38
2 95 67 48 30
2 96 26 37 53
2 97 54 58 39
2 98 61 32 57
2 99 55 67 65
3 4 81 27 52
3 5 65 37 21
3 6 64 26 28
3 7 97 41 37
3 8 91 9 51
3 9 32 38 77
3 10 53 36 25
3 11 18 53 75
3 12 34 42 74
3 13 18 45 75
3 14 26 71 63
3 15 29 59 73
3 16 76 48 24
3 17 36 32 36
3 18 37 35 51
3 19 48 55 26
3 20 55 63 31
3 21 74 62 47
3 22 51 50 30
3 23 51 52 54
3 24 93 17 48
3 25 64 17 29
3 26 95 29 36
3 27 70 24 36
3 28 99 41 20
3 29 39 41 54
3 30 79 13 41
3 31 69 52 57
3 32 3 71 66
3 33 41 69 67
3 34 72 20 37
3 35 93 43 35
3 36 63 23 56
3 37 1 84 96
3 38 7 57 54
3 39 78 22 21
3 40 3 58 61
3 41 66 48 36
3 42 55 34 57
3 43 0 59 95
3 44 51 39 34
3 45 6 75 66
3 46 72 30 47
3 47 82 35 26
3 48 27 65 36
3 49 61 36 48
3 50 15 82 87
3 51 21 47 68
3 52 87 50 20
3 53 14 78 70
3 54 69 20 33
3 55 72 39 56
3 56 19 53 83
3 57 28 68 50
3 58 49 37 49
3 59 92 30 44
3 60 19 68 41
3 61 41 43 72
3 62 17 88 77
3 63 64 30 65
3 64 88 13 12
3 65 72 42 21
3 66 79 17 59
3 67 66 58 22
3 68 37 45 80
3 69 89 52 7
3 70 77 45 52
3 71 10 45 69
3 72 63 43 18
3 73 96 35 29
3 74 14 78 74
3 75 34 62 79
3 76 8 67 58
3 77 77 53 15
3 78 69 18 58
3 79 87 50 38
3 80 89 24 7
3 81 52 38 26
3 82 26 84 55
3 83 38 76 78
3 84 63 35 55
3 85 5 68 57
3 86 42 77 53
3 87 89 14 7
3 88 52 30 72
3 89 97 29 4
3 90 4 56 96
3 91 12 76 74
3 92 90 6 39
3 93 95 12 25
3 94 49 34 63
3 95 57 54 70
3 96 22 53 61
3 97 32 71 65
3 98 72 14 28
3 99 35 53 62
4 5 20 55 80
4 6 90 8 32
4 7 82 12 42
4 8 94 18 32
4 9 65 23 21
4 10 12 56 45
4 11 69 31 48
4 12 1 55 79
4 13 83 50 10
4 14 6 83 69
4 15 64 48 60
4 16 8 52 90
4 17 65 35 34
4 18 59 51 22
4 19 47 36 29
4 20 50 37 66
4 21 56 27 71
4 22 51 36 38
4 23 29 77 37
4 24 99 1 12
4 25 86 48 9
4 26 51 52 72
4 27 82 47 42
4 28 53 41 57
4 29 69 46 17
4 30 18 67 50
4 31 57 55 57
4 32 25 72 80
4 33 34 50 36
4 34 66 65 30
4 35 33 77 33
4 36 68 49 17
4 37 99 1 10
4 38 39 62 55
4 39 5 65 72
4 40 8 59 94
4 41 90 15 4
4 42 54 28 44
4 43 71 27 32
4 44 4 50 51
4 45 89 29 10
4 46 5 52 65
4 47 74 20 35
4 48 66 53 22
4 49 61 27 23
4 50 95 5 15
4 51 73 15 16
4 52 68 38 32
4 53 36 74 70
4 54 83 43 37
4 55 16 58 66
4 56 13 71 52
4 57 62 34 31
4 58 20 57 82
4 59 62 20 61
4 60 48 40 63
4 61 56 56 68
4 62 41 71 53
4 63 30 40 77
4 64 25 39 58
4 65 63 63 30
4 66 51 31 72
4 67 19 89 55
4 68 84 42 18
4 69 42 72 66
4 70 46 60 76
4 71 51 53 64
4 72 69 23 59
4 73 58 39 40
4 74 63 37 20
4 75 79 16 19
4 76 24 60 72
4 77 7 60 82
4 78 2 66 65
4 79 6 47 92
4 80 16 61 42
4 81 14 56 85
4 82 8 52 89
4 83 13 89 55
4 84 31 48 52
4 85 78 48 35
4 86 35 33 64
4 87 95 39 42
4 88 21 44 80
4 89 53 71 32
4 90 40 49 46
4 91 48 50 41
4 92 1 67 97
4 93 57 29 37
4 94 29 39 66
4 95 48 59 50
4 96 98 7 9
4 97 5 78 90
4 98 63 41 41
4 99 2 98 87
5 6 33 79 56
5 7 7 87 72
5 8 66 20 26
5 9 46 43 64
5 10 2 88 80
5 11 64 61 63
5 12 32 78 55
5 13 87 11 47
5 14 82 32 48
5 15 65 41 63
5 16 52 42 50
5 17 51 43 59
5 18 4 63 92
5 19 52 48 55
5 20 67 52 21
5 21 3 50 81
5 22 76 29 54
5 23 39 43 35
5 24 86 21 18
5 25 18 59 67
5 26 51 54 34
5 27 98 1 24
5 28 29 76 76
5 29 35 61 72
5 30 94 21 4
5 31 77 53 54
5 32 78 51 48
5 33 21 51 85
5 34 58 58 43
5 35 14 69 57
5 36 66 39 27
5 37 1 71 92
5 38 85 38 20
5 39 77 47 58
5 40 29 51 57
5 41 41 71 48
5 42 9 58 68
5 43 6 90 94
5 44 48 40 38
5 45 90 25 49
5 46 4 55 61
5 47 78 45 28
5 48 64 53 23
5 49 48 73 41
5 50 84 22 20
5 51 91 4 42
5 52 78 31 48
5 53 63 34 61
5 54 61 37 64
5 55 3 72 92
5 56 39 42 57
5 57 97 32 6
5 58 77 12 30
5 59 48 62 66
5 60 18 57 54
5 61 13 93 80
5 62 76 29 28
5 63 37 57 61
5 64 86 55 40
5 65 17 89 63
5 66 56 33 54
5 67 0 95 78
5 68 30 77 59
5 69 4 66 87
5 70 47 51 31
5 71 35 55 63
5 72 17 64 84
5 73 36 75 38
5 74 91 17 26
5 75 48 49 69
5 76 66 59 25
5 77 50 43 41
5 78 49 46 62
5 79 91 33 26
5 80 89 15 24
5 81 68 18 55
5 82 63 63 45
5 83 46 49 40
5 84 41 49 35
5 85 67 58 36
5 86 79 54 31
5 87 96 50 5
5 88 56 53 67
5 89 34 75 44
5 90 15 48 56
5 91 52 72 71
5 92 13 85 58
5 93 79 22 17
5 94 32 63 41
5 95 0 88 65
5 96 9 64 64
5 97 68 34 55
5 98 16 81 83
5 99 98 12 15
6 7 24 44 53
6 8 43 45 49
6 9 68 40 63
6 10 23 70 69
6 11 87 30 43
6 12 71 42 16
6 13 51 31 72
6 14 9 78 86
6 15 48 33 50
6 16 63 28 48
6 17 86 9 38
6 18 35 74 35
6 19 62 34 38
6 20 27 83 40
6 21 53 70 33
6 22 91 36 8
6 23 52 64 56
6 24 88 8 36
6 25 77 31 50
6 26 43 77 53
6 27 81 31 31
6 28 69 65 36
6 29 79 20 57
6 30 86 15 54
6 31 88 33 48
6 32 66 39 20
6 33 10 52 74
6 34 82 54 11
6 35 0 64 75
6 36 32 66 53
6 37 21 82 40
6 38 43 41 69
6 39 32 61 79
6 40 31 41 76
6 41 62 36 61
6 42 30 55 50
6 43 35 51 61
6 44 18 61 66
6 45 83 49 34
6 46 49 28 60
6 47 55 61 24
6 48 28 67 41
6 49 62 28 21
6 50 81 44 16
6 51 46 34 71
6 52 72 37 17
6 53 46 34 51
6 54 57 50 64
6 55 94 14 19
6 56 41 45 63
6 57 5 66 61
6 58 0 73 76
6 59 89 36 16
6 60 28 39 60
6 61 61 55 68
6 62 76 26 26
6 63 77 53 59
6 64 13 78 66
6 65 51 64 32
6 66 15 88 80
6 67 84 55 12
6 68 89 21 25
6 69 76 46 38
6 70 30 57 79
6 71 15 45 67
6 72 56 44 23
6 73 58 59 31
6 74 35 41 40
6 75 82 52 57
6 76 80 48 29
6 77 33 69 38
6 78 45 69 47
6 79 61 55 29
6 80 1 74 80
6 81 69 22 23
6 82 64 47 40
6 83 38 51 74
6 84 93 41 48
6 85 71 61 49
6 86 53 24 27
6 87 16 74 49
6 88 97 48 8
6 89 1 68 83
6 90 95 11 45
6 91 44 28 43
6 92 38 69 67
6 93 37 38 47
6 94 35 35 77
6 95 55 38 35
6 96 70 25 44
6 97 28 50 56
6 98 77 38 12
6 99 51 60 58
7 8 78 36 15
7 9 84 34 8
7 10 53 30 42
7 11 91 28 44
7 12 20 71 54
7 13 21 61 88
7 14 49 36 48
7 15 35 64 43
7 16 28 72 62
7 17 70 50 34
7 18 5 80 66
7 19 72 39 43
7 20 0 90 96
7 21 73 44 29
7 22 79 27 43
7 23 37 50 73
7 24 46 68 56
7 25 88 48 22
7 26 89 46 41
7 27 52 57 41
7 28 69 24 19
7 29 94 47 32
7 30 47 52 61
7 31 22 40 41
7 32 26 81 70
7 33 24 47 67
7 34 91 9 37
7 35 59 63 28
7 36 90 36 5
7 37 71 14 42
7 38 88 54 51
7 39 29 52 46
7 40 50 28 58
7 41 14 88 61
7 42 49 52 32
7 43 5 49 68
7 44 2 72 58
7 45 86 44 27
7 46 7 71 47
7 47 37 77 33
7 48 7 87 83
7 49 39 55 49
7 50 14 71 60
7 51 77 50 31
7 52 73 60 45
7 53 83 24 25
7 54 24 61 85
7 55 54 44 63
7 56 36 33 78
7 57 23 39 47
7 58 15 67 60
7 59 29 69 73
7 60 70 46 19
7 61 17 63 44
7 62 72 24 43
7 63 44 40 35
7 64 12 73 83
7 65 47 62 52
7 66 0 51 67
7 67 75 21 18
7 68 46 62 45
7 69 60 48 65
7 70 85 42 41
7 71 99 5 35
7 72 87 55 49
7 73 27 66 49
7 74 94 26 18
7 75 34 37 56
7 76 67 49 52
7 77 70 15 26
7 78 37 31 50
7 79 71 19 51
7 80 26 40 66
7 81 19 69 60
7 82 23 77 44
7 83 99 45 5
7 84 34 61 74
7 85 37 48 79
7 86 79 15 16
7 87 98 14 46
7 88 64 29 19
7 89 29 65 64
7 90 96 13 46
7 91 22 42 46
7 92 77 39 12
7 93 89 10 12
7 94 60 46 49
7 95 1 84 87
7 96 57 46 53
7 97 79 15 57
7 98 46 56 75
7 99 13 81 89
8 9 20 43 80
8 10 2 72 61
8 11 58 62 48
8 12 95 16 2
8 13 29 70 40
8 14 35 64 44
8 15 11 69 78
8 16 62 59 52
8 17 14 58 46
8 18 45 46 39
8 19 21 46 80
8 20 52 55 28
8 21 77 58 14
8 22 24 42 60
8 23 20 56 86
8 24 17 50 88
8 25 14 65 72
8 26 74 33 33
8 27 97 23 40
8 28 96 2 26
8 29 5 73 58
8 30 89 44 6
8 31 49 36 36
8 32 76 60 28
8 33 13 65 87
8 34 67 19 41
8 35 87 30 29
8 36 57 30 54
8 37 59 45 51
8 38 57 32 25
8 39 87 49 9
8 40 50 46 56
8 41 11 93 64
8 42 6 72 50
8 43 35 43 68
8 44 76 27 25
8 45 19 62 69
8 46 1 94 53
8 47 11 67 60
8 48 28 58 39
8 49 94 23 28
8 50 60 69 58
8 51 45 70 50
8 52 90 16 47
8 53 34 81 34
8 54 30 57 60
8 55 94 10 7
8 56 69 38 57
8 57 59 24 27
8 58 91 36 53
8 59 98 5 20
8 60 71 15 54
8 61 96 50 48
8 62 73 52 38
8 63 26 57 44
8 64 86 55 43
8 65 90 35 28
8 66 45 44 57
8 67 89 54 55
8 68 84 41 41
8 69 34 75 77
8 70 41 74 41
8 71 25 78 38
8 72 70 30 48
8 73 58 63 63
8 74 72 45 18
8 75 59 32 22
8 76 30 53 57
8 77 75 28 15
8 78 27 40 58
8 79 16 66 86
8 80 71 44 56
8 81 1 75 96
8 82 95 41 3
8 83 65 34 32
8 84 17 54 88
8 85 58 49 46
8 86 92 45 21
8 87 32 80 75
8 88 73 25 24
8 89 45 39 76
8 90 87 37 54
8 91 14 65 54
8 92 14 88 59
8 93 11 80 56
8 94 11 90 68
8 95 41 54 75
8 96 98 5 21
8 97 76 39 52
8 98 63 64 23
8 99 16 89 52
9 10 45 58 43
9 11 29 70 43
9 12 29 71 73
9 13 62 21 62
9 14 54 66 27
9 15 57 36 41
9 16 95 49 34
9 17 26 62 40
9 18 68 44 43
9 19 67 65 28
9 20 74 59 25
9 21 68 38 26
9 22 25 48 55
9 23 83 52 29
9 24 62 40 26
9 25 24 74 62
9 26 97 29 38
9 27 65 56 57
9 28 13 84 72
9 29 91 14 38
9 30 73 60 35
9 31 60 31 35
9 32 54 55 70
9 33 80 24 33
9 34 2 72 78
9 35 21 82 56
9 36 8 55 60
9 37 70 26 22
9 38 88 12 42
9 39 63 63 52
9 40 85 53 13
9 41 5 81 49
9 42 64 30 63
9 43 90 18 34
9 44 13 44 55
9 45 42 67 67
9 46 89 14 5
9 47 39 52 41
9 48 3 83 89
9 49 25 77 84
9 50 80 39 52
9 51 70 34 49
9 52 77 48 58
9 53 46 34 38
9 54 26 38 58
9 55 57 60 30
9 56 42 42 34
9 57 16 42 80
9 58 36 73 70
9 59 57 36 24
9 60 92 41 23
9 61 63 39 27
9 62 74 53 43
9 63 37 42 75
9 64 11 46 82
9 65 48 28 34
9 66 76 32 20
9 67 36 54 59
9 68 69 58 29
9 69 97 5 26
9 70 56 29 35
9 71 26 82 82
9 72 46 36 47
9 73 25 63 49
9 74 17 47 58
9 75 18 66 55
9 76 1 76 75
9 77 53 23 45
9 78 82 34 22
9 79 17 54 65
9 80 96 27 18
9 81 36 51 78
9 82 64 32 40
9 83 45 54 67
9 84 19 76 47
9 85 91 19 45
9 86 42 55 54
9 87 37 79 60
9 88 80 20 10
9 89 67 46 44
9 90 83 23 37
9 91 10 83 55
9 92 19 42 55
9 93 98 20 20
9 94 42 64 30
9 95 40 70 44
9 96 76 27 55
9 97 54 71 28
9 98 55 29 34
9 99 10 73 79
10 11 37 59 75
10 12 4 61 51
10 13 85 39 47
10 14 6 50 49
10 15 63 47 41
10 16 71 52 58
10 17 91 42 27
10 18 29 67 41
10 19 13 72 47
10 20 77 21 22
10 21 48 53 66
10 22 15 65 60
10 23 84 45 17
10 24 56 63 56
10 25 41 78 43
10 26 80 11 35
10 27 46 44 65
10 28 92 52 18
10 29 20 64 59
10 30 62 21 40
10 31 30 62 67
10 32 55 29 59
10 33 71 29 52
10 34 94 20 50
10 35 68 60 20
10 36 98 23 41
10 37 20 55 52
10 38 66 27 51
10 39 8 61 73
10 40 89 30 22
10 41 94 37 41
10 42 20 86 79
10 43 49 31 30
10 44 25 79 84
10 45 9 93 60
10 46 2 53 61
10 47 11 78 51
10 48 90 20 29
10 49 97 14 28
10 50 29 44 39
10 51 48 69 37
10 52 13 46 56
10 53 40 43 40
10 54 16 59 77
10 55 30 77 52
10 56 80 28 36
10 57 11 73 61
10 58 70 20 62
10 59 23 87 43
10 60 56 57 56
10 61 88 54 6
10 62 21 62 83
10 63 12 51 57
10 64 0 63 89
10 65 40 70 72
10 66 38 41 35
10 67 97 26 33
10 68 96 43 42
10 69 46 58 41
10 70 71 49 16
10 71 0 51 50
10 72 62 67 23
10 73 76 23 38
10 74 81 39 15
10 75 85 10 29
10 76 27 54 36
10 77 18 80 73
10 78 54 55 70
10 79 11 70 69
10 80 15 48 43
10 81 48 28 59
10 82 0 71 67
10 83 13 43 54
10 84 28 67 42
10 85 19 89 56
10 86 0 54 94
10 87 77 36 50
10 88 34 52 81
10 89 47 60 59
10 90 94 42 36
10 91 32 57 41
10 92 40 51 53
10 93 91 21 12
10 94 86 41 12
10 95 32 48 83
10 96 72 20 16
10 97 9 78 93
10 98 1 67 93
10 99 32 39 34
11 12 48 44 37
11 13 3 74 50
11 14 7 56 82
11 15 48 52 48
11 16 3 88 97
11 17 40 54 48
11 18 98 43 12
11 19 26 43 79
11 20 63 21 48
11 21 33 62 45
11 22 21 55 45
11 23 31 68 48
11 24 60 41 30
11 25 67 20 18
11 26 56 54 53
11 27 55 71 42
11 28 49 33 31
11 29 40 55 66
11 30 45 32 34
11 31 34 64 74
11 32 21 46 69
11 33 97 1 6
11 34 16 84 74
11 35 46 39 26
11 36 95 36 40
11 37 7 91 64
11 38 46 50 54
11 39 25 67 64
11 40 99 39 19
11 41 86 21 15
11 42 42 68 54
11 43 12 71 62
11 44 39 75 40
11 45 94 9 51
11 46 83 24 54
11 47 54 47 33
11 48 67 19 45
11 49 87 29 22
11 50 31 77 38
11 51 30 46 65
11 52 46 42 58
11 53 22 77 55
11 54 10 87 74
11 55 92 43 49
11 56 93 22 39
11 57 3 86 48
11 58 75 58 57
11 59 13 72 83
11 60 49 37 68
11 61 72 53 34
11 62 41 65 77
11 63 90 7 23
11 64 89 37 38
11 65 9 53 83
11 66 27 53 36
11 67 5 68 50
11 68 28 64 78
11 69 6 80 69
11 70 59 52 60
11 71 59 32 39
11 72 5 97 80
11 73 98 4 23
11 74 73 34 34
11 75 83 13 11
11 76 87 49 47
11 77 33 73 57
11 78 84 46 26
11 79 90 47 53
11 80 78 27 45
11 81 48 57 74
11 82 17 47 73
11 83 42 52 55
11 84 6 95 53
11 85 23 49 71
11 86 49 71 33
11 87 20 54 79
11 88 39 74 69
11 89 5 92 87
11 90 88 18 50
11 91 22 72 63
11 92 66 60 39
11 93 38 67 50
11 94 5 50 81
11 95 44 76 76
11 96 55 44 71
11 97 91 30 30
11 98 6 80 81
11 99 45 49 27
12 13 31 54 40
12 14 53 32 70
12 15 58 45 43
12 16 99 15 47
12 17 45 72 29
12 18 20 67 60
12 19 7 68 50
12 20 88 19 37
12 21 32 51 78
12 22 38 65 46
12 23 28 48 61
12 24 40 61 39
12 25 44 58 73
12 26 5 88 48
12 27 88 31 26
12 28 83 20 41
12 29 85 46 16
12 30 59 67 38
12 31 51 70 71
12 32 67 50 48
12 33 31 62 50
12 34 26 85 50
12 35 26 86 85
12 36 60 62 36
12 37 97 42 6
12 38 53 62 67
12 39 87 7 17
12 40 31 78 34
12 41 20 79 56
12 42 53 67 55
12 43 7 79 72
12 44 12 81 65
12 45 29 51 73
12 46 89 50 10
12 47 77 28 37
12 48 66 62 37
12 49 16 57 72
12 50 41 41 45
12 51 62 66 31
12 52 45 50 39
12 53 87 22 41
12 54 39 62 47
12 55 44 73 76
12 56 6 57 67
12 57 89 19 33
12 58 90 5 17
12 59 46 38 52
12 60 90 51 18
12 61 19 86 53
12 62 78 17 19
12 63 89 10 29
12 64 91 21 24
12 65 78 35 39
12 66 3 82 83
12 67 80 33 38
12 68 51 43 29
12 69 86 32 21
12 70 7 86 59
12 71 80 55 46
12 72 97 9 45
12 73 8 48 90
12 74 3 66 51
12 75 5 47 52
12 76 40 45 68
12 77 85 14 16
12 78 15 55 91
12 79 24 60 64
12 80 90 47 18
12 81 57 60 38
12 82 39 43 80
12 83 1 53 82
12 84 47 27 68
12 85 93 13 36
12 86 65 55 44
12 87 95 19 14
12 88 60 55 26
12 89 44 43 32
12 90 66 25 23
12 91 34 35 43
12 92 25 75 86
12 93 63 65 36
12 94 37 51 40
12 95 91 10 15
12 96 52 56 34
12 97 1 71 62
12 98 72 37 15
12 99 0 58 53
13 14 92 38 26
13 15 1 83 82
13 16 89 23 19
13 17 83 57 37
13 18 42 61 30
13 19 27 40 70
13 20 66 57 66
13 21 71 39 59
13 22 33 59 62
13 23 50 40 59
13 24 53 46 58
13 25 0 52 76
13 26 24 38 76
13 27 92 43 45
13 28 40 39 76
13 29 78 27 24
13 30 70 48 25
13 31 72 21 23
13 32 78 32 17
13 33 66 50 26
13 34 98 3 28
13 35 76 39 22
13 36 55 40 61
13 37 83 41 38
13 38 95 28 28
13 39 78 17 10
13 40 30 43 42
13 41 79 32 35
13 42 68 20 49
13 43 37 31 64
13 44 19 49 46
13 45 68 29 36
13 46 45 45 30
13 47 98 46 46
13 48 86 24 50
13 49 64 55 23
13 50 83 22 31
13 51 16 70 80
13 52 28 66 56
13 53 11 66 84
13 54 92 39 41
13 55 15 53 55
13 56 33 50 83
13 57 37 52 70
13 58 71 54 47
13 59 80 12 35
13 60 50 28 51
13 61 34 80 38
13 62 38 62 55
13 63 26 38 48
13 64 48 42 48
13 65 64 38 63
13 66 17 49 43
13 67 72 39 32
13 68 76 23 19
13 69 53 67 30
13 70 28 81 62
13 71 91 4 48
13 72 80 54 28
13 73 71 54 18
13 74 87 52 17
13 75 53 68 58
13 76 52 39 44
13 77 42 43 45
13 78 20 79 47
13 79 84 10 22
13 80 71 62 57
13 81 43 36 43
13 82 5 48 68
13 83 13 58 74
13 84 76 25 18
13 85 12 57 84
13 86 87 6 38
13 87 71 29 51
13 88 77 42 15
13 89 39 72 44
13 90 91 24 6
13 91 94 24 15
13 92 77 30 34
13 93 53 56 69
13 94 78 42 46
13 95 10 62 76
13 96 71 18 40
13 97 76 22 42
13 98 5 59 82
13 99 58 68 64
14 15 73 49 56
14 16 87 35 53
14 17 43 68 73
14 18 66 25 18
14 19 89 15 44
14 20 2 83 51
14 21 12 54 85
14 22 28 41 75
14 23 66 29 37
14 24 27 56 64
14 25 13 78 73
14 26 96 21 43
14 27 10 61 68
14 28 96 38 16
14 29 8 78 86
14 30 47 36 32
14 31 71 24 25
14 32 80 27 23
14 33 94 4 47
14 34 95 8 3
14 35 15 75 69
14 36 98 1 10
14 37 72 28 49
14 38 94 40 24
14 39 94 33 16
14 40 2 57 80
14 41 60 25 35
14 42 89 38 42
14 43 93 9 50
14 44 17 90 79
14 45 9 87 82
14 46 12 61 72
14 47 56 47 38
14 48 43 59 50
14 49 71 55 38
14 50 54 39 56
14 51 84 56 8
14 52 43 45 42
14 53 43 73 69
14 54 12 46 51
14 55 1 65 60
14 56 39 50 36
14 57 54 39 45
14 58 30 78 42
14 59 20 40 78
14 60 63 31 55
14 61 13 53 74
14 62 12 57 83
14 63 21 68 55
14 64 26 68 73
14 65 96 40 33
14 66 9 59 73
14 67 91 46 24
14 68 92 30 52
14 69 67 61 37
14 70 17 64 69
14 71 55 56 37
14 72 65 18 61
14 73 6 60 83
14 74 64 44 43
14 75 1 57 68
14 76 83 25 45
14 77 47 73 37
14 78 27 80 76
14 79 53 63 47
14 80 5 55 81
14 81 73 19 13
14 82 96 2 29
14 83 45 66 36
14 84 11 65 90
14 85 76 40 26
14 86 16 65 80
14 87 39 38 31
14 88 65 37 31
14 89 29 55 49
14 90 81 32 55
14 91 94 33 25
14 92 64 55 40
14 93 3 90 78
14 94 66 34 41
14 95 72 36 63
14 96 54 71 30
14 97 78 46 19
14 98 54 70 39
14 99 1 84 94
15 16 62 39 38
15 17 19 56 79
15 18 34 64 45
15 19 97 25 28
15 20 71 58 14
15 21 11 71 78
15 22 87 49 29
15 23 93 47 41
15 24 30 69 82
15 25 86 31 7
15 26 11 45 75
15 27 93 5 41
15 28 24 45 39
15 29 76 41 32
15 30 71 18 29
15 31 76 12 59
15 32 93 15 8
15 33 78 55 15
15 34 29 43 37
15 35 61 63 38
15 36 97 24 41
15 37 47 36 60
15 38 48 44 56
15 39 0 73 62
15 40 82 23 34
15 41 29 79 83
15 42 2 62 95
15 43 4 61 47
15 44 77 27 39
15 45 58 69 25
15 46 41 32 30
15 47 92 26 33
15 48 0 68 54
15 49 12 59 65
15 50 38 62 64
15 51 40 64 78
15 52 17 56 80
15 53 33 41 75
15 54 87 41 52
15 55 23 71 42
15 56 48 47 69
15 57 49 48 37
15 58 1 80 71
15 59 80 36 38
15 60 76 22 24
15 61 42 72 52
15 62 54 49 23
15 63 81 37 32
15 64 61 46 51
15 65 21 63 60
15 66 16 78 72
15 67 96 9 3
15 68 73 42 61
15 69 16 63 79
15 70 18 76 46
15 71 72 49 59
15 72 55 25 31
15 73 14 87 85
15 74 71 15 30
15 75 88 55 39
15 76 47 44 63
15 77 3 73 82
15 78 83 40 34
15 79 94 26 10
15 80 75 31 45
15 81 59 55 30
15 82 75 56 60
15 83 28 46 73
15 84 94 15 49
15 85 55 29 70
15 86 39 65 57
15 87 74 21 18
15 88 26 41 85
15 89 77 60 19
15 90 49 31 63
15 91 63 61 47
15 92 64 29 33
15 93 60 30 68
15 94 38 34 41
15 95 77 59 27
15 96 56 30 40
15 97 16 86 58
15 98 96 28 12
15 99 42 45 62
16 17 28 83 45
16 18 47 35 34
16 19 95 4 35
16 20 14 60 83
16 21 61 40 34
16 22 72 51 35
16 23 86 44 20
16 24 13 58 83
16 25 2 88 81
16 26 90 28 30
16 27 67 64 28
16 28 33 73 42
16 29 71 64 28
16 30 45 68 54
16 31 29 39 40
16 32 10 48 94
16 33 85 52 15
16 34 30 64 35
16 35 84 48 53
16 36 8 76 68
16 37 31 83 82
16 38 73 20 28
16 39 72 33 33
16 40 87 39 12
16 41 28 51 79
16 42 20 63 45
16 43 15 47 45
16 44 73 41 49
16 45 50 71 31
16 46 9 84 53
16 47 32 43 42
16 48 36 40 64
16 49 41 53 37
16 50 92 14 18
16 51 99 40 18
16 52 31 37 69
16 53 54 50 25
16 54 76 16 13
16 55 12 81 67
16 56 20 89 61
16 57 39 72 70
16 58 96 41 22
16 59 96 16 40
16 60 30 58 53
16 61 98 23 15
16 62 12 55 79
16 63 65 46 54
16 64 80 54 38
16 65 99 12 35
16 66 3 66 93
16 67 50 48 36
16 68 46 58 31
16 69 68 49 65
16 70 84 40 30
16 71 44 42 51
16 72 81 15 36
16 73 57 42 49
16 74 70 61 41
16 75 68 23 27
16 76 68 45 27
16 77 27 56 51
16 78 23 72 76
16 79 46 49 56
16 80 24 69 55
16 81 33 35 37
16 82 41 71 36
16 83 22 60 77
16 84 51 50 33
16 85 59 40 70
16 86 39 62 56
16 87 56 25 47
16 88 65 23 54
16 89 43 62 77
16 90 94 43 52
16 91 26 52 69
16 92 35 63 70
16 93 28 74 78
16 94 55 33 50
16 95 5 89 79
16 96 68 50 31
16 97 36 80 55
16 98 25 84 80
16 99 41 78 31
17 18 64 59 23
17 19 79 48 17
17 20 80 37 46
17 21 46 50 58
17 22 7 79 75
17 23 9 46 62
17 24 83 12 55
17 25 61 48 63
17 26 86 56 34
17 27 44 36 31
17 28 92 15 15
17 29 72 62 48
17 30 27 58 61
17 31 1 66 52
17 32 9 90 95
17 33 89 20 30
17 34 26 47 43
17 35 12 71 74
17 36 51 67 38
17 37 72 42 59
17 38 1 52 69
17 39 86 14 25
17 40 68 58 49
17 41 42 76 42
17 42 13 48 51
17 43 22 71 78
17 44 15 48 61
17 45 90 7 24
17 46 13 49 81
17 47 10 93 89
17 48 37 76 56
17 49 51 34 69
17 50 21 69 63
17 51 41 77 65
17 52 12 50 61
17 53 26 75 37
17 54 31 55 40
17 55 14 71 80
17 56 92 15 6
17 57 54 28 26
17 58 20 57 76
17 59 57 56 36
17 60 40 30 40
17 61 70 33 28
17 62 75 46 14
17 63 30 49 52
17 64 28 83 65
17 65 37 66 49
17 66 78 18 17
17 67 27 72 54
17 68 88 32 17
17 69 94 36 43
17 70 66 19 35
17 71 10 59 88
17 72 69 64 40
17 73 70 51 34
17 74 74 25 29
17 75 2 95 76
17 76 53 28 64
17 77 4 58 71
17 78 31 51 72
17 79 33 63 61
17 80 39 51 63
17 81 47 49 58
17 82 20 73 56
17 83 98 3 13
17 84 93 44 31
17 85 17 62 75
17 86 25 38 78
17 87 29 46 53
17 88 84 36 18
17 89 51 34 30
17 90 9 86 55
17 91 78 30 43
17 92 59 47 30
17 93 73 26 33
17 94 74 17 46
17 95 36 43 77
17 96 29 56 80
17 97 76 54 20
17 98 2 53 75
17 99 39 78 58
18 19 13 75 54
18 20 60 68 37
18 21 78 27 44
18 22 15 65 84
18 23 71 45 38
18 24 33 36 78
18 25 0 85 67
18 26 95 12 27
18 27 87 42 14
18 28 80 25 41
18 29 6 76 74
18 30 19 65 87
18 31 80 27 42
18 32 58 40 43
18 33 21 84 71
18 34 45 68 43
18 35 93 51 23
18 36 3 52 82
18 37 72 28 36
18 38 75 43 56
18 39 36 78 77
18 40 15 59 78
18 41 64 33 64
18 42 56 42 29
18 43 52 35 51
18 44 60 26 61
18 45 50 70 59
18 46 68 40 31
18 47 48 47 45
18 48 98 4 4
18 49 49 73 65
18 50 8 79 57
18 51 0 56 57
18 52 14 72 54
18 53 53 43 60
18 54 38 78 75
18 55 73 50 19
18 56 12 78 54
18 57 88 53 22
18 58 56 25 23
18 59 38 70 79
18 60 9 85 74
18 61 39 32 44
18 62 63 38 55
18 63 78 11 48
18 64 27 53 85
18 65 24 55 64
18 66 22 63 87
18 67 17 82 68
18 68 9 67 52
18 69 59 30 26
18 70 12 43 92
18 71 97 38 13
18 72 56 35 39
18 73 39 42 75
18 74 60 57 33
18 75 22 50 41
18 76 28 78 51
18 77 67 42 28
18 78 57 21 38
18 79 26 62 73
18 80 87 15 28
18 81 9 59 58
18 82 29 50 65
18 83 78 46 14
18 84 95 40 38
18 85 85 53 7
18 86 33 49 62
18 87 44 32 34
18 88 25 46 66
18 89 83 12 26
18 90 65 59 46
18 91 15 57 43
18 92 35 76 65
18 93 93 18 28
18 94 11 73 53
18 95 32 56 37
18 96 37 53 55
18 97 28 62 67
18 98 5 86 53
18 99 91 51 17
19 20 89 41 25
19 21 9 89 83
19 22 60 52 60
19 23 34 79 74
19 24 12 85 61
19 25 40 55 78
19 26 51 39 55
19 27 55 63 41
19 28 15 87 82
19 29 44 67 46
19 30 26 43 66
19 31 4 93 88
19 32 76 16 22
19 33 6 55 96
19 34 88 8 38
19 35 51 53 61
19 36 40 77 46
19 37 10 86 62
19 38 30 37 80
19 39 46 39 73
19 40 50 31 66
19 41 4 52 73
19 42 28 50 79
19 43 72 14 33
19 44 23 40 83
19 45 72 38 21
19 46 88 14 27
19 47 35 55 36
19 48 8 59 87
19 49 19 40 80
19 50 19 72 77
19 51 13 70 66
19 52 75 57 52
19 53 94 21 51
19 54 9 60 56
19 55 7 51 49
19 56 40 60 46
19 57 74 33 62
19 58 22 62 63
19 59 64 62 67
19 60 74 39 24
19 61 63 37 50
19 62 12 55 55
19 63 86 21 54
19 64 39 42 62
19 65 50 42 73
19 66 24 38 57
19 67 47 40 42
19 68 69 35 45
19 69 73 46 35
19 70 25 71 85
19 71 69 15 54
19 72 95 42 40
19 73 79 46 38
19 74 82 9 30
19 75 17 60 87
19 76 33 67 71
19 77 33 77 67
19 78 35 72 51
19 79 13 82 92
19 80 70 61 29
19 81 99 29 34
19 82 3 76 80
19 83 63 60 40
19 84 10 59 51
19 85 60 32 55
19 86 45 74 66
19 87 29 70 73
19 88 75 36 60
19 89 33 40 81
19 90 79 17 13
19 91 46 34 51
19 92 15 89 85
19 93 47 50 70
19 94 54 54 35
19 95 18 90 41
19 96 91 32 50
19 97 98 42 27
19 98 67 29 19
19 99 19 69 88
20 21 94 13 18
20 22 6 80 65
20 23 31 82 74
20 24 79 53 32
20 25 77 12 18
20 26 80 15 51
20 27 71 27 42
20 28 85 45 22
20 29 78 44 12
20 30 97 34 50
20 31 44 55 70
20 32 81 29 38
20 33 85 35 47
20 34 25 86 53
20 35 36 36 63
20 36 75 56 47
20 37 74 16 61
20 38 58 42 52
20 39 30 74 36
20 40 18 63 54
20 41 42 53 47
20 42 30 36 57
20 43 35 73 40
20 44 56 54 60
20 45 58 42 56
20 46 6 73 84
20 47 53 48 68
20 48 25 83 38
20 49 95 7 7
20 50 42 68 31
20 51 12 47 80
20 52 26 82 73
20 53 33 56 46
20 54 89 22 10
20 55 26 71 54
20 56 16 78 61
20 57 33 44 54
20 58 3 61 93
20 59 97 44 12
20 60 15 71 50
20 61 98 16 6
20 62 66 36 35
20 63 43 56 36
20 64 29 57 82
20 65 93 30 47
20 66 66 59 48
20 67 36 56 52
20 68 78 53 48
20 69 98 50 36
20 70 65 52 37
20 71 30 83 68
20 72 73 42 15
20 73 44 70 39
20 74 89 7 36
20 75 42 71 71
20 76 11 72 90
20 77 33 44 52
20 78 94 19 16
20 79 21 70 64
20 80 78 29 46
20 81 51 73 35
20 82 69 25 18
20 83 45 70 63
20 84 96 14 24
20 85 92 12 18
20 86 65 48 25
20 87 64 62 26
20 88 30 84 63
20 89 85 24 22
20 90 76 27 16
20 91 45 60 60
20 92 74 29 54
20 93 97 23 32
20 94 74 22 61
20 95 76 44 32
20 96 70 56 37
20 97 51 43 65
20 98 58 36 31
20 99 3 68 57
21 22 45 69 67
21 23 63 38 20
21 24 33 39 76
21 25 85 25 41
21 26 89 6 16
21 27 50 38 39
21 28 7 79 66
21 29 91 28 20
21 30 94 2 38
21 31 73 62 54
21 32 33 66 62
21 33 91 17 40
21 34 88 15 35
21 35 80 20 29
21 36 91 13 41
21 37 7 69 55
21 38 72 52 22
21 39 68 29 32
21 40 90 10 24
21 41 96 18 22
21 42 53 25 57
21 43 41 79 61
21 44 63 26 49
21 45 31 65 83
21 46 59 44 49
21 47 23 51 85
21 48 63 34 49
21 49 69 52 51
21 50 77 20 48
21 51 91 37 41
21 52 34 61 54
21 53 31 46 55
21 54 38 49 80
21 55 49 74 53
21 56 41 65 59
21 57 95 50 23
21 58 43 30 53
21 59 6 86 89
21 60 75 34 54
21 61 11 71 81
21 62 23 69 49
21 63 41 67 30
21 64 67 56 31
21 65 62 50 49
21 66 97 21 1
21 67 85 44 39
21 68 94 47 49
21 69 32 45 82
21 70 48 68 53
21 71 8 50 46
21 72 1 50 84
21 73 91 12 29
21 74 94 22 15
21 75 7 68 93
21 76 1 84 78
21 77 55 70 42
21 78 86 44 17
21 79 95 42 24
21 80 61 33 50
21 81 93 35 15
21 82 19 79 45
21 83 77 21 49
21 84 77 58 44
21 85 45 50 31
21 86 18 75 78
21 87 65 52 28
21 88 89 45 10
21 89 38 79 79
21 90 47 63 49
21 91 86 24 54
21 92 14 53 86
21 93 7 63 74
21 94 85 39 10
21 95 7 74 92
21 96 8 56 92
21 97 63 60 33
21 98 59 58 29
21 99 26 82 43
22 23 96 24 4
22 24 96 44 35
22 25 55 68 27
22 26 73 44 20
22 27 63 22 38
22 28 44 41 77
22 29 17 56 53
22 30 25 82 53
22 31 18 52 48
22 32 31 47 53
22 33 18 59 74
22 34 45 33 34
22 35 73 14 29
22 36 42 38 62
22 37 97 4 14
22 38 58 52 55
22 39 47 65 57
22 40 91 46 27
22 41 37 51 69
22 42 52 26 73
22 43 25 72 77
22 44 89 19 49
22 45 82 34 25
22 46 24 49 37
22 47 60 54 60
22 48 92 19 17
22 49 33 72 52
22 50 18 89 85
22 51 74 47 16
22 52 74 41 61
22 53 14 61 83
22 54 85 9 25
22 55 37 65 49
22 56 60 21 63
22 57 70 34 41
22 58 7 73 74
22 59 2 49 50
22 60 62 33 35
22 61 68 19 19
22 62 13 92 73
22 63 74 51 59
22 64 62 25 36
22 65 84 49 32
22 66 58 42 46
22 67 43 77 35
22 68 82 24 21
22 69 60 38 31
22 70 12 83 81
22 71 85 26 45
22 72 23 38 61
22 73 1 92 76
22 74 44 65 37
22 75 99 21 39
22 76 70 48 34
22 77 83 56 16
22 78 45 71 69
22 79 83 21 22
22 80 55 41 26
22 81 84 26 25
22 82 80 18 9
22 83 87 34 32
22 84 79 44 17
22 85 3 77 49
22 86 59 20 47
22 87 80 30 51
22 88 45 62 52
22 89 40 79 35
22 90 3 73 50
22 91 71 46 15
22 92 24 38 70
22 93 8 95 68
22 94 66 64 21
22 95 92 8 28
22 96 58 36 36
22 97 24 82 57
22 98 71 56 14
22 99 0 74 74
23 24 9 88 88
23 25 53 52 69
23 26 21 84 78
23 27 17 44 58
23 28 10 72 60
23 29 10 73 89
23 30 16 77 73
23 31 16 71 86
23 32 6 89 75
23 33 25 85 62
23 34 26 78 62
23 35 3 52 58
23 36 61 64 38
23 37 6 87 85
23 38 40 58 49
23 39 26 55 73
23 40 25 80 83
23 41 75 45 34
23 42 92 40 22
23 43 66 53 43
23 44 5 62 92
23 45 59 41 28
23 46 64 39 43
23 47 98 50 8
23 48 9 93 94
23 49 18 85 79
23 50 87 25 8
23 51 3 64 55
23 52 2 53 68
23 53 83 41 44
23 54 4 89 60
23 55 65 25 62
23 56 21 77 49
23 57 41 66 37
23 58 20 77 40
23 59 71 36 56
23 60 55 61 48
23 61 4 77 81
23 62 1 90 64
23 63 28 82 42
23 64 52 35 23
23 65 49 28 69
23 66 53 70 57
23 67 95 20 4
23 68 61 23 26
23 69 22 46 55
23 70 40 47 70
23 71 30 69 58
23 72 17 71 86
23 73 59 20 49
23 74 89 20 49
23 75 10 61 68
23 76 66 25 44
23 77 28 46 49
23 78 60 41 22
23 79 96 3 33
23 80 11 49 83
23 81 53 61 57
23 82 59 59 32
23 83 70 59 34
23 84 22 62 46
23 85 94 29 20
23 86 36 60 44
23 87 73 35 24
23 88 49 48 46
23 89 59 61 44
23 90 87 53 6
23 91 57 38 64
23 92 61 62 40
23 93 21 84 83
23 94 34 74 35
23 95 79 51 25
23 96 69 39 33
23 97 1 77 95
23 98 84 53 49
23 99 98 21 28
24 25 95 4 41
24 26 79 49 56
24 27 0 69 93
24 28 45 75 61
24 29 74 45 62
24 30 0 55 83
24 31 88 18 11
24 32 6 67 72
24 33 3 78 90
24 34 95 45 33
24 35 10 86 64
24 36 67 21 25
24 37 13 87 65
24 38 53 30 57
24 39 76 36 60
24 40 70 55 19
24 41 91 39 4
24 42 62 53 25
24 43 3 71 77
24 44 20 86 63
24 45 21 45 81
24 46 73 23 28
24 47 38 78 78
24 48 90 25 8
24 49 92 38 32
24 50 53 60 51
24 51 53 68 68
24 52 47 31 40
24 53 13 49 74
24 54 64 60 49
24 55 53 64 29
24 56 77 12 15
24 57 8 59 73
24 58 26 65 72
24 59 59 22 39
24 60 16 61 86
24 61 48 64 43
24 62 30 78 55
24 63 56 71 52
24 64 9 85 62
24 65 7 59 66
24 66 69 43 40
24 67 94 17 40
24 68 69 30 42
24 69 57 36 71
24 70 66 48 19
24 71 56 27 55
24 72 93 15 44
24 73 49 49 63
24 74 53 39 48
24 75 40 54 53
24 76 0 92 55
24 77 62 47 21
24 78 48 65 60
24 79 24 52 53
24 80 95 3 45
24 81 96 32 39
24 82 31 34 65
24 83 74 40 38
24 84 98 17 17
24 85 73 17 40
24 86 18 88 55
24 87 63 40 45
24 88 59 43 39
24 89 32 80 53
24 90 89 43 30
24 91 88 51 34
24 92 93 21 27
24 93 66 38 32
24 94 20 50 88
24 95 77 42 36
24 96 44 64 72
24 97 45 33 37
24 98 90 18 31
24 99 48 37 65
25 26 88 6 28
25 27 88 13 9
25 28 71 28 53
25 29 20 53 87
25 30 3 69 72
25 31 19 44 80
25 32 44 42 51
25 33 48 57 40
25 34 14 43 66
25 35 56 62 64
25 36 55 62 61
25 37 62 29 28
25 38 14 73 59
25 39 25 77 66
25 40 2 75 68
25 41 10 45 85
25 42 71 56 64
25 43 24 84 73
25 44 46 43 39
25 45 67 28 52
25 46 68 37 48
25 47 35 80 72
25 48 52 71 39
25 49 91 21 35
25 50 71 34 16
25 51 64 63 42
25 52 30 51 45
25 53 64 54 39
25 54 5 67 65
25 55 55 29 64
25 56 95 50 43
25 57 84 23 9
25 58 39 36 44
25 59 34 62 80
25 60 33 83 37
25 61 26 43 85
25 62 40 67 53
25 63 13 47 89
25 64 75 58 22
25 65 28 84 44
25 66 87 19 39
25 67 31 69 56
25 68 32 57 38
25 69 9 46 58
25 70 83 42 28
25 71 0 73 86
25 72 67 33 23
25 73 63 63 56
25 74 90 54 24
25 75 76 32 12
25 76 64 58 35
25 77 83 26 33
25 78 74 16 55
25 79 53 43 30
25 80 72 36 43
25 81 27 55 66
25 82 17 46 63
25 83 5 75 58
25 84 15 65 64
25 85 79 54 56
25 86 49 52 61
25 87 28 38 68
25 88 11 78 56
25 89 48 54 43
25 90 69 31 21
25 91 46 44 66
25 92 15 74 75
25 93 73 42 37
25 94 44 70 36
25 95 20 49 88
25 96 87 13 10
25 97 48 60 27
25 98 96 9 21
25 99 99 6 41
26 27 76 27 47
26 28 4 90 73
26 29 62 41 62
26 30 90 18 14
26 31 37 70 42
26 32 74 50 42
26 33 17 86 83
26 34 22 73 70
26 35 39 74 32
26 36 52 67 65
26 37 33 34 48
26 38 47 62 48
26 39 65 32 60
26 40 6 80 56
26 41 61 48 51
26 42 6 54 49
26 43 34 63 57
26 44 60 28 25
26 45 79 58 39
26 46 68 62 57
26 47 49 38 51
26 48 79 11 22
26 49 82 17 36
26 50 67 20 58
26 51 59 55 37
26 52 58 58 38
26 53 19 41 80
26 54 98 34 1
26 55 87 12 51
26 56 85 21 18
26 57 12 86 47
26 58 0 75 60
26 59 32 72 48
26 60 15 89 71
26 61 85 56 55
26 62 74 34 41
26 63 67 52 20
26 64 27 85 38
26 65 54 31 70
26 66 6 75 90
26 67 34 61 68
26 68 4 50 78
26 69 6 58 66
26 70 38 40 52
26 71 50 68 74
26 72 66 47 46
26 73 98 25 14
26 74 43 65 61
26 75 72 34 61
26 76 35 74 56
26 77 80 57 49
26 78 91 9 28
26 79 99 30 18
26 80 65 31 23
26 81 74 33 34
26 82 7 51 66
26 83 82 49 36
26 84 24 71 42
26 85 38 32 56
26 86 18 53 75
26 87 24 69 68
26 88 42 66 47
26 89 68 20 60
26 90 94 15 43
26 91 26 78 68
26 92 73 25 13
26 93 91 37 51
26 94 57 37 24
26 95 61 21 46
26 96 72 55 56
26 97 28 51 44
26 98 64 43 20
26 99 1 83 67
27 28 24 85 87
27 29 74 56 54
27 30 83 34 19
27 31 73 38 19
27 32 66 52 64
27 33 33 33 59
27 34 26 86 48
27 35 98 44 39
27 36 42 76 52
27 37 50 29 57
27 38 55 45 68
27 39 97 40 26
27 40 64 66 52
27 41 50 56 58
27 42 84 55 37
27 43 97 16 46
27 44 70 64 31
27 45 84 49 15
27 46 68 17 23
27 47 34 49 68
27 48 68 37 47
27 49 31 45 69
27 50 35 38 52
27 51 10 46 84
27 52 63 26 45
27 53 35 50 71
27 54 67 42 16
27 55 30 45 80
27 56 95 33 40
27 57 41 36 40
27 58 30 59 45
27 59 12 56 43
27 60 4 63 94
27 61 34 82 64
27 62 79 23 49
27 63 0 65 55
27 64 94 9 3
27 65 30 67 71
27 66 29 47 37
27 67 35 65 80
27 68 55 66 43
27 69 32 44 40
27 70 35 38 42
27 71 73 55 42
27 72 15 67 91
27 73 93 3 20
27 74 88 19 51
27 75 57 24 62
27 76 59 37 60
27 77 90 4 32
27 78 18 54 55
27 79 42 64 63
27 80 74 42 13
27 81 0 51 97
27 82 58 56 65
27 83 1 52 84
27 84 0 71 65
27 85 57 33 39
27 86 91 43 6
27 87 51 32 25
27 88 60 34 22
27 89 20 47 63
27 90 8 76 57
27 91 62 53 23
27 92 65 28 46
27 93 47 44 47
27 94 21 59 44
27 95 6 92 48
27 96 85 32 29
27 97 53 25 69
27 98 70 16 19
27 99 9 83 92
28 29 70 56 44
28 30 46 51 34
28 31 93 14 22
28 32 63 19 53
28 33 80 59 22
28 34 79 29 30
28 35 9 51 46
28 36 93 50 15
28 37 58 29 66
28 38 89 22 22
28 39 70 53 30
28 40 1 69 95
28 41 36 78 59
28 42 80 42 59
28 43 83 55 23
28 44 70 43 45
28 45 46 30 41
28 46 20 87 70
28 47 72 24 60
28 48 64 20 45
28 49 89 38 22
28 50 74 54 49
28 51 90 34 39
28 52 59 54 53
28 53 63 40 22
28 54 96 32 46
28 55 32 43 72
28 56 89 30 21
28 57 50 67 43
28 58 9 75 50
28 59 54 47 55
28 60 82 30 22
28 61 94 22 29
28 62 76 24 35
28 63 80 47 9
28 64 76 44 39
28 65 8 64 66
28 66 53 67 23
28 67 22 72 67
28 68 40 69 29
28 69 63 36 38
28 70 28 81 82
28 71 92 38 47
28 72 53 65 57
28 73 66 66 65
28 74 13 63 60
28 75 17 91 53
28 76 19 76 73
28 77 31 58 56
28 78 77 55 23
28 79 13 69 64
28 80 99 39 49
28 81 85 23 52
28 82 87 17 32
28 83 88 55 22
28 84 8 85 73
28 85 10 75 72
28 86 39 46 47
28 87 33 74 41
28 88 45 69 74
28 89 74 24 57
28 90 85 21 15
28 91 55 30 29
28 92 76 16 40
28 93 13 43 64
28 94 62 25 50
28 95 60 48 64
28 96 92 43 39
28 97 28 37 42
28 98 63 66 64
28 99 8 63 61
29 30 43 69 28
29 31 88 29 52
29 32 84 54 40
29 33 28 67 43
29 34 97 36 34
29 35 21 41 63
29 36 29 42 57
29 37 71 18 18
29 38 73 18 40
29 39 13 48 71
29 40 48 75 57
29 41 30 53 45
29 42 28 47 71
29 43 61 37 56
29 44 10 71 49
29 45 16 50 56
29 46 78 55 44
29 47 2 63 80
29 48 2 54 87
29 49 23 56 47
29 50 75 16 50
29 51 61 58 68
29 52 98 15 4
29 53 75 15 38
29 54 16 51 85
29 55 16 90 49
29 56 56 54 47
29 57 81 35 27
29 58 0 65 77
29 59 19 42 74
29 60 96 40 31
29 61 32 68 63
29 62 8 79 65
29 63 38 50 70
29 64 50 73 28
29 65 5 71 75
29 66 40 64 67
29 67 59 51 59
29 68 40 63 43
29 69 56 30 60
29 70 21 88 67
29 71 83 38 37
29 72 34 60 64
29 73 59 30 37
29 74 12 58 43
29 75 85 28 53
29 76 68 43 62
29 77 26 63 52
29 78 25 45 75
29 79 94 5 7
29 80 17 65 62
29 81 2 78 50
29 82 2 56 60
29 83 54 47 25
29 84 40 37 60
29 85 23 58 49
29 86 98 30 46
29 87 32 51 63
29 88 22 64 46
29 89 54 50 45
29 90 98 50 24
29 91 21 66 63
29 92 64 50 32
29 93 15 55 83
29 94 65 47 56
29 95 90 30 49
29 96 10 89 52
29 97 83 18 51
29 98 61 41 54
29 99 55 33 60
30 31 24 67 72
30 32 77 20 26
30 33 43 44 78
30 34 4 65 48
30 35 0 88 78
30 36 95 33 9
30 37 75 27 42
30 38 75 52 24
30 39 96 15 27
30 40 42 55 53
30 41 5 79 93
30 42 43 39 51
30 43 24 83 72
30 44 5 74 90
30 45 64 29 66
30 46 56 38 52
30 47 34 81 50
30 48 79 56 17
30 49 91 25 33
30 50 51 63 37
30 51 30 61 68
30 52 0 52 75
30 53 8 88 63
30 54 0 82 78
30 55 2 92 86
30 56 93 36 36
30 57 79 20 51
30 58 94 26 32
30 59 8 48 94
30 60 15 86 50
30 61 91 18 12
30 62 95 18 29
30 63 65 64 18
30 64 51 28 49
30 65 2 51 62
30 66 83 39 19
30 67 92 28 24
30 68 69 21 55
30 69 82 16 10
30 70 64 40 23
30 71 10 80 79
30 72 86 43 42
30 73 97 50 36
30 74 11 51 51
30 75 30 49 69
30 76 32 43 61
30 77 38 40 69
30 78 99 34 44
30 79 82 54 23
30 80 20 67 45
30 81 83 44 38
30 82 84 54 8
30 83 98 12 10
30 84 6 78 72
30 85 5 83 71
30 86 86 55 56
30 87 67 46 42
30 88 42 38 64
30 89 60 50 66
30 90 87 20 47
30 91 47 28 53
30 92 94 31 46
30 93 13 54 51
30 94 60 28 43
30 95 5 80 48
30 96 18 69 74
30 97 79 48 35
30 98 62 24 56
30 99 52 50 42
31 32 74 38 15
31 33 7 52 52
31 34 70 16 34
31 35 24 70 53
31 36 30 59 64
31 37 54 50 65
31 38 37 46 37
31 39 29 64 81
31 40 89 41 14
31 41 65 35 62
31 42 63 49 34
31 43 44 28 72
31 44 67 45 32
31 45 89 50 40
31 46 70 36 58
31 47 75 57 17
31 48 64 43 50
31 49 40 41 32
31 50 32 37 61
31 51 19 53 76
31 52 86 41 9
31 53 14 50 87
31 54 47 63 63
31 55 78 56 28
31 56 73 46 35
31 57 44 40 72
31 58 94 41 8
31 59 41 68 65
31 60 35 56 59
31 61 51 49 26
31 62 30 72 76
31 63 64 31 17
31 64 26 80 51
31 65 55 69 55
31 66 32 81 65
31 67 98 47 20
31 68 75 29 60
31 69 95 27 28
31 70 3 69 85
31 71 57 63 57
31 72 0 97 78
31 73 17 41 44
31 74 19 69 67
31 75 9 70 48
31 76 7 84 47
31 77 2 66 80
31 78 76 38 51
31 79 19 77 42
31 80 33 75 36
31 81 76 44 54
31 82 15 44 69
31 83 84 10 21
31 84 15 63 82
31 85 75 26 52
31 86 34 32 56
31 87 86 15 17
31 88 38 45 56
31 89 49 31 57
31 90 17 60 47
31 91 81 38 41
31 92 79 13 19
31 93 93 39 7
31 94 0 78 67
31 95 16 56 59
31 96 67 20 51
31 97 59 32 69
31 98 79 20 26
31 99 24 61 67
32 33 84 37 36
32 34 45 53 54
32 35 33 54 68
32 36 56 49 32
32 37 9 73 83
32 38 50 52 65
32 39 31 67 68
32 40 46 64 31
32 41 56 54 47
32 42 71 19 30
32 43 35 52 72
32 44 70 53 52
32 45 20 42 81
32 46 24 48 50
32 47 38 46 56
32 48 37 64 50
32 49 65 46 41
32 50 77 36 26
32 51 52 35 46
32 52 16 65 76
32 53 58 63 24
32 54 73 44 50
32 55 48 50 64
32 56 2 71 92
32 57 49 43 74
32 58 35 73 80
32 59 2 71 49
32 60 91 35 16
32 61 75 42 29
32 62 75 54 57
32 63 44 61 43
32 64 34 44 45
32 65 47 38 32
32 66 46 56 67
32 67 70 46 46
32 68 58 46 32
32 69 85 54 43
32 70 26 48 47
32 71 3 59 93
32 72 29 67 41
32 73 92 34 25
32 74 50 30 52
32 75 32 38 42
32 76 28 65 67
32 77 77 21 46
32 78 40 65 51
32 79 20 56 86
32 80 44 68 40
32 81 73 15 57
32 82 53 54 30
32 83 55 61 25
32 84 96 14 20
32 85 62 65 42
32 86 70 39 55
32 87 51 44 32
32 88 97 38 8
32 89 19 71 41
32 90 10 81 66
32 91 68 59 45
32 92 80 49 19
32 93 21 46 45
32 94 36 38 40
32 95 42 43 33
32 96 35 43 47
32 97 68 26 42
32 98 76 29 35
32 99 90 39 5
33 34 14 58 46
33 35 1 97 50
33 36 77 18 51
33 37 7 68 81
33 38 15 50 86
33 39 71 30 63
33 40 31 83 62
33 41 80 44 30
33 42 32 34 37
33 43 57 24 65
33 44 28 65 53
33 45 97 9 45
33 46 62 42 35
33 47 15 67 63
33 48 15 83 89
33 49 51 74 39
33 50 76 41 51
33 51 51 56 43
33 52 6 93 81
33 53 17 85 46
33 54 89 14 41
33 55 55 50 36
33 56 50 52 57
33 57 71 45 49
33 58 48 46 54
33 59 56 36 64
33 60 20 65 45
33 61 48 71 74
33 62 27 68 82
33 63 56 45 48
33 64 45 48 67
33 65 29 64 47
33 66 85 14 13
33 67 49 46 25
33 68 13 65 44
33 69 95 26 8
33 70 13 69 65
33 71 66 33 48
33 72 84 28 18
33 73 93 4 18
33 74 91 53 12
33 75 94 11 2
33 76 39 43 44
33 77 58 70 23
33 78 24 76 54
33 79 11 79 57
33 80 79 17 60
33 81 38 31 73
33 82 95 48 5
33 83 28 36 38
33 84 86 48 54
33 85 98 18 11
33 86 74 50 13
33 87 51 32 27
33 88 40 46 33
33 89 17 87 45
33 90 77 44 25
33 91 23 87 42
33 92 55 22 65
33 93 94 42 25
33 94 48 38 42
33 95 36 34 54
33 96 68 43 29
33 97 52 69 67
33 98 66 42 45
33 99 76 18 30
34 35 79 28 18
34 36 57 30 68
34 37 71 61 35
34 38 33 68 79
34 39 15 44 79
34 40 2 76 81
34 41 33 54 37
34 42 81 21 49
34 43 42 34 29
34 44 90 21 50
34 45 16 49 51
34 46 18 80 45
34 47 90 39 24
34 48 23 53 55
34 49 0 86 62
34 50 45 55 27
34 51 98 15 0
34 52 5 70 68
34 53 90 48 14
34 54 96 39 33
34 55 84 43 35
34 56 93 48 13
34 57 77 49 17
34 58 49 35 27
34 59 73 48 56
34 60 6 78 92
34 61 53 52 28
34 62 32 44 58
34 63 13 66 70
34 64 82 41 51
34 65 21 68 47
34 66 92 32 36
34 67 95 45 9
34 68 49 34 35
34 69 63 31 22
34 70 56 22 22
34 71 66 37 60
34 72 81 22 58
34 73 79 52 36
34 74 39 42 57
34 75 8 78 61
34 76 11 92 69
34 77 90 25 44
34 78 91 37 8
34 79 30 42 78
34 80 73 19 48
34 81 84 30 54
34 82 45 52 60
34 83 3 75 82
34 84 67 46 53
34 85 3 91 81
34 86 44 35 70
34 87 11 69 73
34 88 87 42 30
34 89 77 44 38
34 90 68 45 54
34 91 69 17 57
34 92 20 60 63
34 93 84 29 27
34 94 31 37 44
34 95 90 42 39
34 96 60 67 65
34 97 48 31 28
34 98 45 33 64
34 99 82 20 26
35 36 74 37 37
35 37 60 58 25
35 38 92 11 41
35 39 51 48 31
35 40 91 21 37
35 41 79 15 46
35 42 6 89 88
35 43 69 45 20
35 44 96 39 26
35 45 3 81 62
35 46 5 76 56
35 47 53 44 36
35 48 57 59 57
35 49 22 60 68
35 50 91 20 28
35 51 36 51 69
35 52 64 54 39
35 53 10 76 52
35 54 74 39 39
35 55 53 49 71
35 56 24 70 87
35 57 36 45 74
35 58 95 15 26
35 59 58 35 65
35 60 11 54 91
35 61 68 50 30
35 62 32 34 44
35 63 95 13 13
35 64 24 43 43
35 65 80 42 30
35 66 9 51 56
35 67 64 49 45
35 68 68 38 40
35 69 67 42 41
35 70 59 54 49
35 71 15 55 77
35 72 60 63 51
35 73 29 44 61
35 74 73 49 61
35 75 44 66 70
35 76 54 42 36
35 77 36 72 70
35 78 1 71 93
35 79 36 36 73
35 80 85 55 18
35 81 85 31 27
35 82 74 31 59
35 83 71 62 36
35 84 46 65 54
35 85 34 62 35
35 86 83 17 40
35 87 16 66 66
35 88 20 88 43
35 89 80 30 22
35 90 29 81 41
35 91 96 9 18
35 92 62 35 25
35 93 60 53 29
35 94 38 42 63
35 95 41 42 32
35 96 98 27 43
35 97 82 11 57
35 98 22 86 74
35 99 66 62 22
36 37 44 67 34
36 38 87 53 55
36 39 75 58 32
36 40 56 70 50
36 41 91 20 35
36 42 73 47 51
36 43 16 42 41
36 44 71 49 63
36 45 36 64 52
36 46 48 30 57
36 47 99 1 30
36 48 18 47 49
36 49 27 77 48
36 50 63 39 56
36 51 12 46 84
36 52 8 81 80
36 53 67 60 35
36 54 99 17 35
36 55 93 24 22
36 56 65 47 36
36 57 74 21 28
36 58 26 54 78
36 59 68 54 65
36 60 78 16 40
36 61 17 61 51
36 62 41 74 73
36 63 3 55 72
36 64 5 52 56
36 65 42 29 41
36 66 94 50 48
36 67 9 90 64
36 68 41 48 61
36 69 99 41 48
36 70 68 62 38
36 71 50 53 71
36 72 61 59 48
36 73 42 51 30
36 74 30 74 37
36 75 90 26 24
36 76 7 95 89
36 77 6 56 48
36 78 45 43 43
36 79 50 25 30
36 80 89 41 20
36 81 32 36 34
36 82 13 62 55
36 83 94 3 18
36 84 89 34 31
36 85 50 36 58
36 86 27 66 39
36 87 60 38 32
36 88 23 62 44
36 89 54 25 71
36 90 26 37 77
36 91 0 64 85
36 92 73 58 25
36 93 66 55 40
36 94 4 90 57
36 95 46 50 54
36 96 98 38 23
36 97 17 66 54
36 98 43 45 59
36 99 82 14 13
37 38 84 8 45
37 39 59 42 55
37 40 24 61 76
37 41 14 55 80
37 42 99 45 46
37 43 5 54 59
37 44 53 71 42
37 45 40 61 72
37 46 67 49 54
37 47 90 17 30
37 48 99 41 7
37 49 46 30 69
37 50 32 68 64
37 51 61 52 39
37 52 7 47 78
37 53 47 46 32
37 54 23 66 82
37 55 84 17 19
37 56 33 64 63
37 57 48 72 44
37 58 2 93 81
37 59 9 86 80
37 60 39 64 45
37 61 13 86 67
37 62 26 62 82
37 63 24 66 83
37 64 38 36 52
37 65 7 84 84
37 66 95 25 44
37 67 44 51 58
37 68 10 61 93
37 69 16 43 79
37 70 79 19 13
37 71 73 42 47
37 72 71 27 53
37 73 17 66 56
37 74 24 41 51
37 75 78 14 33
37 76 34 38 55
37 77 67 58 66
37 78 4 66 64
37 79 80 21 11
37 80 93 35 44
37 81 74 27 45
37 82 44 31 75
37 83 91 13 10
37 84 63 50 38
37 85 61 22 31
37 86 83 47 54
37 87 21 53 52
37 88 73 28 45
37 89 33 53 56
37 90 92 46 16
37 91 91 32 4
37 92 64 44 23
37 93 93 43 27
37 94 8 72 87
37 95 33 62 78
37 96 23 53 46
37 97 86 44 14
37 98 48 58 28
37 99 8 63 49
38 39 30 35 66
38 40 62 46 49
38 41 89 46 5
38 42 33 36 54
38 43 55 67 69
38 44 68 50 57
38 45 25 73 46
38 46 70 47 54
38 47 54 32 47
38 48 61 40 53
38 49 33 75 81
38 50 58 23 65
38 51 52 46 37
38 52 71 31 27
38 53 91 24 9
38 54 19 57 81
38 55 69 23 18
38 56 58 62 69
38 57 49 45 26
38 58 65 57 33
38 59 9 47 80
38 60 70 53 18
38 61 20 78 67
38 62 37 53 78
38 63 7 93 74
38 64 83 44 55
38 65 76 55 57
38 66 14 75 57
38 67 14 64 87
38 68 26 55 65
38 69 17 83 47
38 70 82 50 42
38 71 54 69 30
38 72 70 37 36
38 73 50 51 28
38 74 85 9 24
38 75 3 91 82
38 76 46 58 72
38 77 62 64 19
38 78 53 58 43
38 79 53 57 67
38 80 21 47 49
38 81 94 49 49
38 82 25 72 69
38 83 23 87 46
38 84 90 51 24
38 85 9 61 80
38 86 9 91 90
38 87 43 29 43
38 88 83 19 30
38 89 81 27 48
38 90 93 24 4
38 91 34 76 48
38 92 18 64 79
38 93 86 25 11
38 94 65 33 65
38 95 47 40 32
38 96 95 16 15
38 97 36 66 53
38 98 77 13 27
38 99 43 74 66
39 40 65 46 55
39 41 9 83 63
39 42 31 82 73
39 43 41 78 60
39 44 11 55 80
39 45 92 25 25
39 46 65 54 53
39 47 3 49 62
39 48 20 42 80
39 49 44 34 62
39 50 97 50 12
39 51 39 54 49
39 52 15 50 67
39 53 12 92 61
39 54 39 51 66
39 55 79 59 30
39 56 36 74 55
39 57 28 48 54
39 58 73 27 40
39 59 45 32 36
39 60 6 94 69
39 61 36 36 42
39 62 0 73 73
39 63 9 89 77
39 64 1 93 92
39 65 87 24 39
39 66 90 27 5
39 67 19 40 78
39 68 54 54 29
39 69 31 78 66
39 70 6 56 58
39 71 35 68 66
39 72 74 35 28
39 73 5 58 74
39 74 10 67 64
39 75 85 9 13
39 76 17 44 53
39 77 39 60 74
39 78 56 54 35
39 79 68 53 21
39 80 56 55 64
39 81 55 57 43
39 82 15 46 56
39 83 32 44 52
39 84 34 78 76
39 85 26 74 47
39 86 26 38 86
39 87 65 55 26
39 88 66 35 47
39 89 66 57 50
39 90 88 19 37
39 91 20 79 82
39 92 19 66 79
39 93 2 54 94
39 94 39 56 72
39 95 28 73 46
39 96 85 29 19
39 97 37 68 61
39 98 21 60 71
39 99 75 35 58
40 41 93 27 42
40 42 73 16 32
40 43 41 54 44
40 44 54 70 25
40 45 10 68 82
40 46 34 77 44
40 47 61 55 35
40 48 2 57 89
40 49 85 50 11
40 50 13 49 79
40 51 62 61 33
40 52 19 76 53
40 53 98 5 19
40 54 17 50 57
40 55 28 44 46
40 56 50 73 44
40 57 42 62 67
40 58 75 51 44
40 59 1 52 58
40 60 14 70 47
40 61 47 39 53
40 62 3 66 50
40 63 44 72 38
40 64 33 80 39
40 65 18 88 84
40 66 56 28 47
40 67 53 46 55
40 68 17 89 64
40 69 83 20 49
40 70 7 66 50
40 71 94 8 22
40 72 49 61 52
40 73 45 58 71
40 74 52 69 45
40 75 92 28 51
40 76 68 18 29
40 77 71 54 21
40 78 81 30 39
40 79 26 86 55
40 80 75 61 24
40 81 12 88 93
40 82 68 52 22
40 83 92 43 47
40 84 29 78 44
40 85 93 36 33
40 86 59 39 38
40 87 73 17 58
40 88 77 19 54
40 89 39 30 72
40 90 74 36 55
40 91 64 53 34
40 92 66 16 45
40 93 27 81 65
40 94 65 51 39
40 95 9 63 87
40 96 96 3 19
40 97 68 22 56
40 98 5 67 54
40 99 31 50 69
41 42 51 55 51
41 43 36 77 55
41 44 50 72 64
41 45 22 58 57
41 46 84 33 31
41 47 75 28 49
41 48 77 29 23
41 49 38 44 55
41 50 54 32 51
41 51 21 71 48
41 52 56 62 38
41 53 67 58 53
41 54 14 69 46
41 55 60 51 44
41 56 28 78 62
41 57 86 12 45
41 58 37 77 64
41 59 16 48 84
41 60 18 52 55
41 61 37 50 31
41 62 21 78 84
41 63 65 18 18
41 64 50 32 69
41 65 3 61 82
41 66 16 74 71
41 67 73 35 55
41 68 5 87 69
41 69 45 74 34
41 70 83 45 26
41 71 27 41 68
41 72 13 73 83
41 73 43 69 49
41 74 38 63 61
41 75 39 41 33
41 76 25 42 77
41 77 5 68 53
41 78 46 68 40
41 79 26 78 45
41 80 80 28 26
41 81 50 70 69
41 82 68 19 42
41 83 49 48 41
41 84 82 25 54
41 85 77 60 53
41 86 61 44 35
41 87 36 35 46
41 88 62 25 36
41 89 76 57 53
41 90 17 46 70
41 91 61 66 26
41 92 60 67 42
41 93 25 50 65
41 94 87 31 36
41 95 31 64 54
41 96 88 9 10
41 97 0 77 52
41 98 79 33 31
41 99 14 64 65
42 43 29 80 61
42 44 3 62 91
42 45 61 45 23
42 46 89 33 39
42 47 1 96 61
42 48 5 60 92
42 49 56 54 26
42 50 36 46 39
42 51 16 45 44
42 52 67 50 38
42 53 73 15 15
42 54 40 58 76
42 55 97 16 47
42 56 18 72 76
42 57 92 49 3
42 58 72 35 32
42 59 24 64 51
42 60 98 29 14
42 61 4 49 82
42 62 74 37 32
42 63 46 27 35
42 64 96 24 29
42 65 33 81 45
42 66 38 57 42
42 67 50 66 50
42 68 3 57 69
42 69 85 33 11
42 70 72 16 16
42 71 99 30 11
42 72 70 15 18
42 73 51 60 32
42 74 45 72 58
42 75 97 6 6
42 76 62 29 29
42 77 44 34 62
42 78 32 41 56
42 79 55 56 23
42 80 4 76 59
42 81 42 66 75
42 82 28 76 69
42 83 20 44 40
42 84 22 55 49
42 85 43 62 64
42 86 34 80 76
42 87 44 67 56
42 88 46 27 53
42 89 31 49 53
42 90 33 45 65
42 91 9 51 93
42 92 22 82 71
42 93 51 42 36
42 94 41 35 37
42 95 81 58 13
42 96 19 69 69
42 97 47 44 44
42 98 19 67 50
42 99 41 49 39
43 44 69 44 52
43 45 80 40 45
43 46 6 47 55
43 47 14 80 92
43 48 76 47 22
43 49 4 71 96
43 50 64 44 51
43 51 55 32 38
43 52 2 81 76
43 53 97 5 39
43 54 80 38 32
43 55 73 29 25
43 56 31 69 53
43 57 74 16 55
43 58 19 51 74
43 59 63 31 19
43 60 2 77 61
43 61 24 82 44
43 62 28 65 53
43 63 40 49 35
43 64 91 32 5
43 65 49 39 36
43 66 35 77 52
43 67 31 61 68
43 68 83 26 31
43 69 57 59 30
43 70 29 62 64
43 71 3 67 95
43 72 79 12 27
43 73 8 72 69
43 74 44 63 53
43 75 49 61 52
43 76 8 90 89
43 77 93 44 44
43 78 55 58 61
43 79 77 48 54
43 80 53 67 48
43 81 79 27 24
43 82 39 36 42
43 83 45 69 59
43 84 35 63 54
43 85 83 16 44
43 86 41 72 33
43 87 74 31 32
43 88 69 27 56
43 89 0 55 75
43 90 5 89 93
43 91 79 46 47
43 92 87 22 29
43 93 16 68 56
43 94 26 39 47
43 95 51 60 37
43 96 44 39 36
43 97 38 36 65
43 98 26 54 54
43 99 34 73 52
44 45 5 63 83
44 46 87 37 13
44 47 72 39 16
44 48 69 20 28
44 49 19 69 56
44 50 45 48 46
44 51 34 35 59
44 52 34 71 79
44 53 26 46 76
44 54 51 54 61
44 55 67 35 65
44 56 61 64 34
44 57 0 88 94
44 58 65 34 21
44 59 18 69 85
44 60 74 57 21
44 61 27 64 72
44 62 13 49 46
44 63 13 43 47
44 64 77 34 49
44 65 90 29 31
44 66 77 26 17
44 67 4 82 81
44 68 85 44 26
44 69 38 60 45
44 70 1 54 68
44 71 31 46 57
44 72 60 22 28
44 73 62 55 37
44 74 84 18 44
44 75 84 28 35
44 76 61 37 47
44 77 50 46 49
44 78 17 63 82
44 79 75 54 19
44 80 95 41 37
44 81 3 69 62
44 82 24 74 56
44 83 58 69 46
44 84 96 10 3
44 85 30 44 57
44 86 30 63 72
44 87 58 68 49
44 88 30 84 71
44 89 22 75 64
44 90 50 73 44
44 91 86 32 19
44 92 10 58 85
44 93 96 13 41
44 94 68 27 63
44 95 1 67 76
44 96 30 54 55
44 97 41 70 39
44 98 12 60 47
44 99 98 42 36
45 46 24 76 40
45 47 47 31 43
45 48 85 25 25
45 49 44 43 76
45 50 93 15 8
45 51 32 67 38
45 52 75 37 38
45 53 88 51 43
45 54 11 55 54
45 55 82 35 10
45 56 2 77 84
45 57 95 10 5
45 58 46 49 42
45 59 12 64 69
45 60 68 26 28
45 61 16 74 73
45 62 26 72 42
45 63 82 17 50
45 64 49 68 61
45 65 10 49 53
45 66 84 14 37
45 67 20 58 44
45 68 53 46 43
45 69 87 45 24
45 70 25 68 77
45 71 69 32 31
45 72 97 18 7
45 73 50 41 60
45 74 15 72 60
45 75 43 53 69
45 76 28 44 54
45 77 26 70 79
45 78 68 42 34
45 79 83 29 40
45 80 61 58 29
45 81 82 50 40
45 82 34 71 41
45 83 78 57 56
45 84 60 34 24
45 85 65 49 59
45 86 55 47 39
45 87 57 31 25
45 88 86 55 47
45 89 61 22 36
45 90 72 41 18
45 91 90 37 14
45 92 97 27 4
45 93 35 36 78
45 94 65 30 37
45 95 7 61 89
45 96 70 60 60
45 97 61 29 66
45 98 19 49 43
45 99 52 37 35
46 47 26 54 77
46 48 50 70 31
46 49 56 57 36
46 50 24 65 40
46 51 2 93 80
46 52 66 63 55
46 53 39 70 53
46 54 23 84 65
46 55 60 62 45
46 56 11 68 66
46 57 96 23 49
46 58 38 52 68
46 59 69 18 31
46 60 95 41 42
46 61 69 47 51
46 62 31 40 77
46 63 83 8 35
46 64 92 42 43
46 65 6 65 72
46 66 61 58 25
46 67 19 69 58
46 68 60 64 48
46 69 55 59 44
46 70 58 57 33
46 71 7 65 67
46 72 29 59 64
46 73 77 35 23
46 74 33 65 80
46 75 44 53 46
46 76 18 48 50
46 77 22 83 64
46 78 94 2 43
46 79 14 50 50
46 80 20 70 48
46 81 11 60 47
46 82 58 55 20
46 83 2 55 74
46 84 78 55 16
46 85 41 40 56
46 86 25 77 82
46 87 28 42 41
46 88 63 46 55
46 89 11 70 47
46 90 3 56 83
46 91 42 45 45
46 92 43 69 35
46 93 44 61 76
46 94 9 65 48
46 95 67 63 37
46 96 77 16 22
46 97 18 85 45
46 98 12 69 43
46 99 77 44 26
47 48 29 54 50
47 49 7 52 50
47 50 89 44 26
47 51 12 68 59
47 52 82 26 13
47 53 29 59 79
47 54 41 30 63
47 55 37 69 39
47 56 34 46 74
47 57 60 31 20
47 58 89 30 38
47 59 82 58 36
47 60 73 38 15
47 61 39 39 51
47 62 32 63 54
47 63 84 38 56
47 64 18 76 54
47 65 73 14 59
47 66 5 69 69
47 67 1 78 83
47 68 36 71 38
47 69 77 34 17
47 70 5 73 63
47 71 49 40 27
47 72 23 55 49
47 73 46 51 51
47 74 39 31 69
47 75 70 63 58
47 76 70 63 47
47 77 29 48 77
47 78 38 60 49
47 79 74 22 58
47 80 62 22 48
47 81 42 30 51
47 82 69 63 20
47 83 21 63 49
47 84 72 26 59
47 85 72 38 28
47 86 84 47 18
47 87 76 15 23
47 88 94 13 27
47 89 39 78 35
47 90 51 70 47
47 91 68 58 39
47 92 13 68 74
47 93 56 56 52
47 94 91 44 34
47 95 62 36 52
47 96 7 59 69
47 97 54 67 40
47 98 83 54 30
47 99 10 54 49
48 49 82 38 57
48 50 40 34 70
48 51 15 84 49
48 52 75 29 48
48 53 64 22 37
48 54 93 43 25
48 55 44 39 72
48 56 45 31 70
48 57 45 64 54
48 58 20 58 75
48 59 70 19 56
48 60 1 67 49
48 61 36 47 74
48 62 16 48 51
48 63 45 53 36
48 64 13 80 85
48 65 92 7 44
48 66 53 50 57
48 67 7 81 70
48 68 13 77 52
48 69 99 27 32
48 70 70 50 54
48 71 10 86 48
48 72 32 44 66
48 73 93 39 4
48 74 50 36 59
48 75 18 83 42
48 76 96 29 31
48 77 68 49 52
48 78 18 90 63
48 79 28 45 58
48 80 54 33 51
48 81 95 52 13
48 82 90 43 29
48 83 76 23 38
48 84 98 6 26
48 85 88 12 55
48 86 80 28 31
48 87 36 46 81
48 88 97 41 32
48 89 62 67 33
48 90 1 91 76
48 91 72 46 42
48 92 32 54 42
48 93 32 58 51
48 94 99 38 18
48 95 80 48 25
48 96 96 14 40
48 97 56 52 25
48 98 37 58 36
48 99 76 19 52
49 50 96 18 17
49 51 58 61 44
49 52 98 5 44
49 53 36 53 33
49 54 97 29 12
49 55 90 40 14
49 56 6 62 70
49 57 76 27 33
49 58 41 48 74
49 59 99 3 30
49 60 77 40 41
49 61 69 38 30
49 62 66 65 26
49 63 0 60 79
49 64 70 53 40
49 65 38 40 54
49 66 82 38 57
49 67 36 75 36
49 68 13 43 64
49 69 58 69 34
49 70 15 60 87
49 71 27 79 69
49 72 80 44 52
49 73 29 51 41
49 74 17 87 59
49 75 99 16 48
49 76 81 53 13
49 77 58 68 39
49 78 26 37 59
49 79 65 31 18
49 80 20 67 74
49 81 36 59 31
49 82 3 75 57
49 83 92 4 10
49 84 18 44 84
49 85 96 10 6
49 86 60 45 28
49 87 39 73 75
49 88 70 48 49
49 89 96 46 12
49 90 51 66 55
49 91 44 51 33
49 92 86 40 42
49 93 2 86 53
49 94 32 50 64
49 95 70 15 53
49 96 56 30 37
49 97 87 49 51
49 98 49 37 67
49 99 94 3 12
50 51 74 36 26
50 52 30 57 52
50 53 63 35 40
50 54 67 21 43
50 55 61 65 62
50 56 53 64 34
50 57 26 69 69
50 58 79 32 58
50 59 41 35 34
50 60 85 8 12
50 61 2 90 63
50 62 43 40 76
50 63 4 68 55
50 64 51 57 50
50 65 22 78 45
50 66 37 59 44
50 67 90 10 23
50 68 17 49 68
50 69 60 55 41
50 70 13 61 91
50 71 32 83 74
50 72 74 49 22
50 73 93 4 36
50 74 20 73 50
50 75 47 44 58
50 76 38 70 68
50 77 50 45 71
50 78 81 30 36
50 79 76 14 14
50 80 23 83 43
50 81 33 50 58
50 82 58 44 29
50 83 57 62 42
50 84 51 59 70
50 85 52 47 44
50 86 97 24 32
50 87 89 22 47
50 88 31 41 35
50 89 35 41 74
50 90 79 28 30
50 91 11 84 72
50 92 76 17 13
50 93 0 75 98
50 94 73 19 38
50 95 71 15 19
50 96 66 48 32
50 97 45 49 46
50 98 22 54 81
50 99 30 70 51
51 52 41 78 66
51 53 95 34 21
51 54 6 62 84
51 55 71 53 17
51 56 81 16 34
51 57 41 53 74
51 58 31 81 70
51 59 37 47 52
51 60 55 65 45
51 61 25 84 73
51 62 76 48 58
51 63 47 60 70
51 64 20 63 66
51 65 49 57 46
51 66 42 32 61
51 67 93 51 34
51 68 37 78 54
51 69 77 11 16
51 70 76 21 47
51 71 66 64 45
51 72 4 59 59
51 73 82 57 17
51 74 18 58 41
51 75 34 50 58
51 76 10 79 46
51 77 83 27 41
51 78 37 73 73
51 79 21 50 52
51 80 21 48 53
51 81 59 53 41
51 82 36 50 39
51 83 17 64 57
51 84 40 50 37
51 85 85 42 43
51 86 88 51 28
51 87 25 84 62
51 88 6 71 88
51 89 71 32 16
51 90 63 26 50
51 91 35 41 55
51 92 9 87 74
51 93 77 42 55
51 94 25 44 64
51 95 40 69 35
51 96 47 75 54
51 97 28 80 54
51 98 81 56 56
51 99 6 73 95
52 53 82 51 54
52 54 78 14 51
52 55 59 21 20
52 56 7 59 52
52 57 76 17 40
52 58 66 31 43
52 59 36 73 59
52 60 50 50 44
52 61 65 43 54
52 62 4 64 59
52 63 11 64 93
52 64 32 76 65
52 65 78 13 39
52 66 96 25 19
52 67 25 56 68
52 68 71 62 61
52 69 46 47 49
52 70 15 51 49
52 71 91 49 26
52 72 99 23 6
52 73 35 67 42
52 74 66 17 32
52 75 84 18 14
52 76 63 26 44
52 77 40 36 78
52 78 82 50 39
52 79 42 40 74
52 80 13 65 65
52 81 45 47 28
52 82 89 33 7
52 83 19 66 59
52 84 0 64 59
52 85 67 19 18
52 86 67 51 52
52 87 50 40 43
52 88 33 35 54
52 89 79 31 49
52 90 35 65 43
52 91 94 44 44
52 92 57 46 52
52 93 45 64 47
52 94 73 19 54
52 95 90 21 22
52 96 89 33 35
52 97 68 24 16
52 98 32 69 80
52 99 71 29 23
53 54 55 27 61
53 55 43 77 46
53 56 25 78 40
53 57 87 31 21
53 58 98 17 20
53 59 20 64 55
53 60 63 35 31
53 61 86 15 16
53 62 93 34 15
53 63 10 84 69
53 64 98 3 39
53 65 8 52 68
53 66 6 77 67
53 67 71 38 41
53 68 64 38 19
53 69 66 51 44
53 70 41 60 67
53 71 78 34 47
53 72 13 62 44
53 73 39 59 43
53 74 22 83 39
53 75 70 64 31
53 76 12 82 88
53 77 7 66 55
53 78 67 46 57
53 79 14 49 85
53 80 21 44 41
53 81 78 60 15
53 82 29 68 67
53 83 14 57 67
53 84 7 64 93
53 85 89 25 48
53 86 91 35 50
53 87 18 79 72
53 88 37 61 48
53 89 47 56 55
53 90 22 68 56
53 91 8 52 71
53 92 45 30 74
53 93 71 49 41
53 94 71 25 30
53 95 85 37 25
53 96 38 61 75
53 97 52 52 25
53 98 18 62 55
53 99 5 81 71
54 55 42 36 55
54 56 5 84 49
54 57 74 32 31
54 58 98 3 6
54 59 83 21 24
54 60 90 26 42
54 61 17 82 49
54 62 76 48 41
54 63 39 76 79
54 64 6 58 53
54 65 29 58 41
54 66 43 33 76
54 67 26 46 46
54 68 25 48 38
54 69 74 61 56
54 70 92 20 13
54 71 4 82 59
54 72 14 72 70
54 73 10 47 72
54 74 50 29 67
54 75 76 15 27
54 76 59 44 43
54 77 63 22 45
54 78 33 43 56
54 79 72 44 46
54 80 36 64 52
54 81 98 49 41
54 82 34 50 49
54 83 36 49 56
54 84 37 51 55
54 85 25 45 70
54 86 97 15 25
54 87 58 21 47
54 88 64 55 49
54 89 87 37 43
54 90 27 85 47
54 91 1 67 68
54 92 58 47 68
54 93 13 64 64
54 94 23 63 81
54 95 27 36 40
54 96 47 61 44
54 97 94 2 31
54 98 21 83 84
54 99 69 50 26
55 56 52 40 69
55 57 4 61 63
55 58 27 56 36
55 59 43 41 32
55 60 61 60 68
55 61 43 63 76
55 62 96 26 49
55 63 83 51 23
55 64 8 93 76
55 65 89 51 33
55 66 67 21 31
55 67 72 26 24
55 68 41 31 44
55 69 82 14 47
55 70 15 70 45
55 71 37 70 48
55 72 67 48 46
55 73 64 66 50
55 74 50 40 26
55 75 80 39 54
55 76 76 47 17
55 77 28 41 48
55 78 5 81 96
55 79 59 48 42
55 80 43 68 64
55 81 55 64 52
55 82 47 74 61
55 83 71 56 39
55 84 17 52 87
55 85 50 29 32
55 86 90 47 6
55 87 18 52 44
55 88 75 46 43
55 89 79 45 56
55 90 43 62 58
55 91 20 55 67
55 92 7 76 82
55 93 11 82 47
55 94 38 60 53
55 95 45 64 53
55 96 32 76 51
55 97 93 47 51
55 98 90 51 34
55 99 32 54 36
56 57 4 79 73
56 58 38 40 70
56 59 64 65 20
56 60 20 45 49
56 61 71 14 63
56 62 17 71 46
56 63 8 69 53
56 64 7 61 55
56 65 98 5 9
56 66 70 15 37
56 67 55 71 67
56 68 95 45 25
56 69 50 61 65
56 70 15 77 74
56 71 3 88 63
56 72 26 74 60
56 73 58 52 53
56 74 7 70 87
56 75 11 92 90
56 76 56 34 39
56 77 76 16 58
56 78 22 73 84
56 79 47 66 73
56 80 94 37 11
56 81 6 95 54
56 82 79 24 48
56 83 72 24 48
56 84 40 54 42
56 85 88 9 32
56 86 72 60 27
56 87 52 35 53
56 88 21 45 77
56 89 30 74 36
56 90 98 8 27
56 91 21 73 54
56 92 42 31 31
56 93 29 58 67
56 94 27 47 78
56 95 10 71 65
56 96 99 14 42
56 97 50 64 73
56 98 0 56 90
56 99 63 31 67
57 58 77 36 36
57 59 70 48 36
57 60 52 28 37
57 61 49 41 58
57 62 31 75 35
57 63 25 64 51
57 64 9 80 49
57 65 41 61 68
57 66 41 62 60
57 67 79 52 54
57 68 4 94 85
57 69 82 28 50
57 70 62 39 47
57 71 99 49 20
57 72 52 36 71
57 73 74 53 17
57 74 42 61 58
57 75 83 30 35
57 76 79 32 52
57 77 24 59 57
57 78 31 36 74
57 79 83 26 58
57 80 8 83 65
57 81 69 48 47
57 82 39 78 40
57 83 63 56 20
57 84 76 53 58
57 85 23 53 87
57 86 40 33 79
57 87 4 67 62
57 88 47 50 44
57 89 63 43 23
57 90 94 49 43
57 91 72 41 47
57 92 8 93 81
57 93 88 29 21
57 94 45 48 76
57 95 39 54 47
57 96 82 27 57
57 97 83 13 46
57 98 9 68 95
57 99 49 74 25
58 59 32 72 46
58 60 52 32 55
58 61 93 43 26
58 62 53 36 72
58 63 98 25 35
58 64 98 32 27
58 65 26 60 43
58 66 56 31 68
58 67 84 26 24
58 68 31 67 66
58 69 29 77 80
58 70 8 61 64
58 71 44 39 63
58 72 26 42 68
58 73 64 53 46
58 74 74 34 13
58 75 42 72 70
58 76 56 70 60
58 77 17 70 88
58 78 62 68 64
58 79 25 48 85
58 80 67 38 53
58 81 11 48 77
58 82 49 36 41
58 83 8 88 78
58 84 61 51 51
58 85 11 76 82
58 86 22 87 66
58 87 44 61 44
58 88 68 59 46
58 89 9 91 56
58 90 14 79 67
58 91 74 16 42
58 92 37 43 40
58 93 62 46 45
58 94 40 76 76
58 95 7 74 72
58 96 72 50 50
58 97 49 51 25
58 98 21 57 63
58 99 88 51 23
59 60 88 54 43
59 61 81 53 52
59 62 81 54 11
59 63 28 81 57
59 64 83 12 27
59 65 89 15 6
59 66 88 38 22
59 67 83 36 17
59 68 87 39 13
59 69 22 51 70
59 70 62 63 19
59 71 3 48 71
59 72 92 45 19
59 73 98 25 8
59 74 64 45 26
59 75 79 19 41
59 76 86 28 41
59 77 13 49 60
59 78 81 54 41
59 79 15 57 52
59 80 6 56 52
59 81 26 37 68
59 82 24 58 53
59 83 54 49 63
59 84 35 39 42
59 85 97 25 38
59 86 64 34 28
59 87 10 56 79
59 88 78 38 53
59 89 48 56 70
59 90 89 7 32
59 91 48 60 73
59 92 90 21 19
59 93 90 52 39
59 94 29 78 55
59 95 45 34 63
59 96 48 42 46
59 97 43 35 63
59 98 63 57 19
59 99 97 19 34
60 61 67 55 56
60 62 74 50 23
60 63 94 23 20
60 64 35 53 71
60 65 54 55 64
60 66 24 48 87
60 67 89 34 45
60 68 78 47 19
60 69 5 58 86
60 70 84 25 15
60 71 84 22 16
60 72 10 88 47
60 73 73 35 37
60 74 69 45 15
60 75 85 38 43
60 76 78 36 29
60 77 72 59 37
60 78 47 62 28
60 79 36 44 35
60 80 49 64 58
60 81 57 59 22
60 82 98 20 9
60 83 46 37 73
60 84 62 46 19
60 85 1 51 96
60 86 79 33 52
60 87 37 49 75
60 88 21 73 86
60 89 1 90 78
60 90 52 71 56
60 91 88 48 33
60 92 63 45 67
60 93 80 11 59
60 94 68 62 58
60 95 79 50 19
60 96 77 14 20
60 97 15 73 77
60 98 37 56 62
60 99 98 18 17
61 62 28 45 45
61 63 31 76 69
61 64 32 49 48
61 65 97 50 31
61 66 39 74 53
61 67 97 35 33
61 68 69 18 22
61 69 49 66 36
61 70 7 65 88
61 71 64 43 58
61 72 24 68 73
61 73 31 38 65
61 74 10 50 52
61 75 50 42 66
61 76 84 28 15
61 77 84 29 23
61 78 76 26 39
61 79 85 30 57
61 80 29 51 41
61 81 3 67 92
61 82 88 31 24
61 83 71 64 57
61 84 37 34 40
61 85 95 50 35
61 86 92 31 18
61 87 85 57 16
61 88 76 57 36
61 89 6 93 79
61 90 63 66 37
61 91 56 24 34
61 92 21 44 46
61 93 18 64 71
61 94 67 35 59
61 95 21 58 79
61 96 55 45 53
61 97 30 42 45
61 98 17 91 84
61 99 71 61 31
62 63 13 61 90
62 64 99 13 41
62 65 8 61 77
62 66 63 34 59
62 67 90 28 41
62 68 75 21 28
62 69 95 7 24
62 70 67 24 52
62 71 32 64 49
62 72 49 30 67
62 73 45 57 36
62 74 65 48 19
62 75 61 27 55
62 76 76 18 41
62 77 15 78 55
62 78 80 14 17
62 79 51 38 62
62 80 8 90 54
62 81 68 18 31
62 82 37 45 42
62 83 64 34 27
62 84 79 23 47
62 85 15 81 88
62 86 11 63 68
62 87 88 6 54
62 88 34 56 51
62 89 61 33 31
62 90 4 82 63
62 91 87 18 24
62 92 35 33 68
62 93 95 25 20
62 94 2 83 71
62 95 61 56 59
62 96 0 83 90
62 97 69 32 22
62 98 54 54 44
62 99 74 22 28
63 64 86 14 8
63 65 75 21 61
63 66 26 60 78
63 67 69 16 53
63 68 65 40 42
63 69 21 75 51
63 70 81 25 10
63 71 27 81 73
63 72 78 55 15
63 73 42 51 40
63 74 62 44 67
63 75 4 87 91
63 76 8 59 89
63 77 39 54 39
63 78 51 69 70
63 79 61 54 45
63 80 91 31 30
63 81 0 98 62
63 82 70 20 42
63 83 54 27 28
63 84 45 32 61
63 85 64 41 27
63 86 10 46 47
63 87 98 2 6
63 88 38 67 35
63 89 59 36 51
63 90 11 61 72
63 91 67 41 26
63 92 59 59 69
63 93 46 47 39
63 94 94 24 4
63 95 90 13 40
63 96 87 38 37
63 97 43 33 68
63 98 40 44 69
63 99 39 52 75
64 65 57 31 23
64 66 51 72 70
64 67 35 52 51
64 68 45 49 39
64 69 68 26 56
64 70 11 67 70
64 71 86 17 43
64 72 46 53 48
64 73 91 26 19
64 74 34 45 36
64 75 99 12 31
64 76 12 86 90
64 77 77 53 23
64 78 13 56 63
64 79 59 68 51
64 80 31 79 46
64 81 63 59 35
64 82 87 55 20
64 83 84 44 49
64 84 99 36 3
64 85 65 66 22
64 86 21 85 47
64 87 36 67 75
64 88 76 37 48
64 89 47 30 53
64 90 52 67 59
64 91 60 31 39
64 92 29 57 80
64 93 76 25 49
64 94 22 74 45
64 95 89 22 12
64 96 41 37 60
64 97 10 92 78
64 98 12 65 70
64 99 95 12 21
65 66 13 63 45
65 67 90 45 24
65 68 33 69 38
65 69 71 25 57
65 70 90 45 53
65 71 72 15 28
65 72 14 69 68
65 73 95 15 15
65 74 67 43 18
65 75 86 30 43
65 76 75 32 46
65 77 14 57 78
65 78 82 56 47
65 79 92 48 39
65 80 25 71 67
65 81 27 62 76
65 82 50 25 60
65 83 33 43 35
65 84 2 77 62
65 85 72 31 32
65 86 71 47 36
65 87 54 39 63
65 88 93 10 48
65 89 16 50 43
65 90 57 59 29
65 91 95 13 2
65 92 79 16 36
65 93 87 21 24
65 94 3 83 73
65 95 20 59 48
65 96 18 75 69
65 97 8 55 48
65 98 59 66 59
65 99 90 36 40
66 67 52 61 50
66 68 53 72 72
66 69 60 34 28
66 70 56 39 64
66 71 21 67 60
66 72 70 30 46
66 73 78 20 45
66 74 66 55 57
66 75 50 63 43
66 76 21 72 47
66 77 6 82 50
66 78 57 25 68
66 79 7 62 72
66 80 75 14 12
66 81 51 54 66
66 82 45 56 31
66 83 83 47 31
66 84 40 54 34
66 85 89 17 6
66 86 57 53 53
66 87 26 59 59
66 88 78 25 53
66 89 22 79 62
66 90 70 16 50
66 91 71 57 18
66 92 67 62 33
66 93 15 60 49
66 94 36 40 81
66 95 38 35 75
66 96 86 7 21
66 97 40 53 72
66 98 88 44 10
66 99 83 32 36
67 68 74 41 31
67 69 15 72 47
67 70 0 62 89
67 71 91 27 42
67 72 82 25 19
67 73 11 57 77
67 74 61 23 37
67 75 6 72 93
67 76 83 15 26
67 77 30 42 64
67 78 20 65 49
67 79 58 65 26
67 80 13 51 56
67 81 92 38 36
67 82 29 75 57
67 83 88 39 13
67 84 53 25 55
67 85 51 25 44
67 86 71 61 28
67 87 35 68 50
67 88 77 38 37
67 89 22 55 84
67 90 3 88 57
67 91 90 48 9
67 92 96 20 3
67 93 68 46 64
67 94 51 74 42
67 95 4 58 82
67 96 39 67 45
67 97 15 46 48
67 98 62 51 25
67 99 25 39 79
68 69 88 15 45
68 70 89 19 37
68 71 83 51 54
68 72 8 89 60
68 73 52 40 38
68 74 5 96 87
68 75 68 26 21
68 76 19 82 49
68 77 99 12 5
68 78 35 64 75
68 79 71 32 51
68 80 68 25 38
68 81 18 41 49
68 82 70 60 54
68 83 46 50 54
68 84 83 56 44
68 85 63 40 65
68 86 60 20 38
68 87 3 58 77
68 88 23 59 61
68 89 73 26 50
68 90 58 25 27
68 91 24 77 62
68 92 46 66 56
68 93 84 47 43
68 94 75 33 55
68 95 23 56 53
68 96 74 37 18
68 97 75 14 41
68 98 92 26 23
68 99 28 78 40
69 70 15 54 54
69 71 24 66 56
69 72 56 60 66
69 73 30 44 76
69 74 74 49 54
69 75 69 40 65
69 76 83 48 54
69 77 12 59 70
69 78 61 52 33
69 79 14 86 84
69 80 42 73 45
69 81 44 64 28
69 82 45 38 36
69 83 36 62 45
69 84 30 67 72
69 85 72 15 51
69 86 59 44 25
69 87 34 67 65
69 88 35 41 48
69 89 24 49 38
69 90 98 33 35
69 91 81 38 21
69 92 71 29 20
69 93 18 80 43
69 94 88 34 10
69 95 49 49 45
69 96 1 49 81
69 97 38 62 78
69 98 78 28 36
69 99 2 76 96
70 71 98 5 1
70 72 62 62 27
70 73 93 44 27
70 74 92 24 6
70 75 10 65 65
70 76 22 50 63
70 77 44 40 63
70 78 47 49 37
70 79 70 33 40
70 80 23 72 75
70 81 25 49 39
70 82 68 48 65
70 83 30 52 83
70 84 73 17 49
70 85 39 70 33
70 86 64 39 35
70 87 63 63 25
70 88 70 49 41
70 89 36 74 54
70 90 67 50 45
70 91 81 51 47
70 92 55 37 45
70 93 67 32 52
70 94 4 80 77
70 95 35 69 68
70 96 57 25 53
70 97 1 69 70
70 98 73 43 61
70 99 28 67 53
71 72 72 26 40
71 73 64 64 30
71 74 30 53 75
71 75 51 58 70
71 76 53 45 33
71 77 3 63 57
71 78 68 48 42
71 79 38 44 79
71 80 91 45 46
71 81 27 40 51
71 82 66 21 65
71 83 41 29 51
71 84 62 46 27
71 85 17 55 80
71 86 36 54 40
71 87 77 27 12
71 88 71 42 39
71 89 9 90 51
71 90 90 36 45
71 91 90 52 9
71 92 47 59 33
71 93 0 99 51
71 94 92 33 43
71 95 22 77 69
71 96 34 80 81
71 97 54 43 69
71 98 95 41 13
71 99 28 83 45
72 73 83 50 39
72 74 28 70 52
72 75 64 36 22
72 76 20 73 50
72 77 19 78 79
72 78 7 49 63
72 79 51 61 69
72 80 77 39 27
72 81 41 40 64
72 82 35 44 62
72 83 10 82 53
72 84 11 51 52
72 85 3 84 91
72 86 30 54 47
72 87 56 38 35
72 88 74 46 41
72 89 54 46 47
72 90 70 21 44
72 91 41 71 54
72 92 40 46 69
72 93 84 22 25
72 94 88 49 35
72 95 90 15 9
72 96 58 70 47
72 97 14 54 83
72 98 53 68 69
72 99 39 56 78
73 74 32 37 81
73 75 5 56 95
73 76 45 66 38
73 77 65 35 52
73 78 88 46 15
73 79 49 58 28
73 80 23 77 39
73 81 46 28 32
73 82 85 56 32
73 83 49 35 57
73 84 0 49 66
73 85 59 34 61
73 86 30 47 65
73 87 42 43 65
73 88 14 68 51
73 89 5 90 81
73 90 99 25 32
73 91 34 46 70
73 92 8 87 94
73 93 90 37 20
73 94 76 23 50
73 95 18 69 78
73 96 53 52 26
73 97 45 39 68
73 98 98 7 11
73 99 68 26 61
74 75 93 34 41
74 76 81 44 48
74 77 92 16 27
74 78 38 31 44
74 79 61 34 56
74 80 96 27 27
74 81 87 50 55
74 82 32 42 82
74 83 24 73 81
74 84 50 56 74
74 85 71 60 49
74 86 33 46 74
74 87 47 54 60
74 88 10 61 77
74 89 27 85 79
74 90 69 61 57
74 91 83 14 53
74 92 15 89 57
74 93 52 64 40
74 94 2 96 60
74 95 20 77 56
74 96 24 48 42
74 97 25 75 77
74 98 31 75 77
74 99 3 94 63
75 76 16 70 65
75 77 65 59 31
75 78 6 65 84
75 79 9 81 48
75 80 7 72 74
75 81 78 57 25
75 82 26 59 40
75 83 16 63 72
75 84 52 64 34
75 85 16 54 78
75 86 36 67 66
75 87 53 44 68
75 88 53 62 45
75 89 42 57 70
75 90 38 71 34
75 91 19 83 85
75 92 22 50 52
75 93 90 14 14
75 94 40 48 49
75 95 34 56 34
75 96 71 38 16
75 97 86 34 36
75 98 95 33 38
75 99 65 26 52
76 77 22 88 47
76 78 21 66 72
76 79 2 68 66
76 80 13 47 55
76 81 1 82 91
76 82 79 33 30
76 83 47 30 54
76 84 49 25 27
76 85 29 82 44
76 86 17 53 88
76 87 1 76 80
76 88 79 39 49
76 89 33 64 38
76 90 39 67 61
76 91 39 34 51
76 92 45 32 41
76 93 68 28 31
76 94 72 26 27
76 95 8 90 60
76 96 56 44 44
76 97 30 78 77
76 98 89 34 44
76 99 61 58 48
77 78 90 10 12
77 79 22 40 43
77 80 29 73 44
77 81 62 42 63
77 82 75 47 61
77 83 95 18 12
77 84 50 39 29
77 85 8 63 84
77 86 12 66 52
77 87 71 47 55
77 88 11 46 58
77 89 87 7 56
77 90 56 36 71
77 91 22 51 64
77 92 3 65 81
77 93 95 42 11
77 94 25 65 84
77 95 56 55 40
77 96 34 33 56
77 97 94 30 40
77 98 12 72 52
77 99 45 64 35
78 79 8 69 82
78 80 94 40 35
78 81 77 26 26
78 82 46 42 54
78 83 88 15 27
78 84 23 76 49
78 85 19 44 65
78 86 31 39 46
78 87 12 64 77
78 88 57 21 32
78 89 12 75 90
78 90 39 46 37
78 91 86 44 41
78 92 51 63 28
78 93 8 59 95
78 94 78 60 55
78 95 54 32 63
78 96 46 36 55
78 97 30 52 50
78 98 65 33 58
78 99 19 66 51
79 80 4 82 67
79 81 13 71 77
79 82 76 51 36
79 83 70 22 27
79 84 1 54 52
79 85 42 58 48
79 86 72 22 25
79 87 86 34 7
79 88 47 55 48
79 89 18 86 47
79 90 30 50 65
79 91 21 44 63
79 92 1 60 68
79 93 8 81 57
79 94 42 47 71
79 95 39 66 39
79 96 19 52 81
79 97 72 34 42
79 98 16 73 71
79 99 48 32 26
80 81 26 45 85
80 82 35 76 61
80 83 37 39 42
80 84 30 68 56
80 85 50 33 41
80 86 87 34 26
80 87 11 83 79
80 88 50 41 26
80 89 48 74 38
80 90 49 52 27
80 91 22 50 60
80 92 89 39 39
80 93 59 38 67
80 94 68 41 63
80 95 92 41 12
80 96 3 76 77
80 97 4 60 78
80 98 63 43 30
80 99 39 38 36
81 82 56 36 56
81 83 32 80 49
81 84 53 30 47
81 85 88 21 37
81 86 62 24 42
81 87 30 42 42
81 88 44 52 55
81 89 40 39 55
81 90 97 49 14
81 91 95 31 51
81 92 45 52 37
81 93 6 56 84
81 94 29 60 61
81 95 14 73 68
81 96 26 40 51
81 97 30 83 47
81 98 93 17 24
81 99 4 55 91
82 83 20 41 57
82 84 95 27 23
82 85 5 93 88
82 86 25 82 79
82 87 28 45 58
82 88 75 35 48
82 89 80 44 12
82 90 68 33 62
82 91 40 47 38
82 92 94 49 46
82 93 51 27 30
82 94 95 41 34
82 95 99 49 10
82 96 85 26 12
82 97 10 84 50
82 98 22 56 65
82 99 1 71 56
83 84 87 17 53
83 85 85 14 11
83 86 27 84 41
83 87 71 47 39
83 88 11 60 54
83 89 44 56 44
83 90 85 36 10
83 91 3 80 74
83 92 11 87 82
83 93 52 52 49
83 94 16 80 57
83 95 10 89 82
83 96 10 93 56
83 97 80 15 34
83 98 84 34 27
83 99 58 21 22
84 85 98 2 15
84 86 27 70 83
84 87 90 29 19
84 88 55 65 65
84 89 76 60 18
84 90 15 45 70
84 91 80 35 19
84 92 43 59 52
84 93 14 62 53
84 94 64 37 41
84 95 94 21 51
84 96 98 17 21
84 97 46 44 60
84 98 91 21 11
84 99 37 67 68
85 86 1 79 59
85 87 25 79 63
85 88 65 44 34
85 89 26 85 85
85 90 31 37 43
85 91 59 21 60
85 92 41 74 61
85 93 41 66 63
85 94 53 69 68
85 95 16 72 55
85 96 20 42 62
85 97 52 46 66
85 98 69 21 28
85 99 6 80 73
86 87 72 59 21
86 88 63 58 65
86 89 4 80 76
86 90 39 75 78
86 91 52 69 66
86 92 29 76 38
86 93 68 64 16
86 94 65 59 40
86 95 57 50 40
86 96 30 41 78
86 97 65 18 18
86 98 65 35 52
86 99 17 86 53
87 88 74 20 36
87 89 74 29 60
87 90 57 41 54
87 91 96 51 36
87 92 90 33 51
87 93 56 25 34
87 94 33 51 44
87 95 30 45 75
87 96 49 28 62
87 97 17 55 51
87 98 85 35 38
87 99 0 90 51
88 89 12 70 73
88 90 61 20 35
88 91 59 58 54
88 92 4 73 92
88 93 60 65 35
88 94 7 94 85
88 95 88 49 25
88 96 92 51 47
88 97 26 50 84
88 98 80 21 26
88 99 29 77 65
89 90 3 96 95
89 91 53 66 28
89 92 94 19 26
89 93 8 57 46
89 94 44 72 57
89 95 14 83 77
89 96 81 19 13
89 97 49 32 35
89 98 50 69 50
89 99 86 27 20
90 91 10 50 90
90 92 95 29 49
90 93 47 69 47
90 94 57 57 27
90 95 1 50 89
90 96 94 13 29
90 97 2 50 76
90 98 71 35 30
90 99 1 91 82
91 92 84 55 47
91 93 65 33 44
91 94 99 5 40
91 95 83 12 22
91 96 92 24 21
91 97 49 37 29
91 98 86 35 39
91 99 73 53 13
92 93 71 26 22
92 94 13 74 66
92 95 65 55 17
92 96 81 36 47
92 97 89 43 54
92 98 86 22 53
92 99 35 32 40
93 94 64 42 18
93 95 9 91 60
93 96 84 50 12
93 97 21 64 43
93 98 96 42 29
93 99 51 56 35
94 95 98 40 26
94 96 54 62 28
94 97 97 31 22
94 98 0 99 91
94 99 82 27 41
95 96 37 56 44
95 97 56 61 30
95 98 63 62 40
95 99 50 59 27
96 97 54 28 66
96 98 41 71 73
96 99 2 92 92
97 98 22 73 82
97 99 5 82 89
98 99 53 70 47
