50
0 1 76 79 23
0 2 29 35 24
0 3 3 89 71
0 4 81 30 28
0 5 66 91 18
0 6 74 62 22
0 7 25 39 81
0 8 80 11 38
0 9 39 14 87
0 10 17 51 24
0 11 43 28 65
0 12 13 38 83
0 13 88 87 14
0 14 58 92 55
0 15 15 37 11
0 16 16 94 84
0 17 55 9 47
0 18 21 61 81
0 19 84 30 19
0 20 5 80 86
0 21 72 69 41
0 22 40 64 70
0 23 98 41 3
0 24 10 58 25
0 25 74 44 5
0 26 67 35 56
0 27 0 71 57
0 28 50 37 40
0 29 71 51 77
0 30 0 88 63
0 31 39 35 94
0 32 26 46 34
0 33 31 68 53
0 34 41 9 7
0 35 11 87 63
0 36 42 55 65
0 37 30 43 53
0 38 15 45 32
0 39 58 50 60
0 40 5 73 58
0 41 40 73 38
0 42 72 70 81
0 43 81 61 10
0 44 36 19 31
0 45 18 51 48
0 46 28 29 62
0 47 57 35 62
0 48 59 88 78
0 49 62 84 89
1 2 58 52 88
1 3 49 51 18
1 4 13 96 77
1 5 18 82 66
1 6 93 50 53
1 7 74 43 64
1 8 99 76 25
1 9 58 7 45
1 10 61 8 65
1 11 43 76 38
1 12 86 62 83
1 13 53 38 38
1 14 63 65 17
1 15 80 35 71
1 16 33 39 10
1 17 64 79 14
1 18 95 10 47
1 19 59 14 69
1 20 1 58 92
1 21 76 12 6
1 22 30 40 78
1 23 17 41 73
1 24 0 31 60
1 25 57 92 59
1 26 41 17 84
1 27 57 91 62
1 28 85 17 35
1 29 22 73 59
1 30 92 89 33
1 31 8 24 37
1 32 88 78 2
1 33 45 39 74
1 34 52 57 33
1 35 41 21 90
1 36 80 30 58
1 37 63 61 89
1 38 65 65 12
1 39 35 95 41
1 40 51 70 62
1 41 82 16 1
1 42 54 13 52
1 43 7 11 16
1 44 85 45 63
1 45 81 55 55
1 46 41 37 50
1 47 59 54 40
1 48 12 31 86
1 49 56 36 32
2 3 12 36 80
2 4 75 56 13
2 5 38 47 39
2 6 8 10 29
2 7 17 69 41
2 8 9 66 87
2 9 63 44 19
2 10 70 74 81
2 11 35 46 7
2 12 37 62 84
2 13 78 43 38
2 14 33 71 24
2 15 17 48 65
2 16 74 45 8
2 17 77 54 41
2 18 12 23 25
2 19 40 43 37
2 20 35 75 32
2 21 13 23 42
2 22 93 55 60
2 23 10 52 25
2 24 16 93 20
2 25 52 9 17
2 26 18 29 15
2 27 95 81 41
2 28 4 58 78
2 29 40 62 22
2 30 89 1 26
2 31 73 17 92
2 32 38 50 74
2 33 85 62 24
2 34 45 48 93
2 35 56 64 66
2 36 95 89 22
2 37 41 14 65
2 38 79 52 64
2 39 63 37 33
2 40 74 48 92
2 41 99 2 52
2 42 31 91 62
2 43 38 8 15
2 44 25 64 16
2 45 66 70 48
2 46 81 25 67
2 47 46 14 58
2 48 97 66 45
2 49 71 79 27
3 4 51 30 62
3 5 24 65 35
3 6 28 54 34
3 7 51 38 21
3 8 43 35 43
3 9 33 70 63
3 10 86 54 30
3 11 45 13 37
3 12 19 15 17
3 13 24 52 48
3 14 62 31 11
3 15 55 69 65
3 16 71 6 54
3 17 26 20 48
3 18 98 40 69
3 19 89 31 20
3 20 40 72 29
3 21 30 86 67
3 22 11 46 37
3 23 31 20 34
3 24 79 16 9
3 25 21 93 84
3 26 46 60 17
3 27 69 43 92
3 28 43 70 23
3 29 80 5 4
3 30 30 94 61
3 31 77 2 15
3 32 69 76 51
3 33 37 66 54
3 34 32 22 74
3 35 25 71 48
3 36 36 68 31
3 37 58 77 15
3 38 33 92 60
3 39 98 9 8
3 40 85 78 28
3 41 23 8 95
3 42 6 73 39
3 43 86 64 18
3 44 15 12 88
3 45 10 60 69
3 46 95 1 33
3 47 38 52 25
3 48 96 18 84
3 49 91 4 12
4 5 54 74 73
4 6 34 26 71
4 7 89 36 40
4 8 47 51 78
4 9 59 51 87
4 10 92 41 26
4 11 82 6 84
4 12 41 32 41
4 13 85 17 12
4 14 75 47 45
4 15 62 71 23
4 16 34 21 71
4 17 7 16 83
4 18 67 65 63
4 19 58 58 49
4 20 96 21 79
4 21 57 54 37
4 22 67 9 86
4 23 29 45 69
4 24 78 12 87
4 25 11 90 10
4 26 82 4 58
4 27 68 86 47
4 28 10 73 90
4 29 28 62 34
4 30 62 57 65
4 31 8 59 92
4 32 9 47 58
4 33 40 52 27
4 34 4 53 68
4 35 83 71 38
4 36 93 62 41
4 37 75 74 42
4 38 45 88 51
4 39 94 11 56
4 40 28 78 30
4 41 89 57 55
4 42 41 92 74
4 43 1 21 74
4 44 84 66 16
4 45 45 19 22
4 46 92 16 10
4 47 14 95 92
4 48 15 42 26
4 49 77 39 15
5 6 61 13 46
5 7 46 19 82
5 8 31 42 25
5 9 0 10 32
5 10 85 60 53
5 11 91 34 28
5 12 95 78 78
5 13 77 36 63
5 14 96 64 11
5 15 1 15 59
5 16 37 42 7
5 17 36 89 81
5 18 23 35 38
5 19 11 77 44
5 20 89 46 23
5 21 76 77 31
5 22 77 37 16
5 23 18 40 95
5 24 96 68 34
5 25 83 91 83
5 26 20 58 79
5 27 62 90 76
5 28 28 79 54
5 29 30 69 84
5 30 34 51 11
5 31 24 36 55
5 32 15 68 82
5 33 91 17 37
5 34 23 64 80
5 35 30 37 18
5 36 4 68 13
5 37 21 80 77
5 38 67 92 48
5 39 63 7 14
5 40 10 94 70
5 41 52 26 32
5 42 26 71 9
5 43 32 40 35
5 44 77 43 20
5 45 7 30 24
5 46 28 44 72
5 47 53 43 24
5 48 50 29 9
5 49 38 19 42
6 7 5 19 46
6 8 39 76 42
6 9 23 39 35
6 10 75 51 91
6 11 64 35 34
6 12 19 27 48
6 13 75 24 44
6 14 68 35 86
6 15 47 52 10
6 16 42 13 32
6 17 80 82 35
6 18 10 86 62
6 19 83 52 3
6 20 18 93 39
6 21 74 12 78
6 22 66 39 80
6 23 60 88 66
6 24 12 23 61
6 25 86 19 44
6 26 56 52 20
6 27 36 25 50
6 28 26 62 39
6 29 94 19 66
6 30 96 1 9
6 31 13 75 31
6 32 51 19 15
6 33 30 7 47
6 34 98 86 17
6 35 20 21 96
6 36 17 12 71
6 37 70 88 48
6 38 39 37 64
6 39 6 65 65
6 40 36 68 40
6 41 99 27 57
6 42 36 49 50
6 43 43 63 58
6 44 28 91 88
6 45 15 60 22
6 46 40 17 53
6 47 98 20 23
6 48 82 62 48
6 49 35 52 79
7 8 18 69 75
7 9 17 46 81
7 10 84 28 22
7 11 46 64 8
7 12 78 78 16
7 13 71 91 41
7 14 61 46 5
7 15 55 41 26
7 16 80 58 40
7 17 77 78 77
7 18 63 25 48
7 19 19 75 87
7 20 63 17 13
7 21 66 6 5
7 22 44 73 89
7 23 64 24 23
7 24 21 34 66
7 25 41 35 46
7 26 10 14 42
7 27 66 25 34
7 28 46 7 83
7 29 82 37 3
7 30 75 5 33
7 31 21 63 75
7 32 33 48 31
7 33 32 10 73
7 34 22 29 40
7 35 26 92 35
7 36 85 3 28
7 37 25 7 27
7 38 50 40 51
7 39 66 7 15
7 40 39 49 95
7 41 31 96 81
7 42 34 91 13
7 43 29 89 50
7 44 38 12 34
7 45 89 57 7
7 46 99 15 50
7 47 64 62 23
7 48 98 73 57
7 49 46 86 29
8 9 85 34 33
8 10 62 73 29
8 11 39 79 92
8 12 75 35 61
8 13 83 59 4
8 14 55 44 60
8 15 58 7 91
8 16 19 77 37
8 17 96 55 37
8 18 15 92 34
8 19 18 74 20
8 20 42 80 69
8 21 90 17 89
8 22 56 68 83
8 23 78 7 77
8 24 6 52 81
8 25 46 11 22
8 26 59 78 89
8 27 5 55 10
8 28 99 44 62
8 29 76 26 58
8 30 14 34 23
8 31 1 90 81
8 32 41 7 18
8 33 87 86 82
8 34 87 42 31
8 35 45 75 64
8 36 79 45 58
8 37 70 7 43
8 38 50 75 94
8 39 28 47 63
8 40 92 52 87
8 41 49 75 67
8 42 87 66 49
8 43 70 35 53
8 44 38 53 77
8 45 3 96 36
8 46 17 73 49
8 47 37 75 91
8 48 91 12 12
8 49 81 62 16
9 10 47 85 31
9 11 36 80 19
9 12 6 88 17
9 13 83 17 9
9 14 53 78 79
9 15 37 17 60
9 16 42 81 83
9 17 11 66 93
9 18 97 61 60
9 19 16 63 96
9 20 4 65 83
9 21 91 79 10
9 22 94 1 58
9 23 70 8 24
9 24 75 31 16
9 25 69 59 51
9 26 21 33 81
9 27 6 22 53
9 28 48 54 66
9 29 39 56 57
9 30 63 44 43
9 31 78 64 20
9 32 46 75 83
9 33 20 57 19
9 34 12 31 14
9 35 86 47 6
9 36 17 93 25
9 37 2 41 59
9 38 88 62 12
9 39 9 22 79
9 40 44 93 75
9 41 81 38 82
9 42 6 36 41
9 43 0 39 37
9 44 44 38 21
9 45 1 67 50
9 46 84 65 41
9 47 96 86 24
9 48 69 70 55
9 49 78 54 29
10 11 55 75 67
10 12 22 39 78
10 13 39 84 58
10 14 84 11 87
10 15 25 57 27
10 16 28 81 22
10 17 5 65 91
10 18 62 18 65
10 19 24 85 57
10 20 89 6 72
10 21 79 49 16
10 22 60 39 78
10 23 85 16 3
10 24 49 13 20
10 25 19 9 70
10 26 7 64 76
10 27 81 66 77
10 28 9 93 86
10 29 52 48 38
10 30 99 88 7
10 31 62 37 6
10 32 64 82 76
10 33 25 70 28
10 34 6 99 57
10 35 72 58 76
10 36 48 36 76
10 37 15 26 23
10 38 53 35 8
10 39 94 72 35
10 40 13 98 38
10 41 6 17 81
10 42 45 33 39
10 43 94 59 31
10 44 96 61 61
10 45 28 92 26
10 46 11 9 59
10 47 32 96 30
10 48 59 60 65
10 49 48 37 30
11 12 58 72 51
11 13 87 33 51
11 14 85 51 46
11 15 24 60 65
11 16 65 8 12
11 17 24 84 61
11 18 14 10 50
11 19 99 31 30
11 20 40 61 94
11 21 23 57 52
11 22 41 88 95
11 23 62 31 46
11 24 56 56 55
11 25 20 22 16
11 26 0 96 73
11 27 88 37 85
11 28 18 10 21
11 29 94 56 89
11 30 29 32 33
11 31 57 91 41
11 32 73 50 69
11 33 49 7 24
11 34 81 3 6
11 35 68 24 49
11 36 49 91 19
11 37 33 67 17
11 38 51 49 79
11 39 48 40 16
11 40 77 75 47
11 41 50 82 33
11 42 75 74 26
11 43 29 96 64
11 44 73 34 14
11 45 94 9 74
11 46 55 89 80
11 47 88 40 13
11 48 50 61 51
11 49 73 45 45
12 13 31 42 60
12 14 93 26 77
12 15 6 84 75
12 16 35 44 31
12 17 87 10 41
12 18 81 70 73
12 19 56 50 14
12 20 22 38 72
12 21 3 87 84
12 22 19 30 28
12 23 93 20 29
12 24 66 58 31
12 25 81 21 23
12 26 32 42 18
12 27 64 68 65
12 28 11 73 95
12 29 99 38 56
12 30 50 85 67
12 31 18 59 71
12 32 64 70 80
12 33 21 35 91
12 34 75 27 29
12 35 35 9 18
12 36 20 10 86
12 37 33 64 93
12 38 69 92 91
12 39 68 68 51
12 40 31 13 50
12 41 25 42 79
12 42 94 72 26
12 43 33 78 20
12 44 52 13 72
12 45 75 88 59
12 46 97 49 57
12 47 10 36 40
12 48 98 76 51
12 49 11 37 78
13 14 5 93 88
13 15 36 94 87
13 16 21 67 49
13 17 61 41 16
13 18 46 6 25
13 19 12 75 98
13 20 2 43 72
13 21 99 45 20
13 22 81 11 25
13 23 87 86 80
13 24 60 15 78
13 25 29 9 61
13 26 92 11 13
13 27 15 9 47
13 28 51 36 55
13 29 77 7 37
13 30 64 16 10
13 31 38 76 72
13 32 76 59 65
13 33 98 71 82
13 34 69 84 13
13 35 93 88 64
13 36 16 22 92
13 37 53 74 23
13 38 1 17 37
13 39 24 50 63
13 40 89 13 22
13 41 49 37 28
13 42 71 90 70
13 43 81 12 47
13 44 34 12 81
13 45 25 9 63
13 46 20 18 11
13 47 28 26 13
13 48 4 76 23
13 49 97 72 53
14 15 63 23 36
14 16 23 21 56
14 17 93 58 59
14 18 19 20 78
14 19 59 10 13
14 20 53 76 85
14 21 78 7 60
14 22 14 56 19
14 23 15 60 75
14 24 46 28 68
14 25 5 63 93
14 26 0 13 81
14 27 70 65 15
14 28 69 61 73
14 29 5 69 70
14 30 82 46 7
14 31 40 20 63
14 32 53 81 60
14 33 31 23 19
14 34 35 31 44
14 35 1 58 96
14 36 45 23 72
14 37 47 88 28
14 38 13 49 59
14 39 33 39 90
14 40 0 66 98
14 41 42 19 87
14 42 61 49 68
14 43 50 63 87
14 44 78 23 63
14 45 64 25 40
14 46 39 28 33
14 47 47 11 23
14 48 68 74 3
14 49 0 24 79
15 16 52 47 93
15 17 40 59 23
15 18 37 26 95
15 19 92 48 22
15 20 66 35 55
15 21 28 67 77
15 22 90 16 70
15 23 62 38 61
15 24 84 19 42
15 25 57 29 54
15 26 95 71 21
15 27 73 83 70
15 28 35 52 93
15 29 56 62 28
15 30 57 19 51
15 31 74 63 64
15 32 47 20 68
15 33 20 10 91
15 34 45 87 34
15 35 76 91 9
15 36 45 72 14
15 37 51 73 52
15 38 90 54 63
15 39 58 56 14
15 40 2 60 74
15 41 48 71 80
15 42 31 65 49
15 43 10 12 45
15 44 96 20 39
15 45 93 85 57
15 46 67 59 48
15 47 69 19 13
15 48 31 20 38
15 49 73 20 64
16 17 79 5 12
16 18 3 31 37
16 19 79 70 28
16 20 52 18 91
16 21 45 69 54
16 22 71 11 71
16 23 18 59 32
16 24 91 12 48
16 25 11 83 66
16 26 7 55 39
16 27 94 9 61
16 28 89 56 63
16 29 75 70 2
16 30 96 39 57
16 31 18 30 32
16 32 78 75 77
16 33 96 4 40
16 34 24 61 36
16 35 59 60 42
16 36 24 95 18
16 37 22 27 70
16 38 1 40 68
16 39 99 47 27
16 40 17 55 25
16 41 40 12 47
16 42 0 60 42
16 43 88 9 5
16 44 20 34 47
16 45 71 14 28
16 46 13 28 68
16 47 19 65 64
16 48 35 44 50
16 49 42 59 13
17 18 10 67 97
17 19 42 28 5
17 20 91 3 67
17 21 26 49 19
17 22 30 86 69
17 23 79 12 52
17 24 59 74 76
17 25 52 12 71
17 26 82 11 65
17 27 24 56 26
17 28 79 25 50
17 29 87 89 30
17 30 6 33 60
17 31 5 34 46
17 32 92 50 23
17 33 52 26 38
17 34 9 15 98
17 35 93 61 50
17 36 70 32 74
17 37 47 16 55
17 38 92 8 20
17 39 31 74 43
17 40 76 21 70
17 41 56 92 69
17 42 6 35 19
17 43 99 89 81
17 44 9 24 86
17 45 21 65 50
17 46 45 6 45
17 47 49 19 72
17 48 13 58 11
17 49 88 9 58
18 19 61 6 8
18 20 65 53 38
18 21 16 21 33
18 22 83 45 51
18 23 53 78 40
18 24 56 82 30
18 25 1 72 42
18 26 26 87 77
18 27 0 97 86
18 28 37 35 48
18 29 46 18 23
18 30 90 40 47
18 31 54 48 22
18 32 30 41 77
18 33 77 53 83
18 34 83 62 68
18 35 41 31 16
18 36 1 36 85
18 37 45 65 78
18 38 94 81 84
18 39 38 93 21
18 40 73 13 71
18 41 24 43 81
18 42 95 15 82
18 43 35 74 37
18 44 13 49 17
18 45 94 12 83
18 46 40 59 19
18 47 73 38 44
18 48 84 12 57
18 49 58 46 74
19 20 36 59 59
19 21 98 21 32
19 22 35 91 38
19 23 60 18 39
19 24 74 43 55
19 25 34 53 43
19 26 60 29 59
19 27 60 77 25
19 28 90 16 47
19 29 94 31 55
19 30 52 89 88
19 31 6 11 37
19 32 13 60 76
19 33 38 38 64
19 34 80 82 15
19 35 81 51 47
19 36 33 69 64
19 37 27 63 70
19 38 62 54 90
19 39 63 44 41
19 40 39 47 59
19 41 78 21 53
19 42 60 84 28
19 43 8 88 31
19 44 16 14 20
19 45 78 86 8
19 46 5 80 33
19 47 76 26 10
19 48 59 50 6
19 49 50 59 86
20 21 71 13 15
20 22 49 79 61
20 23 51 74 75
20 24 1 76 45
20 25 28 59 73
20 26 10 11 57
20 27 76 70 75
20 28 23 52 71
20 29 26 90 29
20 30 42 67 64
20 31 58 31 71
20 32 86 31 54
20 33 41 61 56
20 34 86 39 43
20 35 58 28 6
20 36 96 9 79
20 37 10 95 24
20 38 43 73 58
20 39 68 14 42
20 40 87 59 16
20 41 34 15 49
20 42 75 88 52
20 43 67 47 54
20 44 66 70 11
20 45 66 93 82
20 46 11 28 68
20 47 21 10 78
20 48 98 60 58
20 49 43 93 58
21 22 8 63 41
21 23 2 48 84
21 24 90 3 21
21 25 26 38 21
21 26 86 65 49
21 27 73 18 51
21 28 82 55 62
21 29 48 23 54
21 30 25 63 96
21 31 78 18 17
21 32 31 89 44
21 33 90 10 38
21 34 88 4 65
21 35 28 29 59
21 36 59 18 63
21 37 65 13 16
21 38 43 21 34
21 39 81 84 79
21 40 0 60 29
21 41 54 43 44
21 42 30 62 30
21 43 56 45 7
21 44 78 22 49
21 45 90 56 84
21 46 96 29 77
21 47 91 87 15
21 48 3 40 69
21 49 78 2 54
22 23 92 2 49
22 24 0 70 48
22 25 20 12 40
22 26 60 7 72
22 27 58 88 11
22 28 20 23 27
22 29 82 37 73
22 30 29 96 50
22 31 12 64 36
22 32 51 11 56
22 33 37 18 92
22 34 54 21 78
22 35 17 87 90
22 36 35 79 65
22 37 64 55 70
22 38 54 54 12
22 39 26 89 53
22 40 75 26 80
22 41 11 88 12
22 42 58 76 23
22 43 93 44 78
22 44 51 55 52
22 45 93 83 6
22 46 85 28 86
22 47 14 34 67
22 48 36 27 83
22 49 10 78 53
23 24 27 23 64
23 25 69 40 52
23 26 2 26 86
23 27 51 43 28
23 28 46 94 37
23 29 68 57 37
23 30 20 12 94
23 31 16 42 49
23 32 34 72 16
23 33 16 37 72
23 34 83 12 82
23 35 4 14 88
23 36 14 65 66
23 37 18 91 29
23 38 91 6 12
23 39 66 37 87
23 40 67 18 17
23 41 44 59 18
23 42 94 52 21
23 43 45 83 12
23 44 26 80 25
23 45 36 45 88
23 46 0 85 23
23 47 36 58 31
23 48 86 4 79
23 49 45 44 16
24 25 96 1 18
24 26 56 68 74
24 27 24 89 68
24 28 51 29 88
24 29 90 30 21
24 30 7 53 33
24 31 76 88 81
24 32 52 81 50
24 33 26 20 57
24 34 7 36 42
24 35 24 87 64
24 36 32 27 11
24 37 0 52 16
24 38 82 39 64
24 39 15 79 93
24 40 68 69 26
24 41 74 88 89
24 42 16 80 61
24 43 49 63 21
24 44 13 57 11
24 45 48 83 35
24 46 62 60 11
24 47 72 54 65
24 48 8 43 31
24 49 43 40 17
25 26 86 40 39
25 27 6 81 31
25 28 91 56 69
25 29 5 71 30
25 30 77 62 91
25 31 83 53 38
25 32 90 47 86
25 33 19 68 12
25 34 84 61 86
25 35 86 11 60
25 36 31 79 53
25 37 57 27 73
25 38 65 27 79
25 39 36 87 82
25 40 70 30 19
25 41 27 85 59
25 42 7 46 54
25 43 20 74 7
25 44 3 83 52
25 45 34 93 25
25 46 61 42 88
25 47 75 82 32
25 48 94 13 34
25 49 71 70 47
26 27 50 33 16
26 28 41 23 22
26 29 19 75 97
26 30 37 63 77
26 31 60 55 58
26 32 40 26 40
26 33 55 28 74
26 34 21 55 83
26 35 69 77 63
26 36 63 67 81
26 37 0 17 17
26 38 6 93 75
26 39 9 14 58
26 40 44 69 23
26 41 11 25 36
26 42 97 87 31
26 43 67 85 22
26 44 65 42 56
26 45 60 64 40
26 46 44 6 30
26 47 57 77 83
26 48 1 62 29
26 49 48 6 42
27 28 55 83 27
27 29 93 40 10
27 30 29 19 79
27 31 15 80 51
27 32 35 61 86
27 33 79 66 32
27 34 59 62 49
27 35 78 33 22
27 36 9 66 33
27 37 88 59 80
27 38 35 25 35
27 39 36 34 44
27 40 70 69 15
27 41 48 94 20
27 42 54 88 17
27 43 31 82 42
27 44 45 48 25
27 45 39 92 42
27 46 7 28 75
27 47 28 41 15
27 48 91 77 16
27 49 41 34 83
28 29 56 80 75
28 30 26 96 87
28 31 17 64 89
28 32 71 85 61
28 33 65 54 19
28 34 77 80 86
28 35 45 31 37
28 36 99 58 72
28 37 6 93 94
28 38 68 90 3
28 39 24 91 77
28 40 51 64 62
28 41 18 97 14
28 42 27 39 26
28 43 90 78 3
28 44 63 4 4
28 45 97 52 36
28 46 71 62 20
28 47 61 62 85
28 48 17 34 32
28 49 98 49 51
29 30 3 27 13
29 31 60 81 11
29 32 91 37 22
29 33 77 81 25
29 34 57 33 16
29 35 80 42 78
29 36 24 54 9
29 37 96 2 35
29 38 77 79 8
29 39 24 85 16
29 40 21 50 27
29 41 78 72 34
29 42 25 43 95
29 43 16 72 97
29 44 64 74 85
29 45 45 25 23
29 46 34 59 95
29 47 74 63 50
29 48 61 41 9
29 49 14 60 49
30 31 11 97 79
30 32 80 39 31
30 33 77 13 51
30 34 73 35 91
30 35 33 76 75
30 36 40 74 60
30 37 61 30 65
30 38 98 68 11
30 39 87 26 85
30 40 53 74 69
30 41 54 43 78
30 42 66 35 50
30 43 49 18 32
30 44 7 18 52
30 45 53 5 53
30 46 85 66 60
30 47 88 25 43
30 48 9 78 15
30 49 58 19 84
31 32 4 84 97
31 33 71 28 32
31 34 50 88 6
31 35 16 95 14
31 36 97 70 40
31 37 41 94 68
31 38 75 81 89
31 39 71 34 85
31 40 64 30 75
31 41 36 71 39
31 42 31 96 87
31 43 9 94 70
31 44 29 30 63
31 45 41 68 10
31 46 24 77 90
31 47 14 75 39
31 48 76 73 12
31 49 37 48 9
32 33 41 84 79
32 34 99 63 44
32 35 30 35 64
32 36 21 65 79
32 37 57 72 38
32 38 28 48 88
32 39 0 72 25
32 40 2 11 61
32 41 96 80 18
32 42 4 81 65
32 43 20 85 50
32 44 96 19 61
32 45 39 56 87
32 46 77 22 36
32 47 69 92 49
32 48 58 23 11
32 49 82 80 41
33 34 79 42 22
33 35 46 77 75
33 36 40 33 47
33 37 62 13 43
33 38 80 75 29
33 39 46 85 16
33 40 89 57 63
33 41 80 39 49
33 42 74 65 82
33 43 49 68 33
33 44 52 75 28
33 45 95 75 8
33 46 41 88 22
33 47 23 48 12
33 48 13 21 41
33 49 47 49 64
34 35 38 32 26
34 36 87 54 74
34 37 0 66 26
34 38 88 50 67
34 39 99 73 74
34 40 90 77 42
34 41 2 76 66
34 42 3 62 92
34 43 81 83 49
34 44 42 56 92
34 45 61 46 59
34 46 71 29 51
34 47 47 68 90
34 48 68 56 56
34 49 4 72 87
35 36 45 18 14
35 37 63 33 68
35 38 55 76 12
35 39 69 60 65
35 40 14 37 82
35 41 54 63 39
35 42 5 77 98
35 43 30 43 55
35 44 64 27 41
35 45 28 25 54
35 46 96 8 43
35 47 46 69 13
35 48 66 38 74
35 49 20 96 48
36 37 4 41 41
36 38 44 40 66
36 39 26 49 66
36 40 11 45 69
36 41 0 47 72
36 42 74 85 10
36 43 96 6 58
36 44 15 49 86
36 45 44 17 17
36 46 4 67 62
36 47 63 66 27
36 48 76 87 59
36 49 73 49 85
37 38 31 76 57
37 39 27 17 35
37 40 51 94 62
37 41 16 29 64
37 42 99 9 2
37 43 5 77 44
37 44 36 6 87
37 45 12 24 62
37 46 0 44 45
37 47 51 79 17
37 48 90 44 4
37 49 96 20 8
38 39 78 57 81
38 40 1 97 19
38 41 12 63 83
38 42 42 87 9
38 43 53 92 80
38 44 87 65 47
38 45 25 13 8
38 46 62 88 55
38 47 67 11 50
38 48 47 92 68
38 49 84 64 63
39 40 8 12 58
39 41 93 32 34
39 42 28 19 96
39 43 87 76 79
39 44 73 49 68
39 45 45 38 63
39 46 65 5 28
39 47 4 45 68
39 48 44 84 14
39 49 74 17 81
40 41 39 91 87
40 42 35 65 85
40 43 61 18 9
40 44 12 36 9
40 45 69 75 5
40 46 42 6 23
40 47 73 81 89
40 48 58 86 77
40 49 57 7 44
41 42 78 14 78
41 43 69 69 61
41 44 41 29 13
41 45 7 40 89
41 46 23 17 67
41 47 41 88 10
41 48 94 33 58
41 49 97 39 14
42 43 41 32 38
42 44 24 34 88
42 45 19 43 15
42 46 54 28 82
42 47 36 12 51
42 48 13 70 56
42 49 4 13 28
43 44 18 77 64
43 45 33 50 85
43 46 87 39 23
43 47 88 83 30
43 48 83 89 40
43 49 1 91 86
44 45 38 69 19
44 46 66 26 85
44 47 25 94 11
44 48 43 22 52
44 49 98 85 58
45 46 3 29 14
45 47 26 97 60
45 48 69 28 49
45 49 26 79 14
46 47 50 56 9
46 48 17 53 55
46 49 30 52 7
47 48 89 56 82
47 49 39 44 15
48 49 17 43 66
