50
0 1 83 24 21
0 2 46 48 65
0 3 6 73 68
0 4 69 38 30
0 5 89 31 9
0 6 68 43 36
0 7 60 56 49
0 8 29 66 63
0 9 4 79 68
0 10 98 13 8
0 11 52 51 36
0 12 6 86 89
0 13 41 52 68
0 14 66 37 41
0 15 6 93 87
0 16 71 44 40
0 17 11 71 70
0 18 13 79 88
0 19 85 10 19
0 20 77 30 22
0 21 24 74 68
0 22 89 26 31
0 23 59 42 28
0 24 50 55 39
0 25 23 59 58
0 26 97 10 5
0 27 0 75 89
0 28 68 35 50
0 29 77 39 38
0 30 55 55 45
0 31 29 53 59
0 32 42 50 68
0 33 6 78 85
0 34 48 61 55
0 35 62 28 43
0 36 36 66 49
0 37 56 33 42
0 38 15 75 82
0 39 0 78 81
0 40 76 39 27
0 41 88 32 27
0 42 80 27 29
0 43 71 29 32
0 44 57 57 42
0 45 41 45 68
0 46 89 15 23
0 47 72 31 35
0 48 49 47 43
0 49 26 70 54
1 2 41 48 69
1 3 65 47 31
1 4 39 59 67
1 5 22 68 83
1 6 11 75 69
1 7 54 35 43
1 8 53 42 55
1 9 26 63 66
1 10 70 31 33
1 11 94 8 25
1 12 63 34 46
1 13 86 38 22
1 14 12 70 78
1 15 88 10 32
1 16 86 11 33
1 17 92 9 19
1 18 17 75 87
1 19 55 50 46
1 20 39 59 59
1 21 32 76 73
1 22 53 55 49
1 23 12 72 62
1 24 28 67 56
1 25 13 75 68
1 26 5 79 89
1 27 28 68 54
1 28 95 29 20
1 29 89 28 28
1 30 31 57 50
1 31 96 4 2
1 32 35 72 56
1 33 37 46 58
1 34 49 38 50
1 35 87 14 20
1 36 0 94 83
1 37 47 42 56
1 38 63 34 38
1 39 62 55 47
1 40 94 33 20
1 41 0 80 71
1 42 52 54 47
1 43 48 44 36
1 44 73 24 36
1 45 79 29 26
1 46 44 54 47
1 47 23 54 67
1 48 82 37 30
1 49 70 48 48
2 3 81 18 14
2 4 83 16 11
2 5 83 36 15
2 6 7 76 69
2 7 24 78 66
2 8 92 33 31
2 9 75 23 31
2 10 49 54 51
2 11 25 72 81
2 12 12 75 77
2 13 75 46 25
2 14 4 80 84
2 15 82 16 28
2 16 77 35 31
2 17 37 59 61
2 18 1 80 80
2 19 29 53 59
2 20 20 60 73
2 21 85 11 17
2 22 94 24 25
2 23 43 65 48
2 24 94 22 28
2 25 45 45 42
2 26 80 42 18
2 27 13 88 61
2 28 30 68 60
2 29 75 19 41
2 30 17 70 81
2 31 80 27 27
2 32 75 25 23
2 33 16 58 85
2 34 93 8 5
2 35 94 20 11
2 36 71 48 40
2 37 51 52 63
2 38 33 62 62
2 39 67 24 23
2 40 69 39 48
2 41 20 84 73
2 42 38 57 71
2 43 41 47 49
2 44 54 35 59
2 45 79 17 43
2 46 74 40 20
2 47 35 57 53
2 48 37 65 45
2 49 34 49 68
3 4 14 82 73
3 5 32 56 67
3 6 28 54 52
3 7 53 48 53
3 8 48 65 59
3 9 90 15 18
3 10 91 10 31
3 11 74 27 46
3 12 72 22 36
3 13 58 48 55
3 14 69 23 35
3 15 42 50 58
3 16 56 45 42
3 17 70 21 34
3 18 81 35 24
3 19 65 42 50
3 20 95 5 12
3 21 88 37 24
3 22 17 60 73
3 23 98 16 30
3 24 9 65 73
3 25 5 87 83
3 26 16 60 74
3 27 22 73 67
3 28 36 73 51
3 29 95 11 19
3 30 45 65 43
3 31 9 91 87
3 32 5 93 70
3 33 88 14 27
3 34 69 25 25
3 35 22 82 77
3 36 95 27 11
3 37 26 77 72
3 38 31 62 64
3 39 73 29 36
3 40 58 55 34
3 41 47 48 48
3 42 74 28 31
3 43 72 20 23
3 44 30 77 50
3 45 4 68 88
3 46 13 69 77
3 47 3 72 93
3 48 84 26 20
3 49 12 61 81
4 5 71 33 45
4 6 95 6 33
4 7 20 57 57
4 8 4 85 95
4 9 0 71 95
4 10 20 61 67
4 11 91 29 12
4 12 30 60 75
4 13 21 82 83
4 14 72 42 46
4 15 45 46 53
4 16 11 73 66
4 17 44 44 62
4 18 13 67 82
4 19 35 48 70
4 20 68 24 23
4 21 68 23 37
4 22 95 9 4
4 23 28 73 75
4 24 13 90 80
4 25 44 67 50
4 26 62 39 39
4 27 2 70 86
4 28 90 27 22
4 29 31 52 72
4 30 32 71 51
4 31 2 72 98
4 32 92 6 20
4 33 2 80 83
4 34 39 70 53
4 35 94 18 33
4 36 66 52 34
4 37 63 41 44
4 38 3 68 87
4 39 93 25 32
4 40 40 65 61
4 41 87 30 36
4 42 41 68 42
4 43 8 82 73
4 44 53 37 46
4 45 98 16 9
4 46 84 40 27
4 47 27 60 68
4 48 18 60 64
4 49 68 28 33
5 6 91 27 7
5 7 49 54 36
5 8 70 46 23
5 9 79 31 19
5 10 35 47 55
5 11 31 57 51
5 12 59 46 48
5 13 8 66 79
5 14 80 23 39
5 15 17 82 65
5 16 31 73 50
5 17 2 93 87
5 18 41 56 70
5 19 36 52 59
5 20 48 50 59
5 21 74 45 37
5 22 31 62 75
5 23 84 22 32
5 24 52 41 40
5 25 43 57 56
5 26 26 62 69
5 27 77 26 37
5 28 62 43 41
5 29 99 13 29
5 30 53 60 52
5 31 45 49 58
5 32 41 67 51
5 33 98 10 16
5 34 82 26 19
5 35 5 81 77
5 36 1 83 73
5 37 33 63 63
5 38 43 53 45
5 39 35 59 53
5 40 10 72 69
5 41 86 32 19
5 42 77 45 43
5 43 65 35 49
5 44 32 51 67
5 45 31 70 69
5 46 95 18 27
5 47 53 35 46
5 48 12 62 85
5 49 80 17 21
6 7 43 44 43
6 8 4 73 93
6 9 97 20 4
6 10 86 38 15
6 11 98 9 29
6 12 5 71 69
6 13 19 73 76
6 14 90 9 14
6 15 59 43 37
6 16 82 41 21
6 17 48 48 61
6 18 7 73 91
6 19 22 54 81
6 20 32 73 72
6 21 27 64 74
6 22 46 47 65
6 23 69 46 25
6 24 33 50 71
6 25 47 61 45
6 26 45 62 66
6 27 34 70 48
6 28 21 83 65
6 29 79 31 30
6 30 88 23 14
6 31 69 44 28
6 32 93 24 4
6 33 22 61 74
6 34 28 60 56
6 35 56 57 52
6 36 88 26 20
6 37 74 37 46
6 38 80 38 40
6 39 67 49 34
6 40 15 70 84
6 41 87 14 34
6 42 5 77 74
6 43 43 55 58
6 44 94 26 28
6 45 35 75 67
6 46 19 58 82
6 47 55 56 46
6 48 38 49 65
6 49 3 89 94
7 8 76 36 41
7 9 92 34 9
7 10 38 57 66
7 11 74 19 33
7 12 92 16 13
7 13 77 22 39
7 14 33 52 65
7 15 26 80 59
7 16 68 45 50
7 17 11 65 90
7 18 76 42 37
7 19 22 54 70
7 20 58 42 32
7 21 38 62 48
7 22 74 29 43
7 23 12 79 83
7 24 7 85 89
7 25 83 34 14
7 26 58 29 53
7 27 70 36 30
7 28 74 27 33
7 29 8 85 93
7 30 89 13 24
7 31 24 70 81
7 32 3 87 82
7 33 92 18 9
7 34 45 46 64
7 35 47 38 53
7 36 81 35 29
7 37 64 36 33
7 38 14 63 61
7 39 74 41 38
7 40 27 63 66
7 41 90 21 23
7 42 16 58 58
7 43 7 70 82
7 44 0 85 98
7 45 91 25 25
7 46 70 44 43
7 47 66 48 30
7 48 82 29 19
7 49 7 91 81
8 9 95 26 24
8 10 50 63 43
8 11 19 74 65
8 12 68 34 35
8 13 68 51 52
8 14 43 67 63
8 15 0 80 81
8 16 67 36 51
8 17 51 42 40
8 18 80 14 17
8 19 5 66 87
8 20 95 13 27
8 21 85 12 31
8 22 4 74 87
8 23 45 54 58
8 24 64 51 30
8 25 53 43 38
8 26 68 37 40
8 27 70 34 21
8 28 49 39 39
8 29 6 86 85
8 30 77 29 37
8 31 69 35 27
8 32 70 35 45
8 33 28 72 64
8 34 41 47 69
8 35 35 65 54
8 36 73 36 32
8 37 61 44 35
8 38 71 36 32
8 39 71 43 28
8 40 62 37 30
8 41 11 90 82
8 42 29 77 64
8 43 97 9 4
8 44 94 21 10
8 45 31 71 76
8 46 99 7 27
8 47 26 60 54
8 48 75 32 46
8 49 6 79 91
9 10 85 33 32
9 11 17 68 68
9 12 22 81 68
9 13 62 35 38
9 14 20 60 64
9 15 65 39 25
9 16 81 33 37
9 17 91 6 15
9 18 25 69 70
9 19 20 67 81
9 20 42 47 55
9 21 92 14 27
9 22 24 66 71
9 23 71 22 23
9 24 18 69 71
9 25 36 70 57
9 26 45 67 55
9 27 96 30 30
9 28 38 47 60
9 29 87 34 37
9 30 47 39 48
9 31 84 13 16
9 32 92 10 34
9 33 73 46 35
9 34 70 46 27
9 35 90 11 35
9 36 57 33 56
9 37 0 96 72
9 38 39 44 48
9 39 82 21 21
9 40 54 52 58
9 41 87 23 11
9 42 91 6 28
9 43 69 24 29
9 44 59 40 56
9 45 78 20 15
9 46 99 10 0
9 47 10 75 65
9 48 95 32 28
9 49 48 44 50
10 11 91 6 16
10 12 80 37 27
10 13 53 35 35
10 14 79 28 30
10 15 86 26 36
10 16 85 30 33
10 17 41 49 60
10 18 70 31 44
10 19 32 77 72
10 20 79 39 16
10 21 78 41 22
10 22 55 58 46
10 23 38 54 68
10 24 55 34 58
10 25 40 65 60
10 26 30 66 63
10 27 3 71 92
10 28 27 59 70
10 29 46 61 48
10 30 29 75 63
10 31 57 42 30
10 32 37 60 51
10 33 15 77 79
10 34 90 32 25
10 35 4 70 74
10 36 5 69 82
10 37 77 21 40
10 38 53 46 59
10 39 55 40 57
10 40 80 14 29
10 41 18 59 75
10 42 33 58 74
10 43 33 57 72
10 44 89 22 24
10 45 87 9 19
10 46 67 38 27
10 47 4 77 92
10 48 55 35 50
10 49 62 39 42
11 12 88 31 34
11 13 70 31 37
11 14 61 44 28
11 15 83 16 17
11 16 40 68 63
11 17 6 89 70
11 18 67 30 53
11 19 26 54 75
11 20 87 10 36
11 21 81 35 27
11 22 6 70 81
11 23 12 63 77
11 24 51 46 58
11 25 17 64 85
11 26 14 75 61
11 27 82 38 32
11 28 78 34 33
11 29 30 61 68
11 30 23 79 78
11 31 31 76 55
11 32 73 39 34
11 33 27 51 79
11 34 29 59 68
11 35 51 36 34
11 36 15 83 69
11 37 27 78 65
11 38 41 55 66
11 39 9 82 76
11 40 13 89 62
11 41 24 78 59
11 42 73 26 35
11 43 73 29 20
11 44 28 76 77
11 45 40 69 49
11 46 1 72 81
11 47 64 42 44
11 48 71 26 27
11 49 68 34 44
12 13 95 26 10
12 14 34 46 72
12 15 37 66 55
12 16 72 40 36
12 17 76 35 20
12 18 75 42 46
12 19 18 75 80
12 20 75 41 36
12 21 38 66 54
12 22 76 31 39
12 23 16 72 78
12 24 83 32 27
12 25 34 74 66
12 26 44 60 53
12 27 74 34 38
12 28 34 60 57
12 29 52 45 34
12 30 53 49 33
12 31 24 58 55
12 32 1 82 73
12 33 17 75 65
12 34 54 54 61
12 35 77 38 20
12 36 44 55 60
12 37 6 70 80
12 38 48 41 48
12 39 30 58 62
12 40 83 15 17
12 41 68 26 34
12 42 35 70 63
12 43 6 78 76
12 44 9 64 90
12 45 6 70 72
12 46 72 27 25
12 47 7 91 75
12 48 88 9 14
12 49 16 75 68
13 14 33 53 60
13 15 39 58 68
13 16 56 45 48
13 17 63 36 27
13 18 60 28 30
13 19 51 43 63
13 20 73 37 36
13 21 34 52 71
13 22 25 74 66
13 23 63 42 44
13 24 3 74 81
13 25 37 70 60
13 26 73 32 21
13 27 25 74 79
13 28 18 60 67
13 29 82 24 30
13 30 46 63 52
13 31 85 17 21
13 32 60 31 36
13 33 50 61 39
13 34 59 54 55
13 35 0 83 87
13 36 28 61 74
13 37 23 67 77
13 38 28 79 65
13 39 37 73 51
13 40 62 50 38
13 41 43 59 46
13 42 54 49 60
13 43 85 13 35
13 44 34 59 64
13 45 7 90 66
13 46 20 61 55
13 47 72 28 22
13 48 86 33 30
13 49 45 59 40
14 15 11 78 90
14 16 32 70 66
14 17 38 44 59
14 18 90 27 33
14 19 17 78 74
14 20 77 31 24
14 21 91 21 14
14 22 90 10 15
14 23 99 25 3
14 24 76 23 30
14 25 30 61 65
14 26 33 56 52
14 27 77 17 35
14 28 33 71 59
14 29 4 82 67
14 30 82 39 36
14 31 84 40 31
14 32 4 93 70
14 33 42 56 69
14 34 35 70 70
14 35 83 15 37
14 36 67 34 37
14 37 81 37 22
14 38 0 74 81
14 39 42 60 47
14 40 27 68 53
14 41 84 13 35
14 42 60 47 53
14 43 29 49 58
14 44 30 60 75
14 45 36 59 72
14 46 53 57 33
14 47 51 59 50
14 48 30 68 75
14 49 2 89 95
15 16 78 41 34
15 17 56 55 44
15 18 56 45 33
15 19 92 14 17
15 20 45 54 60
15 21 89 16 34
15 22 23 66 67
15 23 42 49 52
15 24 45 48 39
15 25 9 89 78
15 26 85 11 35
15 27 45 45 55
15 28 34 64 62
15 29 31 52 63
15 30 88 12 32
15 31 64 40 29
15 32 5 90 83
15 33 32 61 66
15 34 21 64 60
15 35 51 40 41
15 36 59 33 39
15 37 33 70 66
15 38 26 73 59
15 39 66 24 39
15 40 18 75 66
15 41 92 18 15
15 42 66 45 44
15 43 73 28 34
15 44 61 49 48
15 45 90 11 28
15 46 71 40 26
15 47 79 19 35
15 48 99 8 30
15 49 86 34 17
16 17 69 36 23
16 18 45 42 66
16 19 17 60 60
16 20 41 66 50
16 21 8 93 71
16 22 92 30 11
16 23 13 69 69
16 24 33 69 51
16 25 37 50 46
16 26 35 57 49
16 27 49 62 40
16 28 29 66 78
16 29 73 36 29
16 30 60 29 49
16 31 57 34 55
16 32 46 58 44
16 33 8 68 70
16 34 37 44 60
16 35 86 20 18
16 36 48 64 62
16 37 37 62 57
16 38 99 23 17
16 39 8 75 84
16 40 81 20 18
16 41 60 29 52
16 42 24 72 77
16 43 11 68 68
16 44 62 42 30
16 45 24 70 68
16 46 49 48 51
16 47 76 21 25
16 48 34 71 60
16 49 41 48 53
17 18 7 71 91
17 19 29 65 50
17 20 2 79 97
17 21 28 56 56
17 22 94 25 3
17 23 43 42 56
17 24 96 28 14
17 25 49 41 54
17 26 51 52 59
17 27 18 81 57
17 28 20 66 65
17 29 30 56 63
17 30 56 46 54
17 31 20 64 65
17 32 64 27 41
17 33 56 43 33
17 34 9 84 78
17 35 78 28 17
17 36 13 88 76
17 37 40 69 59
17 38 16 65 77
17 39 58 38 32
17 40 15 77 77
17 41 28 78 55
17 42 70 42 46
17 43 52 49 37
17 44 26 68 57
17 45 45 55 52
17 46 97 29 25
17 47 2 97 69
17 48 56 39 48
17 49 14 72 88
18 19 88 16 19
18 20 3 73 77
18 21 66 43 32
18 22 88 10 30
18 23 74 31 27
18 24 27 52 73
18 25 78 29 35
18 26 29 51 71
18 27 16 83 74
18 28 2 92 80
18 29 5 89 93
18 30 93 17 7
18 31 68 38 24
18 32 48 49 65
18 33 58 51 58
18 34 61 46 40
18 35 49 61 56
18 36 56 32 57
18 37 68 30 38
18 38 23 70 58
18 39 9 80 80
18 40 7 85 86
18 41 56 34 59
18 42 14 89 84
18 43 72 49 41
18 44 12 88 87
18 45 45 62 38
18 46 82 30 28
18 47 67 23 35
18 48 87 24 16
18 49 64 42 49
19 20 69 36 37
19 21 72 40 25
19 22 38 54 64
19 23 25 63 57
19 24 42 58 68
19 25 74 27 44
19 26 2 75 81
19 27 55 48 48
19 28 65 33 25
19 29 80 24 23
19 30 91 26 35
19 31 21 70 57
19 32 82 33 36
19 33 56 38 32
19 34 57 41 47
19 35 12 71 88
19 36 60 47 49
19 37 29 68 52
19 38 10 84 69
19 39 7 73 68
19 40 28 66 64
19 41 29 53 78
19 42 57 41 47
19 43 61 46 50
19 44 12 65 84
19 45 30 53 65
19 46 42 58 62
19 47 19 72 64
19 48 0 93 77
19 49 77 21 41
20 21 18 60 60
20 22 29 69 49
20 23 47 52 65
20 24 51 59 36
20 25 14 69 62
20 26 76 21 41
20 27 39 71 49
20 28 67 49 32
20 29 76 42 28
20 30 63 40 54
20 31 83 34 30
20 32 31 51 67
20 33 46 65 59
20 34 39 71 55
20 35 30 54 52
20 36 78 29 30
20 37 94 26 6
20 38 79 18 18
20 39 5 79 87
20 40 56 52 52
20 41 58 37 31
20 42 17 80 60
20 43 57 38 35
20 44 24 73 75
20 45 8 70 64
20 46 1 89 80
20 47 84 25 30
20 48 88 26 12
20 49 2 70 84
21 22 46 52 42
21 23 54 36 46
21 24 71 22 25
21 25 0 74 87
21 26 97 26 11
21 27 33 66 72
21 28 48 57 43
21 29 8 72 81
21 30 46 56 43
21 31 92 27 15
21 32 65 36 26
21 33 56 44 58
21 34 78 22 16
21 35 97 31 18
21 36 15 64 75
21 37 20 76 71
21 38 63 49 30
21 39 46 48 57
21 40 9 89 86
21 41 65 50 52
21 42 88 34 19
21 43 85 34 30
21 44 68 47 26
21 45 34 62 55
21 46 43 64 50
21 47 20 58 63
21 48 74 36 27
21 49 53 46 56
22 23 47 57 48
22 24 11 62 74
22 25 34 48 73
22 26 13 85 78
22 27 12 77 79
22 28 48 59 52
22 29 14 74 70
22 30 21 81 83
22 31 94 10 27
22 32 37 70 44
22 33 0 93 76
22 34 82 19 24
22 35 61 38 40
22 36 47 63 50
22 37 69 45 36
22 38 16 58 82
22 39 87 11 22
22 40 36 69 69
22 41 84 21 24
22 42 38 44 45
22 43 97 15 14
22 44 6 69 69
22 45 40 66 62
22 46 75 42 25
22 47 40 70 62
22 48 1 97 80
22 49 73 34 40
23 24 22 73 56
23 25 94 7 9
23 26 15 77 86
23 27 62 39 54
23 28 45 38 60
23 29 19 77 58
23 30 90 32 14
23 31 58 56 54
23 32 44 52 48
23 33 91 11 9
23 34 52 43 60
23 35 83 12 12
23 36 79 36 24
23 37 96 11 24
23 38 9 92 91
23 39 32 64 60
23 40 91 12 6
23 41 39 66 52
23 42 58 36 34
23 43 77 20 18
23 44 18 73 78
23 45 99 23 8
23 46 66 51 43
23 47 80 34 43
23 48 73 32 32
23 49 69 34 38
24 25 97 10 28
24 26 82 23 30
24 27 66 42 34
24 28 56 31 56
24 29 86 35 37
24 30 84 39 26
24 31 2 73 83
24 32 42 57 46
24 33 32 52 48
24 34 91 17 19
24 35 96 29 26
24 36 70 39 27
24 37 30 56 63
24 38 49 46 51
24 39 88 29 15
24 40 27 75 69
24 41 79 14 31
24 42 59 32 57
24 43 27 73 63
24 44 54 54 33
24 45 57 56 48
24 46 33 51 50
24 47 93 22 13
24 48 36 70 64
24 49 60 35 40
25 26 60 48 49
25 27 24 70 77
25 28 39 43 63
25 29 66 35 25
25 30 62 46 36
25 31 71 45 36
25 32 83 37 40
25 33 21 60 62
25 34 29 50 51
25 35 30 76 52
25 36 73 48 26
25 37 26 72 66
25 38 48 38 51
25 39 76 23 43
25 40 2 92 69
25 41 44 41 42
25 42 52 34 46
25 43 37 72 48
25 44 97 8 24
25 45 54 60 61
25 46 74 42 47
25 47 56 48 46
25 48 97 18 11
25 49 23 67 67
26 27 79 24 14
26 28 82 18 13
26 29 53 62 60
26 30 95 8 19
26 31 71 20 34
26 32 34 64 64
26 33 30 57 56
26 34 39 62 54
26 35 27 76 76
26 36 53 53 53
26 37 54 54 35
26 38 54 35 41
26 39 1 76 73
26 40 6 77 68
26 41 39 53 42
26 42 94 16 30
26 43 51 38 41
26 44 39 52 51
26 45 68 29 46
26 46 25 60 78
26 47 20 77 56
26 48 37 50 70
26 49 38 47 57
27 28 22 79 59
27 29 8 67 86
27 30 38 46 53
27 31 50 51 42
27 32 7 65 66
27 33 72 47 32
27 34 95 9 14
27 35 18 63 76
27 36 7 82 82
27 37 45 56 58
27 38 66 29 43
27 39 46 58 64
27 40 46 59 66
27 41 76 41 28
27 42 92 11 15
27 43 70 25 33
27 44 95 30 16
27 45 11 83 82
27 46 19 81 85
27 47 57 42 56
27 48 38 55 61
27 49 43 65 62
28 29 86 25 33
28 30 20 61 67
28 31 3 85 75
28 32 18 85 65
28 33 66 29 48
28 34 78 35 25
28 35 84 31 26
28 36 98 3 27
28 37 10 86 83
28 38 5 90 67
28 39 8 88 86
28 40 32 51 47
28 41 6 74 73
28 42 41 63 56
28 43 28 53 75
28 44 10 80 90
28 45 4 89 88
28 46 96 30 7
28 47 87 21 26
28 48 59 34 57
28 49 68 32 32
29 30 95 21 14
29 31 6 81 67
29 32 54 33 43
29 33 53 32 55
29 34 19 67 77
29 35 13 88 90
29 36 12 69 83
29 37 73 43 19
29 38 49 42 38
29 39 73 36 24
29 40 72 48 45
29 41 34 64 53
29 42 20 58 80
29 43 30 63 59
29 44 96 8 5
29 45 41 45 42
29 46 32 75 58
29 47 60 38 31
29 48 78 31 41
29 49 72 36 47
30 31 39 52 59
30 32 12 81 61
30 33 29 60 58
30 34 50 35 59
30 35 73 22 36
30 36 45 55 48
30 37 99 15 15
30 38 17 79 76
30 39 39 50 71
30 40 82 38 41
30 41 35 68 65
30 42 76 17 33
30 43 20 72 67
30 44 17 82 86
30 45 90 10 11
30 46 74 45 18
30 47 80 21 15
30 48 86 30 25
30 49 54 33 43
31 32 10 86 70
31 33 49 43 35
31 34 12 74 69
31 35 11 81 78
31 36 22 73 72
31 37 28 68 51
31 38 41 67 55
31 39 24 78 78
31 40 65 49 27
31 41 20 62 78
31 42 66 38 44
31 43 26 58 60
31 44 46 41 65
31 45 75 37 35
31 46 8 79 65
31 47 79 41 37
31 48 36 64 45
31 49 69 34 34
32 33 55 45 60
32 34 91 27 27
32 35 64 48 42
32 36 44 56 65
32 37 73 45 33
32 38 71 44 35
32 39 77 19 41
32 40 73 22 33
32 41 17 67 80
32 42 54 61 40
32 43 74 31 25
32 44 6 76 81
32 45 25 74 62
32 46 21 69 84
32 47 0 96 96
32 48 27 50 55
32 49 42 57 47
33 34 62 52 37
33 35 86 13 26
33 36 2 69 74
33 37 82 17 20
33 38 48 56 52
33 39 98 14 22
33 40 60 56 51
33 41 19 60 61
33 42 83 29 26
33 43 76 30 33
33 44 47 51 46
33 45 14 79 88
33 46 67 29 34
33 47 18 65 83
33 48 6 69 73
33 49 72 49 27
34 35 13 81 76
34 36 76 44 23
34 37 74 27 28
34 38 60 44 36
34 39 87 21 29
34 40 57 51 43
34 41 93 14 6
34 42 41 53 58
34 43 73 46 28
34 44 17 59 84
34 45 28 78 76
34 46 28 66 73
34 47 17 68 87
34 48 12 77 79
34 49 19 68 69
35 36 55 59 53
35 37 67 26 35
35 38 47 53 43
35 39 67 33 41
35 40 24 65 73
35 41 40 62 64
35 42 55 34 37
35 43 27 61 55
35 44 43 62 54
35 45 13 86 78
35 46 0 87 98
35 47 56 39 48
35 48 96 23 3
35 49 97 15 31
36 37 79 35 24
36 38 42 62 41
36 39 67 44 31
36 40 42 55 61
36 41 22 82 77
36 42 86 16 37
36 43 47 42 49
36 44 86 15 31
36 45 44 43 39
36 46 8 84 75
36 47 79 29 43
36 48 53 40 55
36 49 36 54 52
37 38 40 45 59
37 39 24 71 62
37 40 21 59 71
37 41 93 26 21
37 42 35 70 68
37 43 21 69 72
37 44 45 52 39
37 45 20 75 64
37 46 70 29 31
37 47 52 37 52
37 48 81 15 30
37 49 31 56 65
38 39 58 42 44
38 40 4 89 86
38 41 86 38 16
38 42 24 80 56
38 43 20 69 74
38 44 25 52 77
38 45 19 79 59
38 46 52 57 36
38 47 86 11 26
38 48 35 74 59
38 49 70 47 28
39 40 6 92 70
39 41 44 67 61
39 42 75 46 25
39 43 68 42 37
39 44 48 49 52
39 45 13 67 61
39 46 1 69 83
39 47 67 33 40
39 48 82 17 16
39 49 13 89 89
40 41 98 28 10
40 42 93 11 16
40 43 45 55 48
40 44 17 80 83
40 45 69 37 36
40 46 79 36 43
40 47 40 42 44
40 48 32 61 52
40 49 19 73 82
41 42 47 39 37
41 43 55 49 46
41 44 23 76 71
41 45 50 63 45
41 46 71 42 26
41 47 14 88 79
41 48 64 27 51
41 49 78 22 19
42 43 51 50 34
42 44 26 66 51
42 45 33 72 52
42 46 33 52 57
42 47 88 21 28
42 48 88 28 30
42 49 7 68 66
43 44 67 30 46
43 45 47 45 39
43 46 7 91 67
43 47 10 67 73
43 48 3 71 75
43 49 27 70 75
44 45 27 64 59
44 46 68 43 30
44 47 28 80 78
44 48 77 24 24
44 49 69 28 50
45 46 95 11 29
45 47 9 71 83
45 48 88 31 23
45 49 0 81 95
46 47 10 91 81
46 48 31 52 52
46 49 62 34 40
47 48 19 80 65
47 49 95 21 31
48 49 24 60 75
