50
0 1 12 62 77
0 2 51 72 56
0 3 53 72 36
0 4 77 37 39
0 5 24 34 88
0 6 22 40 28
0 7 86 39 70
0 8 46 37 55
0 9 59 15 18
0 10 26 64 25
0 11 27 75 60
0 12 40 81 79
0 13 69 60 20
0 14 37 56 63
0 15 21 91 35
0 16 76 17 14
0 17 58 33 40
0 18 53 36 64
0 19 11 69 88
0 20 91 5 11
0 21 20 62 70
0 22 76 16 73
0 23 52 44 54
0 24 33 77 25
0 25 10 30 75
0 26 65 57 54
0 27 9 45 29
0 28 82 11 55
0 29 72 59 42
0 30 58 65 15
0 31 34 79 78
0 32 10 28 44
0 33 21 67 31
0 34 18 33 61
0 35 15 54 39
0 36 19 30 43
0 37 71 71 54
0 38 48 43 50
0 39 67 25 56
0 40 32 25 50
0 41 92 68 65
0 42 49 50 15
0 43 44 49 67
0 44 34 88 48
0 45 97 64 41
0 46 15 50 92
0 47 42 47 52
0 48 95 46 32
0 49 29 60 33
1 2 57 60 39
1 3 53 32 46
1 4 61 79 64
1 5 85 54 16
1 6 45 66 83
1 7 56 59 34
1 8 97 32 6
1 9 31 68 46
1 10 43 78 42
1 11 27 35 49
1 12 24 51 25
1 13 9 27 29
1 14 38 61 27
1 15 4 41 82
1 16 88 5 31
1 17 21 43 36
1 18 65 74 71
1 19 75 42 54
1 20 95 10 15
1 21 48 63 28
1 22 93 20 13
1 23 67 65 12
1 24 22 24 78
1 25 73 60 61
1 26 83 63 69
1 27 26 59 50
1 28 70 36 59
1 29 85 20 5
1 30 46 76 26
1 31 29 73 24
1 32 3 84 57
1 33 44 60 30
1 34 43 45 66
1 35 62 55 78
1 36 22 79 55
1 37 29 65 55
1 38 16 82 41
1 39 85 56 65
1 40 7 28 56
1 41 37 77 55
1 42 60 70 18
1 43 76 40 32
1 44 8 58 95
1 45 63 50 21
1 46 87 30 53
1 47 41 63 82
1 48 35 28 23
1 49 56 34 19
2 3 67 79 59
2 4 92 38 18
2 5 72 17 15
2 6 15 59 44
2 7 87 43 68
2 8 3 86 91
2 9 44 68 82
2 10 93 25 52
2 11 85 26 61
2 12 16 59 67
2 13 47 51 27
2 14 86 69 41
2 15 65 51 32
2 16 7 36 61
2 17 17 34 30
2 18 35 74 22
2 19 76 75 58
2 20 62 51 51
2 21 21 55 68
2 22 47 62 80
2 23 38 56 86
2 24 92 60 66
2 25 55 24 50
2 26 16 35 39
2 27 85 13 7
2 28 0 52 87
2 29 21 59 28
2 30 98 24 9
2 31 15 60 35
2 32 5 92 73
2 33 44 80 32
2 34 70 78 25
2 35 63 55 24
2 36 11 91 72
2 37 59 65 61
2 38 23 72 43
2 39 72 41 19
2 40 59 17 36
2 41 37 32 85
2 42 20 78 64
2 43 86 12 47
2 44 16 27 35
2 45 33 62 24
2 46 89 41 18
2 47 42 25 78
2 48 67 62 34
2 49 66 78 28
3 4 19 55 52
3 5 80 58 69
3 6 36 81 77
3 7 35 81 86
3 8 53 43 49
3 9 44 47 48
3 10 61 22 71
3 11 85 44 58
3 12 98 19 28
3 13 13 64 51
3 14 2 66 81
3 15 9 55 61
3 16 29 76 76
3 17 28 59 49
3 18 65 77 52
3 19 13 49 54
3 20 59 69 31
3 21 14 62 95
3 22 6 92 41
3 23 39 37 66
3 24 64 73 55
3 25 0 45 98
3 26 73 35 63
3 27 66 32 75
3 28 33 37 39
3 29 11 48 63
3 30 76 49 15
3 31 49 33 18
3 32 42 23 57
3 33 41 77 53
3 34 57 18 38
3 35 28 85 82
3 36 88 71 3
3 37 70 24 21
3 38 45 66 60
3 39 59 27 31
3 40 61 27 13
3 41 81 44 54
3 42 85 68 17
3 43 81 33 16
3 44 85 49 42
3 45 55 20 54
3 46 25 58 50
3 47 96 3 44
3 48 33 28 29
3 49 38 45 41
4 5 90 32 64
4 6 26 78 88
4 7 78 19 37
4 8 84 65 70
4 9 98 63 45
4 10 53 57 74
4 11 59 53 17
4 12 94 57 39
4 13 48 64 44
4 14 50 83 23
4 15 82 70 73
4 16 13 57 28
4 17 83 19 66
4 18 41 25 71
4 19 86 70 17
4 20 5 83 28
4 21 33 62 71
4 22 17 37 84
4 23 56 72 43
4 24 45 47 71
4 25 64 43 58
4 26 69 39 65
4 27 12 45 89
4 28 92 41 64
4 29 84 70 30
4 30 1 93 56
4 31 38 41 43
4 32 71 74 58
4 33 48 48 60
4 34 84 12 54
4 35 55 68 61
4 36 83 26 59
4 37 61 35 63
4 38 62 24 28
4 39 5 79 95
4 40 75 14 10
4 41 22 32 76
4 42 9 95 52
4 43 52 59 47
4 44 78 66 7
4 45 23 24 38
4 46 89 20 3
4 47 41 49 27
4 48 60 58 22
4 49 59 19 80
5 6 84 24 43
5 7 40 72 35
5 8 13 93 93
5 9 92 7 29
5 10 55 32 54
5 11 16 50 73
5 12 21 56 71
5 13 17 65 74
5 14 64 22 27
5 15 61 67 28
5 16 81 44 72
5 17 27 42 42
5 18 78 48 27
5 19 55 63 75
5 20 84 62 6
5 21 17 75 81
5 22 94 58 6
5 23 54 38 79
5 24 67 22 24
5 25 2 43 59
5 26 36 37 25
5 27 41 18 85
5 28 56 29 17
5 29 37 46 29
5 30 7 77 55
5 31 0 43 58
5 32 74 60 77
5 33 33 49 37
5 34 11 72 63
5 35 18 88 35
5 36 50 49 44
5 37 20 90 40
5 38 9 79 34
5 39 48 65 58
5 40 93 40 22
5 41 15 75 88
5 42 11 52 75
5 43 42 64 57
5 44 87 63 37
5 45 48 84 32
5 46 18 69 56
5 47 69 61 30
5 48 31 24 68
5 49 28 81 67
6 7 85 13 7
6 8 76 68 75
6 9 28 29 50
6 10 86 60 53
6 11 0 87 55
6 12 4 53 91
6 13 61 35 40
6 14 21 50 87
6 15 16 85 89
6 16 91 41 30
6 17 50 80 64
6 18 16 80 94
6 19 40 73 67
6 20 77 23 9
6 21 36 60 50
6 22 2 32 45
6 23 11 64 33
6 24 49 50 71
6 25 98 11 43
6 26 9 67 74
6 27 8 80 66
6 28 61 51 31
6 29 68 42 67
6 30 85 10 27
6 31 43 81 36
6 32 5 90 93
6 33 13 91 81
6 34 96 5 8
6 35 29 41 36
6 36 6 91 60
6 37 15 27 75
6 38 36 30 63
6 39 51 69 17
6 40 13 55 76
6 41 94 44 59
6 42 77 11 52
6 43 95 14 61
6 44 6 35 77
6 45 4 88 42
6 46 62 79 20
6 47 40 51 56
6 48 70 25 44
6 49 84 65 24
7 8 46 74 41
7 9 10 79 93
7 10 12 38 68
7 11 38 87 48
7 12 6 82 87
7 13 56 56 16
7 14 65 60 46
7 15 70 54 52
7 16 21 34 43
7 17 90 70 61
7 18 7 90 44
7 19 50 83 67
7 20 86 29 64
7 21 29 49 47
7 22 43 31 75
7 23 2 32 95
7 24 59 18 70
7 25 33 84 32
7 26 35 52 70
7 27 77 58 60
7 28 72 55 60
7 29 2 45 54
7 30 41 63 85
7 31 97 65 66
7 32 49 51 78
7 33 50 23 40
7 34 26 34 57
7 35 15 72 80
7 36 63 50 57
7 37 6 31 89
7 38 77 74 74
7 39 76 50 31
7 40 51 48 63
7 41 4 64 64
7 42 60 50 81
7 43 44 19 26
7 44 66 40 12
7 45 7 71 94
7 46 55 24 47
7 47 6 51 62
7 48 34 55 39
7 49 1 56 55
8 9 93 23 29
8 10 32 34 71
8 11 48 40 25
8 12 30 67 66
8 13 33 89 70
8 14 41 65 63
8 15 61 14 24
8 16 11 88 29
8 17 21 57 70
8 18 74 62 26
8 19 87 54 66
8 20 90 31 5
8 21 50 66 19
8 22 12 68 69
8 23 10 46 83
8 24 79 25 74
8 25 90 24 41
8 26 15 73 79
8 27 29 70 46
8 28 29 28 83
8 29 4 94 89
8 30 51 27 27
8 31 59 16 54
8 32 96 18 52
8 33 3 74 49
8 34 57 59 38
8 35 11 91 30
8 36 60 40 30
8 37 80 29 69
8 38 55 15 82
8 39 39 74 34
8 40 3 73 86
8 41 53 46 66
8 42 96 36 27
8 43 48 53 29
8 44 89 46 23
8 45 19 76 91
8 46 2 71 71
8 47 86 15 47
8 48 16 68 61
8 49 49 16 33
9 10 56 18 58
9 11 25 76 85
9 12 46 73 53
9 13 82 7 57
9 14 17 73 30
9 15 41 34 70
9 16 97 1 61
9 17 29 81 27
9 18 53 69 14
9 19 68 26 27
9 20 0 70 71
9 21 1 60 58
9 22 62 41 57
9 23 88 24 12
9 24 21 56 47
9 25 2 75 60
9 26 81 9 73
9 27 9 35 80
9 28 94 36 20
9 29 32 42 34
9 30 11 34 35
9 31 8 54 88
9 32 33 65 47
9 33 24 65 39
9 34 72 56 43
9 35 83 74 13
9 36 58 72 64
9 37 44 28 81
9 38 39 55 44
9 39 29 36 88
9 40 9 92 95
9 41 88 39 56
9 42 79 12 69
9 43 29 64 78
9 44 8 84 61
9 45 88 4 4
9 46 89 30 37
9 47 17 48 42
9 48 83 6 22
9 49 76 26 10
10 11 5 71 54
10 12 27 81 57
10 13 67 64 12
10 14 60 27 55
10 15 6 54 48
10 16 72 30 15
10 17 24 26 25
10 18 11 79 60
10 19 53 55 62
10 20 8 77 84
10 21 67 58 70
10 22 81 58 68
10 23 31 56 87
10 24 95 60 40
10 25 71 65 40
10 26 1 93 86
10 27 45 62 50
10 28 5 86 93
10 29 47 40 47
10 30 20 44 91
10 31 53 16 32
10 32 2 80 42
10 33 6 37 68
10 34 75 12 43
10 35 70 11 58
10 36 2 33 61
10 37 80 64 45
10 38 16 70 39
10 39 92 68 39
10 40 4 81 34
10 41 54 74 69
10 42 15 32 93
10 43 86 7 19
10 44 3 53 52
10 45 87 38 71
10 46 7 74 38
10 47 18 49 80
10 48 87 34 43
10 49 4 97 61
11 12 51 22 38
11 13 9 82 77
11 14 52 57 22
11 15 93 6 71
11 16 47 53 77
11 17 21 48 78
11 18 36 34 36
11 19 87 45 26
11 20 63 64 76
11 21 27 24 55
11 22 93 41 29
11 23 89 8 23
11 24 40 49 28
11 25 60 14 57
11 26 26 68 46
11 27 19 55 52
11 28 13 89 57
11 29 4 74 51
11 30 73 11 34
11 31 57 44 55
11 32 41 75 33
11 33 95 56 34
11 34 78 37 57
11 35 19 80 78
11 36 97 6 32
11 37 9 80 95
11 38 75 17 53
11 39 23 66 72
11 40 29 34 47
11 41 9 31 66
11 42 43 65 32
11 43 47 16 70
11 44 93 31 43
11 45 47 31 26
11 46 97 24 51
11 47 54 46 62
11 48 18 56 54
11 49 64 63 46
12 13 7 90 70
12 14 96 39 50
12 15 78 25 38
12 16 88 11 34
12 17 18 93 83
12 18 13 86 80
12 19 75 36 8
12 20 36 77 53
12 21 8 44 50
12 22 59 12 60
12 23 9 44 33
12 24 17 33 28
12 25 33 76 47
12 26 57 73 37
12 27 75 61 72
12 28 87 28 31
12 29 66 18 46
12 30 59 56 38
12 31 14 29 54
12 32 10 62 41
12 33 31 24 26
12 34 75 17 21
12 35 90 57 7
12 36 61 39 24
12 37 44 40 78
12 38 48 47 60
12 39 66 75 22
12 40 71 56 30
12 41 96 33 1
12 42 96 45 35
12 43 89 37 71
12 44 79 26 47
12 45 69 79 47
12 46 64 30 69
12 47 78 41 59
12 48 1 42 64
12 49 66 66 32
13 14 57 45 61
13 15 24 24 66
13 16 4 45 31
13 17 22 27 62
13 18 39 19 34
13 19 97 11 49
13 20 6 94 68
13 21 27 27 34
13 22 8 44 36
13 23 41 87 54
13 24 11 72 35
13 25 83 55 62
13 26 84 10 65
13 27 99 31 42
13 28 72 60 61
13 29 21 70 91
13 30 41 75 38
13 31 39 36 50
13 32 12 37 47
13 33 40 38 79
13 34 62 21 63
13 35 21 63 39
13 36 9 32 86
13 37 26 65 91
13 38 32 32 26
13 39 5 89 96
13 40 53 42 56
13 41 67 63 10
13 42 7 96 39
13 43 64 17 77
13 44 78 14 49
13 45 58 70 13
13 46 59 44 43
13 47 27 38 66
13 48 52 42 77
13 49 84 39 40
14 15 93 27 67
14 16 48 63 72
14 17 35 36 72
14 18 60 80 29
14 19 23 71 52
14 20 20 48 26
14 21 31 42 86
14 22 24 51 50
14 23 81 8 55
14 24 44 47 49
14 25 62 72 48
14 26 88 27 23
14 27 23 78 56
14 28 45 55 34
14 29 30 72 29
14 30 88 62 35
14 31 76 67 64
14 32 77 71 61
14 33 28 57 23
14 34 9 89 95
14 35 24 71 83
14 36 16 45 81
14 37 50 57 54
14 38 86 21 35
14 39 6 78 94
14 40 36 61 40
14 41 18 27 62
14 42 65 69 67
14 43 27 65 28
14 44 37 82 50
14 45 92 33 35
14 46 0 55 94
14 47 66 37 45
14 48 29 29 45
14 49 38 84 80
15 16 68 39 13
15 17 23 87 30
15 18 90 55 17
15 19 36 54 68
15 20 0 42 94
15 21 92 40 64
15 22 85 11 39
15 23 67 29 64
15 24 22 91 37
15 25 52 34 72
15 26 83 59 50
15 27 40 68 59
15 28 23 33 70
15 29 70 63 36
15 30 15 83 64
15 31 24 50 62
15 32 88 62 72
15 33 99 22 23
15 34 56 72 23
15 35 4 49 60
15 36 60 62 76
15 37 56 31 41
15 38 62 70 49
15 39 67 77 17
15 40 26 72 26
15 41 15 89 82
15 42 92 23 51
15 43 24 25 32
15 44 9 49 85
15 45 44 85 33
15 46 73 38 63
15 47 98 56 4
15 48 22 59 53
15 49 46 53 71
16 17 77 73 32
16 18 56 22 81
16 19 24 36 73
16 20 20 87 64
16 21 71 74 66
16 22 0 82 43
16 23 7 59 97
16 24 35 34 57
16 25 53 36 73
16 26 83 38 44
16 27 20 52 54
16 28 83 52 46
16 29 97 35 21
16 30 1 98 47
16 31 6 92 71
16 32 53 69 80
16 33 72 33 12
16 34 40 87 55
16 35 15 78 87
16 36 92 30 64
16 37 69 12 30
16 38 15 82 37
16 39 55 33 35
16 40 32 58 55
16 41 18 85 82
16 42 53 19 66
16 43 62 30 79
16 44 84 38 25
16 45 67 75 14
16 46 22 54 84
16 47 10 68 54
16 48 85 10 35
16 49 32 74 84
17 18 50 68 53
17 19 93 31 25
17 20 1 38 76
17 21 48 80 47
17 22 6 47 54
17 23 57 67 82
17 24 39 74 47
17 25 74 55 19
17 26 67 68 43
17 27 4 54 42
17 28 33 49 25
17 29 38 55 36
17 30 5 59 54
17 31 27 52 45
17 32 78 49 15
17 33 26 79 41
17 34 25 71 34
17 35 25 58 31
17 36 51 52 51
17 37 34 37 73
17 38 80 70 15
17 39 59 38 18
17 40 68 20 76
17 41 33 30 78
17 42 44 50 69
17 43 9 46 73
17 44 98 14 21
17 45 32 80 31
17 46 53 42 36
17 47 10 86 29
17 48 37 25 26
17 49 32 77 52
18 19 98 51 14
18 20 87 39 21
18 21 71 17 31
18 22 11 92 90
18 23 80 43 19
18 24 85 34 64
18 25 21 42 60
18 26 5 96 68
18 27 43 42 76
18 28 60 71 51
18 29 52 60 80
18 30 95 6 3
18 31 54 63 83
18 32 47 31 45
18 33 70 76 45
18 34 64 33 42
18 35 46 64 68
18 36 28 23 85
18 37 88 43 62
18 38 12 86 53
18 39 86 41 51
18 40 11 27 32
18 41 3 39 88
18 42 19 43 87
18 43 28 39 67
18 44 15 56 52
18 45 31 34 36
18 46 96 36 2
18 47 83 8 53
18 48 60 49 76
18 49 89 68 65
19 20 17 70 74
19 21 51 55 83
19 22 72 26 42
19 23 45 17 55
19 24 35 24 53
19 25 69 31 19
19 26 13 69 26
19 27 66 24 42
19 28 55 54 59
19 29 17 90 30
19 30 99 6 67
19 31 82 31 37
19 32 95 65 63
19 33 81 15 64
19 34 79 31 75
19 35 56 65 57
19 36 34 82 65
19 37 71 14 38
19 38 92 20 33
19 39 23 23 24
19 40 67 13 19
19 41 88 8 71
19 42 14 46 30
19 43 69 73 65
19 44 98 53 42
19 45 64 71 68
19 46 70 28 35
19 47 15 86 29
19 48 68 65 47
19 49 46 25 62
20 21 33 82 81
20 22 96 20 40
20 23 11 46 62
20 24 66 63 20
20 25 39 23 59
20 26 93 70 63
20 27 28 57 26
20 28 78 54 15
20 29 50 43 18
20 30 20 79 59
20 31 27 60 60
20 32 28 36 31
20 33 33 79 33
20 34 56 70 33
20 35 38 79 66
20 36 64 45 63
20 37 1 86 86
20 38 75 66 19
20 39 42 59 50
20 40 81 32 17
20 41 63 49 59
20 42 47 44 41
20 43 67 18 23
20 44 38 54 39
20 45 68 42 21
20 46 12 48 66
20 47 2 30 77
20 48 37 39 56
20 49 65 65 63
21 22 18 39 90
21 23 96 50 63
21 24 7 79 44
21 25 62 28 25
21 26 86 45 20
21 27 24 31 45
21 28 25 62 64
21 29 2 66 35
21 30 85 73 5
21 31 50 64 69
21 32 0 45 60
21 33 6 61 55
21 34 38 60 84
21 35 40 28 87
21 36 51 31 26
21 37 45 29 16
21 38 19 89 57
21 39 99 51 13
21 40 69 20 77
21 41 57 65 20
21 42 50 44 59
21 43 80 30 28
21 44 27 49 43
21 45 26 50 63
21 46 78 62 52
21 47 56 25 58
21 48 43 49 73
21 49 33 57 26
22 23 40 36 51
22 24 82 34 62
22 25 33 56 46
22 26 37 63 74
22 27 57 41 47
22 28 78 27 62
22 29 21 75 27
22 30 51 22 32
22 31 40 43 86
22 32 52 65 78
22 33 6 53 62
22 34 28 56 87
22 35 59 41 27
22 36 4 65 53
22 37 52 38 73
22 38 25 74 61
22 39 32 37 54
22 40 53 50 68
22 41 94 52 29
22 42 98 6 1
22 43 10 68 49
22 44 86 62 25
22 45 78 35 31
22 46 18 53 46
22 47 72 60 52
22 48 71 57 49
22 49 35 28 55
23 24 7 38 89
23 25 5 79 34
23 26 75 64 64
23 27 0 36 93
23 28 7 96 36
23 29 13 47 73
23 30 40 25 29
23 31 53 55 36
23 32 1 37 40
23 33 38 64 59
23 34 13 73 86
23 35 11 41 64
23 36 93 37 2
23 37 70 39 35
23 38 49 84 70
23 39 65 53 16
23 40 41 56 60
23 41 84 24 26
23 42 53 39 50
23 43 24 47 51
23 44 51 45 45
23 45 68 18 49
23 46 57 38 43
23 47 47 50 83
23 48 39 43 54
23 49 32 44 45
24 25 48 45 28
24 26 25 85 50
24 27 93 55 28
24 28 66 18 23
24 29 68 42 18
24 30 9 84 93
24 31 91 38 54
24 32 66 18 55
24 33 94 67 15
24 34 11 71 90
24 35 87 70 20
24 36 65 73 61
24 37 69 55 53
24 38 81 60 70
24 39 86 47 4
24 40 85 34 13
24 41 98 45 68
24 42 79 6 11
24 43 43 53 52
24 44 31 41 50
24 45 26 79 74
24 46 61 34 64
24 47 7 44 84
24 48 46 44 24
24 49 3 62 87
25 26 5 54 72
25 27 39 52 62
25 28 50 72 63
25 29 15 65 49
25 30 77 25 21
25 31 21 74 61
25 32 13 43 33
25 33 76 23 13
25 34 79 57 35
25 35 86 36 29
25 36 39 67 79
25 37 97 62 47
25 38 85 62 5
25 39 44 25 83
25 40 55 55 40
25 41 36 82 84
25 42 7 39 87
25 43 40 79 22
25 44 10 46 48
25 45 41 35 58
25 46 40 85 27
25 47 16 38 75
25 48 48 40 68
25 49 96 69 10
26 27 83 14 19
26 28 11 89 91
26 29 97 15 58
26 30 30 77 57
26 31 4 67 44
26 32 61 49 47
26 33 80 10 64
26 34 46 38 41
26 35 23 68 63
26 36 94 44 35
26 37 28 71 23
26 38 97 43 55
26 39 24 23 71
26 40 64 48 74
26 41 35 52 52
26 42 20 65 52
26 43 22 31 61
26 44 71 47 19
26 45 66 64 34
26 46 95 66 26
26 47 70 62 42
26 48 60 24 61
26 49 80 45 17
27 28 22 68 66
27 29 98 21 13
27 30 70 12 25
27 31 17 91 58
27 32 94 36 33
27 33 40 48 18
27 34 77 51 38
27 35 49 47 71
27 36 71 47 37
27 37 62 62 63
27 38 50 77 47
27 39 89 54 53
27 40 42 44 81
27 41 30 24 59
27 42 50 74 74
27 43 89 21 11
27 44 95 44 49
27 45 31 45 32
27 46 73 57 11
27 47 27 59 79
27 48 18 85 69
27 49 45 69 56
28 29 28 56 79
28 30 37 43 75
28 31 94 65 25
28 32 71 64 14
28 33 22 40 88
28 34 79 17 28
28 35 82 49 44
28 36 89 4 7
28 37 58 56 64
28 38 60 51 14
28 39 95 4 22
28 40 79 12 21
28 41 19 65 55
28 42 28 44 74
28 43 20 81 50
28 44 14 47 69
28 45 28 32 32
28 46 8 95 78
28 47 51 75 30
28 48 86 8 47
28 49 41 50 22
29 30 31 22 72
29 31 20 83 52
29 32 40 58 83
29 33 61 81 66
29 34 53 67 34
29 35 76 13 10
29 36 66 41 74
29 37 58 18 22
29 38 98 59 33
29 39 57 80 51
29 40 51 60 31
29 41 72 30 66
29 42 25 85 85
29 43 66 67 53
29 44 34 87 75
29 45 2 52 58
29 46 45 41 32
29 47 81 28 41
29 48 0 56 92
29 49 3 89 30
30 31 96 50 37
30 32 1 87 32
30 33 84 25 60
30 34 93 34 33
30 35 11 42 57
30 36 31 76 53
30 37 57 50 79
30 38 11 31 74
30 39 75 36 16
30 40 75 18 29
30 41 79 18 30
30 42 78 65 17
30 43 73 66 76
30 44 58 13 23
30 45 31 44 43
30 46 6 48 66
30 47 77 40 11
30 48 34 36 76
30 49 20 78 39
31 32 52 33 80
31 33 15 57 50
31 34 41 34 42
31 35 60 17 48
31 36 69 53 43
31 37 87 12 28
31 38 31 28 40
31 39 66 37 59
31 40 50 16 84
31 41 23 37 68
31 42 64 55 79
31 43 29 42 63
31 44 67 38 38
31 45 60 42 17
31 46 52 49 36
31 47 99 34 8
31 48 29 38 50
31 49 47 83 17
32 33 14 71 94
32 34 48 48 23
32 35 91 33 58
32 36 47 61 68
32 37 5 89 75
32 38 91 29 5
32 39 17 44 70
32 40 40 44 32
32 41 1 88 75
32 42 28 48 59
32 43 73 72 50
32 44 21 49 49
32 45 15 51 55
32 46 57 44 63
32 47 67 15 78
32 48 14 41 68
32 49 62 15 25
33 34 7 62 57
33 35 27 30 53
33 36 88 35 71
33 37 54 21 49
33 38 72 19 74
33 39 90 71 24
33 40 56 46 41
33 41 18 35 72
33 42 77 24 70
33 43 42 35 79
33 44 51 60 42
33 45 18 62 90
33 46 45 25 40
33 47 92 31 14
33 48 53 32 40
33 49 29 78 78
34 35 40 72 69
34 36 75 62 43
34 37 45 77 78
34 38 6 46 88
34 39 12 64 33
34 40 33 63 31
34 41 88 72 40
34 42 43 18 53
34 43 99 23 58
34 44 11 34 60
34 45 49 22 61
34 46 56 40 78
34 47 87 47 34
34 48 30 44 45
34 49 36 81 89
35 36 43 23 66
35 37 84 35 29
35 38 44 59 51
35 39 9 86 74
35 40 82 62 71
35 41 92 32 30
35 42 13 61 49
35 43 40 54 67
35 44 34 32 76
35 45 64 40 11
35 46 50 71 60
35 47 50 21 76
35 48 0 96 39
35 49 23 39 25
36 37 94 5 30
36 38 51 78 30
36 39 80 15 51
36 40 1 51 44
36 41 13 48 31
36 42 6 54 82
36 43 19 52 62
36 44 36 65 44
36 45 86 54 24
36 46 74 30 28
36 47 92 45 46
36 48 9 81 30
36 49 10 47 39
37 38 51 58 20
37 39 52 78 39
37 40 25 87 86
37 41 27 54 84
37 42 34 58 88
37 43 2 46 73
37 44 14 28 88
37 45 74 59 11
37 46 75 21 27
37 47 42 18 37
37 48 75 41 68
37 49 97 61 47
38 39 1 54 63
38 40 9 29 53
38 41 83 42 72
38 42 52 20 62
38 43 23 65 61
38 44 95 36 11
38 45 35 66 32
38 46 36 64 65
38 47 56 71 68
38 48 59 30 24
38 49 82 8 8
39 40 0 59 88
39 41 85 26 37
39 42 99 62 4
39 43 12 60 79
39 44 61 70 74
39 45 34 70 21
39 46 37 20 62
39 47 62 68 26
39 48 67 39 54
39 49 2 58 51
40 41 66 18 18
40 42 56 25 15
40 43 60 40 14
40 44 42 62 46
40 45 87 44 31
40 46 44 79 48
40 47 18 33 81
40 48 49 38 68
40 49 25 89 46
41 42 84 57 71
41 43 66 67 46
41 44 84 37 69
41 45 15 55 87
41 46 76 51 61
41 47 79 52 67
41 48 64 24 70
41 49 50 25 71
42 43 72 73 20
42 44 74 59 13
42 45 23 49 83
42 46 80 42 41
42 47 80 60 72
42 48 26 32 59
42 49 30 57 38
43 44 69 59 16
43 45 27 41 25
43 46 15 66 44
43 47 19 66 44
43 48 10 74 26
43 49 42 28 62
44 45 17 52 71
44 46 2 38 77
44 47 62 71 17
44 48 15 90 33
44 49 28 83 46
45 46 77 55 60
45 47 68 69 52
45 48 5 59 49
45 49 49 50 57
46 47 83 47 15
46 48 96 42 57
46 49 45 74 86
47 48 21 80 43
47 49 86 51 12
48 49 73 49 66
