50
0 1 70 29 35
0 2 68 33 38
0 3 7 92 89
0 4 66 30 38
0 5 97 11 4
0 6 17 79 80
0 7 23 74 74
0 8 98 8 4
0 9 29 70 66
0 10 62 34 34
0 11 44 56 52
0 12 92 11 13
0 13 33 69 59
0 14 14 80 79
0 15 83 23 24
0 16 9 90 87
0 17 55 40 48
0 18 44 55 59
0 19 35 62 61
0 20 12 79 87
0 21 42 60 55
0 22 57 42 42
0 23 41 60 61
0 24 21 72 74
0 25 50 44 53
0 26 24 73 71
0 27 11 86 87
0 28 92 16 15
0 29 95 6 6
0 30 40 57 58
0 31 48 47 49
0 32 49 50 54
0 33 27 68 67
0 34 91 17 8
0 35 62 39 39
0 36 92 15 8
0 37 92 11 12
0 38 42 52 53
0 39 59 44 38
0 40 28 67 71
0 41 1 94 93
0 42 35 66 65
0 43 35 61 59
0 44 44 59 57
0 45 58 42 38
0 46 66 32 39
0 47 7 85 89
0 48 71 29 35
0 49 84 19 17
1 2 79 24 19
1 3 72 26 27
1 4 44 50 52
1 5 73 26 30
1 6 54 41 48
1 7 78 25 28
1 8 58 44 43
1 9 21 77 73
1 10 82 20 22
1 11 45 51 58
1 12 74 32 28
1 13 48 51 49
1 14 87 20 17
1 15 18 82 80
1 16 32 68 64
1 17 7 91 91
1 18 65 31 40
1 19 27 68 66
1 20 68 33 30
1 21 43 60 58
1 22 31 62 71
1 23 2 96 89
1 24 39 54 59
1 25 78 25 19
1 26 8 87 89
1 27 57 41 43
1 28 72 32 25
1 29 56 49 46
1 30 59 45 41
1 31 85 13 19
1 32 74 26 25
1 33 77 24 29
1 34 18 82 80
1 35 62 34 42
1 36 29 70 65
1 37 52 43 43
1 38 31 67 71
1 39 60 38 38
1 40 33 66 60
1 41 65 35 37
1 42 79 25 28
1 43 16 84 79
1 44 89 13 19
1 45 1 92 91
1 46 79 25 27
1 47 16 82 78
1 48 89 13 15
1 49 19 72 73
2 3 2 92 92
2 4 98 2 3
2 5 12 84 82
2 6 8 82 82
2 7 26 71 76
2 8 34 61 60
2 9 19 73 74
2 10 82 18 23
2 11 11 88 85
2 12 83 15 19
2 13 84 21 16
2 14 63 37 35
2 15 99 0 2
2 16 43 51 55
2 17 33 68 67
2 18 92 6 8
2 19 6 92 91
2 20 12 87 80
2 21 39 63 58
2 22 51 45 53
2 23 82 25 23
2 24 45 55 55
2 25 2 97 93
2 26 49 47 50
2 27 10 87 85
2 28 54 42 41
2 29 65 38 32
2 30 13 82 80
2 31 47 57 53
2 32 17 84 80
2 33 8 92 92
2 34 95 11 7
2 35 24 70 72
2 36 5 89 87
2 37 60 41 40
2 38 28 69 71
2 39 24 70 76
2 40 18 82 82
2 41 21 73 72
2 42 38 62 55
2 43 91 15 9
2 44 73 26 26
2 45 88 11 16
2 46 73 29 33
2 47 17 83 81
2 48 40 59 56
2 49 5 92 93
3 4 18 78 77
3 5 53 45 43
3 6 38 60 56
3 7 5 93 91
3 8 15 81 81
3 9 64 32 36
3 10 69 35 37
3 11 61 37 43
3 12 7 84 92
3 13 62 42 38
3 14 5 91 86
3 15 49 50 50
3 16 16 82 84
3 17 35 63 62
3 18 72 28 34
3 19 8 88 89
3 20 25 67 71
3 21 69 33 30
3 22 18 74 75
3 23 47 56 55
3 24 82 23 24
3 25 54 40 40
3 26 44 51 52
3 27 91 9 8
3 28 20 71 80
3 29 46 57 48
3 30 54 47 47
3 31 96 6 9
3 32 20 75 80
3 33 94 14 14
3 34 69 32 29
3 35 90 13 14
3 36 90 11 11
3 37 51 48 53
3 38 40 60 53
3 39 11 88 82
3 40 75 28 28
3 41 85 16 15
3 42 50 53 54
3 43 6 93 88
3 44 85 19 17
3 45 16 85 79
3 46 32 61 62
3 47 5 91 88
3 48 81 21 18
3 49 87 15 19
4 5 24 73 76
4 6 42 55 53
4 7 41 60 56
4 8 0 97 91
4 9 81 23 25
4 10 2 91 90
4 11 93 10 6
4 12 89 15 18
4 13 97 3 3
4 14 90 13 10
4 15 69 27 33
4 16 60 36 39
4 17 31 63 70
4 18 23 75 71
4 19 37 65 56
4 20 55 43 47
4 21 5 93 92
4 22 85 15 20
4 23 66 34 33
4 24 16 76 75
4 25 5 87 90
4 26 49 45 50
4 27 40 56 62
4 28 78 22 21
4 29 84 15 19
4 30 10 88 81
4 31 44 50 51
4 32 87 16 17
4 33 16 81 82
4 34 2 94 90
4 35 3 94 89
4 36 62 35 35
4 37 49 53 47
4 38 20 76 76
4 39 35 64 62
4 40 72 31 25
4 41 96 6 12
4 42 61 36 41
4 43 30 71 67
4 44 32 64 67
4 45 36 58 61
4 46 85 22 15
4 47 81 24 24
4 48 46 49 48
4 49 8 84 88
5 6 71 31 33
5 7 57 44 43
5 8 52 45 45
5 9 98 3 5
5 10 34 58 62
5 11 83 22 18
5 12 88 17 16
5 13 86 14 17
5 14 63 36 38
5 15 79 24 27
5 16 43 51 60
5 17 95 10 5
5 18 39 54 56
5 19 8 85 90
5 20 38 58 62
5 21 36 59 66
5 22 18 81 76
5 23 72 32 27
5 24 25 67 71
5 25 59 45 46
5 26 37 62 66
5 27 57 46 40
5 28 46 49 54
5 29 0 95 90
5 30 61 38 44
5 31 40 58 58
5 32 5 92 89
5 33 35 61 67
5 34 89 13 16
5 35 31 69 67
5 36 40 62 61
5 37 86 20 17
5 38 89 17 16
5 39 79 23 21
5 40 96 12 6
5 41 36 62 66
5 42 12 79 78
5 43 47 52 47
5 44 27 70 72
5 45 36 62 58
5 46 51 52 51
5 47 18 82 81
5 48 70 27 29
5 49 77 23 23
6 7 25 74 72
6 8 90 9 14
6 9 51 51 45
6 10 6 86 92
6 11 1 88 94
6 12 32 66 63
6 13 52 50 46
6 14 66 31 39
6 15 99 4 6
6 16 7 85 84
6 17 14 83 83
6 18 44 49 54
6 19 43 50 56
6 20 11 83 83
6 21 96 7 5
6 22 21 76 80
6 23 72 31 34
6 24 84 16 19
6 25 45 53 56
6 26 49 50 48
6 27 16 78 84
6 28 95 7 7
6 29 8 86 91
6 30 8 88 86
6 31 31 64 65
6 32 80 26 25
6 33 28 68 68
6 34 12 87 80
6 35 86 20 21
6 36 42 58 59
6 37 57 45 46
6 38 79 20 27
6 39 37 57 64
6 40 93 9 10
6 41 6 91 91
6 42 41 59 61
6 43 0 98 96
6 44 30 66 72
6 45 98 10 11
6 46 36 58 63
6 47 84 22 21
6 48 11 82 87
6 49 25 76 72
7 8 23 72 72
7 9 21 78 76
7 10 57 46 47
7 11 2 88 89
7 12 8 86 85
7 13 73 24 25
7 14 5 90 91
7 15 34 68 61
7 16 97 11 2
7 17 93 11 13
7 18 53 44 47
7 19 75 26 27
7 20 93 15 9
7 21 16 84 78
7 22 41 61 61
7 23 65 38 40
7 24 5 93 90
7 25 91 9 7
7 26 58 38 47
7 27 92 9 8
7 28 65 33 38
7 29 22 70 78
7 30 70 30 32
7 31 6 91 91
7 32 27 68 66
7 33 26 72 67
7 34 80 26 25
7 35 33 60 63
7 36 69 31 33
7 37 32 68 64
7 38 72 27 24
7 39 15 85 85
7 40 55 44 42
7 41 93 11 15
7 42 37 58 60
7 43 86 16 14
7 44 43 57 55
7 45 43 54 58
7 46 15 76 81
7 47 25 76 71
7 48 83 17 19
7 49 83 24 16
8 9 47 48 50
8 10 71 28 27
8 11 98 3 8
8 12 85 21 16
8 13 83 14 18
8 14 17 82 78
8 15 24 75 69
8 16 80 27 19
8 17 66 39 40
8 18 26 65 75
8 19 25 75 73
8 20 79 20 20
8 21 71 31 27
8 22 79 22 25
8 23 87 19 19
8 24 49 46 55
8 25 72 25 34
8 26 10 83 82
8 27 95 8 11
8 28 68 36 37
8 29 88 16 13
8 30 79 25 25
8 31 32 65 62
8 32 98 2 10
8 33 26 72 68
8 34 88 12 10
8 35 16 76 76
8 36 20 73 73
8 37 2 97 92
8 38 57 44 45
8 39 22 78 79
8 40 22 74 70
8 41 4 92 91
8 42 6 87 91
8 43 87 13 12
8 44 54 50 49
8 45 31 65 70
8 46 34 63 59
8 47 91 16 11
8 48 94 9 10
8 49 85 14 22
9 10 63 38 41
9 11 99 9 0
9 12 42 57 57
9 13 11 81 87
9 14 80 26 22
9 15 84 18 17
9 16 90 12 17
9 17 91 9 9
9 18 54 44 42
9 19 32 61 62
9 20 51 45 45
9 21 61 43 44
9 22 94 10 13
9 23 92 16 8
9 24 42 52 52
9 25 54 42 41
9 26 39 57 58
9 27 26 68 72
9 28 36 58 57
9 29 57 43 48
9 30 78 23 27
9 31 92 9 15
9 32 32 69 60
9 33 14 78 81
9 34 80 27 19
9 35 91 7 15
9 36 88 18 17
9 37 12 79 85
9 38 48 48 47
9 39 40 54 58
9 40 95 8 6
9 41 68 36 37
9 42 28 71 71
9 43 88 13 18
9 44 84 21 17
9 45 38 64 63
9 46 90 11 14
9 47 78 28 25
9 48 67 30 31
9 49 29 71 71
10 11 19 73 81
10 12 6 91 91
10 13 12 87 87
10 14 84 15 22
10 15 93 8 13
10 16 93 14 14
10 17 19 76 75
10 18 0 91 90
10 19 9 83 86
10 20 40 56 56
10 21 13 87 86
10 22 46 56 57
10 23 48 54 52
10 24 9 86 85
10 25 88 19 12
10 26 93 9 15
10 27 73 32 29
10 28 50 47 48
10 29 39 57 61
10 30 50 48 53
10 31 33 61 60
10 32 31 62 64
10 33 65 30 40
10 34 96 7 9
10 35 20 76 80
10 36 45 59 57
10 37 80 21 22
10 38 5 90 87
10 39 56 40 49
10 40 72 34 25
10 41 18 82 81
10 42 56 40 42
10 43 32 66 69
10 44 23 76 75
10 45 1 98 91
10 46 84 23 20
10 47 81 20 21
10 48 83 16 17
10 49 1 98 92
11 12 77 29 29
11 13 13 79 83
11 14 16 77 83
11 15 91 9 10
11 16 73 31 31
11 17 15 82 77
11 18 56 43 42
11 19 92 8 9
11 20 82 22 16
11 21 95 5 12
11 22 18 80 81
11 23 5 88 85
11 24 0 90 95
11 25 12 87 87
11 26 22 77 73
11 27 40 56 58
11 28 4 89 91
11 29 9 91 86
11 30 90 18 16
11 31 22 72 78
11 32 30 66 63
11 33 39 57 61
11 34 30 71 70
11 35 83 18 20
11 36 22 76 76
11 37 3 90 90
11 38 98 8 2
11 39 31 71 63
11 40 39 61 61
11 41 3 90 87
11 42 31 69 63
11 43 86 17 15
11 44 42 58 54
11 45 17 80 75
11 46 71 34 27
11 47 24 76 75
11 48 48 46 48
11 49 62 36 43
12 13 90 13 13
12 14 56 46 47
12 15 27 69 67
12 16 92 6 15
12 17 37 63 61
12 18 8 83 84
12 19 80 18 26
12 20 85 17 17
12 21 86 14 14
12 22 23 69 76
12 23 57 39 47
12 24 85 22 14
12 25 47 51 49
12 26 81 25 23
12 27 9 82 91
12 28 41 62 58
12 29 61 42 35
12 30 41 58 53
12 31 72 27 24
12 32 88 15 18
12 33 37 58 58
12 34 52 50 42
12 35 59 37 43
12 36 59 37 45
12 37 73 31 29
12 38 46 48 57
12 39 49 54 50
12 40 37 65 62
12 41 63 36 41
12 42 70 30 34
12 43 2 97 94
12 44 17 82 76
12 45 39 61 56
12 46 49 50 47
12 47 22 69 75
12 48 60 41 43
12 49 76 22 24
13 14 25 73 76
13 15 94 7 11
13 16 97 12 8
13 17 34 69 68
13 18 19 73 81
13 19 50 46 53
13 20 0 98 96
13 21 68 35 36
13 22 88 12 16
13 23 65 33 38
13 24 29 66 69
13 25 4 89 91
13 26 16 83 79
13 27 2 90 96
13 28 19 81 78
13 29 99 7 5
13 30 74 31 27
13 31 3 88 88
13 32 76 23 23
13 33 47 51 51
13 34 80 20 18
13 35 67 35 34
13 36 36 57 66
13 37 97 11 4
13 38 66 34 39
13 39 53 48 44
13 40 32 62 66
13 41 53 49 48
13 42 74 28 29
13 43 5 93 92
13 44 28 65 65
13 45 72 31 32
13 46 73 24 27
13 47 94 13 14
13 48 4 95 91
13 49 42 53 58
14 15 6 93 85
14 16 65 39 32
14 17 21 75 75
14 18 16 75 83
14 19 68 37 32
14 20 96 10 7
14 21 69 35 29
14 22 41 56 56
14 23 91 16 10
14 24 86 14 13
14 25 20 73 77
14 26 71 29 34
14 27 47 54 54
14 28 9 82 89
14 29 96 12 6
14 30 43 54 53
14 31 17 84 81
14 32 8 85 84
14 33 22 72 79
14 34 91 14 13
14 35 6 90 91
14 36 57 43 40
14 37 60 37 35
14 38 97 4 11
14 39 8 91 89
14 40 69 32 31
14 41 27 74 69
14 42 25 69 73
14 43 11 83 81
14 44 6 87 87
14 45 14 78 81
14 46 18 81 82
14 47 73 24 30
14 48 17 81 78
14 49 60 41 36
15 16 71 28 29
15 17 63 42 42
15 18 6 92 84
15 19 32 62 70
15 20 83 16 18
15 21 83 21 23
15 22 2 90 90
15 23 91 15 15
15 24 58 41 45
15 25 20 81 80
15 26 86 16 12
15 27 53 51 44
15 28 57 44 41
15 29 70 33 26
15 30 2 96 92
15 31 39 61 57
15 32 32 61 69
15 33 81 22 26
15 34 51 44 46
15 35 8 89 83
15 36 34 66 67
15 37 67 32 38
15 38 53 47 47
15 39 91 11 7
15 40 11 85 85
15 41 51 51 46
15 42 18 78 80
15 43 87 16 13
15 44 97 8 6
15 45 40 57 59
15 46 18 81 75
15 47 87 18 20
15 48 3 91 89
15 49 55 40 44
16 17 51 44 45
16 18 88 11 11
16 19 85 15 14
16 20 11 87 81
16 21 32 64 70
16 22 73 25 31
16 23 86 17 12
16 24 84 19 15
16 25 85 18 13
16 26 78 26 23
16 27 20 72 76
16 28 63 38 42
16 29 57 47 38
16 30 78 26 23
16 31 17 76 79
16 32 59 38 39
16 33 70 31 27
16 34 5 89 92
16 35 97 11 9
16 36 71 35 33
16 37 7 87 85
16 38 29 64 66
16 39 4 88 90
16 40 25 70 72
16 41 83 24 21
16 42 16 75 82
16 43 46 48 48
16 44 48 52 55
16 45 39 57 58
16 46 50 51 46
16 47 51 52 47
16 48 6 86 86
16 49 12 87 82
17 18 59 40 44
17 19 99 9 0
17 20 6 88 85
17 21 56 45 42
17 22 55 41 47
17 23 34 68 62
17 24 5 86 88
17 25 38 57 63
17 26 46 50 49
17 27 19 80 79
17 28 87 11 15
17 29 39 62 59
17 30 79 27 26
17 31 15 85 82
17 32 34 66 60
17 33 9 90 83
17 34 28 72 67
17 35 83 20 24
17 36 25 70 75
17 37 82 24 16
17 38 78 28 27
17 39 59 45 41
17 40 37 64 57
17 41 80 19 21
17 42 46 54 51
17 43 2 90 92
17 44 23 73 76
17 45 81 16 20
17 46 96 11 12
17 47 72 25 31
17 48 98 3 3
17 49 89 14 9
18 19 17 81 83
18 20 10 87 88
18 21 63 41 40
18 22 66 39 32
18 23 33 65 68
18 24 66 34 34
18 25 10 89 86
18 26 45 54 50
18 27 80 26 22
18 28 33 65 67
18 29 66 35 38
18 30 87 18 17
18 31 63 38 34
18 32 19 76 81
18 33 1 95 97
18 34 39 63 61
18 35 40 58 57
18 36 64 40 38
18 37 86 19 18
18 38 9 81 84
18 39 71 27 31
18 40 22 75 74
18 41 65 34 40
18 42 47 50 54
18 43 67 35 39
18 44 28 69 72
18 45 55 45 45
18 46 15 83 79
18 47 55 41 41
18 48 70 32 34
18 49 52 49 43
19 20 40 58 59
19 21 63 38 39
19 22 15 84 82
19 23 95 7 8
19 24 0 92 97
19 25 95 9 10
19 26 91 13 13
19 27 51 46 47
19 28 53 42 49
19 29 18 75 74
19 30 71 32 28
19 31 68 32 36
19 32 46 51 49
19 33 69 30 36
19 34 43 51 59
19 35 21 79 75
19 36 52 49 51
19 37 2 96 93
19 38 41 53 55
19 39 62 42 41
19 40 66 34 31
19 41 78 22 22
19 42 39 59 63
19 43 77 23 24
19 44 50 45 45
19 45 14 80 86
19 46 87 14 11
19 47 97 4 6
19 48 12 85 81
19 49 13 80 80
20 21 60 37 38
20 22 46 55 54
20 23 43 51 59
20 24 81 24 17
20 25 72 33 26
20 26 27 67 73
20 27 25 74 75
20 28 84 20 18
20 29 52 43 50
20 30 51 48 52
20 31 5 89 93
20 32 90 18 17
20 33 47 51 56
20 34 90 13 14
20 35 21 71 80
20 36 28 68 71
20 37 79 22 23
20 38 92 12 14
20 39 95 10 7
20 40 99 5 6
20 41 12 87 82
20 42 75 22 23
20 43 42 57 60
20 44 24 75 74
20 45 98 9 8
20 46 90 10 11
20 47 70 28 31
20 48 92 12 12
20 49 94 5 13
21 22 54 47 42
21 23 78 24 22
21 24 57 40 45
21 25 92 9 12
21 26 37 63 62
21 27 66 37 38
21 28 40 53 57
21 29 62 37 39
21 30 59 44 43
21 31 72 31 26
21 32 50 48 50
21 33 38 63 61
21 34 41 55 58
21 35 45 58 57
21 36 83 15 22
21 37 27 66 69
21 38 26 69 71
21 39 62 35 35
21 40 91 12 13
21 41 16 79 78
21 42 77 21 24
21 43 12 83 81
21 44 7 85 89
21 45 45 53 56
21 46 79 25 22
21 47 51 44 44
21 48 29 65 69
21 49 69 33 36
22 23 49 46 48
22 24 14 78 84
22 25 12 80 88
22 26 91 16 9
22 27 69 31 32
22 28 14 82 85
22 29 91 9 15
22 30 91 12 12
22 31 57 43 42
22 32 2 93 88
22 33 72 30 25
22 34 19 82 77
22 35 69 28 36
22 36 43 51 52
22 37 91 11 11
22 38 30 69 62
22 39 35 60 58
22 40 36 57 66
22 41 95 8 10
22 42 15 82 77
22 43 5 86 85
22 44 95 9 4
22 45 2 93 92
22 46 0 90 93
22 47 78 23 26
22 48 44 58 55
22 49 41 52 58
23 24 95 13 7
23 25 78 23 21
23 26 22 72 71
23 27 60 43 36
23 28 8 82 87
23 29 9 86 84
23 30 23 71 73
23 31 83 19 16
23 32 67 31 33
23 33 36 56 64
23 34 80 26 18
23 35 83 19 24
23 36 42 56 57
23 37 7 83 91
23 38 67 30 38
23 39 89 10 11
23 40 17 81 76
23 41 36 60 65
23 42 30 63 63
23 43 85 20 15
23 44 1 95 89
23 45 40 60 56
23 46 3 92 90
23 47 67 29 32
23 48 54 45 49
23 49 94 10 14
24 25 60 42 40
24 26 20 80 78
24 27 28 73 67
24 28 94 11 10
24 29 62 35 35
24 30 17 75 80
24 31 70 34 27
24 32 63 39 37
24 33 80 19 23
24 34 1 95 91
24 35 54 42 42
24 36 47 55 50
24 37 70 32 32
24 38 7 86 87
24 39 40 62 61
24 40 11 82 82
24 41 66 36 35
24 42 5 88 91
24 43 74 27 25
24 44 23 75 75
24 45 65 33 36
24 46 30 66 68
24 47 72 28 33
24 48 27 67 66
24 49 83 14 21
25 26 53 45 51
25 27 77 20 26
25 28 10 90 86
25 29 9 84 87
25 30 12 84 82
25 31 95 6 6
25 32 79 19 25
25 33 71 25 29
25 34 17 83 78
25 35 10 87 83
25 36 49 49 47
25 37 18 78 75
25 38 64 37 40
25 39 54 48 41
25 40 80 19 26
25 41 75 32 25
25 42 43 55 53
25 43 44 54 53
25 44 71 27 34
25 45 38 56 55
25 46 63 34 35
25 47 44 55 54
25 48 58 45 40
25 49 94 14 6
26 27 29 71 65
26 28 27 75 68
26 29 89 13 9
26 30 53 51 49
26 31 93 9 5
26 32 60 40 37
26 33 54 45 41
26 34 76 24 23
26 35 76 24 26
26 36 18 77 79
26 37 58 45 45
26 38 50 49 49
26 39 56 48 45
26 40 89 18 16
26 41 29 63 63
26 42 4 92 95
26 43 50 53 52
26 44 40 58 59
26 45 16 80 84
26 46 40 60 56
26 47 61 38 39
26 48 26 74 67
26 49 56 41 43
27 28 16 76 81
27 29 79 24 20
27 30 14 79 84
27 31 82 25 17
27 32 95 8 8
27 33 86 16 13
27 34 30 65 71
27 35 75 28 23
27 36 80 22 19
27 37 60 44 38
27 38 43 52 57
27 39 80 24 26
27 40 16 78 78
27 41 17 79 77
27 42 86 13 20
27 43 41 61 58
27 44 7 91 87
27 45 88 18 18
27 46 48 46 50
27 47 14 85 79
27 48 5 86 89
27 49 23 70 75
28 29 79 23 27
28 30 34 61 67
28 31 15 82 83
28 32 45 55 51
28 33 79 20 18
28 34 58 42 39
28 35 43 59 58
28 36 60 36 45
28 37 54 43 44
28 38 75 24 28
28 39 87 18 18
28 40 27 69 71
28 41 75 28 28
28 42 72 28 28
28 43 4 93 95
28 44 83 20 21
28 45 51 49 45
28 46 62 41 41
28 47 74 26 23
28 48 50 49 51
28 49 22 76 74
29 30 29 70 73
29 31 67 34 38
29 32 64 38 38
29 33 66 38 30
29 34 65 32 35
29 35 89 10 10
29 36 87 14 15
29 37 10 86 81
29 38 0 93 99
29 39 63 42 33
29 40 82 20 24
29 41 19 80 80
29 42 21 76 75
29 43 24 78 69
29 44 77 27 27
29 45 50 48 49
29 46 0 95 90
29 47 86 16 18
29 48 65 36 35
29 49 11 87 86
30 31 30 71 72
30 32 14 78 78
30 33 93 6 13
30 34 65 40 38
30 35 16 79 80
30 36 16 78 81
30 37 65 34 40
30 38 24 74 68
30 39 93 9 11
30 40 89 14 15
30 41 47 48 52
30 42 77 28 28
30 43 99 8 5
30 44 48 53 53
30 45 41 59 60
30 46 52 46 45
30 47 32 63 68
30 48 62 37 35
30 49 87 14 18
31 32 46 57 56
31 33 43 57 55
31 34 82 25 21
31 35 21 75 74
31 36 68 37 30
31 37 55 48 47
31 38 6 90 86
31 39 1 89 92
31 40 97 11 7
31 41 74 29 25
31 42 40 54 56
31 43 28 72 73
31 44 86 15 12
31 45 64 38 34
31 46 71 27 29
31 47 67 33 39
31 48 76 28 23
31 49 2 90 96
32 33 12 80 87
32 34 75 31 29
32 35 35 58 61
32 36 11 86 81
32 37 50 44 52
32 38 51 51 45
32 39 35 58 64
32 40 47 53 52
32 41 76 30 29
32 42 21 76 74
32 43 94 9 11
32 44 82 21 21
32 45 77 23 29
32 46 59 37 43
32 47 79 23 24
32 48 74 27 24
32 49 25 76 67
33 34 11 86 87
33 35 60 42 36
33 36 23 68 71
33 37 38 60 63
33 38 40 56 57
33 39 6 90 88
33 40 22 76 72
33 41 7 84 87
33 42 37 58 57
33 43 88 17 16
33 44 97 9 12
33 45 68 36 31
33 46 91 14 16
33 47 88 10 19
33 48 97 10 8
33 49 25 76 70
34 35 4 87 91
34 36 52 44 47
34 37 93 9 13
34 38 11 79 88
34 39 86 19 19
34 40 74 32 26
34 41 18 79 78
34 42 21 74 78
34 43 31 69 65
34 44 23 75 77
34 45 8 91 84
34 46 36 61 62
34 47 64 40 36
34 48 75 30 23
34 49 16 78 84
35 36 47 48 53
35 37 53 48 44
35 38 91 7 7
35 39 0 96 97
35 40 65 38 37
35 41 25 69 73
35 42 59 39 46
35 43 75 31 28
35 44 43 50 56
35 45 95 13 8
35 46 51 51 49
35 47 89 17 9
35 48 98 6 8
35 49 3 93 90
36 37 50 51 46
36 38 58 41 46
36 39 27 66 70
36 40 10 83 84
36 41 35 65 62
36 42 82 22 22
36 43 63 41 37
36 44 46 56 54
36 45 31 65 62
36 46 33 62 64
36 47 62 42 41
36 48 99 5 9
36 49 37 58 56
37 38 64 39 36
37 39 73 29 25
37 40 79 18 23
37 41 93 11 15
37 42 66 38 35
37 43 60 41 41
37 44 3 94 86
37 45 82 22 22
37 46 7 90 83
37 47 66 38 38
37 48 52 46 47
37 49 49 49 55
38 39 26 67 69
38 40 71 28 27
38 41 88 16 14
38 42 27 69 65
38 43 76 24 23
38 44 55 42 43
38 45 38 64 64
38 46 1 97 88
38 47 29 69 63
38 48 44 54 60
38 49 13 85 80
39 40 9 85 90
39 41 36 66 62
39 42 71 35 26
39 43 89 15 12
39 44 20 74 75
39 45 19 79 77
39 46 90 14 14
39 47 2 93 89
39 48 25 75 76
39 49 51 51 47
40 41 88 19 16
40 42 89 18 19
40 43 87 19 17
40 44 95 5 4
40 45 27 68 73
40 46 40 55 60
40 47 83 18 20
40 48 56 42 48
40 49 33 64 66
41 42 32 63 65
41 43 35 60 61
41 44 12 79 82
41 45 15 80 79
41 46 8 83 85
41 47 51 51 44
41 48 94 5 5
41 49 95 8 6
42 43 50 45 51
42 44 5 95 85
42 45 19 73 74
42 46 26 68 75
42 47 28 64 70
42 48 75 31 30
42 49 49 51 54
43 44 59 43 44
43 45 28 65 65
43 46 40 59 60
43 47 3 92 90
43 48 37 62 64
43 49 86 16 16
44 45 84 21 20
44 46 1 93 97
44 47 69 31 32
44 48 49 49 53
44 49 42 55 58
45 46 90 13 10
45 47 25 73 67
45 48 55 46 47
45 49 10 81 84
46 47 68 29 35
46 48 53 44 47
46 49 82 18 17
47 48 26 73 66
47 49 40 54 54
48 49 25 76 70
