50
0 1 48 29 60
0 2 24 86 69
0 3 56 32 56
0 4 74 15 56
0 5 83 43 17
0 6 72 32 20
0 7 1 80 55
0 8 67 55 57
0 9 87 16 20
0 10 95 14 46
0 11 26 67 59
0 12 86 18 29
0 13 25 70 38
0 14 3 71 52
0 15 71 38 63
0 16 46 56 48
0 17 94 7 4
0 18 88 37 26
0 19 39 48 60
0 20 26 51 52
0 21 23 84 54
0 22 81 18 52
0 23 73 62 35
0 24 88 26 52
0 25 33 45 51
0 26 72 13 33
0 27 34 50 42
0 28 62 52 43
0 29 8 94 83
0 30 6 48 75
0 31 80 17 30
0 32 96 28 30
0 33 29 47 47
0 34 13 81 57
0 35 52 58 32
0 36 92 43 48
0 37 72 46 38
0 38 52 47 57
0 39 22 46 52
0 40 18 49 75
0 41 9 93 52
0 42 60 38 52
0 43 0 50 65
0 44 97 7 38
0 45 12 59 93
0 46 83 11 16
0 47 24 85 65
0 48 63 30 43
0 49 82 10 28
1 2 31 61 39
1 3 55 46 22
1 4 3 97 79
1 5 66 62 50
1 6 95 31 29
1 7 18 41 63
1 8 20 86 51
1 9 63 24 23
1 10 72 25 54
1 11 78 16 59
1 12 13 63 69
1 13 28 69 45
1 14 44 54 33
1 15 60 59 29
1 16 38 47 74
1 17 95 23 35
1 18 10 92 73
1 19 98 9 4
1 20 27 69 59
1 21 8 70 63
1 22 64 33 42
1 23 13 50 85
1 24 3 59 90
1 25 71 32 32
1 26 12 70 44
1 27 16 89 60
1 28 22 55 42
1 29 31 78 59
1 30 44 62 53
1 31 7 47 69
1 32 23 80 85
1 33 68 29 57
1 34 66 54 52
1 35 34 53 65
1 36 18 56 79
1 37 36 62 31
1 38 31 47 37
1 39 35 65 48
1 40 3 68 84
1 41 63 25 42
1 42 4 58 58
1 43 12 73 70
1 44 19 81 47
1 45 51 59 68
1 46 76 43 25
1 47 70 49 30
1 48 39 45 77
1 49 94 11 15
2 3 73 33 62
2 4 89 5 10
2 5 77 19 35
2 6 14 51 63
2 7 3 89 51
2 8 53 48 36
2 9 48 71 58
2 10 81 39 11
2 11 97 1 11
2 12 5 64 80
2 13 50 43 53
2 14 15 79 45
2 15 97 6 18
2 16 7 93 81
2 17 78 60 12
2 18 56 28 33
2 19 7 65 85
2 20 37 62 40
2 21 11 76 85
2 22 60 51 38
2 23 67 53 39
2 24 42 31 56
2 25 40 67 40
2 26 7 70 49
2 27 68 22 48
2 28 36 49 55
2 29 55 55 71
2 30 38 51 39
2 31 28 82 68
2 32 44 61 57
2 33 23 47 67
2 34 95 8 3
2 35 79 28 56
2 36 20 56 45
2 37 99 13 36
2 38 76 28 57
2 39 50 49 57
2 40 15 52 58
2 41 54 43 68
2 42 1 66 65
2 43 10 69 75
2 44 47 65 40
2 45 39 35 65
2 46 7 58 82
2 47 85 35 31
2 48 94 27 18
2 49 38 36 78
3 4 99 31 42
3 5 67 65 50
3 6 41 77 49
3 7 35 68 37
3 8 47 71 33
3 9 19 66 57
3 10 99 20 12
3 11 87 19 22
3 12 84 10 37
3 13 11 44 54
3 14 76 36 23
3 15 72 49 20
3 16 72 22 38
3 17 17 90 50
3 18 30 37 53
3 19 8 61 93
3 20 96 50 36
3 21 46 47 64
3 22 89 22 43
3 23 33 50 48
3 24 93 49 8
3 25 10 66 93
3 26 1 94 64
3 27 18 68 73
3 28 63 20 63
3 29 43 66 67
3 30 89 34 42
3 31 95 16 35
3 32 38 37 55
3 33 16 55 84
3 34 73 14 60
3 35 76 40 57
3 36 72 50 61
3 37 98 45 3
3 38 11 94 93
3 39 2 81 65
3 40 1 80 95
3 41 14 44 68
3 42 72 33 15
3 43 13 49 82
3 44 65 50 19
3 45 30 83 55
3 46 26 70 46
3 47 19 56 89
3 48 37 56 57
3 49 94 22 43
4 5 80 51 34
4 6 57 28 44
4 7 84 14 24
4 8 31 34 46
4 9 98 17 41
4 10 39 46 71
4 11 99 50 40
4 12 99 23 6
4 13 14 54 49
4 14 84 29 53
4 15 65 19 21
4 16 52 29 49
4 17 41 42 40
4 18 6 91 69
4 19 54 63 50
4 20 37 63 75
4 21 13 53 63
4 22 41 39 64
4 23 62 36 43
4 24 84 22 39
4 25 52 34 42
4 26 67 36 39
4 27 94 21 24
4 28 42 71 57
4 29 11 49 87
4 30 78 57 57
4 31 16 68 44
4 32 31 48 68
4 33 51 37 73
4 34 60 68 40
4 35 9 91 91
4 36 55 45 25
4 37 98 41 18
4 38 51 31 27
4 39 5 79 65
4 40 27 72 71
4 41 61 64 48
4 42 65 62 53
4 43 67 40 60
4 44 33 60 38
4 45 96 33 42
4 46 52 30 30
4 47 15 65 67
4 48 21 64 73
4 49 45 54 27
5 6 85 52 53
5 7 57 22 41
5 8 57 64 38
5 9 46 29 40
5 10 89 32 48
5 11 45 41 73
5 12 43 70 62
5 13 53 55 64
5 14 49 49 40
5 15 33 36 53
5 16 32 35 57
5 17 67 31 51
5 18 25 82 42
5 19 18 50 41
5 20 25 63 67
5 21 42 76 32
5 22 10 46 70
5 23 98 3 46
5 24 29 50 45
5 25 17 65 85
5 26 99 44 32
5 27 97 49 44
5 28 75 28 37
5 29 39 72 53
5 30 52 30 65
5 31 28 36 82
5 32 75 14 46
5 33 20 85 55
5 34 56 55 61
5 35 34 64 42
5 36 35 52 45
5 37 87 16 14
5 38 44 52 49
5 39 36 41 39
5 40 98 39 8
5 41 13 43 49
5 42 58 38 66
5 43 79 30 22
5 44 86 34 27
5 45 22 81 53
5 46 39 51 59
5 47 81 55 21
5 48 57 52 42
5 49 8 90 69
6 7 27 38 61
6 8 5 65 61
6 9 66 48 44
6 10 42 58 64
6 11 69 19 22
6 12 96 16 19
6 13 46 40 61
6 14 44 52 48
6 15 43 62 48
6 16 47 30 61
6 17 25 68 70
6 18 97 34 45
6 19 64 21 47
6 20 23 78 68
6 21 79 20 25
6 22 76 49 44
6 23 90 12 52
6 24 98 49 38
6 25 74 28 36
6 26 56 31 47
6 27 82 16 30
6 28 8 89 89
6 29 4 57 56
6 30 51 68 49
6 31 30 59 79
6 32 7 85 81
6 33 62 33 21
6 34 51 47 48
6 35 85 45 31
6 36 16 48 55
6 37 74 21 14
6 38 42 57 40
6 39 59 44 69
6 40 92 18 9
6 41 41 55 62
6 42 8 63 69
6 43 73 30 45
6 44 24 59 42
6 45 66 53 16
6 46 44 65 68
6 47 25 50 57
6 48 80 27 39
6 49 35 75 63
7 8 5 70 63
7 9 88 22 44
7 10 33 62 74
7 11 78 13 45
7 12 11 49 64
7 13 98 24 14
7 14 26 53 61
7 15 67 63 54
7 16 42 44 57
7 17 98 31 41
7 18 62 26 33
7 19 88 35 27
7 20 62 20 31
7 21 93 45 44
7 22 23 63 84
7 23 17 61 54
7 24 82 21 44
7 25 90 8 38
7 26 99 12 43
7 27 99 16 42
7 28 2 96 85
7 29 72 39 54
7 30 51 65 42
7 31 11 86 69
7 32 3 54 95
7 33 43 71 58
7 34 41 51 75
7 35 59 43 69
7 36 71 21 35
7 37 99 26 37
7 38 5 61 79
7 39 31 38 59
7 40 1 95 94
7 41 72 17 48
7 42 81 47 12
7 43 68 30 35
7 44 85 8 17
7 45 21 44 47
7 46 83 29 29
7 47 95 49 32
7 48 26 43 65
7 49 62 27 49
8 9 85 31 28
8 10 60 25 45
8 11 44 51 29
8 12 21 72 55
8 13 54 23 51
8 14 10 85 92
8 15 85 52 22
8 16 96 16 48
8 17 41 57 34
8 18 5 64 52
8 19 68 44 46
8 20 31 62 71
8 21 3 70 90
8 22 50 53 36
8 23 4 90 92
8 24 48 39 35
8 25 24 48 66
8 26 76 14 53
8 27 40 66 73
8 28 15 53 90
8 29 9 64 57
8 30 0 56 72
8 31 35 72 60
8 32 74 17 51
8 33 47 38 37
8 34 24 48 72
8 35 47 32 33
8 36 26 62 65
8 37 12 47 75
8 38 97 49 29
8 39 48 54 45
8 40 70 31 38
8 41 72 15 27
8 42 64 38 61
8 43 31 61 71
8 44 36 32 80
8 45 8 65 51
8 46 44 28 58
8 47 99 0 49
8 48 43 71 47
8 49 46 52 54
9 10 52 42 54
9 11 20 65 44
9 12 76 17 52
9 13 99 22 41
9 14 8 76 46
9 15 46 29 72
9 16 97 44 38
9 17 96 24 5
9 18 91 47 40
9 19 34 62 41
9 20 84 33 23
9 21 3 88 72
9 22 42 52 57
9 23 55 61 44
9 24 42 74 47
9 25 30 36 83
9 26 59 58 34
9 27 85 8 47
9 28 0 88 73
9 29 66 36 48
9 30 30 39 39
9 31 7 63 94
9 32 25 55 68
9 33 71 62 37
9 34 54 71 29
9 35 1 65 49
9 36 58 30 29
9 37 42 50 41
9 38 7 68 53
9 39 35 66 76
9 40 41 65 31
9 41 19 81 80
9 42 61 47 31
9 43 80 59 44
9 44 49 41 41
9 45 8 59 64
9 46 22 62 69
9 47 97 41 36
9 48 23 76 51
9 49 6 75 74
10 11 50 52 53
10 12 46 53 41
10 13 31 65 38
10 14 45 33 27
10 15 15 62 84
10 16 67 19 20
10 17 96 17 22
10 18 50 52 38
10 19 50 34 42
10 20 44 68 45
10 21 60 59 44
10 22 29 80 53
10 23 60 59 49
10 24 77 54 34
10 25 20 40 68
10 26 23 72 52
10 27 63 63 50
10 28 81 15 51
10 29 4 52 76
10 30 1 90 82
10 31 70 58 59
10 32 88 29 49
10 33 51 54 51
10 34 48 35 33
10 35 30 82 83
10 36 6 80 49
10 37 69 61 42
10 38 64 18 29
10 39 69 30 27
10 40 48 66 66
10 41 31 35 72
10 42 87 47 55
10 43 53 38 57
10 44 46 68 70
10 45 19 40 65
10 46 48 61 46
10 47 5 86 87
10 48 10 46 66
10 49 89 31 12
11 12 40 73 50
11 13 48 57 29
11 14 31 36 60
11 15 10 80 50
11 16 7 55 85
11 17 74 59 33
11 18 54 71 54
11 19 10 56 64
11 20 37 52 45
11 21 19 59 62
11 22 98 48 43
11 23 44 66 56
11 24 73 29 34
11 25 58 23 41
11 26 11 91 88
11 27 31 54 62
11 28 26 41 58
11 29 50 37 72
11 30 63 62 31
11 31 88 24 14
11 32 43 50 57
11 33 89 14 34
11 34 75 54 24
11 35 79 32 38
11 36 2 98 95
11 37 44 63 41
11 38 7 63 59
11 39 50 47 46
11 40 25 50 50
11 41 98 39 25
11 42 69 17 62
11 43 79 49 14
11 44 99 1 13
11 45 42 67 29
11 46 71 17 21
11 47 33 68 64
11 48 43 43 47
11 49 28 52 52
12 13 16 50 62
12 14 11 93 71
12 15 95 48 12
12 16 57 27 47
12 17 4 88 92
12 18 88 53 44
12 19 26 71 48
12 20 53 45 30
12 21 18 64 58
12 22 65 53 57
12 23 52 47 71
12 24 82 18 27
12 25 18 82 43
12 26 20 41 49
12 27 61 46 31
12 28 40 58 74
12 29 77 42 21
12 30 15 82 57
12 31 89 20 43
12 32 28 44 62
12 33 25 48 74
12 34 10 48 85
12 35 62 42 22
12 36 62 31 64
12 37 87 11 48
12 38 31 47 77
12 39 56 32 60
12 40 8 62 83
12 41 95 13 16
12 42 39 66 76
12 43 28 85 61
12 44 69 25 31
12 45 34 71 36
12 46 11 66 92
12 47 59 57 35
12 48 94 27 17
12 49 87 36 50
13 14 23 67 45
13 15 52 37 46
13 16 32 56 74
13 17 3 73 69
13 18 38 72 77
13 19 10 84 66
13 20 36 74 65
13 21 42 40 49
13 22 59 37 29
13 23 94 11 33
13 24 79 17 16
13 25 61 44 66
13 26 15 57 64
13 27 74 41 41
13 28 31 49 72
13 29 1 80 88
13 30 47 29 73
13 31 62 55 43
13 32 34 43 41
13 33 68 17 21
13 34 11 54 48
13 35 12 79 64
13 36 97 11 27
13 37 52 27 45
13 38 85 54 34
13 39 56 31 21
13 40 34 53 54
13 41 99 8 14
13 42 81 41 40
13 43 32 77 83
13 44 84 40 44
13 45 42 68 74
13 46 58 34 38
13 47 59 54 49
13 48 82 47 21
13 49 82 45 18
14 15 43 69 49
14 16 10 82 74
14 17 33 43 56
14 18 88 10 14
14 19 97 8 31
14 20 21 80 40
14 21 24 71 40
14 22 50 48 32
14 23 26 36 57
14 24 2 59 98
14 25 21 61 55
14 26 29 78 80
14 27 65 18 40
14 28 81 32 47
14 29 75 58 12
14 30 1 56 89
14 31 69 49 58
14 32 73 59 38
14 33 70 34 36
14 34 27 45 53
14 35 13 80 47
14 36 45 37 38
14 37 19 55 81
14 38 8 88 50
14 39 75 60 45
14 40 3 54 59
14 41 9 53 89
14 42 49 69 45
14 43 35 56 35
14 44 68 35 21
14 45 2 85 77
14 46 76 45 21
14 47 92 39 23
14 48 19 70 69
14 49 40 67 55
15 16 38 34 42
15 17 61 61 58
15 18 82 20 24
15 19 16 91 83
15 20 18 46 46
15 21 96 24 33
15 22 11 78 57
15 23 91 31 13
15 24 66 52 26
15 25 79 53 11
15 26 41 35 63
15 27 48 55 66
15 28 46 40 67
15 29 91 34 38
15 30 82 54 11
15 31 43 46 74
15 32 22 43 82
15 33 21 87 89
15 34 52 65 30
15 35 29 48 83
15 36 85 17 46
15 37 49 66 43
15 38 50 70 73
15 39 59 35 69
15 40 37 77 55
15 41 55 24 26
15 42 84 28 46
15 43 73 54 20
15 44 91 46 34
15 45 60 25 66
15 46 70 17 49
15 47 92 47 25
15 48 58 45 49
15 49 56 44 25
16 17 77 54 58
16 18 94 22 26
16 19 8 80 47
16 20 78 34 16
16 21 17 77 44
16 22 61 52 19
16 23 16 63 43
16 24 99 1 38
16 25 99 48 18
16 26 89 25 12
16 27 96 47 34
16 28 66 39 22
16 29 5 77 73
16 30 12 91 59
16 31 44 69 64
16 32 96 10 32
16 33 35 49 71
16 34 63 58 63
16 35 34 82 34
16 36 3 71 92
16 37 46 73 33
16 38 31 58 52
16 39 24 53 50
16 40 92 20 5
16 41 15 50 77
16 42 61 46 46
16 43 87 43 38
16 44 21 73 63
16 45 65 50 44
16 46 80 42 23
16 47 23 71 73
16 48 75 22 31
16 49 67 51 29
17 18 69 52 55
17 19 50 52 30
17 20 19 82 46
17 21 17 66 49
17 22 45 57 48
17 23 41 32 32
17 24 32 63 73
17 25 82 42 29
17 26 9 89 54
17 27 52 39 61
17 28 1 54 75
17 29 91 10 18
17 30 61 67 20
17 31 53 55 63
17 32 43 35 34
17 33 36 75 49
17 34 24 70 38
17 35 35 71 39
17 36 2 52 60
17 37 78 30 44
17 38 78 27 53
17 39 8 82 86
17 40 73 28 40
17 41 35 58 44
17 42 74 43 14
17 43 78 45 46
17 44 76 13 29
17 45 64 47 67
17 46 80 33 12
17 47 15 73 55
17 48 78 46 23
17 49 35 35 76
18 19 32 45 74
18 20 84 52 57
18 21 78 55 35
18 22 66 27 46
18 23 5 69 53
18 24 62 30 28
18 25 33 62 60
18 26 77 11 55
18 27 96 41 31
18 28 62 48 34
18 29 39 53 74
18 30 82 18 49
18 31 20 76 49
18 32 56 54 29
18 33 8 69 63
18 34 23 45 76
18 35 9 89 78
18 36 50 61 59
18 37 10 71 53
18 38 67 61 23
18 39 47 46 70
18 40 49 52 45
18 41 59 70 33
18 42 32 71 34
18 43 87 37 43
18 44 91 44 44
18 45 32 40 75
18 46 48 40 56
18 47 58 31 32
18 48 4 63 55
18 49 33 43 48
19 20 5 71 77
19 21 63 33 29
19 22 5 86 82
19 23 84 18 48
19 24 9 83 94
19 25 21 54 74
19 26 77 59 49
19 27 12 82 88
19 28 10 54 68
19 29 3 75 96
19 30 72 29 34
19 31 34 32 50
19 32 40 57 47
19 33 66 60 17
19 34 51 36 49
19 35 56 60 27
19 36 48 38 34
19 37 65 39 66
19 38 37 44 46
19 39 78 56 26
19 40 78 18 31
19 41 72 30 25
19 42 9 47 54
19 43 54 26 69
19 44 78 58 49
19 45 30 42 46
19 46 7 85 76
19 47 74 35 18
19 48 64 56 24
19 49 17 89 85
20 21 83 13 32
20 22 32 56 63
20 23 64 45 64
20 24 32 68 59
20 25 16 71 50
20 26 93 9 5
20 27 53 30 36
20 28 76 50 20
20 29 72 58 20
20 30 65 59 27
20 31 72 22 62
20 32 31 79 77
20 33 74 49 61
20 34 94 42 25
20 35 27 75 62
20 36 28 65 79
20 37 75 60 52
20 38 86 43 52
20 39 21 75 86
20 40 38 52 52
20 41 19 56 72
20 42 36 81 56
20 43 71 21 57
20 44 30 71 65
20 45 29 76 43
20 46 57 54 43
20 47 43 44 36
20 48 63 60 26
20 49 70 63 14
21 22 69 53 27
21 23 73 50 43
21 24 17 74 83
21 25 40 69 72
21 26 23 84 38
21 27 51 41 50
21 28 31 78 50
21 29 26 81 85
21 30 99 1 15
21 31 61 52 32
21 32 3 52 63
21 33 82 33 55
21 34 6 72 79
21 35 38 34 34
21 36 81 53 22
21 37 19 70 79
21 38 64 42 54
21 39 37 77 45
21 40 69 63 47
21 41 22 54 71
21 42 23 51 46
21 43 95 26 8
21 44 60 37 38
21 45 74 23 28
21 46 1 53 73
21 47 9 73 76
21 48 45 48 70
21 49 80 11 35
22 23 66 21 43
22 24 8 71 63
22 25 40 40 39
22 26 60 25 24
22 27 1 61 78
22 28 23 62 43
22 29 8 77 90
22 30 31 46 43
22 31 81 27 9
22 32 88 38 49
22 33 10 45 90
22 34 12 48 68
22 35 60 23 49
22 36 63 39 56
22 37 78 28 26
22 38 28 69 75
22 39 13 61 76
22 40 9 74 60
22 41 16 50 58
22 42 82 46 13
22 43 5 53 51
22 44 13 48 62
22 45 38 32 37
22 46 23 87 47
22 47 37 53 70
22 48 47 46 30
22 49 99 10 35
23 24 41 55 44
23 25 27 62 55
23 26 78 11 15
23 27 61 34 39
23 28 92 27 23
23 29 86 25 53
23 30 64 61 41
23 31 18 49 69
23 32 86 46 12
23 33 41 76 59
23 34 7 60 92
23 35 63 19 32
23 36 83 40 27
23 37 34 53 58
23 38 34 57 40
23 39 80 38 31
23 40 37 34 78
23 41 68 18 48
23 42 28 38 58
23 43 9 48 47
23 44 89 48 44
23 45 42 76 64
23 46 4 78 91
23 47 14 73 61
23 48 54 65 26
23 49 78 16 55
24 25 65 31 30
24 26 98 20 35
24 27 65 33 63
24 28 13 79 66
24 29 65 51 49
24 30 21 43 43
24 31 61 52 44
24 32 82 12 56
24 33 23 84 77
24 34 68 56 42
24 35 69 16 43
24 36 26 68 67
24 37 7 93 52
24 38 92 47 35
24 39 67 16 56
24 40 56 38 54
24 41 41 52 30
24 42 19 59 83
24 43 46 40 76
24 44 18 60 64
24 45 52 47 45
24 46 67 50 34
24 47 65 46 62
24 48 11 57 59
24 49 18 42 61
25 26 91 18 48
25 27 50 40 45
25 28 52 54 42
25 29 51 32 42
25 30 48 55 54
25 31 57 22 64
25 32 8 56 85
25 33 32 64 74
25 34 39 76 52
25 35 9 86 90
25 36 90 14 25
25 37 75 44 32
25 38 6 87 79
25 39 17 57 82
25 40 94 5 17
25 41 99 11 42
25 42 38 78 71
25 43 11 76 80
25 44 47 45 48
25 45 51 50 65
25 46 71 27 24
25 47 89 42 24
25 48 15 48 88
25 49 37 40 40
26 27 8 74 65
26 28 25 74 45
26 29 16 78 51
26 30 6 66 46
26 31 42 32 73
26 32 70 39 45
26 33 64 33 60
26 34 59 58 53
26 35 20 74 42
26 36 99 36 17
26 37 43 78 32
26 38 79 25 26
26 39 60 63 50
26 40 45 58 35
26 41 59 22 66
26 42 82 48 29
26 43 88 50 6
26 44 62 67 31
26 45 29 37 75
26 46 14 63 55
26 47 82 50 9
26 48 53 24 68
26 49 10 82 47
27 28 49 35 64
27 29 6 67 51
27 30 76 44 23
27 31 76 23 24
27 32 51 47 51
27 33 88 33 42
27 34 2 74 64
27 35 57 43 29
27 36 91 49 18
27 37 35 52 46
27 38 67 31 19
27 39 48 61 51
27 40 89 53 24
27 41 29 37 54
27 42 56 27 33
27 43 18 53 49
27 44 91 27 9
27 45 91 39 38
27 46 43 28 56
27 47 22 48 61
27 48 87 42 29
27 49 97 6 30
28 29 44 47 69
28 30 98 14 44
28 31 84 8 28
28 32 12 90 64
28 33 93 6 34
28 34 94 28 7
28 35 21 58 81
28 36 90 32 49
28 37 88 45 29
28 38 78 32 17
28 39 30 50 82
28 40 60 51 66
28 41 7 69 63
28 42 80 16 48
28 43 49 30 32
28 44 84 16 45
28 45 41 52 65
28 46 0 60 76
28 47 46 74 36
28 48 22 84 71
28 49 37 52 69
29 30 82 44 57
29 31 93 22 45
29 32 66 39 34
29 33 12 53 75
29 34 21 48 59
29 35 93 12 14
29 36 16 80 76
29 37 51 41 62
29 38 0 88 58
29 39 83 41 27
29 40 59 57 28
29 41 70 37 45
29 42 64 45 44
29 43 51 64 60
29 44 12 47 91
29 45 49 47 73
29 46 35 42 73
29 47 29 40 38
29 48 2 82 79
29 49 44 29 65
30 31 39 63 76
30 32 22 54 78
30 33 31 59 72
30 34 65 44 56
30 35 98 41 41
30 36 84 25 53
30 37 78 10 25
30 38 83 37 49
30 39 75 29 26
30 40 87 15 9
30 41 25 52 70
30 42 1 71 61
30 43 95 43 32
30 44 8 84 46
30 45 17 78 47
30 46 92 24 37
30 47 6 64 89
30 48 61 54 24
30 49 91 7 13
31 32 8 81 48
31 33 39 77 48
31 34 65 25 32
31 35 0 69 83
31 36 93 8 44
31 37 58 54 66
31 38 97 14 22
31 39 38 79 72
31 40 20 76 45
31 41 87 47 35
31 42 2 71 83
31 43 73 21 59
31 44 47 61 40
31 45 56 41 62
31 46 89 44 16
31 47 31 69 68
31 48 59 35 24
31 49 77 30 23
32 33 11 82 90
32 34 98 21 40
32 35 78 28 47
32 36 84 14 48
32 37 8 86 56
32 38 50 25 66
32 39 48 36 60
32 40 39 67 49
32 41 7 63 54
32 42 79 43 47
32 43 97 17 28
32 44 90 38 51
32 45 2 92 84
32 46 15 56 53
32 47 66 19 39
32 48 57 39 38
32 49 76 60 24
33 34 3 89 50
33 35 51 56 24
33 36 69 63 38
33 37 49 30 69
33 38 86 46 10
33 39 87 12 30
33 40 24 61 56
33 41 94 11 11
33 42 60 42 46
33 43 14 89 78
33 44 64 32 19
33 45 26 82 84
33 46 85 13 35
33 47 96 40 28
33 48 20 64 83
33 49 6 51 80
34 35 24 59 82
34 36 6 50 94
34 37 75 41 20
34 38 31 71 57
34 39 56 40 38
34 40 0 94 60
34 41 13 65 50
34 42 90 13 35
34 43 54 72 46
34 44 64 54 20
34 45 53 72 41
34 46 32 81 43
34 47 45 35 65
34 48 38 34 62
34 49 8 50 63
35 36 82 41 12
35 37 22 77 79
35 38 80 45 18
35 39 4 94 54
35 40 39 61 52
35 41 50 32 39
35 42 96 23 37
35 43 96 33 8
35 44 93 34 29
35 45 87 26 27
35 46 92 22 38
35 47 35 75 81
35 48 9 67 77
35 49 53 68 30
36 37 52 48 45
36 38 5 58 62
36 39 66 55 33
36 40 94 27 34
36 41 97 33 50
36 42 55 43 36
36 43 84 27 16
36 44 33 66 54
36 45 71 30 50
36 46 67 24 19
36 47 95 11 44
36 48 58 37 49
36 49 75 36 48
37 38 70 30 35
37 39 53 30 23
37 40 12 63 74
37 41 7 93 46
37 42 57 65 45
37 43 94 42 43
37 44 1 51 56
37 45 5 82 92
37 46 40 46 37
37 47 56 35 37
37 48 44 68 75
37 49 64 28 38
38 39 16 45 51
38 40 55 33 25
38 41 33 39 82
38 42 44 36 36
38 43 3 90 58
38 44 58 64 32
38 45 92 9 19
38 46 38 68 48
38 47 38 73 79
38 48 67 36 29
38 49 85 52 30
39 40 38 46 48
39 41 89 15 51
39 42 97 31 50
39 43 50 55 49
39 44 17 51 61
39 45 5 57 91
39 46 62 21 53
39 47 16 55 53
39 48 31 44 53
39 49 54 49 42
40 41 9 72 78
40 42 29 46 75
40 43 28 82 73
40 44 25 71 59
40 45 91 49 42
40 46 3 59 94
40 47 79 15 13
40 48 8 55 68
40 49 22 78 62
41 42 6 61 73
41 43 47 53 72
41 44 66 18 30
41 45 74 53 60
41 46 52 45 42
41 47 17 63 77
41 48 20 84 58
41 49 84 17 23
42 43 47 68 73
42 44 13 90 85
42 45 83 40 44
42 46 52 68 27
42 47 25 45 73
42 48 90 43 8
42 49 90 18 20
43 44 32 45 45
43 45 18 45 65
43 46 26 64 45
43 47 97 13 17
43 48 98 19 27
43 49 8 69 70
44 45 41 73 56
44 46 26 57 46
44 47 18 50 55
44 48 27 79 83
44 49 10 58 61
45 46 49 68 74
45 47 75 15 59
45 48 97 25 4
45 49 61 38 60
46 47 63 20 51
46 48 81 36 55
46 49 41 61 46
47 48 27 55 50
47 49 13 63 75
48 49 4 87 47
