100
0 1 68 23
0 2 87 1
0 3 4 98
0 4 57 53
0 5 61 89
0 6 94 68
0 7 93 70
0 8 74 91
0 9 78 9
0 10 1 23
0 11 36 46
0 12 91 29
0 13 90 46
0 14 88 6
0 15 97 4
0 16 87 60
0 17 39 29
0 18 95 72
0 19 92 8
0 20 75 66
0 21 44 82
0 22 55 87
0 23 91 43
0 24 92 82
0 25 80 37
0 26 70 23
0 27 2 19
0 28 49 85
0 29 10 80
0 30 93 28
0 31 36 26
0 32 6 83
0 33 92 17
0 34 97 68
0 35 79 63
0 36 0 58
0 37 53 59
0 38 33 38
0 39 12 67
0 40 71 50
0 41 10 65
0 42 66 48
0 43 30 82
0 44 93 57
0 45 44 80
0 46 79 12
0 47 88 85
0 48 10 76
0 49 39 61
0 50 69 8
0 51 74 88
0 52 0 54
0 53 1 56
0 54 68 49
0 55 94 81
0 56 60 21
0 57 36 9
0 58 24 26
0 59 74 64
0 60 96 84
0 61 84 68
0 62 76 13
0 63 77 61
0 64 79 9
0 65 81 81
0 66 62 25
0 67 22 46
0 68 15 93
0 69 73 47
0 70 10 91
0 71 98 62
0 72 46 7
0 73 21 77
0 74 52 13
0 75 35 50
0 76 12 91
0 77 63 48
0 78 78 27
0 79 66 21
0 80 67 15
0 81 49 18
0 82 88 25
0 83 84 89
0 84 38 38
0 85 18 35
0 86 19 59
0 87 2 48
0 88 3 66
0 89 46 55
0 90 6 50
0 91 78 49
0 92 49 70
0 93 94 49
0 94 90 34
0 95 17 87
0 96 57 66
0 97 72 18
0 98 85 14
0 99 11 72
1 2 23 16
1 3 32 20
1 4 37 72
1 5 83 50
1 6 92 40
1 7 17 66
1 8 92 14
1 9 31 57
1 10 96 71
1 11 67 24
1 12 9 77
1 13 90 59
1 14 60 22
1 15 7 17
1 16 17 95
1 17 27 63
1 18 57 54
1 19 27 20
1 20 40 58
1 21 98 12
1 22 51 73
1 23 3 83
1 24 34 58
1 25 93 67
1 26 75 81
1 27 69 57
1 28 93 19
1 29 5 42
1 30 75 6
1 31 91 56
1 32 63 78
1 33 15 97
1 34 79 5
1 35 94 3
1 36 43 56
1 37 19 26
1 38 39 79
1 39 97 2
1 40 22 22
1 41 13 71
1 42 36 23
1 43 2 93
1 44 1 33
1 45 93 90
1 46 87 58
1 47 99 33
1 48 58 57
1 49 21 46
1 50 17 13
1 51 84 69
1 52 23 16
1 53 84 56
1 54 71 27
1 55 17 80
1 56 17 63
1 57 45 51
1 58 71 57
1 59 88 63
1 60 3 18
1 61 91 31
1 62 42 60
1 63 22 45
1 64 44 54
1 65 89 89
1 66 50 17
1 67 73 69
1 68 75 84
1 69 98 27
1 70 37 56
1 71 16 21
1 72 49 26
1 73 72 56
1 74 87 72
1 75 96 38
1 76 94 5
1 77 67 44
1 78 15 97
1 79 97 80
1 80 36 78
1 81 48 34
1 82 19 76
1 83 71 88
1 84 90 12
1 85 48 28
1 86 62 16
1 87 50 18
1 88 58 29
1 89 56 43
1 90 33 41
1 91 93 67
1 92 28 41
1 93 79 15
1 94 70 50
1 95 44 67
1 96 93 17
1 97 65 73
1 98 35 80
1 99 77 78
2 3 91 40
2 4 14 52
2 5 62 42
2 6 86 88
2 7 57 79
2 8 62 88
2 9 99 76
2 10 61 46
2 11 17 9
2 12 80 67
2 13 50 62
2 14 62 49
2 15 65 45
2 16 78 7
2 17 72 28
2 18 39 32
2 19 26 66
2 20 97 5
2 21 2 90
2 22 99 67
2 23 45 45
2 24 72 8
2 25 74 58
2 26 80 24
2 27 69 33
2 28 11 18
2 29 51 59
2 30 83 33
2 31 71 71
2 32 51 24
2 33 0 49
2 34 11 66
2 35 97 39
2 36 22 20
2 37 73 44
2 38 6 89
2 39 83 82
2 40 5 88
2 41 33 17
2 42 85 11
2 43 42 60
2 44 53 67
2 45 82 32
2 46 94 43
2 47 66 69
2 48 72 2
2 49 52 51
2 50 31 9
2 51 7 78
2 52 84 17
2 53 61 83
2 54 83 46
2 55 24 42
2 56 56 79
2 57 61 86
2 58 8 57
2 59 8 47
2 60 13 66
2 61 6 20
2 62 59 52
2 63 23 90
2 64 0 60
2 65 1 44
2 66 22 40
2 67 88 1
2 68 72 68
2 69 79 28
2 70 94 77
2 71 22 50
2 72 97 33
2 73 5 51
2 74 88 78
2 75 0 27
2 76 23 49
2 77 51 43
2 78 51 63
2 79 96 70
2 80 38 9
2 81 8 37
2 82 14 70
2 83 40 80
2 84 48 92
2 85 20 62
2 86 82 13
2 87 90 51
2 88 5 42
2 89 36 59
2 90 91 43
2 91 84 40
2 92 19 61
2 93 58 63
2 94 24 37
2 95 17 68
2 96 39 77
2 97 12 69
2 98 25 79
2 99 51 87
3 4 68 27
3 5 73 40
3 6 86 1
3 7 5 65
3 8 37 96
3 9 70 90
3 10 4 87
3 11 63 29
3 12 97 37
3 13 58 61
3 14 42 37
3 15 86 54
3 16 1 65
3 17 1 14
3 18 27 16
3 19 27 91
3 20 22 67
3 21 95 86
3 22 37 17
3 23 53 44
3 24 80 53
3 25 11 12
3 26 28 77
3 27 52 38
3 28 42 65
3 29 22 57
3 30 9 12
3 31 42 68
3 32 34 15
3 33 10 17
3 34 21 64
3 35 36 26
3 36 28 91
3 37 85 37
3 38 10 90
3 39 43 19
3 40 54 13
3 41 47 88
3 42 86 33
3 43 67 59
3 44 49 48
3 45 74 88
3 46 28 47
3 47 15 17
3 48 35 9
3 49 16 40
3 50 85 79
3 51 65 75
3 52 50 12
3 53 79 54
3 54 5 85
3 55 8 27
3 56 99 80
3 57 9 16
3 58 89 90
3 59 82 73
3 60 10 86
3 61 84 30
3 62 45 12
3 63 28 7
3 64 44 79
3 65 13 52
3 66 74 79
3 67 53 25
3 68 38 18
3 69 37 54
3 70 97 33
3 71 70 42
3 72 6 32
3 73 90 75
3 74 89 7
3 75 54 42
3 76 57 29
3 77 29 14
3 78 83 41
3 79 55 58
3 80 62 30
3 81 89 66
3 82 2 11
3 83 51 83
3 84 16 9
3 85 2 39
3 86 18 73
3 87 63 52
3 88 46 55
3 89 58 72
3 90 79 87
3 91 20 96
3 92 66 43
3 93 62 55
3 94 37 46
3 95 35 24
3 96 69 18
3 97 14 54
3 98 23 43
3 99 35 94
4 5 87 31
4 6 76 74
4 7 74 87
4 8 85 14
4 9 1 23
4 10 12 85
4 11 71 88
4 12 37 83
4 13 39 50
4 14 60 89
4 15 55 23
4 16 88 25
4 17 48 94
4 18 38 43
4 19 8 86
4 20 77 19
4 21 47 59
4 22 36 94
4 23 8 12
4 24 11 42
4 25 1 34
4 26 59 68
4 27 4 61
4 28 3 86
4 29 19 39
4 30 91 46
4 31 52 29
4 32 73 37
4 33 68 29
4 34 61 39
4 35 87 71
4 36 33 15
4 37 76 70
4 38 91 18
4 39 63 12
4 40 93 79
4 41 95 54
4 42 39 6
4 43 63 8
4 44 5 14
4 45 26 11
4 46 82 23
4 47 61 56
4 48 13 15
4 49 74 80
4 50 54 25
4 51 30 90
4 52 50 9
4 53 50 20
4 54 38 51
4 55 27 40
4 56 17 16
4 57 68 55
4 58 85 65
4 59 69 61
4 60 42 44
4 61 95 86
4 62 80 50
4 63 70 87
4 64 35 18
4 65 37 89
4 66 62 12
4 67 45 33
4 68 62 51
4 69 4 77
4 70 35 28
4 71 48 13
4 72 39 79
4 73 47 8
4 74 35 23
4 75 8 27
4 76 94 79
4 77 74 74
4 78 11 66
4 79 19 22
4 80 70 69
4 81 22 64
4 82 3 91
4 83 65 53
4 84 58 15
4 85 21 87
4 86 81 65
4 87 57 26
4 88 16 43
4 89 44 95
4 90 11 48
4 91 59 16
4 92 85 78
4 93 68 39
4 94 79 46
4 95 54 7
4 96 31 16
4 97 72 30
4 98 23 48
4 99 46 49
5 6 45 79
5 7 57 27
5 8 29 67
5 9 1 14
5 10 20 53
5 11 21 37
5 12 14 30
5 13 91 56
5 14 30 57
5 15 40 30
5 16 42 9
5 17 5 11
5 18 53 11
5 19 88 65
5 20 77 83
5 21 78 14
5 22 13 10
5 23 63 89
5 24 87 51
5 25 0 20
5 26 47 10
5 27 38 26
5 28 33 75
5 29 18 29
5 30 61 16
5 31 41 56
5 32 14 83
5 33 10 59
5 34 1 14
5 35 12 56
5 36 89 75
5 37 76 33
5 38 32 74
5 39 85 20
5 40 37 32
5 41 8 52
5 42 20 88
5 43 87 37
5 44 0 76
5 45 90 11
5 46 97 22
5 47 63 78
5 48 94 38
5 49 44 13
5 50 0 50
5 51 41 14
5 52 45 79
5 53 25 79
5 54 44 24
5 55 91 76
5 56 67 78
5 57 19 34
5 58 85 68
5 59 0 35
5 60 81 80
5 61 91 52
5 62 72 80
5 63 38 60
5 64 99 14
5 65 56 52
5 66 24 71
5 67 90 28
5 68 33 66
5 69 83 78
5 70 26 48
5 71 0 94
5 72 14 59
5 73 88 17
5 74 9 80
5 75 77 68
5 76 84 47
5 77 25 17
5 78 64 65
5 79 96 1
5 80 66 31
5 81 74 15
5 82 61 83
5 83 74 37
5 84 38 80
5 85 98 15
5 86 45 91
5 87 48 47
5 88 25 77
5 89 62 88
5 90 59 69
5 91 97 47
5 92 69 83
5 93 47 68
5 94 70 52
5 95 36 24
5 96 3 96
5 97 94 68
5 98 0 88
5 99 56 91
6 7 44 86
6 8 89 28
6 9 94 18
6 10 72 22
6 11 12 94
6 12 23 62
6 13 83 46
6 14 76 59
6 15 27 17
6 16 1 96
6 17 94 75
6 18 73 31
6 19 12 88
6 20 72 77
6 21 28 64
6 22 18 63
6 23 41 60
6 24 41 57
6 25 67 44
6 26 45 77
6 27 37 26
6 28 2 37
6 29 39 59
6 30 17 21
6 31 84 62
6 32 11 64
6 33 33 94
6 34 55 30
6 35 70 40
6 36 78 4
6 37 38 21
6 38 93 49
6 39 32 81
6 40 50 92
6 41 21 29
6 42 56 37
6 43 79 67
6 44 73 49
6 45 15 39
6 46 32 52
6 47 26 47
6 48 91 35
6 49 0 88
6 50 65 67
6 51 59 92
6 52 10 26
6 53 37 24
6 54 81 52
6 55 85 63
6 56 15 71
6 57 16 89
6 58 27 59
6 59 50 87
6 60 24 52
6 61 67 30
6 62 63 64
6 63 24 48
6 64 83 20
6 65 96 35
6 66 33 60
6 67 73 66
6 68 54 75
6 69 70 80
6 70 52 74
6 71 52 92
6 72 91 25
6 73 26 66
6 74 35 51
6 75 94 21
6 76 16 63
6 77 34 55
6 78 77 36
6 79 34 90
6 80 7 88
6 81 62 34
6 82 56 72
6 83 0 98
6 84 32 40
6 85 32 73
6 86 87 42
6 87 10 72
6 88 20 65
6 89 43 12
6 90 30 94
6 91 7 29
6 92 39 46
6 93 91 5
6 94 88 48
6 95 12 47
6 96 61 67
6 97 70 47
6 98 11 71
6 99 38 45
7 8 23 95
7 9 17 36
7 10 73 30
7 11 82 30
7 12 71 16
7 13 76 62
7 14 91 6
7 15 32 74
7 16 34 36
7 17 74 74
7 18 87 54
7 19 81 9
7 20 19 92
7 21 56 86
7 22 93 15
7 23 62 19
7 24 97 56
7 25 83 70
7 26 33 93
7 27 66 81
7 28 26 86
7 29 43 93
7 30 25 91
7 31 12 25
7 32 96 49
7 33 63 33
7 34 29 29
7 35 53 5
7 36 6 18
7 37 99 28
7 38 72 84
7 39 47 53
7 40 41 74
7 41 28 27
7 42 91 68
7 43 1 58
7 44 34 80
7 45 84 48
7 46 82 81
7 47 62 41
7 48 99 8
7 49 80 87
7 50 87 57
7 51 40 83
7 52 94 52
7 53 44 40
7 54 52 23
7 55 16 74
7 56 20 33
7 57 96 62
7 58 13 56
7 59 94 36
7 60 85 11
7 61 10 26
7 62 82 64
7 63 97 37
7 64 20 65
7 65 78 58
7 66 26 54
7 67 68 28
7 68 7 92
7 69 12 50
7 70 33 44
7 71 10 83
7 72 72 52
7 73 10 98
7 74 26 70
7 75 55 93
7 76 80 13
7 77 84 23
7 78 28 34
7 79 14 43
7 80 20 93
7 81 36 82
7 82 2 41
7 83 12 13
7 84 10 23
7 85 50 38
7 86 47 54
7 87 22 24
7 88 73 37
7 89 11 96
7 90 33 52
7 91 23 45
7 92 91 43
7 93 22 54
7 94 11 41
7 95 80 51
7 96 6 22
7 97 17 60
7 98 80 88
7 99 3 18
8 9 98 85
8 10 99 61
8 11 16 91
8 12 21 73
8 13 23 60
8 14 52 32
8 15 61 45
8 16 32 6
8 17 49 20
8 18 40 32
8 19 21 76
8 20 11 92
8 21 48 54
8 22 34 25
8 23 80 39
8 24 98 69
8 25 37 51
8 26 46 22
8 27 45 48
8 28 11 30
8 29 53 93
8 30 5 72
8 31 90 47
8 32 1 16
8 33 59 7
8 34 75 24
8 35 30 20
8 36 30 62
8 37 93 56
8 38 98 15
8 39 49 63
8 40 45 47
8 41 87 59
8 42 89 86
8 43 74 60
8 44 65 78
8 45 15 34
8 46 86 75
8 47 8 39
8 48 33 46
8 49 0 74
8 50 31 88
8 51 37 47
8 52 68 65
8 53 56 37
8 54 85 5
8 55 51 87
8 56 94 41
8 57 58 37
8 58 90 64
8 59 2 51
8 60 45 59
8 61 26 44
8 62 35 54
8 63 73 78
8 64 0 11
8 65 90 64
8 66 75 15
8 67 84 50
8 68 10 17
8 69 53 25
8 70 61 75
8 71 80 46
8 72 98 49
8 73 4 19
8 74 73 60
8 75 69 33
8 76 10 39
8 77 80 7
8 78 89 30
8 79 71 85
8 80 26 88
8 81 84 46
8 82 85 72
8 83 95 84
8 84 73 55
8 85 2 71
8 86 35 66
8 87 66 53
8 88 54 48
8 89 89 25
8 90 74 24
8 91 53 33
8 92 54 40
8 93 11 50
8 94 97 14
8 95 14 53
8 96 51 31
8 97 83 75
8 98 96 79
8 99 98 71
9 10 44 80
9 11 95 72
9 12 31 33
9 13 50 56
9 14 58 20
9 15 27 58
9 16 28 96
9 17 70 24
9 18 33 24
9 19 8 79
9 20 66 61
9 21 33 27
9 22 94 60
9 23 33 40
9 24 48 55
9 25 11 60
9 26 25 83
9 27 24 55
9 28 77 64
9 29 36 83
9 30 94 23
9 31 23 42
9 32 77 59
9 33 10 90
9 34 34 94
9 35 45 66
9 36 59 45
9 37 27 73
9 38 33 61
9 39 72 49
9 40 44 74
9 41 92 29
9 42 14 58
9 43 40 60
9 44 22 89
9 45 16 29
9 46 53 71
9 47 60 80
9 48 7 85
9 49 28 50
9 50 32 36
9 51 84 85
9 52 19 45
9 53 31 77
9 54 53 35
9 55 35 74
9 56 88 32
9 57 37 68
9 58 8 18
9 59 77 89
9 60 81 24
9 61 14 54
9 62 0 25
9 63 16 85
9 64 73 47
9 65 3 34
9 66 54 69
9 67 85 45
9 68 23 83
9 69 3 25
9 70 96 3
9 71 47 52
9 72 48 34
9 73 14 97
9 74 87 52
9 75 87 76
9 76 32 49
9 77 76 84
9 78 79 16
9 79 49 64
9 80 14 19
9 81 6 69
9 82 10 96
9 83 46 82
9 84 45 40
9 85 60 82
9 86 26 14
9 87 32 86
9 88 15 96
9 89 83 39
9 90 15 38
9 91 90 1
9 92 25 46
9 93 20 71
9 94 91 20
9 95 13 26
9 96 88 2
9 97 72 51
9 98 50 49
9 99 45 31
10 11 62 92
10 12 96 72
10 13 95 30
10 14 8 78
10 15 50 58
10 16 7 34
10 17 68 91
10 18 64 12
10 19 73 83
10 20 74 75
10 21 16 80
10 22 14 30
10 23 74 77
10 24 7 53
10 25 60 35
10 26 78 15
10 27 22 8
10 28 17 52
10 29 97 69
10 30 76 71
10 31 39 44
10 32 0 86
10 33 51 60
10 34 17 14
10 35 19 97
10 36 48 58
10 37 18 49
10 38 17 80
10 39 18 92
10 40 72 8
10 41 25 54
10 42 39 35
10 43 9 72
10 44 34 75
10 45 20 40
10 46 18 17
10 47 37 26
10 48 44 28
10 49 5 71
10 50 92 43
10 51 80 41
10 52 85 54
10 53 20 19
10 54 61 26
10 55 15 33
10 56 42 90
10 57 23 74
10 58 78 35
10 59 26 62
10 60 65 7
10 61 70 86
10 62 82 55
10 63 99 72
10 64 75 29
10 65 25 68
10 66 70 24
10 67 57 51
10 68 6 56
10 69 32 55
10 70 55 51
10 71 47 13
10 72 32 31
10 73 51 37
10 74 13 20
10 75 52 64
10 76 89 29
10 77 41 22
10 78 47 80
10 79 51 94
10 80 59 5
10 81 63 77
10 82 45 44
10 83 90 18
10 84 18 14
10 85 91 61
10 86 24 28
10 87 61 34
10 88 25 59
10 89 93 60
10 90 93 42
10 91 89 34
10 92 52 85
10 93 65 86
10 94 26 51
10 95 11 87
10 96 45 34
10 97 0 37
10 98 31 12
10 99 47 90
11 12 81 69
11 13 87 12
11 14 13 73
11 15 92 47
11 16 76 83
11 17 78 24
11 18 53 69
11 19 88 46
11 20 25 15
11 21 14 79
11 22 3 42
11 23 53 11
11 24 28 95
11 25 71 80
11 26 75 80
11 27 56 89
11 28 7 75
11 29 51 53
11 30 51 4
11 31 33 33
11 32 90 18
11 33 16 22
11 34 1 95
11 35 97 46
11 36 68 90
11 37 43 78
11 38 31 89
11 39 79 5
11 40 87 33
11 41 87 10
11 42 27 66
11 43 88 63
11 44 57 82
11 45 47 13
11 46 50 79
11 47 43 48
11 48 5 31
11 49 89 68
11 50 82 46
11 51 11 15
11 52 90 19
11 53 23 75
11 54 62 69
11 55 37 35
11 56 19 10
11 57 84 90
11 58 89 60
11 59 41 29
11 60 91 23
11 61 91 28
11 62 75 73
11 63 35 22
11 64 87 33
11 65 32 34
11 66 67 48
11 67 62 51
11 68 60 57
11 69 93 54
11 70 40 49
11 71 89 90
11 72 29 14
11 73 86 4
11 74 50 79
11 75 79 81
11 76 18 55
11 77 19 44
11 78 25 42
11 79 44 19
11 80 63 46
11 81 66 33
11 82 64 32
11 83 48 16
11 84 42 50
11 85 8 81
11 86 84 7
11 87 89 80
11 88 8 65
11 89 31 20
11 90 99 69
11 91 3 66
11 92 35 38
11 93 71 56
11 94 46 76
11 95 47 85
11 96 7 47
11 97 94 13
11 98 70 23
11 99 95 81
12 13 65 80
12 14 19 64
12 15 46 29
12 16 75 54
12 17 94 57
12 18 52 71
12 19 30 28
12 20 45 29
12 21 16 74
12 22 70 11
12 23 51 56
12 24 21 29
12 25 48 39
12 26 94 14
12 27 10 27
12 28 37 7
12 29 85 26
12 30 37 13
12 31 83 3
12 32 31 52
12 33 13 20
12 34 28 81
12 35 79 45
12 36 3 47
12 37 72 58
12 38 31 89
12 39 28 18
12 40 72 43
12 41 57 20
12 42 52 88
12 43 55 77
12 44 30 78
12 45 96 47
12 46 0 75
12 47 16 96
12 48 40 89
12 49 24 79
12 50 99 13
12 51 9 24
12 52 73 5
12 53 60 64
12 54 22 53
12 55 81 23
12 56 86 47
12 57 32 64
12 58 28 14
12 59 13 84
12 60 72 58
12 61 43 33
12 62 8 56
12 63 1 67
12 64 35 87
12 65 38 64
12 66 89 81
12 67 92 65
12 68 21 30
12 69 5 17
12 70 73 52
12 71 98 21
12 72 37 22
12 73 43 33
12 74 71 62
12 75 52 54
12 76 81 13
12 77 60 81
12 78 4 97
12 79 54 33
12 80 35 30
12 81 47 95
12 82 99 16
12 83 64 36
12 84 1 42
12 85 35 21
12 86 45 92
12 87 20 46
12 88 91 71
12 89 87 44
12 90 22 63
12 91 68 29
12 92 67 4
12 93 30 8
12 94 57 79
12 95 85 86
12 96 51 7
12 97 45 24
12 98 59 61
12 99 15 30
13 14 18 58
13 15 41 58
13 16 83 57
13 17 80 4
13 18 76 77
13 19 43 16
13 20 32 38
13 21 26 53
13 22 85 77
13 23 12 63
13 24 63 4
13 25 74 66
13 26 92 21
13 27 17 96
13 28 13 10
13 29 80 10
13 30 56 42
13 31 85 2
13 32 88 62
13 33 56 7
13 34 78 78
13 35 76 8
13 36 19 14
13 37 73 77
13 38 69 36
13 39 65 60
13 40 45 77
13 41 60 39
13 42 57 78
13 43 94 34
13 44 88 66
13 45 57 30
13 46 43 65
13 47 30 69
13 48 97 18
13 49 22 24
13 50 48 41
13 51 8 82
13 52 28 94
13 53 94 83
13 54 17 30
13 55 63 91
13 56 6 28
13 57 38 93
13 58 78 46
13 59 38 83
13 60 0 94
13 61 20 82
13 62 83 47
13 63 79 32
13 64 62 71
13 65 12 66
13 66 7 76
13 67 65 3
13 68 59 27
13 69 60 57
13 70 32 34
13 71 21 82
13 72 88 36
13 73 89 78
13 74 21 71
13 75 72 14
13 76 0 49
13 77 49 10
13 78 48 30
13 79 96 28
13 80 15 67
13 81 53 29
13 82 19 33
13 83 42 40
13 84 15 25
13 85 57 42
13 86 31 17
13 87 43 51
13 88 32 90
13 89 76 32
13 90 13 59
13 91 44 45
13 92 90 46
13 93 34 15
13 94 56 13
13 95 18 29
13 96 33 63
13 97 9 76
13 98 11 63
13 99 98 86
14 15 31 17
14 16 43 57
14 17 55 16
14 18 56 82
14 19 35 91
14 20 14 25
14 21 67 78
14 22 93 52
14 23 43 93
14 24 66 71
14 25 57 58
14 26 34 66
14 27 49 32
14 28 23 86
14 29 97 77
14 30 87 8
14 31 50 35
14 32 16 13
14 33 31 25
14 34 26 63
14 35 77 36
14 36 97 74
14 37 31 22
14 38 69 39
14 39 46 46
14 40 17 59
14 41 1 16
14 42 34 74
14 43 23 25
14 44 81 30
14 45 6 22
14 46 30 69
14 47 96 71
14 48 60 93
14 49 79 63
14 50 87 74
14 51 0 37
14 52 85 31
14 53 36 25
14 54 97 41
14 55 34 34
14 56 5 26
14 57 44 59
14 58 1 33
14 59 99 54
14 60 36 46
14 61 0 53
14 62 40 37
14 63 73 84
14 64 30 46
14 65 39 27
14 66 76 56
14 67 39 89
14 68 59 53
14 69 6 47
14 70 27 55
14 71 39 95
14 72 43 85
14 73 74 5
14 74 55 46
14 75 69 24
14 76 20 55
14 77 40 51
14 78 25 7
14 79 35 95
14 80 50 35
14 81 56 19
14 82 56 68
14 83 34 10
14 84 28 21
14 85 34 90
14 86 88 9
14 87 93 38
14 88 96 49
14 89 96 49
14 90 93 62
14 91 25 54
14 92 93 38
14 93 35 52
14 94 25 32
14 95 94 21
14 96 82 8
14 97 64 22
14 98 80 22
14 99 89 7
15 16 99 75
15 17 36 47
15 18 41 49
15 19 58 64
15 20 60 91
15 21 3 94
15 22 57 17
15 23 42 71
15 24 99 53
15 25 53 88
15 26 39 29
15 27 7 70
15 28 15 45
15 29 19 68
15 30 53 15
15 31 47 56
15 32 34 36
15 33 4 46
15 34 50 86
15 35 68 31
15 36 55 90
15 37 4 17
15 38 40 57
15 39 58 51
15 40 92 19
15 41 69 42
15 42 83 35
15 43 16 89
15 44 33 67
15 45 15 33
15 46 52 7
15 47 42 73
15 48 24 42
15 49 39 45
15 50 45 75
15 51 3 76
15 52 15 86
15 53 40 52
15 54 21 90
15 55 58 64
15 56 3 36
15 57 96 67
15 58 46 94
15 59 67 50
15 60 79 50
15 61 36 86
15 62 84 60
15 63 58 4
15 64 62 50
15 65 46 40
15 66 81 5
15 67 20 55
15 68 68 28
15 69 66 57
15 70 73 27
15 71 79 14
15 72 56 42
15 73 87 2
15 74 86 47
15 75 89 76
15 76 11 68
15 77 3 11
15 78 9 51
15 79 52 11
15 80 74 65
15 81 19 68
15 82 90 40
15 83 5 75
15 84 2 34
15 85 6 13
15 86 73 54
15 87 6 82
15 88 3 89
15 89 9 26
15 90 93 38
15 91 34 28
15 92 69 28
15 93 80 56
15 94 28 12
15 95 73 27
15 96 63 43
15 97 79 84
15 98 42 78
15 99 19 95
16 17 79 47
16 18 95 57
16 19 46 30
16 20 89 75
16 21 11 94
16 22 99 54
16 23 44 39
16 24 56 65
16 25 38 73
16 26 0 87
16 27 94 86
16 28 95 64
16 29 22 23
16 30 66 18
16 31 31 96
16 32 20 51
16 33 41 83
16 34 65 57
16 35 0 49
16 36 49 40
16 37 22 47
16 38 12 97
16 39 55 36
16 40 20 30
16 41 87 83
16 42 85 39
16 43 89 87
16 44 61 37
16 45 81 90
16 46 93 13
16 47 14 70
16 48 26 51
16 49 24 91
16 50 54 67
16 51 5 64
16 52 88 34
16 53 4 22
16 54 96 8
16 55 22 10
16 56 21 28
16 57 91 29
16 58 29 37
16 59 31 89
16 60 18 77
16 61 58 55
16 62 81 73
16 63 8 12
16 64 80 6
16 65 62 78
16 66 55 32
16 67 9 43
16 68 45 34
16 69 77 79
16 70 59 20
16 71 14 27
16 72 27 33
16 73 86 60
16 74 79 39
16 75 68 37
16 76 35 27
16 77 73 14
16 78 96 34
16 79 32 54
16 80 4 58
16 81 67 78
16 82 25 56
16 83 68 21
16 84 99 84
16 85 15 89
16 86 39 63
16 87 92 84
16 88 66 8
16 89 91 77
16 90 97 40
16 91 5 83
16 92 72 68
16 93 81 53
16 94 39 79
16 95 28 16
16 96 8 39
16 97 36 77
16 98 22 15
16 99 11 36
17 18 80 90
17 19 90 57
17 20 54 14
17 21 0 99
17 22 15 45
17 23 78 71
17 24 58 61
17 25 91 3
17 26 50 62
17 27 32 27
17 28 70 13
17 29 68 50
17 30 93 48
17 31 71 7
17 32 69 42
17 33 87 74
17 34 41 40
17 35 68 39
17 36 63 31
17 37 92 76
17 38 45 86
17 39 21 15
17 40 26 70
17 41 32 7
17 42 21 84
17 43 33 41
17 44 96 31
17 45 18 38
17 46 37 13
17 47 75 16
17 48 44 39
17 49 26 30
17 50 9 83
17 51 49 25
17 52 47 44
17 53 17 26
17 54 39 30
17 55 70 46
17 56 2 64
17 57 85 62
17 58 53 91
17 59 76 14
17 60 24 16
17 61 90 55
17 62 45 87
17 63 58 14
17 64 18 22
17 65 64 13
17 66 67 36
17 67 90 68
17 68 25 60
17 69 18 47
17 70 92 53
17 71 73 15
17 72 93 13
17 73 75 88
17 74 51 27
17 75 19 17
17 76 97 41
17 77 23 63
17 78 72 90
17 79 91 64
17 80 3 49
17 81 20 86
17 82 92 82
17 83 64 69
17 84 55 35
17 85 5 90
17 86 83 89
17 87 92 47
17 88 16 37
17 89 10 15
17 90 51 36
17 91 63 27
17 92 37 76
17 93 18 72
17 94 65 11
17 95 96 27
17 96 75 4
17 97 72 81
17 98 74 59
17 99 9 85
18 19 95 37
18 20 24 14
18 21 70 68
18 22 27 83
18 23 70 70
18 24 52 32
18 25 92 49
18 26 88 77
18 27 63 27
18 28 90 29
18 29 60 14
18 30 78 83
18 31 63 38
18 32 9 91
18 33 80 43
18 34 31 65
18 35 68 60
18 36 75 4
18 37 44 32
18 38 92 87
18 39 28 33
18 40 5 48
18 41 86 20
18 42 9 65
18 43 92 15
18 44 1 28
18 45 30 71
18 46 56 42
18 47 52 26
18 48 91 10
18 49 84 17
18 50 25 65
18 51 39 77
18 52 95 1
18 53 21 60
18 54 87 15
18 55 46 89
18 56 89 82
18 57 4 44
18 58 56 73
18 59 34 45
18 60 98 9
18 61 28 37
18 62 87 89
18 63 85 69
18 64 2 50
18 65 70 91
18 66 56 67
18 67 38 68
18 68 60 60
18 69 13 98
18 70 27 95
18 71 7 69
18 72 40 20
18 73 36 41
18 74 88 74
18 75 97 68
18 76 94 33
18 77 34 46
18 78 72 25
18 79 98 35
18 80 97 3
18 81 94 4
18 82 28 16
18 83 96 68
18 84 17 64
18 85 80 78
18 86 31 84
18 87 59 54
18 88 69 42
18 89 17 65
18 90 39 19
18 91 31 43
18 92 23 48
18 93 2 38
18 94 54 72
18 95 80 18
18 96 50 18
18 97 23 58
18 98 36 39
18 99 49 68
19 20 77 23
19 21 46 76
19 22 65 90
19 23 73 37
19 24 9 86
19 25 60 48
19 26 24 79
19 27 95 9
19 28 8 84
19 29 35 85
19 30 76 56
19 31 28 7
19 32 85 46
19 33 78 49
19 34 1 26
19 35 72 48
19 36 72 6
19 37 32 54
19 38 12 78
19 39 80 22
19 40 55 35
19 41 76 70
19 42 75 29
19 43 75 48
19 44 80 79
19 45 43 48
19 46 45 78
19 47 38 57
19 48 43 17
19 49 98 14
19 50 52 31
19 51 82 64
19 52 35 62
19 53 75 7
19 54 77 22
19 55 50 8
19 56 55 47
19 57 16 31
19 58 29 53
19 59 2 73
19 60 70 32
19 61 10 52
19 62 50 28
19 63 75 17
19 64 64 18
19 65 18 57
19 66 11 53
19 67 14 41
19 68 62 93
19 69 66 17
19 70 7 13
19 71 41 8
19 72 44 34
19 73 91 68
19 74 58 67
19 75 25 14
19 76 36 14
19 77 36 94
19 78 64 66
19 79 62 10
19 80 30 51
19 81 21 66
19 82 16 56
19 83 51 22
19 84 1 20
19 85 43 44
19 86 27 25
19 87 8 63
19 88 4 74
19 89 42 34
19 90 27 66
19 91 29 84
19 92 59 24
19 93 66 61
19 94 26 24
19 95 3 45
19 96 16 46
19 97 76 26
19 98 97 64
19 99 42 51
20 21 77 88
20 22 10 52
20 23 82 32
20 24 36 46
20 25 64 7
20 26 26 59
20 27 46 19
20 28 62 36
20 29 9 12
20 30 53 50
20 31 55 33
20 32 47 49
20 33 50 62
20 34 80 55
20 35 91 29
20 36 82 72
20 37 98 1
20 38 65 43
20 39 94 55
20 40 87 11
20 41 88 50
20 42 24 28
20 43 26 17
20 44 53 31
20 45 71 77
20 46 7 45
20 47 65 39
20 48 61 85
20 49 72 23
20 50 94 10
20 51 71 73
20 52 80 84
20 53 32 79
20 54 10 45
20 55 50 19
20 56 17 8
20 57 37 64
20 58 57 38
20 59 39 44
20 60 92 4
20 61 70 22
20 62 27 73
20 63 11 25
20 64 72 62
20 65 91 78
20 66 59 39
20 67 59 32
20 68 88 52
20 69 12 81
20 70 26 49
20 71 18 63
20 72 75 39
20 73 21 31
20 74 84 7
20 75 16 87
20 76 89 84
20 77 11 67
20 78 48 35
20 79 61 82
20 80 24 48
20 81 31 46
20 82 52 69
20 83 70 87
20 84 17 51
20 85 3 60
20 86 80 10
20 87 64 51
20 88 94 35
20 89 27 29
20 90 1 57
20 91 9 89
20 92 22 64
20 93 66 91
20 94 54 72
20 95 58 39
20 96 70 12
20 97 50 27
20 98 58 17
20 99 81 24
21 22 31 76
21 23 37 10
21 24 16 17
21 25 43 33
21 26 39 43
21 27 90 89
21 28 10 27
21 29 90 8
21 30 40 53
21 31 10 30
21 32 60 50
21 33 15 81
21 34 5 34
21 35 85 5
21 36 24 94
21 37 41 75
21 38 37 12
21 39 95 15
21 40 79 49
21 41 84 58
21 42 37 87
21 43 40 82
21 44 2 88
21 45 45 39
21 46 37 44
21 47 31 9
21 48 86 83
21 49 72 76
21 50 39 12
21 51 46 58
21 52 73 43
21 53 52 56
21 54 22 39
21 55 98 32
21 56 23 29
21 57 38 44
21 58 31 43
21 59 15 60
21 60 79 4
21 61 64 22
21 62 81 20
21 63 90 1
21 64 6 34
21 65 35 66
21 66 62 75
21 67 13 45
21 68 28 81
21 69 46 87
21 70 62 30
21 71 56 69
21 72 13 62
21 73 71 25
21 74 70 46
21 75 14 29
21 76 46 62
21 77 6 72
21 78 25 90
21 79 90 65
21 80 72 9
21 81 13 93
21 82 56 15
21 83 77 71
21 84 27 35
21 85 29 26
21 86 82 64
21 87 9 37
21 88 49 22
21 89 33 36
21 90 78 16
21 91 62 75
21 92 51 78
21 93 26 34
21 94 79 85
21 95 16 74
21 96 73 72
21 97 13 84
21 98 49 54
21 99 10 71
22 23 43 69
22 24 11 27
22 25 69 33
22 26 32 88
22 27 71 21
22 28 56 78
22 29 3 29
22 30 57 73
22 31 26 53
22 32 35 89
22 33 74 67
22 34 16 23
22 35 74 29
22 36 6 72
22 37 87 55
22 38 46 42
22 39 12 93
22 40 67 16
22 41 21 50
22 42 24 30
22 43 8 37
22 44 53 65
22 45 20 55
22 46 61 52
22 47 2 18
22 48 23 57
22 49 40 31
22 50 28 36
22 51 99 22
22 52 3 55
22 53 51 62
22 54 87 14
22 55 23 13
22 56 29 57
22 57 36 61
22 58 16 89
22 59 27 74
22 60 70 8
22 61 4 33
22 62 54 36
22 63 57 39
22 64 85 76
22 65 56 34
22 66 44 77
22 67 55 8
22 68 78 67
22 69 58 31
22 70 7 82
22 71 94 6
22 72 40 55
22 73 69 87
22 74 90 69
22 75 56 68
22 76 88 72
22 77 48 56
22 78 39 88
22 79 84 9
22 80 24 74
22 81 87 36
22 82 73 25
22 83 84 31
22 84 72 48
22 85 25 39
22 86 67 4
22 87 26 63
22 88 39 63
22 89 23 93
22 90 4 81
22 91 53 60
22 92 75 60
22 93 24 50
22 94 57 79
22 95 59 88
22 96 87 90
22 97 86 71
22 98 10 76
22 99 38 65
23 24 28 35
23 25 88 33
23 26 13 11
23 27 43 31
23 28 46 20
23 29 14 60
23 30 3 67
23 31 1 22
23 32 55 26
23 33 6 79
23 34 38 22
23 35 74 58
23 36 2 82
23 37 96 56
23 38 39 31
23 39 6 44
23 40 20 13
23 41 50 68
23 42 21 54
23 43 72 50
23 44 27 35
23 45 90 20
23 46 15 93
23 47 78 17
23 48 2 94
23 49 46 38
23 50 68 78
23 51 57 44
23 52 98 41
23 53 2 61
23 54 9 28
23 55 45 16
23 56 2 97
23 57 91 40
23 58 56 18
23 59 45 36
23 60 71 41
23 61 39 72
23 62 49 49
23 63 58 36
23 64 72 85
23 65 30 38
23 66 6 95
23 67 2 68
23 68 14 86
23 69 82 18
23 70 12 62
23 71 25 37
23 72 72 26
23 73 73 75
23 74 1 93
23 75 85 20
23 76 15 66
23 77 6 12
23 78 37 58
23 79 10 17
23 80 73 56
23 81 93 2
23 82 27 62
23 83 73 51
23 84 35 21
23 85 22 27
23 86 79 24
23 87 9 32
23 88 3 81
23 89 18 28
23 90 99 72
23 91 18 94
23 92 14 9
23 93 36 85
23 94 44 75
23 95 11 63
23 96 66 47
23 97 17 13
23 98 65 54
23 99 25 30
24 25 79 72
24 26 40 24
24 27 32 12
24 28 30 92
24 29 5 67
24 30 60 9
24 31 81 33
24 32 83 81
24 33 71 33
24 34 84 45
24 35 32 84
24 36 88 74
24 37 46 20
24 38 33 48
24 39 23 10
24 40 51 9
24 41 39 27
24 42 68 63
24 43 46 14
24 44 78 71
24 45 81 49
24 46 54 5
24 47 18 42
24 48 84 82
24 49 92 64
24 50 85 18
24 51 74 76
24 52 27 75
24 53 61 53
24 54 42 27
24 55 95 33
24 56 1 13
24 57 99 45
24 58 23 72
24 59 3 49
24 60 44 63
24 61 6 14
24 62 72 54
24 63 23 12
24 64 33 69
24 65 86 79
24 66 14 81
24 67 4 24
24 68 5 80
24 69 50 68
24 70 61 53
24 71 90 22
24 72 78 57
24 73 93 20
24 74 81 60
24 75 21 8
24 76 94 77
24 77 55 30
24 78 23 36
24 79 81 62
24 80 22 17
24 81 32 39
24 82 85 68
24 83 8 11
24 84 63 15
24 85 92 27
24 86 91 54
24 87 62 46
24 88 3 97
24 89 39 34
24 90 73 64
24 91 51 35
24 92 78 48
24 93 27 21
24 94 22 59
24 95 96 8
24 96 36 70
24 97 56 76
24 98 62 49
24 99 57 60
25 26 94 77
25 27 32 73
25 28 64 43
25 29 67 85
25 30 35 58
25 31 49 30
25 32 31 80
25 33 74 27
25 34 35 64
25 35 38 27
25 36 62 71
25 37 33 95
25 38 81 58
25 39 92 10
25 40 75 72
25 41 92 33
25 42 35 34
25 43 98 43
25 44 42 65
25 45 70 39
25 46 23 8
25 47 73 52
25 48 71 8
25 49 96 60
25 50 75 53
25 51 30 71
25 52 58 51
25 53 96 63
25 54 0 60
25 55 32 62
25 56 50 93
25 57 49 48
25 58 61 8
25 59 49 17
25 60 82 59
25 61 96 79
25 62 39 23
25 63 44 70
25 64 84 77
25 65 97 15
25 66 20 91
25 67 16 17
25 68 19 72
25 69 9 51
25 70 81 28
25 71 8 58
25 72 85 30
25 73 46 76
25 74 90 9
25 75 59 65
25 76 25 72
25 77 11 9
25 78 89 38
25 79 33 89
25 80 37 36
25 81 79 82
25 82 88 18
25 83 24 11
25 84 83 48
25 85 66 40
25 86 3 32
25 87 47 94
25 88 46 20
25 89 63 28
25 90 46 48
25 91 79 14
25 92 56 37
25 93 19 41
25 94 10 47
25 95 15 82
25 96 32 34
25 97 81 35
25 98 79 46
25 99 45 55
26 27 90 19
26 28 94 7
26 29 65 48
26 30 91 27
26 31 15 24
26 32 30 27
26 33 94 23
26 34 34 91
26 35 59 14
26 36 61 35
26 37 73 59
26 38 31 53
26 39 16 70
26 40 17 12
26 41 58 24
26 42 23 67
26 43 78 67
26 44 27 69
26 45 16 49
26 46 94 33
26 47 23 37
26 48 50 66
26 49 54 47
26 50 92 17
26 51 83 29
26 52 38 31
26 53 72 67
26 54 17 18
26 55 55 17
26 56 64 36
26 57 91 20
26 58 26 44
26 59 63 6
26 60 67 88
26 61 30 32
26 62 68 39
26 63 10 20
26 64 53 74
26 65 30 76
26 66 1 76
26 67 28 81
26 68 84 31
26 69 1 30
26 70 95 15
26 71 84 75
26 72 27 96
26 73 46 47
26 74 20 66
26 75 76 51
26 76 32 76
26 77 81 87
26 78 46 26
26 79 79 82
26 80 33 84
26 81 1 11
26 82 65 87
26 83 64 7
26 84 70 69
26 85 0 39
26 86 9 43
26 87 64 29
26 88 54 69
26 89 8 31
26 90 87 23
26 91 60 64
26 92 56 28
26 93 44 47
26 94 35 12
26 95 81 65
26 96 15 66
26 97 39 6
26 98 80 39
26 99 25 57
27 28 75 66
27 29 24 85
27 30 59 80
27 31 7 39
27 32 13 24
27 33 99 88
27 34 40 67
27 35 71 28
27 36 70 46
27 37 86 13
27 38 98 31
27 39 41 29
27 40 14 44
27 41 85 63
27 42 17 11
27 43 81 34
27 44 76 11
27 45 14 22
27 46 57 67
27 47 60 31
27 48 33 47
27 49 62 45
27 50 9 25
27 51 29 64
27 52 68 45
27 53 61 11
27 54 88 46
27 55 67 88
27 56 37 29
27 57 77 4
27 58 15 70
27 59 26 63
27 60 33 63
27 61 97 39
27 62 25 59
27 63 31 51
27 64 14 81
27 65 14 70
27 66 3 22
27 67 51 78
27 68 45 91
27 69 83 83
27 70 8 17
27 71 34 56
27 72 46 45
27 73 61 17
27 74 62 41
27 75 23 67
27 76 61 87
27 77 31 59
27 78 96 16
27 79 87 62
27 80 69 66
27 81 51 70
27 82 63 82
27 83 72 63
27 84 41 55
27 85 58 48
27 86 91 87
27 87 77 30
27 88 94 33
27 89 57 94
27 90 93 9
27 91 35 95
27 92 80 19
27 93 55 87
27 94 91 13
27 95 2 17
27 96 2 80
27 97 96 72
27 98 33 24
27 99 60 71
28 29 59 45
28 30 41 59
28 31 38 9
28 32 99 27
28 33 85 58
28 34 58 82
28 35 41 45
28 36 97 58
28 37 58 31
28 38 19 56
28 39 69 17
28 40 78 18
28 41 97 26
28 42 89 12
28 43 28 96
28 44 54 60
28 45 28 76
28 46 40 86
28 47 69 30
28 48 9 28
28 49 16 37
28 50 83 71
28 51 48 56
28 52 89 13
28 53 64 55
28 54 63 56
28 55 88 73
28 56 42 51
28 57 22 53
28 58 61 38
28 59 18 47
28 60 54 13
28 61 10 74
28 62 24 52
28 63 97 82
28 64 13 63
28 65 31 91
28 66 92 3
28 67 95 13
28 68 97 19
28 69 20 26
28 70 32 71
28 71 12 88
28 72 57 50
28 73 58 8
28 74 41 69
28 75 62 85
28 76 49 20
28 77 43 18
28 78 14 70
28 79 70 37
28 80 29 80
28 81 73 40
28 82 51 90
28 83 53 78
28 84 43 27
28 85 85 15
28 86 67 83
28 87 32 13
28 88 3 15
28 89 41 55
28 90 65 18
28 91 29 67
28 92 44 23
28 93 35 31
28 94 0 86
28 95 51 24
28 96 20 95
28 97 99 12
28 98 84 16
28 99 71 62
29 30 82 58
29 31 49 7
29 32 84 41
29 33 45 88
29 34 89 46
29 35 59 48
29 36 16 85
29 37 9 21
29 38 83 11
29 39 50 61
29 40 82 29
29 41 9 89
29 42 2 25
29 43 14 14
29 44 99 49
29 45 99 7
29 46 1 89
29 47 72 79
29 48 46 71
29 49 25 9
29 50 51 37
29 51 88 41
29 52 68 14
29 53 33 90
29 54 20 13
29 55 29 30
29 56 12 64
29 57 89 51
29 58 58 85
29 59 5 55
29 60 2 56
29 61 30 44
29 62 39 65
29 63 15 25
29 64 2 95
29 65 89 54
29 66 37 28
29 67 61 25
29 68 73 48
29 69 54 15
29 70 55 48
29 71 60 56
29 72 77 91
29 73 9 60
29 74 71 24
29 75 62 40
29 76 82 90
29 77 31 81
29 78 84 88
29 79 85 57
29 80 62 75
29 81 64 37
29 82 80 33
29 83 79 24
29 84 94 78
29 85 46 11
29 86 64 65
29 87 62 26
29 88 27 36
29 89 19 19
29 90 44 19
29 91 4 65
29 92 29 26
29 93 59 48
29 94 10 47
29 95 84 4
29 96 70 24
29 97 7 74
29 98 56 58
29 99 91 82
30 31 64 46
30 32 33 93
30 33 57 21
30 34 14 57
30 35 14 29
30 36 30 32
30 37 23 8
30 38 76 40
30 39 21 26
30 40 41 41
30 41 22 66
30 42 27 33
30 43 20 16
30 44 81 83
30 45 91 4
30 46 44 12
30 47 87 23
30 48 84 56
30 49 99 68
30 50 58 82
30 51 80 73
30 52 9 19
30 53 50 72
30 54 32 33
30 55 13 73
30 56 5 89
30 57 90 62
30 58 41 82
30 59 64 37
30 60 17 44
30 61 90 63
30 62 48 88
30 63 24 30
30 64 75 91
30 65 16 69
30 66 60 41
30 67 38 12
30 68 74 29
30 69 44 92
30 70 68 50
30 71 89 2
30 72 28 7
30 73 12 31
30 74 62 33
30 75 59 34
30 76 94 30
30 77 11 66
30 78 98 16
30 79 39 79
30 80 33 15
30 81 39 11
30 82 36 31
30 83 35 62
30 84 85 82
30 85 19 29
30 86 50 11
30 87 85 71
30 88 13 54
30 89 76 5
30 90 38 74
30 91 18 53
30 92 6 90
30 93 49 19
30 94 72 57
30 95 52 35
30 96 4 71
30 97 88 70
30 98 44 81
30 99 46 39
31 32 39 45
31 33 92 28
31 34 94 46
31 35 73 47
31 36 42 88
31 37 63 88
31 38 95 64
31 39 33 88
31 40 87 61
31 41 56 21
31 42 80 59
31 43 91 39
31 44 30 48
31 45 32 29
31 46 32 23
31 47 17 39
31 48 4 55
31 49 46 77
31 50 27 22
31 51 60 41
31 52 21 50
31 53 49 10
31 54 64 18
31 55 71 55
31 56 19 48
31 57 83 76
31 58 13 62
31 59 15 51
31 60 76 12
31 61 41 46
31 62 56 58
31 63 63 38
31 64 51 74
31 65 17 62
31 66 34 43
31 67 44 35
31 68 11 77
31 69 30 60
31 70 35 46
31 71 14 24
31 72 23 35
31 73 42 79
31 74 65 25
31 75 21 57
31 76 41 91
31 77 60 72
31 78 93 58
31 79 45 41
31 80 64 9
31 81 75 4
31 82 40 78
31 83 79 6
31 84 42 19
31 85 93 15
31 86 4 54
31 87 95 10
31 88 48 80
31 89 77 8
31 90 97 27
31 91 84 50
31 92 80 46
31 93 41 34
31 94 30 69
31 95 0 81
31 96 68 58
31 97 68 26
31 98 46 79
31 99 13 65
32 33 98 69
32 34 39 76
32 35 48 5
32 36 50 40
32 37 88 84
32 38 26 71
32 39 86 44
32 40 9 25
32 41 56 18
32 42 20 77
32 43 46 34
32 44 0 53
32 45 56 26
32 46 54 32
32 47 74 73
32 48 59 83
32 49 0 26
32 50 5 62
32 51 68 57
32 52 38 67
32 53 92 22
32 54 28 54
32 55 30 55
32 56 80 18
32 57 18 54
32 58 75 14
32 59 51 62
32 60 13 12
32 61 31 57
32 62 52 73
32 63 89 27
32 64 41 38
32 65 47 82
32 66 56 17
32 67 18 33
32 68 22 87
32 69 95 49
32 70 22 74
32 71 13 79
32 72 25 53
32 73 77 65
32 74 17 50
32 75 45 51
32 76 17 89
32 77 87 80
32 78 31 30
32 79 7 86
32 80 17 49
32 81 66 83
32 82 23 52
32 83 25 47
32 84 64 18
32 85 70 78
32 86 72 59
32 87 51 50
32 88 28 52
32 89 76 4
32 90 48 55
32 91 57 68
32 92 35 95
32 93 35 65
32 94 47 86
32 95 13 18
32 96 81 87
32 97 6 94
32 98 7 63
32 99 8 26
33 34 3 62
33 35 16 34
33 36 58 88
33 37 56 75
33 38 87 89
33 39 68 47
33 40 45 13
33 41 35 56
33 42 25 20
33 43 47 47
33 44 8 13
33 45 25 66
33 46 66 44
33 47 54 59
33 48 13 91
33 49 8 28
33 50 10 47
33 51 91 11
33 52 3 34
33 53 74 37
33 54 80 49
33 55 69 49
33 56 1 81
33 57 10 21
33 58 32 18
33 59 15 72
33 60 72 21
33 61 86 50
33 62 62 87
33 63 7 59
33 64 30 32
33 65 35 50
33 66 38 38
33 67 97 41
33 68 69 47
33 69 43 49
33 70 85 52
33 71 43 59
33 72 53 37
33 73 39 47
33 74 49 18
33 75 92 44
33 76 94 61
33 77 22 88
33 78 29 27
33 79 30 72
33 80 32 55
33 81 46 76
33 82 65 16
33 83 92 5
33 84 0 72
33 85 71 37
33 86 74 68
33 87 10 24
33 88 89 21
33 89 44 10
33 90 90 42
33 91 99 76
33 92 58 10
33 93 29 70
33 94 19 73
33 95 58 68
33 96 81 31
33 97 27 74
33 98 93 88
33 99 49 81
34 35 37 85
34 36 44 63
34 37 14 75
34 38 99 17
34 39 39 83
34 40 84 20
34 41 26 59
34 42 61 11
34 43 11 35
34 44 5 35
34 45 75 63
34 46 51 37
34 47 80 82
34 48 30 78
34 49 90 71
34 50 63 55
34 51 20 28
34 52 35 42
34 53 18 16
34 54 58 89
34 55 1 38
34 56 36 38
34 57 64 33
34 58 42 33
34 59 1 17
34 60 59 43
34 61 74 17
34 62 28 89
34 63 49 45
34 64 29 72
34 65 20 28
34 66 57 43
34 67 85 71
34 68 19 41
34 69 58 88
34 70 41 44
34 71 53 76
34 72 19 34
34 73 2 73
34 74 13 53
34 75 58 76
34 76 12 79
34 77 26 60
34 78 81 36
34 79 7 41
34 80 95 87
34 81 8 38
34 82 68 48
34 83 9 62
34 84 50 79
34 85 51 35
34 86 11 28
34 87 68 17
34 88 87 89
34 89 10 92
34 90 40 57
34 91 34 95
34 92 68 93
34 93 70 50
34 94 88 35
34 95 54 48
34 96 87 4
34 97 44 54
34 98 11 56
34 99 8 49
35 36 92 40
35 37 7 44
35 38 4 99
35 39 4 15
35 40 9 65
35 41 33 58
35 42 34 59
35 43 26 91
35 44 35 31
35 45 41 56
35 46 52 40
35 47 64 20
35 48 86 13
35 49 86 71
35 50 73 36
35 51 0 77
35 52 16 25
35 53 33 43
35 54 20 91
35 55 64 21
35 56 76 34
35 57 96 47
35 58 59 87
35 59 33 20
35 60 88 18
35 61 13 13
35 62 63 26
35 63 24 69
35 64 41 23
35 65 26 41
35 66 87 27
35 67 16 63
35 68 21 11
35 69 6 74
35 70 75 14
35 71 38 51
35 72 26 73
35 73 76 36
35 74 14 63
35 75 74 85
35 76 99 34
35 77 41 77
35 78 63 24
35 79 54 86
35 80 99 0
35 81 72 61
35 82 74 36
35 83 20 72
35 84 45 48
35 85 67 89
35 86 52 79
35 87 76 73
35 88 34 83
35 89 88 86
35 90 70 9
35 91 69 57
35 92 0 18
35 93 25 60
35 94 69 16
35 95 74 91
35 96 66 58
35 97 33 10
35 98 90 35
35 99 61 52
36 37 52 91
36 38 38 27
36 39 59 10
36 40 40 33
36 41 59 32
36 42 29 53
36 43 27 62
36 44 50 58
36 45 41 28
36 46 64 79
36 47 72 73
36 48 65 55
36 49 17 19
36 50 2 28
36 51 41 56
36 52 78 65
36 53 82 30
36 54 6 24
36 55 26 90
36 56 76 77
36 57 45 5
36 58 2 22
36 59 17 54
36 60 91 12
36 61 49 52
36 62 61 18
36 63 3 29
36 64 39 93
36 65 5 20
36 66 90 55
36 67 56 32
36 68 56 40
36 69 28 42
36 70 32 62
36 71 7 23
36 72 13 13
36 73 79 89
36 74 35 48
36 75 29 31
36 76 4 27
36 77 25 43
36 78 62 86
36 79 83 18
36 80 3 38
36 81 27 26
36 82 94 64
36 83 84 59
36 84 80 22
36 85 87 85
36 86 33 55
36 87 94 85
36 88 15 42
36 89 98 84
36 90 61 86
36 91 97 84
36 92 54 51
36 93 95 44
36 94 23 67
36 95 78 4
36 96 64 75
36 97 73 71
36 98 61 51
36 99 85 66
37 38 73 86
37 39 57 73
37 40 46 42
37 41 51 20
37 42 52 6
37 43 86 51
37 44 81 19
37 45 42 48
37 46 94 75
37 47 0 65
37 48 44 30
37 49 29 79
37 50 83 62
37 51 1 56
37 52 68 90
37 53 63 19
37 54 74 47
37 55 36 55
37 56 42 87
37 57 8 70
37 58 32 21
37 59 76 71
37 60 38 11
37 61 73 79
37 62 76 43
37 63 70 33
37 64 36 34
37 65 37 89
37 66 47 62
37 67 28 21
37 68 65 23
37 69 32 83
37 70 86 14
37 71 73 80
37 72 44 69
37 73 53 15
37 74 86 8
37 75 24 66
37 76 9 61
37 77 35 45
37 78 3 72
37 79 57 69
37 80 28 91
37 81 99 47
37 82 72 92
37 83 15 81
37 84 91 17
37 85 76 46
37 86 6 92
37 87 23 8
37 88 36 85
37 89 76 7
37 90 21 90
37 91 9 29
37 92 15 84
37 93 14 70
37 94 76 88
37 95 40 82
37 96 41 24
37 97 26 16
37 98 25 49
37 99 1 13
38 39 89 47
38 40 73 40
38 41 27 52
38 42 96 45
38 43 32 10
38 44 24 25
38 45 93 29
38 46 51 34
38 47 31 83
38 48 38 88
38 49 30 44
38 50 34 78
38 51 50 58
38 52 51 91
38 53 51 69
38 54 43 65
38 55 3 25
38 56 39 40
38 57 74 45
38 58 45 91
38 59 28 81
38 60 45 44
38 61 5 14
38 62 25 79
38 63 18 82
38 64 61 6
38 65 94 38
38 66 59 8
38 67 82 89
38 68 87 28
38 69 78 53
38 70 43 39
38 71 56 86
38 72 45 8
38 73 5 79
38 74 70 75
38 75 63 17
38 76 79 54
38 77 69 66
38 78 65 52
38 79 5 52
38 80 20 74
38 81 44 92
38 82 27 22
38 83 21 78
38 84 76 51
38 85 36 25
38 86 6 83
38 87 23 28
38 88 64 61
38 89 72 10
38 90 78 83
38 91 24 36
38 92 19 37
38 93 85 28
38 94 43 43
38 95 53 25
38 96 11 86
38 97 74 19
38 98 27 45
38 99 56 15
39 40 40 75
39 41 21 17
39 42 57 35
39 43 92 46
39 44 32 28
39 45 47 67
39 46 2 68
39 47 75 26
39 48 37 63
39 49 52 13
39 50 26 57
39 51 80 77
39 52 58 29
39 53 87 44
39 54 90 50
39 55 41 19
39 56 79 64
39 57 10 16
39 58 57 23
39 59 84 84
39 60 65 23
39 61 76 67
39 62 45 93
39 63 88 62
39 64 92 40
39 65 2 69
39 66 71 21
39 67 9 27
39 68 93 2
39 69 49 88
39 70 34 50
39 71 89 90
39 72 35 26
39 73 30 8
39 74 66 34
39 75 78 49
39 76 11 27
39 77 70 58
39 78 29 72
39 79 25 76
39 80 12 42
39 81 14 86
39 82 14 23
39 83 68 70
39 84 66 59
39 85 95 44
39 86 0 32
39 87 59 53
39 88 83 74
39 89 29 79
39 90 82 2
39 91 6 64
39 92 80 8
39 93 47 84
39 94 96 30
39 95 21 21
39 96 23 60
39 97 74 30
39 98 83 8
39 99 44 23
40 41 6 33
40 42 4 33
40 43 28 80
40 44 12 32
40 45 88 2
40 46 22 71
40 47 92 85
40 48 10 11
40 49 48 12
40 50 33 52
40 51 93 46
40 52 39 47
40 53 86 89
40 54 48 63
40 55 94 72
40 56 91 39
40 57 33 92
40 58 22 71
40 59 17 18
40 60 0 29
40 61 1 73
40 62 2 40
40 63 10 30
40 64 5 17
40 65 34 50
40 66 95 25
40 67 8 17
40 68 98 33
40 69 40 60
40 70 16 75
40 71 72 16
40 72 14 67
40 73 47 15
40 74 98 78
40 75 81 18
40 76 85 26
40 77 30 79
40 78 11 98
40 79 37 75
40 80 58 53
40 81 6 24
40 82 76 35
40 83 7 10
40 84 85 79
40 85 58 86
40 86 21 13
40 87 67 48
40 88 28 45
40 89 26 82
40 90 81 30
40 91 91 10
40 92 58 64
40 93 85 28
40 94 82 27
40 95 55 61
40 96 38 7
40 97 26 96
40 98 28 56
40 99 42 24
41 42 9 24
41 43 45 86
41 44 23 20
41 45 58 17
41 46 97 69
41 47 39 94
41 48 67 75
41 49 64 90
41 50 61 72
41 51 71 30
41 52 30 54
41 53 96 15
41 54 76 84
41 55 48 11
41 56 19 20
41 57 74 53
41 58 70 5
41 59 32 51
41 60 24 68
41 61 77 53
41 62 16 53
41 63 22 38
41 64 88 85
41 65 71 46
41 66 57 43
41 67 28 22
41 68 41 88
41 69 35 81
41 70 35 46
41 71 71 60
41 72 85 79
41 73 86 53
41 74 18 37
41 75 6 52
41 76 8 12
41 77 22 76
41 78 88 84
41 79 72 70
41 80 39 68
41 81 51 52
41 82 79 6
41 83 53 92
41 84 69 8
41 85 5 78
41 86 9 20
41 87 0 43
41 88 53 41
41 89 39 71
41 90 89 41
41 91 29 32
41 92 36 22
41 93 25 20
41 94 20 96
41 95 8 66
41 96 61 79
41 97 37 36
41 98 63 86
41 99 81 43
42 43 28 84
42 44 37 12
42 45 81 10
42 46 46 62
42 47 16 73
42 48 12 83
42 49 40 6
42 50 8 40
42 51 40 43
42 52 24 33
42 53 31 77
42 54 3 53
42 55 89 84
42 56 70 89
42 57 98 36
42 58 42 75
42 59 9 78
42 60 7 14
42 61 37 90
42 62 54 80
42 63 96 10
42 64 54 39
42 65 57 26
42 66 42 40
42 67 34 57
42 68 54 56
42 69 10 81
42 70 63 42
42 71 52 52
42 72 39 40
42 73 7 87
42 74 84 58
42 75 6 85
42 76 56 86
42 77 79 5
42 78 92 24
42 79 8 58
42 80 69 84
42 81 81 87
42 82 88 22
42 83 11 59
42 84 84 34
42 85 10 10
42 86 79 51
42 87 61 74
42 88 53 23
42 89 0 23
42 90 11 74
42 91 92 12
42 92 83 64
42 93 37 44
42 94 50 15
42 95 76 65
42 96 73 76
42 97 83 75
42 98 40 77
42 99 99 17
43 44 69 33
43 45 14 15
43 46 87 57
43 47 28 87
43 48 44 42
43 49 19 23
43 50 61 6
43 51 24 14
43 52 89 33
43 53 47 18
43 54 8 42
43 55 39 17
43 56 24 49
43 57 50 15
43 58 29 9
43 59 46 91
43 60 12 81
43 61 7 61
43 62 90 50
43 63 17 55
43 64 88 14
43 65 14 31
43 66 89 39
43 67 95 41
43 68 71 69
43 69 66 44
43 70 58 61
43 71 20 19
43 72 37 47
43 73 48 9
43 74 53 86
43 75 23 47
43 76 71 18
43 77 85 78
43 78 94 48
43 79 43 90
43 80 51 87
43 81 79 86
43 82 52 13
43 83 60 89
43 84 51 90
43 85 32 53
43 86 44 47
43 87 10 56
43 88 82 80
43 89 89 40
43 90 78 50
43 91 63 37
43 92 49 84
43 93 29 87
43 94 19 37
43 95 8 48
43 96 12 25
43 97 19 9
43 98 24 40
43 99 0 54
44 45 12 65
44 46 20 39
44 47 44 89
44 48 21 54
44 49 0 87
44 50 34 84
44 51 47 58
44 52 9 21
44 53 6 49
44 54 34 34
44 55 34 70
44 56 60 53
44 57 89 59
44 58 75 12
44 59 78 66
44 60 49 41
44 61 22 49
44 62 39 44
44 63 12 74
44 64 22 88
44 65 59 59
44 66 2 94
44 67 13 9
44 68 42 37
44 69 19 80
44 70 62 35
44 71 81 66
44 72 89 15
44 73 3 10
44 74 50 78
44 75 28 23
44 76 51 60
44 77 39 84
44 78 37 6
44 79 67 46
44 80 29 78
44 81 58 33
44 82 2 31
44 83 69 11
44 84 68 62
44 85 31 32
44 86 94 70
44 87 18 89
44 88 91 68
44 89 91 28
44 90 96 5
44 91 55 40
44 92 90 64
44 93 42 20
44 94 23 33
44 95 55 29
44 96 97 45
44 97 53 92
44 98 34 63
44 99 84 34
45 46 22 78
45 47 10 34
45 48 31 67
45 49 73 89
45 50 40 60
45 51 81 83
45 52 27 68
45 53 27 48
45 54 22 19
45 55 49 36
45 56 77 10
45 57 33 92
45 58 77 7
45 59 11 40
45 60 5 11
45 61 26 59
45 62 8 69
45 63 44 48
45 64 53 54
45 65 26 51
45 66 56 43
45 67 39 67
45 68 29 92
45 69 18 44
45 70 48 89
45 71 43 67
45 72 59 55
45 73 93 53
45 74 98 64
45 75 9 44
45 76 11 20
45 77 24 79
45 78 61 60
45 79 52 48
45 80 70 85
45 81 57 90
45 82 93 41
45 83 6 22
45 84 24 14
45 85 68 60
45 86 88 57
45 87 62 77
45 88 23 38
45 89 49 58
45 90 51 73
45 91 35 65
45 92 27 82
45 93 36 95
45 94 6 42
45 95 92 16
45 96 19 60
45 97 45 91
45 98 10 41
45 99 42 57
46 47 61 15
46 48 14 94
46 49 45 5
46 50 13 46
46 51 11 28
46 52 39 21
46 53 4 25
46 54 20 64
46 55 11 48
46 56 38 72
46 57 53 64
46 58 27 76
46 59 17 54
46 60 17 92
46 61 34 16
46 62 91 17
46 63 58 19
46 64 23 46
46 65 50 82
46 66 62 15
46 67 8 37
46 68 40 56
46 69 94 29
46 70 96 77
46 71 83 38
46 72 61 50
46 73 23 9
46 74 88 49
46 75 2 40
46 76 74 90
46 77 48 45
46 78 84 71
46 79 97 52
46 80 32 94
46 81 2 51
46 82 20 58
46 83 25 86
46 84 20 80
46 85 29 96
46 86 61 5
46 87 55 47
46 88 66 72
46 89 21 96
46 90 36 67
46 91 31 25
46 92 39 70
46 93 52 72
46 94 27 72
46 95 88 65
46 96 86 39
46 97 83 63
46 98 88 65
46 99 41 71
47 48 37 14
47 49 73 57
47 50 31 87
47 51 73 18
47 52 23 83
47 53 68 46
47 54 10 9
47 55 26 75
47 56 63 17
47 57 6 57
47 58 52 11
47 59 34 92
47 60 55 67
47 61 35 33
47 62 0 84
47 63 69 84
47 64 73 85
47 65 72 16
47 66 23 71
47 67 91 71
47 68 99 48
47 69 83 61
47 70 75 6
47 71 15 63
47 72 54 15
47 73 21 96
47 74 2 41
47 75 85 6
47 76 54 55
47 77 96 26
47 78 52 39
47 79 61 31
47 80 95 50
47 81 86 55
47 82 8 67
47 83 83 50
47 84 80 19
47 85 10 92
47 86 0 70
47 87 12 20
47 88 53 43
47 89 76 30
47 90 15 69
47 91 27 29
47 92 47 41
47 93 76 51
47 94 84 45
47 95 44 87
47 96 30 58
47 97 64 28
47 98 38 39
47 99 52 81
48 49 90 50
48 50 26 35
48 51 77 79
48 52 96 86
48 53 6 14
48 54 8 9
48 55 90 50
48 56 4 68
48 57 48 47
48 58 75 73
48 59 46 62
48 60 57 39
48 61 94 74
48 62 66 85
48 63 57 87
48 64 47 35
48 65 46 44
48 66 55 74
48 67 87 30
48 68 93 13
48 69 52 92
48 70 78 26
48 71 99 78
48 72 63 48
48 73 45 65
48 74 31 18
48 75 65 50
48 76 77 29
48 77 32 62
48 78 68 85
48 79 39 11
48 80 34 28
48 81 80 43
48 82 55 35
48 83 56 43
48 84 88 65
48 85 61 56
48 86 65 26
48 87 4 24
48 88 27 87
48 89 9 34
48 90 97 84
48 91 47 64
48 92 55 32
48 93 86 5
48 94 0 88
48 95 42 39
48 96 59 25
48 97 8 48
48 98 74 66
48 99 53 44
49 50 97 51
49 51 84 90
49 52 15 36
49 53 54 63
49 54 45 57
49 55 20 80
49 56 45 18
49 57 99 83
49 58 12 66
49 59 55 13
49 60 67 61
49 61 82 35
49 62 80 81
49 63 16 47
49 64 48 27
49 65 64 34
49 66 24 20
49 67 95 36
49 68 82 65
49 69 10 62
49 70 90 87
49 71 19 30
49 72 43 39
49 73 19 28
49 74 32 64
49 75 84 56
49 76 15 81
49 77 86 45
49 78 6 30
49 79 48 22
49 80 66 64
49 81 59 91
49 82 10 68
49 83 35 90
49 84 90 86
49 85 18 27
49 86 40 29
49 87 2 70
49 88 4 57
49 89 58 88
49 90 20 78
49 91 56 70
49 92 51 12
49 93 83 62
49 94 69 58
49 95 58 91
49 96 15 89
49 97 63 24
49 98 99 60
49 99 5 26
50 51 92 71
50 52 50 44
50 53 97 79
50 54 80 12
50 55 16 23
50 56 38 85
50 57 32 63
50 58 12 88
50 59 67 64
50 60 1 31
50 61 63 87
50 62 20 17
50 63 31 41
50 64 7 76
50 65 84 67
50 66 52 49
50 67 28 84
50 68 54 47
50 69 32 34
50 70 68 82
50 71 19 49
50 72 6 94
50 73 86 77
50 74 9 40
50 75 59 46
50 76 6 63
50 77 7 84
50 78 78 35
50 79 83 22
50 80 20 89
50 81 98 12
50 82 6 16
50 83 96 33
50 84 66 83
50 85 96 39
50 86 1 55
50 87 20 60
50 88 87 6
50 89 13 12
50 90 66 77
50 91 47 25
50 92 18 77
50 93 2 37
50 94 28 36
50 95 5 14
50 96 18 30
50 97 19 45
50 98 37 22
50 99 25 9
51 52 17 73
51 53 81 3
51 54 37 28
51 55 92 47
51 56 31 62
51 57 65 66
51 58 54 75
51 59 3 11
51 60 21 62
51 61 85 73
51 62 80 76
51 63 26 60
51 64 22 92
51 65 73 19
51 66 77 18
51 67 0 87
51 68 40 6
51 69 97 24
51 70 93 58
51 71 14 70
51 72 75 76
51 73 40 18
51 74 58 56
51 75 47 25
51 76 10 65
51 77 75 74
51 78 47 72
51 79 46 30
51 80 92 72
51 81 21 26
51 82 60 67
51 83 24 30
51 84 96 10
51 85 13 17
51 86 69 75
51 87 93 26
51 88 54 78
51 89 4 92
51 90 48 93
51 91 7 43
51 92 66 35
51 93 6 22
51 94 54 16
51 95 32 62
51 96 13 91
51 97 75 38
51 98 18 51
51 99 82 62
52 53 66 22
52 54 63 47
52 55 88 49
52 56 15 69
52 57 87 18
52 58 60 49
52 59 83 50
52 60 68 43
52 61 88 15
52 62 93 32
52 63 27 70
52 64 84 72
52 65 86 64
52 66 93 59
52 67 28 17
52 68 89 21
52 69 89 66
52 70 97 50
52 71 8 10
52 72 75 17
52 73 4 54
52 74 44 94
52 75 1 16
52 76 43 10
52 77 75 82
52 78 51 62
52 79 5 26
52 80 51 20
52 81 63 23
52 82 61 66
52 83 26 75
52 84 27 74
52 85 25 37
52 86 11 49
52 87 99 51
52 88 77 43
52 89 6 95
52 90 68 16
52 91 32 24
52 92 88 57
52 93 28 94
52 94 80 42
52 95 29 40
52 96 61 10
52 97 70 56
52 98 83 44
52 99 91 2
53 54 81 28
53 55 53 70
53 56 13 47
53 57 39 47
53 58 34 37
53 59 43 15
53 60 69 31
53 61 54 92
53 62 73 32
53 63 79 81
53 64 76 8
53 65 16 39
53 66 63 76
53 67 77 57
53 68 85 17
53 69 16 68
53 70 94 16
53 71 31 22
53 72 27 74
53 73 59 60
53 74 35 88
53 75 22 10
53 76 52 57
53 77 14 16
53 78 37 15
53 79 0 64
53 80 33 36
53 81 97 1
53 82 62 32
53 83 11 78
53 84 36 28
53 85 19 81
53 86 13 36
53 87 31 10
53 88 13 40
53 89 93 83
53 90 15 38
53 91 48 56
53 92 46 59
53 93 83 85
53 94 38 10
53 95 89 52
53 96 51 8
53 97 89 83
53 98 80 41
53 99 10 72
54 55 94 47
54 56 27 23
54 57 40 88
54 58 60 41
54 59 47 89
54 60 37 16
54 61 51 13
54 62 42 44
54 63 25 24
54 64 37 52
54 65 78 20
54 66 81 75
54 67 44 57
54 68 29 74
54 69 46 61
54 70 33 12
54 71 10 53
54 72 90 48
54 73 4 14
54 74 66 10
54 75 69 14
54 76 29 93
54 77 94 23
54 78 10 84
54 79 61 64
54 80 85 63
54 81 71 90
54 82 72 89
54 83 77 54
54 84 67 12
54 85 52 41
54 86 26 71
54 87 18 49
54 88 67 46
54 89 35 72
54 90 70 36
54 91 9 48
54 92 3 13
54 93 96 78
54 94 13 42
54 95 92 65
54 96 11 11
54 97 53 66
54 98 61 90
54 99 66 44
55 56 14 49
55 57 38 87
55 58 51 61
55 59 42 28
55 60 16 71
55 61 41 87
55 62 86 69
55 63 80 29
55 64 18 11
55 65 10 91
55 66 18 73
55 67 26 44
55 68 7 13
55 69 34 79
55 70 83 68
55 71 23 41
55 72 5 48
55 73 56 74
55 74 95 18
55 75 88 32
55 76 73 54
55 77 18 36
55 78 35 57
55 79 27 38
55 80 90 17
55 81 37 33
55 82 62 49
55 83 76 28
55 84 32 50
55 85 91 78
55 86 21 25
55 87 35 85
55 88 73 92
55 89 85 21
55 90 15 96
55 91 79 20
55 92 19 65
55 93 20 29
55 94 63 81
55 95 66 85
55 96 39 80
55 97 1 84
55 98 77 45
55 99 76 17
56 57 32 42
56 58 28 45
56 59 87 77
56 60 15 53
56 61 68 19
56 62 41 59
56 63 24 9
56 64 89 42
56 65 55 7
56 66 59 20
56 67 26 29
56 68 48 58
56 69 61 46
56 70 30 46
56 71 30 14
56 72 94 54
56 73 13 10
56 74 9 87
56 75 17 39
56 76 10 82
56 77 74 60
56 78 25 62
56 79 43 48
56 80 47 51
56 81 59 18
56 82 41 84
56 83 60 45
56 84 57 35
56 85 31 48
56 86 61 69
56 87 24 56
56 88 52 59
56 89 74 89
56 90 79 2
56 91 80 61
56 92 48 77
56 93 24 51
56 94 32 76
56 95 63 60
56 96 71 50
56 97 16 25
56 98 25 71
56 99 46 80
57 58 40 33
57 59 38 82
57 60 71 67
57 61 32 17
57 62 35 81
57 63 90 5
57 64 16 20
57 65 22 89
57 66 84 66
57 67 26 16
57 68 93 3
57 69 32 11
57 70 2 70
57 71 45 52
57 72 22 55
57 73 89 14
57 74 79 49
57 75 53 22
57 76 36 68
57 77 79 75
57 78 58 61
57 79 53 34
57 80 43 54
57 81 77 40
57 82 81 20
57 83 86 4
57 84 57 68
57 85 63 56
57 86 22 86
57 87 60 22
57 88 23 69
57 89 51 70
57 90 84 19
57 91 92 37
57 92 8 9
57 93 67 16
57 94 60 40
57 95 3 65
57 96 20 24
57 97 95 8
57 98 54 21
57 99 90 3
58 59 37 81
58 60 96 35
58 61 15 78
58 62 14 87
58 63 83 70
58 64 3 97
58 65 27 79
58 66 91 7
58 67 74 32
58 68 35 66
58 69 29 44
58 70 97 86
58 71 18 18
58 72 72 60
58 73 48 68
58 74 1 29
58 75 96 3
58 76 56 37
58 77 41 56
58 78 74 7
58 79 7 55
58 80 23 59
58 81 16 35
58 82 93 9
58 83 21 50
58 84 62 34
58 85 19 13
58 86 12 39
58 87 38 74
58 88 50 53
58 89 39 93
58 90 42 84
58 91 56 83
58 92 97 67
58 93 78 78
58 94 82 88
58 95 15 58
58 96 2 15
58 97 34 53
58 98 87 3
58 99 95 87
59 60 89 39
59 61 64 72
59 62 40 88
59 63 89 29
59 64 59 25
59 65 52 9
59 66 64 64
59 67 52 59
59 68 55 75
59 69 50 34
59 70 43 26
59 71 57 36
59 72 10 54
59 73 94 22
59 74 31 12
59 75 85 30
59 76 73 8
59 77 9 21
59 78 31 30
59 79 89 38
59 80 24 19
59 81 77 3
59 82 5 26
59 83 5 47
59 84 58 62
59 85 44 94
59 86 80 34
59 87 67 42
59 88 40 27
59 89 86 65
59 90 2 20
59 91 77 17
59 92 75 77
59 93 37 22
59 94 53 90
59 95 83 45
59 96 79 7
59 97 8 16
59 98 20 48
59 99 72 59
60 61 15 83
60 62 90 84
60 63 57 45
60 64 24 35
60 65 88 56
60 66 78 22
60 67 81 16
60 68 70 27
60 69 53 78
60 70 64 16
60 71 90 81
60 72 58 19
60 73 43 63
60 74 52 61
60 75 89 10
60 76 12 47
60 77 67 35
60 78 34 27
60 79 79 90
60 80 44 57
60 81 15 32
60 82 95 14
60 83 61 71
60 84 89 70
60 85 15 75
60 86 94 36
60 87 8 87
60 88 37 94
60 89 90 12
60 90 88 53
60 91 3 76
60 92 50 32
60 93 20 86
60 94 70 75
60 95 25 69
60 96 73 35
60 97 93 7
60 98 66 14
60 99 62 70
61 62 36 22
61 63 52 92
61 64 0 44
61 65 40 46
61 66 15 93
61 67 77 83
61 68 15 84
61 69 42 80
61 70 27 7
61 71 3 43
61 72 51 67
61 73 16 28
61 74 11 64
61 75 34 56
61 76 45 81
61 77 33 28
61 78 14 50
61 79 83 21
61 80 48 18
61 81 48 71
61 82 73 19
61 83 12 40
61 84 68 91
61 85 92 43
61 86 2 41
61 87 70 34
61 88 21 31
61 89 27 54
61 90 83 4
61 91 54 12
61 92 2 43
61 93 65 85
61 94 95 21
61 95 92 19
61 96 98 48
61 97 27 93
61 98 58 89
61 99 4 86
62 63 10 98
62 64 3 19
62 65 86 59
62 66 12 96
62 67 95 32
62 68 49 74
62 69 7 16
62 70 15 90
62 71 7 55
62 72 96 68
62 73 66 10
62 74 66 79
62 75 44 24
62 76 74 41
62 77 69 19
62 78 98 42
62 79 52 70
62 80 36 44
62 81 18 34
62 82 21 19
62 83 73 40
62 84 56 77
62 85 26 95
62 86 85 27
62 87 98 7
62 88 61 16
62 89 66 79
62 90 12 90
62 91 27 51
62 92 69 56
62 93 44 50
62 94 60 70
62 95 24 34
62 96 21 49
62 97 63 67
62 98 46 16
62 99 19 81
63 64 89 84
63 65 71 35
63 66 73 6
63 67 92 58
63 68 92 36
63 69 40 32
63 70 81 26
63 71 88 67
63 72 30 57
63 73 7 35
63 74 70 9
63 75 56 24
63 76 83 3
63 77 74 10
63 78 2 67
63 79 22 96
63 80 63 8
63 81 8 73
63 82 56 69
63 83 68 18
63 84 10 20
63 85 95 70
63 86 51 54
63 87 47 75
63 88 29 95
63 89 56 14
63 90 53 67
63 91 42 91
63 92 86 78
63 93 30 78
63 94 95 37
63 95 70 32
63 96 25 37
63 97 35 48
63 98 92 9
63 99 89 81
64 65 67 29
64 66 6 59
64 67 96 62
64 68 67 33
64 69 27 35
64 70 45 33
64 71 79 87
64 72 11 13
64 73 17 45
64 74 98 43
64 75 78 66
64 76 19 64
64 77 30 10
64 78 67 89
64 79 99 83
64 80 37 28
64 81 75 65
64 82 64 19
64 83 53 87
64 84 72 6
64 85 75 18
64 86 18 32
64 87 43 61
64 88 36 81
64 89 27 34
64 90 13 79
64 91 64 72
64 92 4 82
64 93 70 7
64 94 53 43
64 95 44 42
64 96 9 72
64 97 55 92
64 98 78 54
64 99 46 67
65 66 85 3
65 67 42 63
65 68 96 57
65 69 58 13
65 70 47 51
65 71 62 47
65 72 81 56
65 73 22 89
65 74 18 16
65 75 34 48
65 76 71 68
65 77 67 25
65 78 95 72
65 79 22 71
65 80 0 88
65 81 2 30
65 82 4 73
65 83 24 90
65 84 6 57
65 85 87 12
65 86 94 32
65 87 41 62
65 88 92 53
65 89 53 18
65 90 94 14
65 91 69 33
65 92 22 86
65 93 63 30
65 94 48 61
65 95 54 69
65 96 28 36
65 97 57 8
65 98 82 67
65 99 0 64
66 67 70 92
66 68 39 15
66 69 70 20
66 70 44 82
66 71 85 85
66 72 10 94
66 73 53 10
66 74 87 58
66 75 78 73
66 76 24 72
66 77 45 39
66 78 44 84
66 79 22 74
66 80 83 8
66 81 54 81
66 82 40 46
66 83 29 87
66 84 16 55
66 85 42 56
66 86 0 45
66 87 44 94
66 88 69 54
66 89 44 52
66 90 92 29
66 91 78 71
66 92 49 87
66 93 60 19
66 94 38 66
66 95 43 13
66 96 55 74
66 97 75 80
66 98 73 31
66 99 88 37
67 68 92 6
67 69 28 56
67 70 82 79
67 71 65 78
67 72 30 18
67 73 65 60
67 74 47 86
67 75 2 19
67 76 74 68
67 77 9 27
67 78 28 23
67 79 16 31
67 80 26 88
67 81 99 11
67 82 66 45
67 83 41 13
67 84 68 42
67 85 49 41
67 86 27 7
67 87 74 77
67 88 32 39
67 89 96 38
67 90 44 11
67 91 25 41
67 92 99 3
67 93 6 65
67 94 88 48
67 95 1 15
67 96 20 32
67 97 19 48
67 98 86 49
67 99 13 45
68 69 29 77
68 70 16 96
68 71 40 51
68 72 32 31
68 73 56 76
68 74 61 37
68 75 49 42
68 76 93 8
68 77 4 17
68 78 11 88
68 79 29 44
68 80 86 9
68 81 82 68
68 82 82 38
68 83 28 17
68 84 89 29
68 85 14 61
68 86 30 43
68 87 14 55
68 88 96 47
68 89 73 62
68 90 91 11
68 91 74 20
68 92 22 87
68 93 40 74
68 94 17 92
68 95 55 17
68 96 73 25
68 97 91 60
68 98 95 57
68 99 99 68
69 70 31 23
69 71 8 28
69 72 69 32
69 73 47 32
69 74 98 29
69 75 84 65
69 76 56 86
69 77 5 70
69 78 38 90
69 79 66 53
69 80 18 41
69 81 82 54
69 82 40 37
69 83 75 10
69 84 15 30
69 85 49 15
69 86 92 79
69 87 75 76
69 88 12 30
69 89 99 28
69 90 10 78
69 91 36 87
69 92 52 83
69 93 81 39
69 94 63 22
69 95 14 16
69 96 91 16
69 97 66 71
69 98 31 16
69 99 82 78
70 71 19 89
70 72 73 80
70 73 53 46
70 74 28 44
70 75 45 31
70 76 2 61
70 77 85 83
70 78 50 38
70 79 2 91
70 80 79 63
70 81 49 49
70 82 29 53
70 83 3 81
70 84 11 11
70 85 28 94
70 86 69 51
70 87 85 52
70 88 68 86
70 89 94 84
70 90 76 15
70 91 13 19
70 92 15 77
70 93 19 14
70 94 78 68
70 95 73 24
70 96 67 75
70 97 76 72
70 98 90 46
70 99 74 69
71 72 61 14
71 73 33 28
71 74 9 28
71 75 64 78
71 76 50 10
71 77 97 28
71 78 49 24
71 79 11 26
71 80 67 63
71 81 68 47
71 82 17 73
71 83 92 45
71 84 44 83
71 85 1 25
71 86 69 31
71 87 57 13
71 88 94 86
71 89 50 85
71 90 11 79
71 91 44 55
71 92 45 61
71 93 89 13
71 94 90 59
71 95 63 72
71 96 29 40
71 97 65 5
71 98 45 56
71 99 37 71
72 73 17 33
72 74 74 51
72 75 85 88
72 76 10 85
72 77 82 5
72 78 13 60
72 79 66 51
72 80 92 20
72 81 87 46
72 82 1 12
72 83 46 50
72 84 89 23
72 85 99 65
72 86 92 32
72 87 63 50
72 88 55 30
72 89 69 42
72 90 77 67
72 91 33 39
72 92 34 71
72 93 29 16
72 94 29 91
72 95 80 84
72 96 26 12
72 97 56 83
72 98 60 14
72 99 4 75
73 74 15 56
73 75 61 73
73 76 87 47
73 77 31 7
73 78 9 15
73 79 97 77
73 80 80 24
73 81 68 6
73 82 44 10
73 83 21 27
73 84 67 3
73 85 73 82
73 86 26 11
73 87 30 37
73 88 29 50
73 89 15 28
73 90 86 61
73 91 36 21
73 92 28 80
73 93 17 80
73 94 73 82
73 95 72 24
73 96 50 42
73 97 40 55
73 98 71 41
73 99 74 39
74 75 29 96
74 76 63 71
74 77 30 31
74 78 92 17
74 79 54 70
74 80 30 53
74 81 83 85
74 82 99 44
74 83 10 74
74 84 24 54
74 85 41 73
74 86 40 36
74 87 91 26
74 88 36 83
74 89 98 11
74 90 44 28
74 91 47 17
74 92 33 68
74 93 34 85
74 94 79 8
74 95 83 59
74 96 33 66
74 97 66 78
74 98 10 97
74 99 83 11
75 76 57 7
75 77 5 94
75 78 78 9
75 79 16 12
75 80 90 55
75 81 76 5
75 82 4 51
75 83 36 56
75 84 4 30
75 85 99 3
75 86 78 13
75 87 70 50
75 88 58 80
75 89 43 19
75 90 33 29
75 91 55 44
75 92 49 46
75 93 56 81
75 94 68 69
75 95 21 51
75 96 12 45
75 97 88 28
75 98 94 29
75 99 64 71
76 77 34 76
76 78 82 30
76 79 94 35
76 80 2 35
76 81 74 16
76 82 20 9
76 83 24 52
76 84 43 84
76 85 81 50
76 86 17 14
76 87 68 91
76 88 23 24
76 89 60 84
76 90 81 24
76 91 25 93
76 92 95 68
76 93 91 34
76 94 91 85
76 95 65 68
76 96 74 17
76 97 59 39
76 98 56 75
76 99 18 93
77 78 96 56
77 79 46 35
77 80 36 22
77 81 88 54
77 82 13 46
77 83 2 11
77 84 46 8
77 85 12 79
77 86 33 30
77 87 92 2
77 88 82 34
77 89 7 16
77 90 41 34
77 91 4 90
77 92 23 58
77 93 39 44
77 94 34 11
77 95 27 42
77 96 85 51
77 97 32 42
77 98 28 64
77 99 55 84
78 79 39 81
78 80 75 67
78 81 54 66
78 82 68 62
78 83 81 14
78 84 69 37
78 85 91 40
78 86 3 14
78 87 24 29
78 88 50 58
78 89 29 65
78 90 97 65
78 91 43 87
78 92 80 19
78 93 10 21
78 94 82 52
78 95 6 70
78 96 17 95
78 97 7 18
78 98 58 39
78 99 78 46
79 80 8 27
79 81 53 81
79 82 35 73
79 83 96 49
79 84 68 29
79 85 80 75
79 86 17 13
79 87 11 36
79 88 91 28
79 89 13 22
79 90 15 10
79 91 74 17
79 92 44 42
79 93 93 81
79 94 3 65
79 95 44 17
79 96 6 73
79 97 94 53
79 98 33 28
79 99 71 18
80 81 40 11
80 82 37 23
80 83 4 22
80 84 22 88
80 85 2 30
80 86 25 57
80 87 99 6
80 88 41 82
80 89 59 71
80 90 12 71
80 91 77 26
80 92 63 61
80 93 25 28
80 94 96 77
80 95 75 89
80 96 29 25
80 97 39 65
80 98 24 52
80 99 95 44
81 82 44 83
81 83 84 85
81 84 31 34
81 85 59 7
81 86 12 22
81 87 84 24
81 88 78 71
81 89 38 24
81 90 71 45
81 91 71 52
81 92 73 61
81 93 47 38
81 94 34 89
81 95 71 79
81 96 64 71
81 97 34 55
81 98 83 4
81 99 37 60
82 83 95 76
82 84 0 61
82 85 12 52
82 86 42 16
82 87 67 12
82 88 53 69
82 89 23 61
82 90 75 11
82 91 83 54
82 92 78 89
82 93 97 64
82 94 67 20
82 95 81 71
82 96 83 3
82 97 59 17
82 98 38 43
82 99 81 58
83 84 0 86
83 85 79 91
83 86 96 16
83 87 90 56
83 88 32 13
83 89 94 18
83 90 50 83
83 91 45 23
83 92 15 96
83 93 31 26
83 94 57 7
83 95 28 57
83 96 26 47
83 97 89 43
83 98 13 84
83 99 98 50
84 85 58 67
84 86 33 63
84 87 92 21
84 88 89 73
84 89 46 19
84 90 39 76
84 91 52 30
84 92 62 56
84 93 68 59
84 94 37 64
84 95 49 87
84 96 90 8
84 97 17 96
84 98 70 28
84 99 31 72
85 86 0 89
85 87 57 33
85 88 99 7
85 89 17 33
85 90 43 52
85 91 73 57
85 92 56 16
85 93 39 59
85 94 36 74
85 95 78 62
85 96 24 28
85 97 1 67
85 98 36 79
85 99 19 83
86 87 63 53
86 88 67 49
86 89 89 84
86 90 63 10
86 91 81 22
86 92 34 77
86 93 67 75
86 94 21 43
86 95 49 13
86 96 12 27
86 97 80 11
86 98 91 12
86 99 93 34
87 88 77 54
87 89 62 67
87 90 17 32
87 91 74 81
87 92 34 48
87 93 54 15
87 94 35 22
87 95 93 52
87 96 72 63
87 97 46 70
87 98 71 55
87 99 86 79
88 89 27 80
88 90 74 56
88 91 50 94
88 92 57 61
88 93 33 21
88 94 96 5
88 95 11 53
88 96 46 53
88 97 91 86
88 98 8 70
88 99 81 2
89 90 44 34
89 91 64 51
89 92 62 63
89 93 89 88
89 94 56 70
89 95 44 16
89 96 45 71
89 97 52 8
89 98 42 40
89 99 77 83
90 91 76 41
90 92 12 97
90 93 20 35
90 94 53 43
90 95 47 12
90 96 95 75
90 97 69 91
90 98 17 60
90 99 9 75
91 92 31 25
91 93 12 47
91 94 26 67
91 95 23 44
91 96 62 88
91 97 74 55
91 98 58 89
91 99 25 48
92 93 21 17
92 94 38 92
92 95 85 83
92 96 43 72
92 97 57 62
92 98 91 59
92 99 8 16
93 94 97 7
93 95 15 16
93 96 5 33
93 97 13 40
93 98 92 56
93 99 83 67
94 95 65 10
94 96 14 32
94 97 43 65
94 98 73 84
94 99 57 52
95 96 42 10
95 97 23 8
95 98 70 35
95 99 0 97
96 97 23 74
96 98 70 68
96 99 53 5
97 98 0 34
97 99 34 96
98 99 17 29
