100
0 1 90 25
0 2 51 59
0 3 27 76
0 4 74 48
0 5 91 19
0 6 86 45
0 7 81 16
0 8 35 39
0 9 73 31
0 10 90 8
0 11 59 43
0 12 75 19
0 13 18 76
0 14 77 57
0 15 19 53
0 16 57 39
0 17 12 74
0 18 83 26
0 19 54 35
0 20 80 41
0 21 63 67
0 22 70 35
0 23 40 38
0 24 85 10
0 25 68 65
0 26 15 42
0 27 40 34
0 28 64 18
0 29 92 51
0 30 41 36
0 31 68 37
0 32 64 35
0 33 81 50
0 34 45 71
0 35 31 61
0 36 31 34
0 37 30 60
0 38 11 91
0 39 10 62
0 40 99 12
0 41 70 30
0 42 83 10
0 43 13 89
0 44 78 18
0 45 56 51
0 46 65 21
0 47 65 64
0 48 66 27
0 49 54 42
0 50 82 27
0 51 32 34
0 52 67 32
0 53 57 59
0 54 44 49
0 55 12 66
0 56 29 69
0 57 12 92
0 58 0 90
0 59 58 35
0 60 78 40
0 61 3 90
0 62 0 74
0 63 33 69
0 64 85 50
0 65 1 87
0 66 12 93
0 67 49 47
0 68 43 75
0 69 5 66
0 70 47 61
0 71 66 63
0 72 34 56
0 73 36 76
0 74 83 9
0 75 54 53
0 76 7 50
0 77 6 58
0 78 17 72
0 79 7 57
0 80 30 43
0 81 69 60
0 82 57 23
0 83 60 34
0 84 37 74
0 85 31 57
0 86 54 34
0 87 36 68
0 88 90 8
0 89 16 59
0 90 73 32
0 91 39 35
0 92 19 47
0 93 12 69
0 94 51 45
0 95 24 42
0 96 30 73
0 97 83 41
0 98 31 67
0 99 18 75
1 2 49 69
1 3 71 18
1 4 51 38
1 5 24 45
1 6 25 54
1 7 38 61
1 8 18 83
1 9 72 52
1 10 7 77
1 11 41 58
1 12 81 54
1 13 57 24
1 14 39 57
1 15 83 43
1 16 52 56
1 17 83 22
1 18 6 50
1 19 76 34
1 20 29 42
1 21 57 57
1 22 76 54
1 23 58 28
1 24 43 48
1 25 52 25
1 26 96 4
1 27 27 67
1 28 70 19
1 29 55 44
1 30 67 52
1 31 37 62
1 32 83 12
1 33 55 22
1 34 25 49
1 35 43 76
1 36 34 78
1 37 24 77
1 38 50 60
1 39 31 34
1 40 40 32
1 41 86 40
1 42 8 84
1 43 90 21
1 44 88 16
1 45 42 45
1 46 34 55
1 47 19 63
1 48 79 54
1 49 21 62
1 50 20 64
1 51 7 79
1 52 40 42
1 53 94 32
1 54 28 65
1 55 86 46
1 56 20 72
1 57 28 52
1 58 36 36
1 59 16 50
1 60 23 84
1 61 25 38
1 62 59 48
1 63 8 75
1 64 28 64
1 65 45 38
1 66 2 66
1 67 34 52
1 68 65 65
1 69 46 74
1 70 9 71
1 71 94 20
1 72 87 54
1 73 98 12
1 74 18 56
1 75 33 55
1 76 88 32
1 77 17 73
1 78 38 33
1 79 34 73
1 80 24 78
1 81 30 82
1 82 60 63
1 83 53 31
1 84 6 49
1 85 44 37
1 86 56 39
1 87 62 34
1 88 90 31
1 89 78 29
1 90 42 66
1 91 5 53
1 92 95 6
1 93 69 63
1 94 37 61
1 95 27 81
1 96 85 25
1 97 14 91
1 98 49 25
1 99 56 56
2 3 80 35
2 4 32 34
2 5 6 59
2 6 89 44
2 7 81 16
2 8 0 82
2 9 79 23
2 10 7 77
2 11 2 50
2 12 1 84
2 13 40 47
2 14 43 59
2 15 40 51
2 16 90 48
2 17 48 68
2 18 20 88
2 19 51 50
2 20 97 33
2 21 21 65
2 22 14 75
2 23 55 58
2 24 85 54
2 25 10 60
2 26 25 43
2 27 1 50
2 28 73 33
2 29 70 44
2 30 76 43
2 31 5 63
2 32 9 82
2 33 42 53
2 34 86 56
2 35 72 47
2 36 8 86
2 37 83 43
2 38 78 44
2 39 94 6
2 40 11 62
2 41 36 80
2 42 72 57
2 43 19 62
2 44 21 56
2 45 19 81
2 46 54 53
2 47 17 86
2 48 55 50
2 49 90 34
2 50 73 63
2 51 0 95
2 52 93 47
2 53 68 44
2 54 80 44
2 55 13 59
2 56 77 25
2 57 0 67
2 58 82 9
2 59 98 39
2 60 17 59
2 61 15 76
2 62 99 20
2 63 78 41
2 64 93 39
2 65 33 36
2 66 69 19
2 67 9 94
2 68 37 39
2 69 32 51
2 70 89 15
2 71 18 42
2 72 57 40
2 73 78 40
2 74 99 48
2 75 44 31
2 76 30 46
2 77 13 73
2 78 10 87
2 79 76 31
2 80 3 95
2 81 63 26
2 82 57 59
2 83 78 38
2 84 96 42
2 85 91 41
2 86 75 35
2 87 27 43
2 88 47 32
2 89 18 68
2 90 39 64
2 91 25 82
2 92 94 48
2 93 45 36
2 94 55 58
2 95 19 82
2 96 70 34
2 97 76 59
2 98 49 32
2 99 24 55
3 4 36 34
3 5 74 35
3 6 55 24
3 7 39 67
3 8 3 72
3 9 47 63
3 10 15 48
3 11 38 49
3 12 31 53
3 13 2 63
3 14 30 35
3 15 17 46
3 16 27 74
3 17 16 47
3 18 64 29
3 19 68 28
3 20 18 61
3 21 91 13
3 22 15 80
3 23 37 38
3 24 77 29
3 25 72 25
3 26 50 40
3 27 4 57
3 28 80 12
3 29 33 73
3 30 84 46
3 31 1 53
3 32 62 32
3 33 16 64
3 34 88 30
3 35 14 64
3 36 68 53
3 37 6 73
3 38 67 33
3 39 56 42
3 40 20 58
3 41 74 43
3 42 58 36
3 43 1 96
3 44 8 75
3 45 9 75
3 46 22 82
3 47 74 29
3 48 82 51
3 49 11 80
3 50 29 85
3 51 53 33
3 52 77 55
3 53 15 70
3 54 6 61
3 55 26 82
3 56 49 72
3 57 25 63
3 58 58 67
3 59 30 53
3 60 73 60
3 61 73 32
3 62 30 63
3 63 7 68
3 64 22 60
3 65 63 36
3 66 44 37
3 67 33 76
3 68 38 71
3 69 26 78
3 70 53 48
3 71 41 76
3 72 64 55
3 73 80 42
3 74 92 24
3 75 7 64
3 76 34 79
3 77 98 45
3 78 71 45
3 79 35 81
3 80 4 84
3 81 4 90
3 82 91 34
3 83 42 32
3 84 72 21
3 85 88 34
3 86 16 67
3 87 6 79
3 88 82 56
3 89 4 92
3 90 2 67
3 91 50 47
3 92 20 78
3 93 44 31
3 94 27 63
3 95 94 37
3 96 8 70
3 97 12 84
3 98 41 78
3 99 33 75
4 5 14 77
4 6 38 51
4 7 47 73
4 8 4 72
4 9 92 7
4 10 1 59
4 11 39 67
4 12 42 43
4 13 6 66
4 14 3 74
4 15 70 62
4 16 10 76
4 17 28 39
4 18 16 45
4 19 16 63
4 20 1 84
4 21 59 63
4 22 6 67
4 23 50 50
4 24 72 43
4 25 77 49
4 26 68 34
4 27 95 38
4 28 79 17
4 29 65 20
4 30 80 35
4 31 19 80
4 32 90 45
4 33 6 88
4 34 8 90
4 35 29 75
4 36 83 46
4 37 9 88
4 38 54 45
4 39 24 77
4 40 10 66
4 41 14 73
4 42 77 25
4 43 39 58
4 44 9 84
4 45 88 49
4 46 49 34
4 47 1 62
4 48 72 41
4 49 80 24
4 50 39 42
4 51 52 29
4 52 78 60
4 53 23 57
4 54 38 41
4 55 95 32
4 56 73 20
4 57 38 62
4 58 86 21
4 59 98 7
4 60 38 61
4 61 87 51
4 62 65 47
4 63 62 18
4 64 86 10
4 65 45 67
4 66 69 18
4 67 40 51
4 68 68 44
4 69 7 94
4 70 82 31
4 71 2 52
4 72 84 41
4 73 4 74
4 74 2 68
4 75 88 23
4 76 49 52
4 77 36 64
4 78 49 41
4 79 61 33
4 80 53 27
4 81 64 46
4 82 48 48
4 83 82 50
4 84 90 32
4 85 11 70
4 86 40 70
4 87 50 33
4 88 80 26
4 89 17 63
4 90 57 29
4 91 41 61
4 92 54 66
4 93 64 36
4 94 31 39
4 95 44 47
4 96 48 48
4 97 12 78
4 98 77 40
4 99 11 83
5 6 21 76
5 7 88 29
5 8 17 63
5 9 91 54
5 10 15 86
5 11 93 10
5 12 12 68
5 13 23 84
5 14 61 32
5 15 78 28
5 16 34 74
5 17 82 21
5 18 88 10
5 19 0 54
5 20 99 21
5 21 78 57
5 22 48 47
5 23 50 61
5 24 34 73
5 25 82 11
5 26 10 60
5 27 77 17
5 28 25 55
5 29 7 53
5 30 89 38
5 31 1 52
5 32 89 16
5 33 0 85
5 34 49 26
5 35 11 75
5 36 0 52
5 37 36 65
5 38 8 88
5 39 35 55
5 40 6 82
5 41 39 41
5 42 27 56
5 43 81 26
5 44 26 41
5 45 22 66
5 46 48 37
5 47 39 72
5 48 76 40
5 49 48 34
5 50 55 46
5 51 97 14
5 52 53 28
5 53 72 42
5 54 4 97
5 55 83 55
5 56 93 6
5 57 44 48
5 58 13 54
5 59 25 69
5 60 90 26
5 61 95 36
5 62 43 74
5 63 23 58
5 64 37 74
5 65 34 44
5 66 24 83
5 67 9 83
5 68 25 37
5 69 81 11
5 70 12 58
5 71 26 40
5 72 61 65
5 73 46 37
5 74 63 35
5 75 37 78
5 76 93 39
5 77 77 46
5 78 31 46
5 79 29 38
5 80 22 67
5 81 62 35
5 82 49 75
5 83 34 79
5 84 91 32
5 85 23 81
5 86 13 53
5 87 57 33
5 88 98 8
5 89 49 67
5 90 36 77
5 91 48 56
5 92 82 39
5 93 81 16
5 94 67 20
5 95 79 42
5 96 52 67
5 97 8 47
5 98 58 56
5 99 28 67
6 7 98 18
6 8 81 58
6 9 3 75
6 10 26 46
6 11 97 51
6 12 79 51
6 13 10 80
6 14 83 14
6 15 76 34
6 16 20 41
6 17 46 55
6 18 74 58
6 19 69 48
6 20 78 52
6 21 37 39
6 22 36 67
6 23 0 55
6 24 41 58
6 25 18 70
6 26 28 49
6 27 22 46
6 28 35 37
6 29 16 88
6 30 49 56
6 31 14 52
6 32 80 53
6 33 25 86
6 34 3 72
6 35 21 86
6 36 38 79
6 37 83 21
6 38 54 65
6 39 32 42
6 40 20 74
6 41 45 39
6 42 5 96
6 43 78 24
6 44 76 28
6 45 81 23
6 46 71 20
6 47 65 51
6 48 10 62
6 49 80 44
6 50 45 76
6 51 83 14
6 52 32 51
6 53 28 63
6 54 72 62
6 55 5 47
6 56 46 40
6 57 23 81
6 58 57 32
6 59 86 14
6 60 24 64
6 61 22 41
6 62 95 45
6 63 24 52
6 64 33 79
6 65 26 63
6 66 25 61
6 67 69 24
6 68 41 45
6 69 96 47
6 70 67 20
6 71 74 53
6 72 62 25
6 73 37 59
6 74 78 42
6 75 61 32
6 76 68 37
6 77 71 38
6 78 34 69
6 79 68 20
6 80 53 57
6 81 35 52
6 82 96 50
6 83 70 15
6 84 84 39
6 85 12 91
6 86 59 26
6 87 71 46
6 88 73 31
6 89 22 69
6 90 4 93
6 91 43 48
6 92 62 47
6 93 58 32
6 94 54 31
6 95 83 23
6 96 73 58
6 97 49 74
6 98 80 46
6 99 9 86
7 8 31 68
7 9 15 78
7 10 34 46
7 11 50 44
7 12 2 93
7 13 67 28
7 14 6 50
7 15 89 52
7 16 85 47
7 17 31 43
7 18 96 43
7 19 32 62
7 20 75 31
7 21 22 40
7 22 44 49
7 23 25 67
7 24 78 36
7 25 62 35
7 26 49 39
7 27 12 53
7 28 75 40
7 29 41 34
7 30 53 28
7 31 76 44
7 32 68 61
7 33 82 31
7 34 4 81
7 35 5 59
7 36 36 70
7 37 78 13
7 38 40 60
7 39 52 69
7 40 32 53
7 41 11 48
7 42 42 31
7 43 27 66
7 44 33 49
7 45 68 39
7 46 19 57
7 47 74 21
7 48 64 61
7 49 84 38
7 50 68 33
7 51 91 32
7 52 75 52
7 53 66 17
7 54 88 39
7 55 21 45
7 56 27 47
7 57 55 43
7 58 19 62
7 59 93 12
7 60 18 54
7 61 48 40
7 62 60 25
7 63 22 52
7 64 18 76
7 65 52 51
7 66 28 85
7 67 85 47
7 68 99 3
7 69 11 93
7 70 75 17
7 71 21 76
7 72 63 67
7 73 41 56
7 74 86 28
7 75 29 69
7 76 40 76
7 77 38 31
7 78 99 19
7 79 86 42
7 80 84 52
7 81 62 27
7 82 12 65
7 83 9 90
7 84 20 47
7 85 34 59
7 86 71 58
7 87 59 52
7 88 55 68
7 89 77 48
7 90 19 42
7 91 99 38
7 92 65 62
7 93 77 48
7 94 57 46
7 95 25 41
7 96 33 59
7 97 10 87
7 98 41 46
7 99 26 42
8 9 76 33
8 10 67 43
8 11 20 68
8 12 99 17
8 13 46 34
8 14 46 41
8 15 29 38
8 16 37 34
8 17 6 83
8 18 37 35
8 19 16 76
8 20 28 84
8 21 35 53
8 22 49 53
8 23 79 18
8 24 48 62
8 25 89 45
8 26 74 16
8 27 63 30
8 28 11 80
8 29 95 23
8 30 35 69
8 31 30 61
8 32 45 36
8 33 58 30
8 34 25 65
8 35 72 16
8 36 34 58
8 37 20 71
8 38 73 17
8 39 18 81
8 40 32 42
8 41 81 35
8 42 87 54
8 43 48 66
8 44 11 89
8 45 22 85
8 46 11 51
8 47 15 71
8 48 41 72
8 49 26 55
8 50 86 28
8 51 52 41
8 52 57 70
8 53 51 45
8 54 14 84
8 55 94 6
8 56 82 24
8 57 52 52
8 58 67 25
8 59 40 61
8 60 65 48
8 61 77 35
8 62 9 52
8 63 4 51
8 64 22 60
8 65 86 47
8 66 71 33
8 67 10 70
8 68 22 58
8 69 83 17
8 70 9 46
8 71 33 38
8 72 37 52
8 73 8 68
8 74 94 30
8 75 8 73
8 76 71 62
8 77 95 34
8 78 96 34
8 79 15 86
8 80 78 15
8 81 72 56
8 82 48 66
8 83 65 57
8 84 73 17
8 85 86 8
8 86 98 7
8 87 93 43
8 88 23 82
8 89 54 65
8 90 29 79
8 91 12 65
8 92 80 57
8 93 43 33
8 94 6 57
8 95 90 41
8 96 82 35
8 97 54 32
8 98 16 63
8 99 90 50
9 10 60 37
9 11 36 68
9 12 52 52
9 13 44 41
9 14 21 50
9 15 79 46
9 16 25 53
9 17 32 64
9 18 94 34
9 19 9 47
9 20 92 49
9 21 21 86
9 22 67 59
9 23 81 34
9 24 28 70
9 25 81 18
9 26 25 79
9 27 61 35
9 28 82 36
9 29 10 90
9 30 1 77
9 31 85 52
9 32 73 13
9 33 46 67
9 34 48 62
9 35 85 28
9 36 49 49
9 37 20 71
9 38 54 59
9 39 67 59
9 40 49 73
9 41 61 35
9 42 40 43
9 43 39 63
9 44 2 60
9 45 51 36
9 46 65 22
9 47 69 23
9 48 97 16
9 49 43 48
9 50 17 66
9 51 10 87
9 52 43 49
9 53 86 32
9 54 18 75
9 55 70 55
9 56 23 54
9 57 1 80
9 58 68 59
9 59 5 49
9 60 24 49
9 61 26 81
9 62 97 37
9 63 11 55
9 64 13 84
9 65 52 42
9 66 14 80
9 67 48 39
9 68 76 46
9 69 51 30
9 70 41 46
9 71 95 51
9 72 76 37
9 73 23 38
9 74 78 32
9 75 42 29
9 76 66 40
9 77 16 63
9 78 62 20
9 79 1 93
9 80 77 14
9 81 8 76
9 82 3 87
9 83 7 71
9 84 5 57
9 85 17 83
9 86 13 91
9 87 18 83
9 88 32 63
9 89 25 57
9 90 2 57
9 91 88 30
9 92 10 65
9 93 66 54
9 94 68 24
9 95 27 67
9 96 98 38
9 97 94 5
9 98 64 66
9 99 84 8
10 11 5 92
10 12 68 22
10 13 69 56
10 14 84 49
10 15 36 74
10 16 4 96
10 17 30 68
10 18 80 12
10 19 71 58
10 20 66 64
10 21 65 40
10 22 47 54
10 23 18 58
10 24 84 30
10 25 50 34
10 26 22 53
10 27 18 61
10 28 52 70
10 29 41 48
10 30 20 75
10 31 12 85
10 32 21 78
10 33 35 52
10 34 64 25
10 35 75 50
10 36 36 66
10 37 76 22
10 38 92 43
10 39 79 42
10 40 1 58
10 41 42 70
10 42 8 66
10 43 67 20
10 44 88 39
10 45 56 56
10 46 9 85
10 47 49 48
10 48 8 70
10 49 66 50
10 50 94 3
10 51 59 61
10 52 26 75
10 53 42 74
10 54 26 80
10 55 62 33
10 56 0 85
10 57 63 37
10 58 68 17
10 59 68 29
10 60 5 96
10 61 99 1
10 62 63 67
10 63 19 81
10 64 2 80
10 65 76 47
10 66 16 49
10 67 60 55
10 68 83 39
10 69 78 16
10 70 24 56
10 71 23 70
10 72 16 82
10 73 13 77
10 74 80 43
10 75 7 70
10 76 50 33
10 77 18 89
10 78 61 66
10 79 88 16
10 80 67 47
10 81 91 53
10 82 20 71
10 83 82 12
10 84 19 55
10 85 57 64
10 86 58 40
10 87 24 70
10 88 19 58
10 89 9 94
10 90 64 66
10 91 90 34
10 92 86 17
10 93 15 68
10 94 98 16
10 95 37 75
10 96 9 53
10 97 31 40
10 98 63 54
10 99 89 30
11 12 88 37
11 13 85 43
11 14 3 53
11 15 58 45
11 16 64 52
11 17 2 82
11 18 79 12
11 19 46 34
11 20 21 81
11 21 64 61
11 22 66 54
11 23 93 32
11 24 36 40
11 25 16 74
11 26 16 42
11 27 55 46
11 28 91 32
11 29 81 19
11 30 52 65
11 31 21 80
11 32 98 13
11 33 49 45
11 34 64 65
11 35 30 53
11 36 62 37
11 37 60 50
11 38 60 45
11 39 74 44
11 40 32 77
11 41 98 3
11 42 61 27
11 43 9 80
11 44 28 72
11 45 21 46
11 46 46 48
11 47 69 42
11 48 92 53
11 49 94 45
11 50 22 86
11 51 98 16
11 52 86 50
11 53 53 31
11 54 92 34
11 55 40 57
11 56 13 52
11 57 27 79
11 58 37 66
11 59 37 78
11 60 6 55
11 61 97 15
11 62 32 78
11 63 9 63
11 64 77 35
11 65 2 73
11 66 15 56
11 67 77 50
11 68 49 34
11 69 92 12
11 70 80 57
11 71 46 48
11 72 89 25
11 73 69 61
11 74 97 16
11 75 0 83
11 76 1 85
11 77 45 32
11 78 4 59
11 79 68 56
11 80 34 37
11 81 22 38
11 82 34 46
11 83 54 48
11 84 37 46
11 85 75 56
11 86 9 78
11 87 53 32
11 88 32 69
11 89 86 27
11 90 51 66
11 91 34 74
11 92 33 44
11 93 79 31
11 94 84 50
11 95 23 69
11 96 1 95
11 97 33 79
11 98 96 50
11 99 39 72
12 13 55 27
12 14 24 65
12 15 93 47
12 16 51 74
12 17 66 56
12 18 37 78
12 19 64 34
12 20 48 42
12 21 35 72
12 22 28 79
12 23 98 14
12 24 77 24
12 25 89 9
12 26 68 16
12 27 68 16
12 28 25 66
12 29 17 55
12 30 51 48
12 31 82 19
12 32 43 66
12 33 19 64
12 34 63 24
12 35 9 59
12 36 91 44
12 37 87 19
12 38 83 50
12 39 3 58
12 40 47 75
12 41 50 66
12 42 7 88
12 43 59 62
12 44 60 55
12 45 36 59
12 46 79 23
12 47 41 66
12 48 88 10
12 49 59 51
12 50 19 59
12 51 15 66
12 52 83 40
12 53 51 66
12 54 19 45
12 55 64 19
12 56 75 36
12 57 21 88
12 58 71 20
12 59 50 34
12 60 75 14
12 61 99 8
12 62 3 87
12 63 30 58
12 64 1 77
12 65 79 49
12 66 73 18
12 67 74 26
12 68 71 14
12 69 47 53
12 70 6 82
12 71 95 4
12 72 64 37
12 73 20 66
12 74 23 60
12 75 35 38
12 76 91 33
12 77 70 59
12 78 15 63
12 79 13 67
12 80 25 46
12 81 69 33
12 82 62 66
12 83 85 53
12 84 91 49
12 85 0 60
12 86 75 36
12 87 91 22
12 88 71 33
12 89 87 47
12 90 89 26
12 91 53 63
12 92 78 18
12 93 67 65
12 94 51 36
12 95 32 68
12 96 89 35
12 97 94 45
12 98 22 54
12 99 45 47
13 14 11 63
13 15 26 85
13 16 86 23
13 17 55 33
13 18 53 31
13 19 4 93
13 20 44 71
13 21 63 56
13 22 33 60
13 23 70 27
13 24 87 51
13 25 8 86
13 26 4 79
13 27 36 71
13 28 91 18
13 29 60 59
13 30 43 68
13 31 17 81
13 32 71 18
13 33 80 22
13 34 29 67
13 35 9 61
13 36 74 44
13 37 2 92
13 38 60 63
13 39 2 94
13 40 58 53
13 41 19 54
13 42 79 57
13 43 61 46
13 44 9 66
13 45 37 63
13 46 70 50
13 47 95 51
13 48 69 29
13 49 44 40
13 50 25 87
13 51 55 30
13 52 99 26
13 53 90 35
13 54 99 43
13 55 13 60
13 56 40 38
13 57 85 56
13 58 83 56
13 59 27 84
13 60 77 48
13 61 77 42
13 62 43 73
13 63 48 50
13 64 71 45
13 65 43 75
13 66 73 31
13 67 36 42
13 68 34 71
13 69 28 60
13 70 20 82
13 71 69 16
13 72 95 32
13 73 77 45
13 74 77 23
13 75 4 52
13 76 96 13
13 77 22 62
13 78 78 24
13 79 35 60
13 80 36 42
13 81 6 52
13 82 2 84
13 83 23 77
13 84 60 34
13 85 12 85
13 86 94 45
13 87 46 49
13 88 53 27
13 89 99 3
13 90 11 66
13 91 68 40
13 92 46 29
13 93 89 16
13 94 45 76
13 95 86 21
13 96 55 25
13 97 26 74
13 98 37 31
13 99 21 83
14 15 8 94
14 16 18 61
14 17 20 54
14 18 10 92
14 19 64 17
14 20 60 49
14 21 4 81
14 22 91 53
14 23 44 49
14 24 42 61
14 25 20 78
14 26 14 80
14 27 31 35
14 28 74 31
14 29 65 43
14 30 65 25
14 31 86 53
14 32 22 55
14 33 21 67
14 34 36 52
14 35 65 34
14 36 21 48
14 37 73 41
14 38 67 22
14 39 93 3
14 40 96 4
14 41 63 23
14 42 49 65
14 43 79 12
14 44 92 13
14 45 9 83
14 46 38 69
14 47 99 2
14 48 11 68
14 49 85 52
14 50 85 27
14 51 71 27
14 52 49 74
14 53 11 52
14 54 1 93
14 55 61 32
14 56 12 79
14 57 67 44
14 58 60 57
14 59 63 23
14 60 42 55
14 61 61 20
14 62 8 79
14 63 5 85
14 64 73 21
14 65 49 72
14 66 98 14
14 67 42 55
14 68 54 66
14 69 3 81
14 70 82 15
14 71 87 53
14 72 83 46
14 73 18 72
14 74 72 38
14 75 38 46
14 76 25 40
14 77 72 37
14 78 78 56
14 79 55 41
14 80 89 29
14 81 63 30
14 82 51 49
14 83 2 89
14 84 27 84
14 85 28 79
14 86 66 28
14 87 53 67
14 88 58 59
14 89 40 46
14 90 62 67
14 91 67 29
14 92 16 46
14 93 18 74
14 94 79 20
14 95 72 44
14 96 47 49
14 97 1 56
14 98 77 33
14 99 31 57
15 16 65 19
15 17 62 53
15 18 10 80
15 19 92 17
15 20 25 80
15 21 84 25
15 22 5 58
15 23 15 58
15 24 86 49
15 25 97 14
15 26 3 50
15 27 95 51
15 28 36 51
15 29 78 52
15 30 21 85
15 31 95 47
15 32 27 55
15 33 83 50
15 34 17 43
15 35 89 40
15 36 38 70
15 37 27 71
15 38 24 54
15 39 46 48
15 40 10 63
15 41 98 30
15 42 80 30
15 43 5 79
15 44 74 45
15 45 63 49
15 46 6 64
15 47 66 35
15 48 7 86
15 49 39 37
15 50 54 49
15 51 77 27
15 52 94 4
15 53 10 61
15 54 39 77
15 55 69 49
15 56 96 21
15 57 24 54
15 58 49 68
15 59 8 56
15 60 80 22
15 61 85 43
15 62 20 60
15 63 12 44
15 64 43 40
15 65 32 75
15 66 68 18
15 67 89 50
15 68 23 82
15 69 96 23
15 70 52 50
15 71 3 54
15 72 47 60
15 73 65 38
15 74 62 50
15 75 11 71
15 76 78 12
15 77 68 64
15 78 48 38
15 79 25 58
15 80 40 40
15 81 46 30
15 82 21 73
15 83 60 69
15 84 73 39
15 85 1 64
15 86 12 80
15 87 4 84
15 88 0 58
15 89 50 29
15 90 63 30
15 91 19 71
15 92 5 61
15 93 40 62
15 94 37 76
15 95 41 64
15 96 82 53
15 97 30 37
15 98 75 47
15 99 40 60
16 17 22 52
16 18 73 35
16 19 97 25
16 20 42 41
16 21 74 55
16 22 54 71
16 23 96 18
16 24 76 18
16 25 63 46
16 26 6 72
16 27 29 74
16 28 74 46
16 29 86 28
16 30 87 23
16 31 37 33
16 32 10 92
16 33 6 54
16 34 38 76
16 35 10 51
16 36 24 37
16 37 28 73
16 38 87 50
16 39 20 64
16 40 32 42
16 41 64 44
16 42 54 48
16 43 42 76
16 44 12 53
16 45 95 50
16 46 65 34
16 47 65 17
16 48 16 56
16 49 94 11
16 50 94 48
16 51 60 53
16 52 67 16
16 53 69 57
16 54 62 62
16 55 23 39
16 56 16 57
16 57 46 49
16 58 44 69
16 59 83 44
16 60 50 64
16 61 32 50
16 62 67 57
16 63 66 32
16 64 33 52
16 65 9 71
16 66 3 60
16 67 40 38
16 68 48 27
16 69 15 62
16 70 62 52
16 71 19 68
16 72 53 63
16 73 18 85
16 74 55 33
16 75 79 49
16 76 84 52
16 77 37 45
16 78 2 87
16 79 96 39
16 80 14 44
16 81 49 32
16 82 63 46
16 83 24 56
16 84 0 91
16 85 56 52
16 86 14 47
16 87 92 48
16 88 36 51
16 89 91 50
16 90 40 56
16 91 33 45
16 92 4 60
16 93 19 81
16 94 44 43
16 95 14 46
16 96 37 61
16 97 17 42
16 98 94 10
16 99 17 56
17 18 1 67
17 19 9 85
17 20 61 59
17 21 10 90
17 22 75 39
17 23 11 90
17 24 98 5
17 25 20 47
17 26 16 44
17 27 86 30
17 28 27 46
17 29 54 36
17 30 16 57
17 31 76 24
17 32 59 46
17 33 66 22
17 34 53 69
17 35 34 54
17 36 2 65
17 37 93 11
17 38 97 28
17 39 56 61
17 40 2 90
17 41 40 32
17 42 91 50
17 43 97 3
17 44 74 61
17 45 60 38
17 46 71 22
17 47 2 97
17 48 71 52
17 49 79 51
17 50 35 80
17 51 2 98
17 52 89 45
17 53 72 14
17 54 63 23
17 55 60 20
17 56 84 38
17 57 50 40
17 58 46 38
17 59 0 69
17 60 65 66
17 61 58 43
17 62 57 42
17 63 20 60
17 64 14 44
17 65 93 20
17 66 92 39
17 67 14 54
17 68 52 57
17 69 5 97
17 70 28 36
17 71 24 37
17 72 34 80
17 73 49 63
17 74 66 21
17 75 62 26
17 76 94 37
17 77 36 40
17 78 90 38
17 79 27 60
17 80 26 71
17 81 25 54
17 82 25 41
17 83 15 80
17 84 69 49
17 85 51 53
17 86 21 42
17 87 63 61
17 88 27 58
17 89 61 30
17 90 65 36
17 91 3 78
17 92 35 69
17 93 17 73
17 94 70 21
17 95 9 49
17 96 25 41
17 97 13 74
17 98 85 18
17 99 96 23
18 19 49 74
18 20 74 39
18 21 94 37
18 22 43 75
18 23 72 41
18 24 46 31
18 25 28 79
18 26 12 76
18 27 37 52
18 28 91 45
18 29 3 92
18 30 98 2
18 31 4 62
18 32 44 50
18 33 35 70
18 34 45 76
18 35 28 42
18 36 4 57
18 37 36 48
18 38 54 47
18 39 18 71
18 40 93 24
18 41 85 33
18 42 27 52
18 43 37 65
18 44 87 53
18 45 86 14
18 46 59 30
18 47 19 86
18 48 52 47
18 49 54 54
18 50 76 24
18 51 91 48
18 52 93 16
18 53 28 73
18 54 66 40
18 55 55 68
18 56 22 80
18 57 79 13
18 58 65 57
18 59 71 25
18 60 99 35
18 61 49 53
18 62 25 65
18 63 71 26
18 64 23 81
18 65 27 82
18 66 10 84
18 67 76 24
18 68 63 20
18 69 25 39
18 70 80 18
18 71 22 71
18 72 35 79
18 73 48 69
18 74 97 18
18 75 72 48
18 76 57 63
18 77 14 88
18 78 61 59
18 79 52 46
18 80 41 69
18 81 4 58
18 82 33 77
18 83 21 82
18 84 96 4
18 85 26 52
18 86 66 64
18 87 38 61
18 88 21 68
18 89 82 42
18 90 92 18
18 91 51 64
18 92 7 66
18 93 85 39
18 94 58 37
18 95 48 48
18 96 82 21
18 97 72 14
18 98 92 26
18 99 8 88
19 20 45 71
19 21 83 54
19 22 45 44
19 23 66 64
19 24 95 13
19 25 29 70
19 26 40 30
19 27 87 53
19 28 84 33
19 29 93 53
19 30 65 19
19 31 43 45
19 32 29 40
19 33 59 41
19 34 52 47
19 35 6 83
19 36 48 68
19 37 44 69
19 38 33 71
19 39 36 69
19 40 36 80
19 41 26 56
19 42 57 22
19 43 37 48
19 44 51 66
19 45 57 53
19 46 5 81
19 47 75 44
19 48 41 53
19 49 95 8
19 50 46 48
19 51 41 76
19 52 62 68
19 53 55 63
19 54 88 52
19 55 55 43
19 56 85 9
19 57 20 67
19 58 48 34
19 59 52 62
19 60 26 41
19 61 37 65
19 62 27 72
19 63 26 85
19 64 93 51
19 65 81 46
19 66 97 29
19 67 87 44
19 68 99 33
19 69 64 44
19 70 19 71
19 71 2 96
19 72 37 60
19 73 83 8
19 74 78 52
19 75 72 16
19 76 23 63
19 77 37 64
19 78 89 33
19 79 21 52
19 80 27 62
19 81 54 47
19 82 45 58
19 83 61 63
19 84 57 41
19 85 24 74
19 86 15 50
19 87 17 46
19 88 51 71
19 89 65 25
19 90 11 84
19 91 16 80
19 92 17 43
19 93 43 55
19 94 18 67
19 95 38 36
19 96 84 15
19 97 54 23
19 98 34 53
19 99 25 48
20 21 90 35
20 22 50 37
20 23 7 74
20 24 99 36
20 25 9 62
20 26 16 56
20 27 91 12
20 28 58 48
20 29 56 48
20 30 72 21
20 31 30 49
20 32 54 55
20 33 1 83
20 34 16 44
20 35 60 58
20 36 91 13
20 37 33 72
20 38 1 73
20 39 12 47
20 40 19 42
20 41 87 52
20 42 28 51
20 43 58 68
20 44 96 38
20 45 83 30
20 46 40 31
20 47 5 56
20 48 62 20
20 49 66 21
20 50 50 59
20 51 41 46
20 52 29 79
20 53 64 36
20 54 55 25
20 55 1 76
20 56 12 75
20 57 3 91
20 58 66 35
20 59 60 22
20 60 42 36
20 61 84 23
20 62 16 76
20 63 93 52
20 64 16 79
20 65 3 95
20 66 14 84
20 67 40 42
20 68 14 42
20 69 39 52
20 70 25 81
20 71 94 7
20 72 33 54
20 73 71 43
20 74 67 59
20 75 17 58
20 76 4 72
20 77 71 57
20 78 22 60
20 79 21 67
20 80 32 72
20 81 8 91
20 82 90 36
20 83 7 87
20 84 24 57
20 85 97 7
20 86 28 48
20 87 28 45
20 88 1 52
20 89 14 54
20 90 27 49
20 91 83 41
20 92 67 28
20 93 95 37
20 94 60 69
20 95 79 16
20 96 55 60
20 97 4 71
20 98 64 62
20 99 52 67
21 22 6 72
21 23 52 38
21 24 84 16
21 25 34 57
21 26 76 51
21 27 75 41
21 28 49 50
21 29 3 69
21 30 9 62
21 31 89 44
21 32 64 38
21 33 68 54
21 34 8 55
21 35 74 21
21 36 76 44
21 37 36 38
21 38 53 66
21 39 55 65
21 40 71 50
21 41 1 58
21 42 60 67
21 43 75 55
21 44 29 51
21 45 92 37
21 46 57 43
21 47 86 47
21 48 58 61
21 49 29 43
21 50 3 52
21 51 46 29
21 52 10 55
21 53 2 50
21 54 74 47
21 55 9 55
21 56 44 66
21 57 55 69
21 58 16 48
21 59 79 31
21 60 47 58
21 61 29 70
21 62 16 62
21 63 72 21
21 64 64 30
21 65 3 78
21 66 61 31
21 67 16 84
21 68 3 84
21 69 76 24
21 70 91 43
21 71 19 62
21 72 62 24
21 73 81 45
21 74 49 71
21 75 98 34
21 76 20 56
21 77 72 60
21 78 40 41
21 79 83 32
21 80 31 83
21 81 86 26
21 82 96 42
21 83 72 19
21 84 16 53
21 85 2 82
21 86 39 75
21 87 73 28
21 88 58 45
21 89 11 78
21 90 12 86
21 91 8 65
21 92 29 51
21 93 91 35
21 94 67 23
21 95 22 67
21 96 58 26
21 97 36 52
21 98 75 60
21 99 75 50
22 23 14 78
22 24 84 27
22 25 4 48
22 26 37 44
22 27 65 39
22 28 37 37
22 29 52 28
22 30 30 74
22 31 45 76
22 32 37 44
22 33 89 27
22 34 34 37
22 35 56 66
22 36 54 66
22 37 99 33
22 38 9 66
22 39 85 46
22 40 67 32
22 41 28 82
22 42 27 64
22 43 74 23
22 44 84 11
22 45 65 38
22 46 45 73
22 47 19 70
22 48 52 71
22 49 68 44
22 50 24 80
22 51 58 63
22 52 44 50
22 53 59 36
22 54 15 42
22 55 99 29
22 56 14 90
22 57 98 41
22 58 17 54
22 59 8 73
22 60 23 75
22 61 93 25
22 62 64 43
22 63 73 21
22 64 10 64
22 65 10 78
22 66 28 84
22 67 19 84
22 68 83 35
22 69 29 57
22 70 42 63
22 71 90 35
22 72 1 60
22 73 4 61
22 74 72 26
22 75 90 43
22 76 25 80
22 77 20 41
22 78 97 19
22 79 7 53
22 80 18 76
22 81 57 47
22 82 81 26
22 83 36 65
22 84 80 23
22 85 30 76
22 86 84 28
22 87 58 67
22 88 50 39
22 89 77 42
22 90 50 37
22 91 92 12
22 92 97 47
22 93 29 61
22 94 62 43
22 95 8 49
22 96 75 12
22 97 93 35
22 98 81 48
22 99 22 86
23 24 47 63
23 25 97 40
23 26 64 55
23 27 48 30
23 28 55 70
23 29 56 54
23 30 42 39
23 31 39 65
23 32 67 22
23 33 24 41
23 34 17 54
23 35 64 43
23 36 22 77
23 37 74 28
23 38 55 26
23 39 46 60
23 40 78 51
23 41 35 35
23 42 76 14
23 43 51 46
23 44 37 77
23 45 86 45
23 46 89 52
23 47 45 70
23 48 82 30
23 49 64 41
23 50 98 36
23 51 61 49
23 52 45 35
23 53 32 49
23 54 44 58
23 55 29 79
23 56 85 44
23 57 75 12
23 58 49 50
23 59 61 56
23 60 68 60
23 61 12 57
23 62 34 36
23 63 1 55
23 64 38 53
23 65 62 49
23 66 38 63
23 67 88 10
23 68 85 36
23 69 85 27
23 70 36 53
23 71 14 86
23 72 57 26
23 73 41 50
23 74 18 89
23 75 25 64
23 76 49 51
23 77 79 54
23 78 62 68
23 79 80 55
23 80 97 34
23 81 12 93
23 82 85 56
23 83 63 18
23 84 78 26
23 85 74 27
23 86 81 14
23 87 85 34
23 88 61 38
23 89 59 50
23 90 41 69
23 91 74 35
23 92 72 43
23 93 70 57
23 94 68 31
23 95 5 79
23 96 45 70
23 97 25 38
23 98 34 37
23 99 57 58
24 25 80 37
24 26 39 76
24 27 49 37
24 28 68 59
24 29 37 76
24 30 74 52
24 31 5 77
24 32 78 19
24 33 75 19
24 34 57 56
24 35 4 85
24 36 16 58
24 37 3 50
24 38 52 43
24 39 27 57
24 40 7 75
24 41 65 57
24 42 84 41
24 43 49 39
24 44 22 61
24 45 63 56
24 46 13 58
24 47 47 33
24 48 39 36
24 49 57 50
24 50 72 31
24 51 88 18
24 52 51 61
24 53 87 25
24 54 30 46
24 55 38 33
24 56 91 39
24 57 28 85
24 58 0 76
24 59 76 47
24 60 91 50
24 61 22 39
24 62 72 61
24 63 22 72
24 64 45 52
24 65 99 17
24 66 89 49
24 67 31 76
24 68 28 85
24 69 34 36
24 70 76 48
24 71 62 67
24 72 58 69
24 73 48 71
24 74 83 34
24 75 84 17
24 76 15 69
24 77 91 51
24 78 57 62
24 79 55 52
24 80 40 70
24 81 86 23
24 82 82 15
24 83 78 26
24 84 62 55
24 85 66 28
24 86 27 48
24 87 37 76
24 88 24 72
24 89 88 37
24 90 7 95
24 91 72 45
24 92 5 76
24 93 79 48
24 94 17 84
24 95 64 62
24 96 19 65
24 97 70 36
24 98 50 70
24 99 87 32
25 26 15 49
25 27 11 62
25 28 38 70
25 29 54 65
25 30 8 82
25 31 82 11
25 32 62 57
25 33 62 27
25 34 75 60
25 35 57 43
25 36 64 52
25 37 36 66
25 38 60 55
25 39 19 72
25 40 89 22
25 41 35 82
25 42 22 85
25 43 78 25
25 44 40 66
25 45 34 46
25 46 47 65
25 47 87 11
25 48 26 71
25 49 70 25
25 50 99 5
25 51 30 82
25 52 28 75
25 53 12 91
25 54 53 47
25 55 2 57
25 56 46 75
25 57 2 89
25 58 80 12
25 59 19 74
25 60 75 19
25 61 56 57
25 62 45 61
25 63 4 70
25 64 96 31
25 65 97 42
25 66 64 57
25 67 60 54
25 68 23 75
25 69 14 61
25 70 50 50
25 71 23 66
25 72 66 53
25 73 2 97
25 74 9 94
25 75 28 61
25 76 94 41
25 77 53 45
25 78 94 38
25 79 43 28
25 80 70 46
25 81 74 41
25 82 87 42
25 83 36 77
25 84 33 54
25 85 32 47
25 86 36 46
25 87 92 4
25 88 2 54
25 89 47 69
25 90 45 56
25 91 72 59
25 92 86 36
25 93 32 72
25 94 14 67
25 95 30 40
25 96 76 48
25 97 18 47
25 98 16 44
25 99 93 41
26 27 65 21
26 28 81 11
26 29 65 63
26 30 83 36
26 31 38 36
26 32 40 36
26 33 17 67
26 34 64 50
26 35 36 71
26 36 26 70
26 37 77 49
26 38 61 32
26 39 50 42
26 40 34 47
26 41 49 33
26 42 26 55
26 43 0 89
26 44 5 75
26 45 36 77
26 46 94 39
26 47 27 79
26 48 81 55
26 49 27 75
26 50 53 52
26 51 93 31
26 52 59 57
26 53 84 31
26 54 44 46
26 55 57 26
26 56 40 39
26 57 86 36
26 58 61 34
26 59 45 55
26 60 4 68
26 61 22 82
26 62 36 42
26 63 87 41
26 64 92 22
26 65 16 79
26 66 95 45
26 67 55 51
26 68 75 48
26 69 16 66
26 70 28 57
26 71 46 47
26 72 20 45
26 73 76 43
26 74 14 72
26 75 41 71
26 76 93 43
26 77 63 52
26 78 81 53
26 79 28 76
26 80 30 45
26 81 43 36
26 82 59 49
26 83 37 43
26 84 63 23
26 85 82 27
26 86 52 33
26 87 13 54
26 88 52 55
26 89 31 55
26 90 95 34
26 91 50 72
26 92 16 84
26 93 32 50
26 94 83 34
26 95 62 38
26 96 84 39
26 97 46 26
26 98 3 86
26 99 30 50
27 28 44 40
27 29 73 36
27 30 65 47
27 31 38 36
27 32 70 62
27 33 75 14
27 34 96 15
27 35 24 60
27 36 24 69
27 37 77 55
27 38 13 73
27 39 62 39
27 40 68 33
27 41 90 11
27 42 64 42
27 43 56 69
27 44 48 34
27 45 92 7
27 46 2 71
27 47 29 44
27 48 6 86
27 49 28 69
27 50 45 34
27 51 74 25
27 52 47 27
27 53 48 46
27 54 37 65
27 55 1 93
27 56 86 43
27 57 95 50
27 58 58 32
27 59 20 46
27 60 53 64
27 61 25 51
27 62 72 15
27 63 66 65
27 64 84 44
27 65 20 87
27 66 99 34
27 67 46 54
27 68 38 32
27 69 89 28
27 70 62 27
27 71 26 85
27 72 71 19
27 73 63 42
27 74 57 28
27 75 2 63
27 76 92 5
27 77 27 72
27 78 39 41
27 79 34 36
27 80 41 71
27 81 5 91
27 82 1 60
27 83 78 37
27 84 83 42
27 85 54 69
27 86 94 17
27 87 88 20
27 88 33 77
27 89 88 31
27 90 72 15
27 91 39 52
27 92 14 92
27 93 71 26
27 94 75 51
27 95 12 51
27 96 1 56
27 97 42 53
27 98 82 15
27 99 59 26
28 29 63 37
28 30 56 65
28 31 66 48
28 32 64 28
28 33 14 49
28 34 72 28
28 35 40 55
28 36 12 55
28 37 14 77
28 38 86 35
28 39 64 57
28 40 87 19
28 41 62 32
28 42 89 26
28 43 47 67
28 44 19 59
28 45 59 65
28 46 63 64
28 47 18 83
28 48 59 40
28 49 74 31
28 50 34 80
28 51 79 29
28 52 25 58
28 53 41 60
28 54 5 74
28 55 28 68
28 56 12 52
28 57 99 21
28 58 71 52
28 59 89 17
28 60 14 78
28 61 4 49
28 62 25 70
28 63 42 58
28 64 69 46
28 65 79 12
28 66 11 63
28 67 78 18
28 68 95 7
28 69 48 66
28 70 1 54
28 71 44 34
28 72 37 32
28 73 69 54
28 74 89 37
28 75 15 73
28 76 7 79
28 77 29 50
28 78 99 19
28 79 77 58
28 80 38 37
28 81 15 51
28 82 88 49
28 83 84 25
28 84 42 39
28 85 69 25
28 86 94 8
28 87 27 78
28 88 68 25
28 89 90 54
28 90 80 25
28 91 54 43
28 92 15 57
28 93 89 22
28 94 20 67
28 95 75 35
28 96 35 54
28 97 11 58
28 98 81 15
28 99 41 33
29 30 37 48
29 31 74 61
29 32 93 16
29 33 33 79
29 34 64 26
29 35 75 40
29 36 81 47
29 37 91 35
29 38 32 42
29 39 6 95
29 40 89 31
29 41 21 46
29 42 16 79
29 43 64 38
29 44 48 53
29 45 11 88
29 46 22 44
29 47 77 13
29 48 3 94
29 49 68 35
29 50 64 19
29 51 69 29
29 52 39 34
29 53 89 15
29 54 8 95
29 55 17 69
29 56 92 31
29 57 69 15
29 58 58 40
29 59 42 41
29 60 63 26
29 61 57 47
29 62 0 59
29 63 83 12
29 64 43 41
29 65 42 46
29 66 56 39
29 67 68 38
29 68 67 64
29 69 88 42
29 70 36 40
29 71 1 61
29 72 6 52
29 73 66 18
29 74 47 55
29 75 96 41
29 76 24 40
29 77 54 71
29 78 65 56
29 79 60 29
29 80 7 63
29 81 71 52
29 82 22 43
29 83 99 2
29 84 91 18
29 85 6 61
29 86 63 20
29 87 54 44
29 88 49 75
29 89 5 53
29 90 66 20
29 91 95 27
29 92 50 55
29 93 30 61
29 94 21 75
29 95 65 61
29 96 3 65
29 97 94 17
29 98 5 76
29 99 3 86
30 31 78 59
30 32 66 39
30 33 67 29
30 34 89 8
30 35 99 21
30 36 44 40
30 37 20 52
30 38 52 48
30 39 93 29
30 40 10 66
30 41 62 21
30 42 58 31
30 43 68 21
30 44 16 74
30 45 1 74
30 46 15 57
30 47 65 22
30 48 14 71
30 49 16 52
30 50 22 63
30 51 36 50
30 52 25 58
30 53 83 15
30 54 61 39
30 55 89 13
30 56 90 43
30 57 28 43
30 58 7 63
30 59 22 41
30 60 78 49
30 61 79 13
30 62 4 91
30 63 18 57
30 64 89 28
30 65 8 90
30 66 73 20
30 67 29 53
30 68 96 50
30 69 26 82
30 70 13 45
30 71 69 30
30 72 55 45
30 73 29 43
30 74 61 64
30 75 66 19
30 76 46 30
30 77 16 68
30 78 42 43
30 79 38 31
30 80 20 56
30 81 12 80
30 82 50 33
30 83 59 44
30 84 24 69
30 85 5 87
30 86 92 46
30 87 76 38
30 88 85 42
30 89 27 60
30 90 24 81
30 91 56 51
30 92 3 77
30 93 67 52
30 94 69 49
30 95 96 3
30 96 59 21
30 97 30 63
30 98 38 75
30 99 80 14
31 32 82 32
31 33 58 36
31 34 78 41
31 35 95 10
31 36 41 45
31 37 76 34
31 38 68 21
31 39 64 47
31 40 80 47
31 41 59 46
31 42 40 33
31 43 43 59
31 44 80 18
31 45 3 54
31 46 70 52
31 47 6 65
31 48 16 51
31 49 93 34
31 50 14 60
31 51 63 45
31 52 69 20
31 53 55 46
31 54 78 37
31 55 43 55
31 56 16 54
31 57 68 24
31 58 94 41
31 59 53 46
31 60 78 26
31 61 5 78
31 62 17 80
31 63 96 34
31 64 1 52
31 65 10 58
31 66 18 47
31 67 68 43
31 68 35 72
31 69 88 32
31 70 93 11
31 71 28 38
31 72 55 26
31 73 12 76
31 74 43 38
31 75 30 67
31 76 75 41
31 77 48 68
31 78 58 40
31 79 18 58
31 80 24 59
31 81 90 54
31 82 80 35
31 83 63 44
31 84 94 25
31 85 52 53
31 86 82 20
31 87 0 61
31 88 73 15
31 89 97 22
31 90 25 54
31 91 35 37
31 92 33 38
31 93 37 32
31 94 42 40
31 95 50 39
31 96 71 40
31 97 24 66
31 98 78 57
31 99 68 59
32 33 82 56
32 34 13 91
32 35 91 9
32 36 71 46
32 37 65 25
32 38 17 50
32 39 57 57
32 40 60 50
32 41 75 19
32 42 60 50
32 43 35 81
32 44 23 65
32 45 16 53
32 46 95 35
32 47 22 78
32 48 91 37
32 49 56 66
32 50 99 13
32 51 20 40
32 52 93 24
32 53 15 70
32 54 12 62
32 55 20 56
32 56 72 36
32 57 6 83
32 58 64 44
32 59 97 20
32 60 74 13
32 61 22 75
32 62 19 49
32 63 34 55
32 64 47 71
32 65 73 55
32 66 4 85
32 67 11 55
32 68 59 58
32 69 66 43
32 70 89 45
32 71 87 23
32 72 36 81
32 73 98 5
32 74 7 52
32 75 87 8
32 76 55 66
32 77 6 90
32 78 63 35
32 79 16 44
32 80 23 68
32 81 83 52
32 82 16 53
32 83 16 81
32 84 97 22
32 85 72 49
32 86 63 23
32 87 41 47
32 88 15 75
32 89 48 51
32 90 38 72
32 91 59 41
32 92 35 32
32 93 86 10
32 94 45 71
32 95 60 58
32 96 5 49
32 97 84 40
32 98 9 61
32 99 41 68
33 34 44 52
33 35 10 76
33 36 24 44
33 37 24 54
33 38 8 47
33 39 84 38
33 40 39 59
33 41 28 47
33 42 59 46
33 43 94 28
33 44 50 59
33 45 50 59
33 46 78 53
33 47 52 26
33 48 86 18
33 49 78 16
33 50 1 76
33 51 19 59
33 52 73 26
33 53 77 39
33 54 81 40
33 55 22 53
33 56 60 22
33 57 30 74
33 58 20 55
33 59 74 62
33 60 53 48
33 61 62 36
33 62 85 26
33 63 32 60
33 64 44 41
33 65 67 33
33 66 10 93
33 67 99 22
33 68 57 42
33 69 93 4
33 70 92 8
33 71 92 49
33 72 23 78
33 73 45 48
33 74 52 36
33 75 95 28
33 76 24 68
33 77 19 47
33 78 30 49
33 79 45 30
33 80 42 74
33 81 23 52
33 82 7 93
33 83 67 57
33 84 82 12
33 85 31 40
33 86 38 74
33 87 63 24
33 88 35 65
33 89 77 15
33 90 63 36
33 91 47 66
33 92 89 24
33 93 77 42
33 94 41 33
33 95 27 70
33 96 3 69
33 97 79 37
33 98 56 56
33 99 89 32
34 35 73 44
34 36 0 91
34 37 62 47
34 38 83 40
34 39 8 64
34 40 92 15
34 41 28 65
34 42 42 41
34 43 53 51
34 44 91 14
34 45 3 57
34 46 30 54
34 47 96 42
34 48 9 48
34 49 37 68
34 50 61 54
34 51 13 76
34 52 32 60
34 53 81 43
34 54 95 41
34 55 54 60
34 56 19 54
34 57 40 54
34 58 5 62
34 59 91 50
34 60 41 47
34 61 81 57
34 62 16 65
34 63 24 80
34 64 62 36
34 65 19 87
34 66 70 20
34 67 14 83
34 68 14 51
34 69 53 72
34 70 40 77
34 71 66 41
34 72 61 33
34 73 67 24
34 74 39 76
34 75 68 55
34 76 56 58
34 77 35 77
34 78 0 69
34 79 63 55
34 80 59 40
34 81 50 68
34 82 50 38
34 83 92 37
34 84 57 69
34 85 41 71
34 86 97 29
34 87 46 70
34 88 28 73
34 89 47 70
34 90 97 14
34 91 17 87
34 92 91 49
34 93 33 69
34 94 70 26
34 95 62 50
34 96 29 73
34 97 42 58
34 98 16 88
34 99 66 38
35 36 45 51
35 37 93 38
35 38 77 27
35 39 59 49
35 40 7 85
35 41 59 35
35 42 85 36
35 43 40 65
35 44 59 20
35 45 45 76
35 46 60 20
35 47 64 46
35 48 7 65
35 49 40 70
35 50 56 65
35 51 13 56
35 52 51 62
35 53 69 15
35 54 12 53
35 55 9 47
35 56 9 54
35 57 7 63
35 58 22 44
35 59 43 73
35 60 7 47
35 61 81 51
35 62 30 53
35 63 81 39
35 64 79 15
35 65 40 33
35 66 30 47
35 67 94 8
35 68 26 64
35 69 3 51
35 70 86 36
35 71 82 17
35 72 51 33
35 73 76 29
35 74 0 73
35 75 80 10
35 76 64 19
35 77 11 44
35 78 87 24
35 79 98 50
35 80 86 51
35 81 5 63
35 82 70 33
35 83 32 34
35 84 60 57
35 85 67 30
35 86 62 60
35 87 56 26
35 88 55 40
35 89 82 15
35 90 80 33
35 91 57 51
35 92 94 50
35 93 21 72
35 94 20 84
35 95 71 38
35 96 15 90
35 97 81 11
35 98 63 63
35 99 89 47
36 37 62 54
36 38 68 46
36 39 90 11
36 40 81 47
36 41 15 90
36 42 94 26
36 43 97 7
36 44 90 28
36 45 84 55
36 46 66 28
36 47 35 56
36 48 78 34
36 49 0 76
36 50 71 45
36 51 24 79
36 52 18 45
36 53 22 61
36 54 98 30
36 55 2 96
36 56 91 42
36 57 46 32
36 58 49 32
36 59 56 32
36 60 62 49
36 61 88 31
36 62 56 27
36 63 36 69
36 64 44 56
36 65 61 60
36 66 51 29
36 67 4 65
36 68 83 19
36 69 55 68
36 70 11 48
36 71 33 59
36 72 36 68
36 73 14 70
36 74 66 60
36 75 81 23
36 76 44 27
36 77 21 63
36 78 48 64
36 79 3 56
36 80 86 41
36 81 69 15
36 82 74 33
36 83 22 80
36 84 35 40
36 85 11 75
36 86 53 57
36 87 52 61
36 88 55 34
36 89 12 67
36 90 77 18
36 91 15 84
36 92 14 69
36 93 31 73
36 94 0 93
36 95 68 59
36 96 94 23
36 97 31 38
36 98 84 8
36 99 36 60
37 38 42 58
37 39 13 91
37 40 83 42
37 41 89 32
37 42 46 56
37 43 20 73
37 44 92 30
37 45 8 62
37 46 89 33
37 47 85 31
37 48 98 7
37 49 15 82
37 50 6 87
37 51 45 28
37 52 55 40
37 53 72 31
37 54 8 64
37 55 15 54
37 56 46 35
37 57 58 49
37 58 63 42
37 59 38 53
37 60 98 49
37 61 60 26
37 62 55 22
37 63 83 23
37 64 12 49
37 65 37 61
37 66 91 14
37 67 56 26
37 68 71 63
37 69 76 44
37 70 85 14
37 71 82 19
37 72 56 22
37 73 54 44
37 74 95 18
37 75 73 20
37 76 96 12
37 77 55 72
37 78 33 59
37 79 30 72
37 80 61 67
37 81 33 82
37 82 90 15
37 83 88 30
37 84 0 60
37 85 35 69
37 86 7 63
37 87 63 24
37 88 62 64
37 89 68 59
37 90 18 53
37 91 12 67
37 92 9 65
37 93 67 19
37 94 67 53
37 95 22 85
37 96 70 34
37 97 3 71
37 98 76 29
37 99 61 65
38 39 35 81
38 40 84 21
38 41 89 8
38 42 8 67
38 43 95 36
38 44 45 52
38 45 32 41
38 46 52 50
38 47 61 43
38 48 92 45
38 49 77 23
38 50 76 25
38 51 23 76
38 52 8 64
38 53 19 49
38 54 58 52
38 55 59 30
38 56 31 83
38 57 36 59
38 58 37 34
38 59 4 49
38 60 54 25
38 61 0 93
38 62 51 32
38 63 74 23
38 64 38 33
38 65 64 56
38 66 24 43
38 67 21 50
38 68 31 52
38 69 15 47
38 70 10 68
38 71 0 88
38 72 74 34
38 73 42 76
38 74 99 31
38 75 89 25
38 76 46 40
38 77 21 66
38 78 77 38
38 79 5 68
38 80 84 51
38 81 89 22
38 82 43 42
38 83 55 40
38 84 45 65
38 85 70 49
38 86 90 42
38 87 36 78
38 88 45 65
38 89 54 39
38 90 67 35
38 91 40 50
38 92 73 17
38 93 15 44
38 94 43 28
38 95 94 51
38 96 34 47
38 97 86 30
38 98 73 26
38 99 24 38
39 40 57 38
39 41 80 47
39 42 96 30
39 43 78 26
39 44 69 39
39 45 69 30
39 46 66 58
39 47 7 78
39 48 14 77
39 49 63 44
39 50 60 35
39 51 90 27
39 52 42 40
39 53 58 48
39 54 96 22
39 55 0 79
39 56 40 67
39 57 8 52
39 58 39 71
39 59 80 56
39 60 83 48
39 61 18 60
39 62 25 80
39 63 77 35
39 64 90 28
39 65 8 51
39 66 26 57
39 67 79 50
39 68 52 54
39 69 19 76
39 70 5 79
39 71 67 40
39 72 86 37
39 73 58 21
39 74 62 26
39 75 68 29
39 76 46 65
39 77 61 24
39 78 22 53
39 79 44 73
39 80 89 32
39 81 18 79
39 82 23 57
39 83 45 70
39 84 42 56
39 85 12 83
39 86 55 55
39 87 11 47
39 88 90 53
39 89 30 54
39 90 13 80
39 91 23 50
39 92 77 26
39 93 2 93
39 94 75 59
39 95 87 15
39 96 46 73
39 97 79 53
39 98 66 61
39 99 60 52
40 41 79 17
40 42 30 51
40 43 81 30
40 44 17 76
40 45 98 22
40 46 86 55
40 47 51 40
40 48 38 77
40 49 9 63
40 50 88 5
40 51 18 44
40 52 90 6
40 53 21 85
40 54 35 75
40 55 77 26
40 56 90 6
40 57 86 54
40 58 22 81
40 59 8 74
40 60 35 62
40 61 35 58
40 62 20 69
40 63 16 71
40 64 98 34
40 65 71 51
40 66 9 82
40 67 0 49
40 68 91 6
40 69 60 67
40 70 75 56
40 71 96 5
40 72 2 94
40 73 24 63
40 74 43 67
40 75 77 13
40 76 25 59
40 77 73 43
40 78 73 51
40 79 62 20
40 80 52 32
40 81 31 78
40 82 17 68
40 83 2 87
40 84 5 72
40 85 62 48
40 86 52 37
40 87 63 61
40 88 83 56
40 89 35 39
40 90 26 68
40 91 92 48
40 92 68 49
40 93 76 39
40 94 32 67
40 95 33 66
40 96 53 63
40 97 99 40
40 98 72 30
40 99 65 58
41 42 37 42
41 43 65 24
41 44 44 50
41 45 78 48
41 46 90 6
41 47 25 62
41 48 60 60
41 49 20 43
41 50 79 58
41 51 10 60
41 52 76 35
41 53 30 43
41 54 3 49
41 55 14 43
41 56 63 34
41 57 57 44
41 58 58 37
41 59 19 79
41 60 4 86
41 61 96 23
41 62 30 56
41 63 33 38
41 64 96 4
41 65 89 49
41 66 88 44
41 67 24 76
41 68 33 63
41 69 66 40
41 70 24 45
41 71 78 47
41 72 94 52
41 73 9 90
41 74 88 47
41 75 76 54
41 76 51 57
41 77 5 58
41 78 62 34
41 79 84 42
41 80 90 19
41 81 61 54
41 82 7 89
41 83 5 81
41 84 87 55
41 85 56 34
41 86 26 39
41 87 61 31
41 88 18 77
41 89 55 44
41 90 93 52
41 91 35 42
41 92 77 41
41 93 50 27
41 94 87 19
41 95 85 12
41 96 34 74
41 97 21 78
41 98 71 41
41 99 17 77
42 43 27 79
42 44 23 78
42 45 85 46
42 46 6 87
42 47 95 39
42 48 41 78
42 49 21 82
42 50 86 33
42 51 41 69
42 52 49 32
42 53 95 9
42 54 68 38
42 55 30 53
42 56 89 7
42 57 50 38
42 58 1 95
42 59 98 40
42 60 70 53
42 61 77 31
42 62 37 55
42 63 7 67
42 64 80 21
42 65 91 11
42 66 17 91
42 67 10 64
42 68 56 25
42 69 42 35
42 70 1 62
42 71 55 61
42 72 76 31
42 73 81 54
42 74 97 28
42 75 48 33
42 76 20 68
42 77 20 61
42 78 43 50
42 79 30 61
42 80 3 91
42 81 49 45
42 82 8 70
42 83 31 82
42 84 12 52
42 85 22 57
42 86 89 32
42 87 3 97
42 88 15 78
42 89 25 53
42 90 33 52
42 91 8 53
42 92 28 84
42 93 31 83
42 94 24 37
42 95 88 43
42 96 15 62
42 97 22 66
42 98 20 53
42 99 65 39
43 44 99 45
43 45 23 38
43 46 94 21
43 47 88 10
43 48 87 44
43 49 86 42
43 50 36 62
43 51 56 44
43 52 67 43
43 53 13 77
43 54 24 38
43 55 3 56
43 56 0 90
43 57 23 40
43 58 3 84
43 59 54 69
43 60 97 36
43 61 21 58
43 62 31 54
43 63 42 74
43 64 80 46
43 65 78 44
43 66 45 47
43 67 9 48
43 68 0 86
43 69 45 29
43 70 30 77
43 71 72 41
43 72 93 23
43 73 14 58
43 74 99 45
43 75 47 57
43 76 83 51
43 77 1 85
43 78 89 24
43 79 36 44
43 80 28 41
43 81 1 68
43 82 11 70
43 83 28 67
43 84 64 35
43 85 43 56
43 86 70 50
43 87 44 72
43 88 89 34
43 89 9 45
43 90 59 41
43 91 36 56
43 92 61 64
43 93 66 61
43 94 93 10
43 95 24 59
43 96 38 65
43 97 79 19
43 98 56 66
43 99 72 30
44 45 71 43
44 46 84 57
44 47 85 9
44 48 66 45
44 49 43 54
44 50 13 59
44 51 26 70
44 52 63 23
44 53 28 57
44 54 9 56
44 55 43 68
44 56 58 21
44 57 56 71
44 58 49 66
44 59 64 49
44 60 66 39
44 61 99 16
44 62 33 49
44 63 11 45
44 64 23 69
44 65 79 28
44 66 38 59
44 67 37 78
44 68 35 49
44 69 1 77
44 70 26 63
44 71 36 49
44 72 69 44
44 73 4 80
44 74 97 12
44 75 23 57
44 76 51 61
44 77 68 33
44 78 57 61
44 79 87 16
44 80 99 31
44 81 7 49
44 82 37 76
44 83 54 24
44 84 86 26
44 85 41 45
44 86 64 63
44 87 12 86
44 88 43 29
44 89 6 66
44 90 66 59
44 91 89 44
44 92 75 40
44 93 58 64
44 94 48 42
44 95 71 42
44 96 5 61
44 97 89 18
44 98 60 46
44 99 55 60
45 46 74 13
45 47 43 40
45 48 0 64
45 49 13 47
45 50 85 27
45 51 16 44
45 52 28 53
45 53 73 19
45 54 19 83
45 55 24 80
45 56 76 46
45 57 73 62
45 58 23 56
45 59 63 38
45 60 49 64
45 61 66 58
45 62 56 67
45 63 84 54
45 64 61 31
45 65 32 77
45 66 3 56
45 67 42 55
45 68 37 67
45 69 64 18
45 70 82 42
45 71 39 32
45 72 7 89
45 73 90 37
45 74 77 37
45 75 30 58
45 76 4 93
45 77 72 46
45 78 79 36
45 79 25 72
45 80 23 70
45 81 59 24
45 82 50 27
45 83 23 41
45 84 53 58
45 85 58 38
45 86 64 37
45 87 46 37
45 88 78 28
45 89 82 49
45 90 24 83
45 91 52 37
45 92 33 55
45 93 24 46
45 94 10 45
45 95 51 65
45 96 81 42
45 97 2 91
45 98 58 22
45 99 87 41
46 47 52 50
46 48 36 65
46 49 79 31
46 50 89 25
46 51 54 29
46 52 54 70
46 53 18 48
46 54 50 26
46 55 23 87
46 56 16 87
46 57 55 23
46 58 62 28
46 59 99 39
46 60 14 87
46 61 31 61
46 62 5 94
46 63 94 14
46 64 62 49
46 65 56 58
46 66 54 33
46 67 38 61
46 68 34 51
46 69 92 27
46 70 48 31
46 71 25 62
46 72 33 78
46 73 23 43
46 74 78 29
46 75 99 49
46 76 45 31
46 77 4 79
46 78 27 52
46 79 51 58
46 80 57 32
46 81 33 60
46 82 34 73
46 83 15 64
46 84 93 34
46 85 19 89
46 86 16 71
46 87 1 53
46 88 29 79
46 89 63 59
46 90 1 73
46 91 57 61
46 92 65 56
46 93 28 41
46 94 42 72
46 95 68 57
46 96 64 45
46 97 83 19
46 98 63 35
46 99 39 41
47 48 4 81
47 49 6 84
47 50 69 39
47 51 27 44
47 52 4 66
47 53 78 36
47 54 48 27
47 55 59 22
47 56 15 62
47 57 44 50
47 58 98 1
47 59 34 46
47 60 85 17
47 61 86 30
47 62 52 26
47 63 76 47
47 64 78 50
47 65 73 22
47 66 66 35
47 67 84 40
47 68 91 39
47 69 89 15
47 70 36 67
47 71 96 40
47 72 99 43
47 73 86 48
47 74 28 63
47 75 88 34
47 76 49 41
47 77 76 12
47 78 8 56
47 79 49 37
47 80 6 79
47 81 48 50
47 82 4 77
47 83 76 32
47 84 45 75
47 85 57 55
47 86 73 25
47 87 6 84
47 88 2 62
47 89 59 50
47 90 11 78
47 91 44 65
47 92 44 68
47 93 64 27
47 94 81 12
47 95 72 37
47 96 11 86
47 97 65 39
47 98 17 50
47 99 60 29
48 49 83 50
48 50 22 69
48 51 73 17
48 52 37 51
48 53 99 0
48 54 88 21
48 55 93 40
48 56 63 60
48 57 76 14
48 58 39 73
48 59 2 57
48 60 71 39
48 61 95 48
48 62 78 28
48 63 96 41
48 64 96 11
48 65 34 39
48 66 84 44
48 67 53 59
48 68 43 53
48 69 14 77
48 70 78 35
48 71 79 26
48 72 63 41
48 73 95 47
48 74 55 37
48 75 15 44
48 76 88 28
48 77 37 55
48 78 82 41
48 79 82 50
48 80 21 45
48 81 22 82
48 82 58 59
48 83 66 48
48 84 45 77
48 85 84 34
48 86 76 61
48 87 84 43
48 88 85 24
48 89 18 57
48 90 86 28
48 91 59 64
48 92 33 58
48 93 85 26
48 94 13 91
48 95 13 89
48 96 20 81
48 97 18 86
48 98 61 65
48 99 92 45
49 50 26 79
49 51 41 78
49 52 17 86
49 53 18 57
49 54 38 47
49 55 34 61
49 56 20 82
49 57 86 35
49 58 70 29
49 59 53 26
49 60 18 71
49 61 88 26
49 62 86 42
49 63 68 53
49 64 3 53
49 65 34 62
49 66 47 31
49 67 19 51
49 68 33 81
49 69 76 43
49 70 65 62
49 71 88 9
49 72 3 72
49 73 45 43
49 74 98 22
49 75 77 41
49 76 95 39
49 77 73 21
49 78 29 46
49 79 23 86
49 80 49 63
49 81 32 33
49 82 16 58
49 83 17 74
49 84 55 57
49 85 67 21
49 86 87 14
49 87 37 38
49 88 4 69
49 89 57 38
49 90 50 46
49 91 1 52
49 92 99 40
49 93 31 38
49 94 64 42
49 95 3 48
49 96 81 57
49 97 46 66
49 98 18 52
49 99 31 77
50 51 61 33
50 52 74 48
50 53 59 29
50 54 20 64
50 55 2 96
50 56 3 60
50 57 1 49
50 58 91 8
50 59 48 68
50 60 2 78
50 61 75 41
50 62 17 69
50 63 61 41
50 64 25 51
50 65 25 53
50 66 16 57
50 67 67 44
50 68 65 32
50 69 47 30
50 70 17 51
50 71 34 82
50 72 48 47
50 73 62 23
50 74 74 18
50 75 16 48
50 76 53 30
50 77 88 48
50 78 2 89
50 79 42 52
50 80 26 73
50 81 86 15
50 82 83 32
50 83 94 52
50 84 77 41
50 85 53 30
50 86 25 53
50 87 96 43
50 88 68 25
50 89 31 57
50 90 36 74
50 91 84 49
50 92 50 46
50 93 52 43
50 94 52 48
50 95 74 37
50 96 43 66
50 97 76 59
50 98 42 44
50 99 6 66
51 52 14 59
51 53 84 25
51 54 52 46
51 55 65 63
51 56 86 22
51 57 89 18
51 58 90 10
51 59 43 55
51 60 36 55
51 61 72 47
51 62 92 28
51 63 24 50
51 64 53 61
51 65 63 44
51 66 50 46
51 67 89 7
51 68 35 61
51 69 14 71
51 70 22 48
51 71 28 62
51 72 64 61
51 73 64 37
51 74 15 61
51 75 68 63
51 76 74 27
51 77 86 10
51 78 79 39
51 79 95 3
51 80 12 70
51 81 72 16
51 82 81 17
51 83 54 30
51 84 76 43
51 85 99 36
51 86 89 33
51 87 32 77
51 88 17 49
51 89 35 76
51 90 29 61
51 91 36 73
51 92 28 38
51 93 97 6
51 94 67 62
51 95 93 13
51 96 39 56
51 97 53 58
51 98 27 48
51 99 94 12
52 53 70 19
52 54 77 55
52 55 45 64
52 56 37 76
52 57 17 87
52 58 3 50
52 59 62 64
52 60 69 37
52 61 8 56
52 62 61 53
52 63 23 51
52 64 6 95
52 65 82 51
52 66 32 47
52 67 11 48
52 68 96 31
52 69 85 9
52 70 70 44
52 71 81 52
52 72 38 61
52 73 76 47
52 74 24 53
52 75 20 44
52 76 91 14
52 77 34 72
52 78 17 80
52 79 35 63
52 80 26 76
52 81 44 53
52 82 16 68
52 83 37 64
52 84 78 19
52 85 16 45
52 86 97 18
52 87 57 22
52 88 15 54
52 89 75 60
52 90 99 26
52 91 56 70
52 92 57 38
52 93 61 34
52 94 94 9
52 95 61 50
52 96 45 70
52 97 78 23
52 98 71 51
52 99 20 85
53 54 12 79
53 55 16 77
53 56 13 52
53 57 43 58
53 58 82 19
53 59 55 45
53 60 81 20
53 61 52 32
53 62 3 51
53 63 52 27
53 64 34 78
53 65 74 28
53 66 18 77
53 67 82 29
53 68 2 95
53 69 58 41
53 70 66 19
53 71 22 74
53 72 86 15
53 73 71 36
53 74 55 30
53 75 35 67
53 76 70 32
53 77 16 52
53 78 35 39
53 79 21 54
53 80 37 33
53 81 28 83
53 82 71 14
53 83 38 70
53 84 49 63
53 85 17 61
53 86 58 43
53 87 85 51
53 88 43 65
53 89 14 47
53 90 53 68
53 91 42 29
53 92 34 56
53 93 33 37
53 94 92 24
53 95 44 74
53 96 64 48
53 97 72 18
53 98 50 68
53 99 0 96
54 55 81 43
54 56 60 49
54 57 58 62
54 58 63 28
54 59 46 27
54 60 63 56
54 61 49 66
54 62 74 21
54 63 56 48
54 64 29 44
54 65 16 48
54 66 54 41
54 67 71 42
54 68 40 46
54 69 97 37
54 70 93 29
54 71 44 59
54 72 9 65
54 73 74 53
54 74 82 36
54 75 46 60
54 76 20 58
54 77 47 68
54 78 61 24
54 79 95 36
54 80 42 67
54 81 46 44
54 82 72 21
54 83 92 11
54 84 57 21
54 85 67 30
54 86 3 62
54 87 27 65
54 88 96 20
54 89 76 27
54 90 12 59
54 91 69 61
54 92 95 16
54 93 65 23
54 94 35 35
54 95 34 69
54 96 78 42
54 97 22 50
54 98 36 67
54 99 63 51
55 56 98 40
55 57 36 65
55 58 21 43
55 59 63 36
55 60 36 62
55 61 22 41
55 62 68 55
55 63 95 14
55 64 50 38
55 65 95 23
55 66 25 86
55 67 85 44
55 68 20 89
55 69 4 69
55 70 29 75
55 71 53 59
55 72 41 51
55 73 99 1
55 74 52 52
55 75 99 25
55 76 15 45
55 77 13 69
55 78 64 31
55 79 62 30
55 80 73 14
55 81 35 72
55 82 80 11
55 83 89 35
55 84 84 32
55 85 0 93
55 86 1 92
55 87 87 16
55 88 92 12
55 89 39 36
55 90 92 32
55 91 88 29
55 92 47 61
55 93 40 35
55 94 62 27
55 95 62 56
55 96 36 43
55 97 9 87
55 98 67 28
55 99 30 82
56 57 5 69
56 58 19 80
56 59 27 37
56 60 70 35
56 61 47 57
56 62 11 61
56 63 62 54
56 64 15 57
56 65 85 38
56 66 36 43
56 67 29 41
56 68 39 33
56 69 1 63
56 70 96 37
56 71 13 67
56 72 37 62
56 73 69 19
56 74 10 83
56 75 46 73
56 76 72 25
56 77 26 55
56 78 2 78
56 79 87 40
56 80 30 53
56 81 71 24
56 82 73 40
56 83 98 21
56 84 83 23
56 85 36 69
56 86 25 38
56 87 80 53
56 88 6 93
56 89 24 61
56 90 60 40
56 91 85 43
56 92 46 54
56 93 53 58
56 94 70 61
56 95 11 49
56 96 62 33
56 97 60 36
56 98 33 52
56 99 22 62
57 58 28 57
57 59 46 28
57 60 91 40
57 61 1 99
57 62 44 61
57 63 32 60
57 64 10 68
57 65 52 69
57 66 83 16
57 67 7 52
57 68 10 80
57 69 22 39
57 70 15 42
57 71 62 57
57 72 61 24
57 73 96 23
57 74 2 69
57 75 6 90
57 76 87 48
57 77 52 70
57 78 26 69
57 79 68 34
57 80 65 40
57 81 63 20
57 82 16 61
57 83 94 48
57 84 9 84
57 85 23 83
57 86 98 2
57 87 67 43
57 88 53 56
57 89 84 53
57 90 7 59
57 91 14 49
57 92 6 86
57 93 28 71
57 94 13 75
57 95 71 45
57 96 53 48
57 97 45 43
57 98 52 72
57 99 85 37
58 59 68 45
58 60 14 49
58 61 86 19
58 62 46 47
58 63 90 53
58 64 20 88
58 65 43 77
58 66 46 67
58 67 82 54
58 68 77 58
58 69 0 74
58 70 17 73
58 71 90 44
58 72 38 49
58 73 53 47
58 74 46 63
58 75 41 42
58 76 35 81
58 77 97 2
58 78 80 54
58 79 69 48
58 80 71 38
58 81 99 39
58 82 61 29
58 83 85 19
58 84 86 46
58 85 34 61
58 86 84 28
58 87 81 34
58 88 76 20
58 89 58 39
58 90 92 27
58 91 94 46
58 92 50 29
58 93 8 59
58 94 57 59
58 95 18 67
58 96 34 35
58 97 51 30
58 98 52 58
58 99 14 85
59 60 39 74
59 61 42 74
59 62 16 78
59 63 99 50
59 64 44 62
59 65 98 28
59 66 3 55
59 67 93 25
59 68 67 35
59 69 5 97
59 70 77 52
59 71 54 41
59 72 36 66
59 73 84 47
59 74 84 41
59 75 22 70
59 76 34 43
59 77 4 82
59 78 13 86
59 79 38 50
59 80 37 58
59 81 3 63
59 82 29 81
59 83 67 32
59 84 24 56
59 85 58 41
59 86 87 28
59 87 45 76
59 88 84 20
59 89 56 49
59 90 77 24
59 91 85 22
59 92 24 79
59 93 11 89
59 94 44 72
59 95 69 65
59 96 84 19
59 97 93 31
59 98 88 8
59 99 39 79
60 61 49 38
60 62 97 2
60 63 36 36
60 64 5 79
60 65 86 31
60 66 65 50
60 67 65 55
60 68 19 70
60 69 33 40
60 70 19 45
60 71 16 51
60 72 62 35
60 73 59 52
60 74 37 64
60 75 65 21
60 76 66 41
60 77 0 73
60 78 54 48
60 79 74 60
60 80 45 56
60 81 22 86
60 82 85 16
60 83 17 48
60 84 44 31
60 85 78 14
60 86 61 30
60 87 65 21
60 88 72 47
60 89 76 42
60 90 66 47
60 91 82 45
60 92 72 46
60 93 34 75
60 94 5 59
60 95 90 5
60 96 76 38
60 97 29 64
60 98 14 88
60 99 51 43
61 62 72 36
61 63 97 21
61 64 44 55
61 65 73 33
61 66 45 33
61 67 96 25
61 68 92 29
61 69 99 9
61 70 18 42
61 71 2 73
61 72 25 42
61 73 33 67
61 74 50 33
61 75 59 37
61 76 78 35
61 77 52 32
61 78 59 45
61 79 61 61
61 80 23 49
61 81 17 44
61 82 20 87
61 83 99 0
61 84 36 45
61 85 3 90
61 86 35 65
61 87 38 30
61 88 3 87
61 89 5 74
61 90 76 57
61 91 29 75
61 92 17 50
61 93 10 93
61 94 8 91
61 95 54 40
61 96 23 76
61 97 58 39
61 98 57 30
61 99 12 54
62 63 23 83
62 64 7 75
62 65 68 59
62 66 30 51
62 67 27 53
62 68 10 77
62 69 38 71
62 70 89 39
62 71 16 71
62 72 77 60
62 73 36 42
62 74 14 79
62 75 31 45
62 76 7 88
62 77 42 77
62 78 73 57
62 79 3 93
62 80 68 51
62 81 8 54
62 82 24 87
62 83 24 76
62 84 82 37
62 85 30 72
62 86 84 29
62 87 56 47
62 88 53 47
62 89 30 69
62 90 12 86
62 91 57 50
62 92 21 53
62 93 19 65
62 94 73 57
62 95 91 49
62 96 40 78
62 97 52 62
62 98 53 27
62 99 55 52
63 64 96 20
63 65 67 49
63 66 84 14
63 67 25 54
63 68 26 80
63 69 1 86
63 70 83 31
63 71 79 29
63 72 33 80
63 73 17 88
63 74 36 56
63 75 59 27
63 76 93 43
63 77 63 25
63 78 93 41
63 79 68 48
63 80 16 55
63 81 23 59
63 82 45 61
63 83 35 54
63 84 24 84
63 85 25 55
63 86 95 14
63 87 55 48
63 88 26 40
63 89 81 50
63 90 11 62
63 91 57 63
63 92 71 28
63 93 6 62
63 94 18 82
63 95 4 86
63 96 31 68
63 97 84 12
63 98 89 35
63 99 73 45
64 65 36 43
64 66 61 44
64 67 29 84
64 68 71 33
64 69 7 90
64 70 73 51
64 71 28 67
64 72 65 56
64 73 48 47
64 74 71 51
64 75 1 98
64 76 55 47
64 77 57 66
64 78 51 32
64 79 74 55
64 80 50 30
64 81 4 76
64 82 31 69
64 83 87 44
64 84 99 15
64 85 48 35
64 86 45 63
64 87 49 35
64 88 30 70
64 89 96 35
64 90 66 41
64 91 43 29
64 92 59 59
64 93 99 9
64 94 51 60
64 95 90 36
64 96 51 33
64 97 96 41
64 98 54 46
64 99 97 32
65 66 33 34
65 67 35 39
65 68 31 39
65 69 86 12
65 70 50 67
65 71 94 30
65 72 19 65
65 73 82 24
65 74 39 53
65 75 42 71
65 76 67 42
65 77 64 62
65 78 36 59
65 79 16 55
65 80 91 37
65 81 61 45
65 82 74 46
65 83 75 50
65 84 15 59
65 85 23 61
65 86 95 23
65 87 99 10
65 88 78 27
65 89 91 5
65 90 37 58
65 91 68 36
65 92 75 47
65 93 8 57
65 94 63 43
65 95 95 4
65 96 2 86
65 97 17 84
65 98 76 45
65 99 9 72
66 67 5 91
66 68 14 69
66 69 29 62
66 70 72 61
66 71 23 42
66 72 23 62
66 73 15 63
66 74 64 35
66 75 37 51
66 76 70 40
66 77 78 41
66 78 55 50
66 79 61 63
66 80 70 52
66 81 59 23
66 82 42 48
66 83 43 39
66 84 58 44
66 85 86 40
66 86 5 90
66 87 8 66
66 88 31 40
66 89 44 36
66 90 22 57
66 91 73 39
66 92 61 47
66 93 82 43
66 94 37 62
66 95 44 39
66 96 80 46
66 97 53 42
66 98 70 26
66 99 46 41
67 68 9 69
67 69 31 52
67 70 38 33
67 71 53 72
67 72 90 14
67 73 16 69
67 74 66 24
67 75 13 76
67 76 34 50
67 77 84 50
67 78 26 52
67 79 30 40
67 80 54 28
67 81 41 38
67 82 36 36
67 83 96 38
67 84 7 47
67 85 76 60
67 86 9 54
67 87 41 34
67 88 14 68
67 89 53 33
67 90 30 73
67 91 9 72
67 92 70 51
67 93 52 49
67 94 0 68
67 95 93 43
67 96 85 40
67 97 47 72
67 98 26 44
67 99 30 39
68 69 91 17
68 70 48 36
68 71 54 47
68 72 0 85
68 73 3 96
68 74 29 64
68 75 90 42
68 76 22 56
68 77 10 65
68 78 79 51
68 79 61 54
68 80 9 76
68 81 65 22
68 82 66 63
68 83 9 93
68 84 1 50
68 85 17 45
68 86 69 36
68 87 97 45
68 88 17 83
68 89 81 21
68 90 20 84
68 91 44 36
68 92 23 76
68 93 9 60
68 94 2 58
68 95 97 43
68 96 79 35
68 97 95 38
68 98 72 22
68 99 40 67
69 70 91 40
69 71 71 39
69 72 37 62
69 73 89 14
69 74 31 34
69 75 91 42
69 76 60 25
69 77 62 68
69 78 5 81
69 79 71 25
69 80 21 88
69 81 64 22
69 82 66 64
69 83 93 26
69 84 56 40
69 85 55 36
69 86 8 61
69 87 85 40
69 88 82 57
69 89 19 40
69 90 75 61
69 91 71 23
69 92 52 31
69 93 40 38
69 94 45 75
69 95 70 37
69 96 12 46
69 97 50 56
69 98 81 53
69 99 75 60
70 71 75 45
70 72 71 48
70 73 35 55
70 74 4 90
70 75 69 16
70 76 61 27
70 77 70 52
70 78 58 39
70 79 87 49
70 80 63 31
70 81 57 23
70 82 91 26
70 83 29 39
70 84 38 31
70 85 11 82
70 86 4 92
70 87 73 42
70 88 27 63
70 89 49 70
70 90 24 69
70 91 70 52
70 92 64 31
70 93 76 17
70 94 59 42
70 95 54 51
70 96 6 91
70 97 86 27
70 98 6 74
70 99 16 90
71 72 97 16
71 73 25 72
71 74 77 45
71 75 24 47
71 76 0 68
71 77 11 69
71 78 26 81
71 79 7 63
71 80 23 59
71 81 35 46
71 82 29 35
71 83 69 34
71 84 12 64
71 85 50 70
71 86 12 66
71 87 37 33
71 88 37 36
71 89 17 53
71 90 50 58
71 91 64 50
71 92 8 64
71 93 8 82
71 94 33 69
71 95 48 66
71 96 31 81
71 97 40 49
71 98 30 80
71 99 8 83
72 73 60 55
72 74 94 10
72 75 24 56
72 76 49 37
72 77 95 6
72 78 38 37
72 79 3 54
72 80 91 26
72 81 14 46
72 82 96 6
72 83 47 57
72 84 88 21
72 85 56 33
72 86 80 15
72 87 28 51
72 88 14 79
72 89 87 10
72 90 60 28
72 91 72 57
72 92 59 21
72 93 41 36
72 94 67 30
72 95 1 63
72 96 54 70
72 97 32 67
72 98 69 36
72 99 14 67
73 74 99 44
73 75 64 60
73 76 39 69
73 77 32 82
73 78 3 68
73 79 48 25
73 80 91 13
73 81 82 47
73 82 15 81
73 83 31 46
73 84 32 59
73 85 10 76
73 86 80 31
73 87 39 65
73 88 32 50
73 89 51 56
73 90 50 30
73 91 11 54
73 92 64 40
73 93 21 45
73 94 70 49
73 95 73 20
73 96 1 64
73 97 15 77
73 98 54 35
73 99 87 31
74 75 15 55
74 76 93 46
74 77 51 44
74 78 60 67
74 79 35 32
74 80 76 41
74 81 46 47
74 82 87 45
74 83 29 54
74 84 76 48
74 85 78 40
74 86 24 63
74 87 99 38
74 88 16 72
74 89 9 54
74 90 8 51
74 91 26 38
74 92 42 47
74 93 96 23
74 94 22 85
74 95 69 58
74 96 89 44
74 97 93 5
74 98 46 30
74 99 68 35
75 76 31 52
75 77 9 49
75 78 3 67
75 79 28 84
75 80 38 45
75 81 23 79
75 82 97 30
75 83 54 31
75 84 45 44
75 85 32 60
75 86 51 72
75 87 78 34
75 88 59 30
75 89 82 31
75 90 75 57
75 91 16 72
75 92 82 20
75 93 98 44
75 94 64 30
75 95 96 48
75 96 5 57
75 97 97 35
75 98 1 79
75 99 59 36
76 77 67 62
76 78 48 36
76 79 70 32
76 80 23 49
76 81 1 80
76 82 49 57
76 83 36 36
76 84 94 31
76 85 33 56
76 86 55 26
76 87 90 21
76 88 75 62
76 89 34 45
76 90 63 67
76 91 17 63
76 92 41 49
76 93 68 49
76 94 50 37
76 95 65 26
76 96 72 29
76 97 54 67
76 98 86 48
76 99 85 25
77 78 34 55
77 79 31 35
77 80 40 61
77 81 60 69
77 82 94 43
77 83 41 69
77 84 3 69
77 85 38 40
77 86 16 86
77 87 83 25
77 88 10 57
77 89 21 43
77 90 16 51
77 91 45 52
77 92 45 28
77 93 8 85
77 94 69 17
77 95 83 12
77 96 42 67
77 97 20 68
77 98 52 45
77 99 1 84
78 79 83 31
78 80 42 45
78 81 44 38
78 82 42 58
78 83 1 53
78 84 93 50
78 85 74 40
78 86 30 63
78 87 47 43
78 88 60 62
78 89 98 31
78 90 4 66
78 91 38 72
78 92 93 22
78 93 11 80
78 94 96 39
78 95 86 32
78 96 97 8
78 97 13 45
78 98 45 56
78 99 14 61
79 80 37 74
79 81 61 27
79 82 29 61
79 83 50 38
79 84 95 8
79 85 46 30
79 86 46 46
79 87 16 68
79 88 9 83
79 89 26 37
79 90 50 38
79 91 24 54
79 92 93 25
79 93 99 26
79 94 44 29
79 95 21 80
79 96 6 81
79 97 28 55
79 98 34 44
79 99 86 56
80 81 82 12
80 82 27 67
80 83 59 45
80 84 71 32
80 85 75 26
80 86 68 43
80 87 34 63
80 88 72 25
80 89 96 49
80 90 49 63
80 91 49 32
80 92 31 56
80 93 58 56
80 94 58 64
80 95 83 46
80 96 28 73
80 97 38 69
80 98 61 21
80 99 12 54
81 82 2 70
81 83 58 33
81 84 28 64
81 85 39 45
81 86 83 24
81 87 59 47
81 88 12 56
81 89 64 48
81 90 21 46
81 91 10 72
81 92 68 39
81 93 80 46
81 94 30 65
81 95 46 38
81 96 85 20
81 97 21 58
81 98 29 54
81 99 77 19
82 83 99 42
82 84 68 19
82 85 81 35
82 86 88 51
82 87 37 78
82 88 60 36
82 89 15 83
82 90 61 57
82 91 82 20
82 92 7 76
82 93 74 35
82 94 44 54
82 95 30 41
82 96 35 51
82 97 18 65
82 98 6 78
82 99 40 63
83 84 4 90
83 85 56 39
83 86 10 87
83 87 31 57
83 88 39 59
83 89 45 52
83 90 19 44
83 91 41 30
83 92 41 72
83 93 66 57
83 94 2 77
83 95 71 51
83 96 2 50
83 97 71 41
83 98 79 52
83 99 93 43
84 85 97 48
84 86 78 26
84 87 74 60
84 88 45 72
84 89 7 50
84 90 22 55
84 91 71 14
84 92 63 19
84 93 73 30
84 94 43 50
84 95 6 68
84 96 96 40
84 97 33 48
84 98 23 41
84 99 6 81
85 86 87 47
85 87 22 41
85 88 22 41
85 89 17 49
85 90 48 41
85 91 60 43
85 92 73 51
85 93 28 41
85 94 66 30
85 95 53 43
85 96 93 23
85 97 58 67
85 98 49 55
85 99 37 49
86 87 3 53
86 88 40 63
86 89 46 73
86 90 99 43
86 91 74 58
86 92 18 90
86 93 38 55
86 94 56 53
86 95 44 33
86 96 66 31
86 97 94 41
86 98 73 30
86 99 7 91
87 88 95 42
87 89 68 41
87 90 51 49
87 91 49 26
87 92 51 38
87 93 78 25
87 94 54 67
87 95 95 32
87 96 51 49
87 97 82 40
87 98 63 29
87 99 22 77
88 89 25 80
88 90 26 70
88 91 19 52
88 92 62 41
88 93 4 82
88 94 83 18
88 95 3 86
88 96 4 58
88 97 31 73
88 98 84 27
88 99 39 64
89 90 14 65
89 91 48 57
89 92 98 20
89 93 8 51
89 94 46 46
89 95 5 67
89 96 60 44
89 97 17 77
89 98 72 35
89 99 94 28
90 91 33 52
90 92 40 39
90 93 66 25
90 94 89 48
90 95 64 27
90 96 86 46
90 97 5 58
90 98 6 50
90 99 50 25
91 92 61 30
91 93 66 36
91 94 89 39
91 95 52 34
91 96 17 46
91 97 89 18
91 98 51 42
91 99 8 55
92 93 62 47
92 94 47 61
92 95 45 67
92 96 98 29
92 97 19 62
92 98 58 63
92 99 12 63
93 94 90 38
93 95 39 64
93 96 63 53
93 97 23 49
93 98 37 51
93 99 78 25
94 95 39 46
94 96 54 51
94 97 65 29
94 98 36 56
94 99 58 56
95 96 94 18
95 97 31 69
95 98 73 38
95 99 29 64
96 97 47 33
96 98 90 36
96 99 24 61
97 98 39 45
97 99 89 9
98 99 90 35
