100
0 1 54 36
0 2 19 51
0 3 40 79
0 4 15 51
0 5 1 95
0 6 40 43
0 7 12 83
0 8 4 75
0 9 1 66
0 10 21 41
0 11 97 23
0 12 33 55
0 13 54 82
0 14 32 26
0 15 58 79
0 16 47 68
0 17 75 31
0 18 38 76
0 19 71 30
0 20 75 23
0 21 25 47
0 22 58 40
0 23 60 65
0 24 56 48
0 25 39 35
0 26 31 41
0 27 81 56
0 28 14 42
0 29 79 62
0 30 16 27
0 31 71 50
0 32 98 64
0 33 17 25
0 34 69 27
0 35 70 63
0 36 21 55
0 37 62 32
0 38 7 60
0 39 59 30
0 40 21 36
0 41 13 62
0 42 34 55
0 43 16 82
0 44 15 32
0 45 62 58
0 46 17 51
0 47 26 24
0 48 65 18
0 49 72 29
0 50 19 52
0 51 81 64
0 52 84 45
0 53 87 67
0 54 50 56
0 55 29 47
0 56 65 27
0 57 88 23
0 58 81 26
0 59 57 13
0 60 96 62
0 61 15 36
0 62 84 72
0 63 2 51
0 64 85 6
0 65 3 58
0 66 28 37
0 67 79 47
0 68 21 41
0 69 60 28
0 70 57 73
0 71 33 82
0 72 0 41
0 73 95 21
0 74 32 31
0 75 27 64
0 76 43 66
0 77 97 53
0 78 16 46
0 79 65 15
0 80 17 49
0 81 92 6
0 82 71 32
0 83 37 81
0 84 79 38
0 85 47 66
0 86 69 46
0 87 12 44
0 88 63 50
0 89 3 77
0 90 89 30
0 91 19 45
0 92 8 81
0 93 41 76
0 94 19 54
0 95 28 86
0 96 71 42
0 97 77 36
0 98 27 72
0 99 40 67
1 2 79 22
1 3 1 43
1 4 39 65
1 5 94 18
1 6 61 30
1 7 74 12
1 8 59 80
1 9 61 53
1 10 77 39
1 11 22 91
1 12 64 71
1 13 18 34
1 14 78 13
1 15 14 50
1 16 65 79
1 17 10 28
1 18 96 14
1 19 92 34
1 20 12 32
1 21 17 26
1 22 12 92
1 23 86 9
1 24 58 54
1 25 39 35
1 26 68 59
1 27 66 42
1 28 61 58
1 29 23 64
1 30 32 84
1 31 14 85
1 32 10 54
1 33 0 96
1 34 85 25
1 35 6 63
1 36 56 58
1 37 99 11
1 38 6 62
1 39 40 63
1 40 59 71
1 41 43 60
1 42 14 93
1 43 36 71
1 44 27 79
1 45 65 38
1 46 66 59
1 47 96 46
1 48 63 17
1 49 66 64
1 50 95 57
1 51 64 74
1 52 90 32
1 53 86 22
1 54 36 31
1 55 1 33
1 56 19 83
1 57 59 64
1 58 89 24
1 59 68 67
1 60 23 76
1 61 84 10
1 62 67 54
1 63 81 44
1 64 28 63
1 65 93 3
1 66 82 27
1 67 53 23
1 68 4 37
1 69 42 67
1 70 7 65
1 71 60 33
1 72 43 31
1 73 72 65
1 74 83 42
1 75 2 46
1 76 96 30
1 77 32 41
1 78 7 45
1 79 83 28
1 80 27 44
1 81 35 63
1 82 72 71
1 83 30 62
1 84 94 6
1 85 0 81
1 86 51 81
1 87 66 75
1 88 4 33
1 89 54 59
1 90 86 10
1 91 23 90
1 92 48 33
1 93 30 29
1 94 49 79
1 95 36 88
1 96 83 42
1 97 73 60
1 98 60 46
1 99 48 38
2 3 79 73
2 4 61 77
2 5 54 28
2 6 2 44
2 7 77 59
2 8 63 61
2 9 61 15
2 10 70 43
2 11 21 52
2 12 21 89
2 13 55 64
2 14 48 59
2 15 37 34
2 16 95 31
2 17 52 57
2 18 2 88
2 19 45 85
2 20 35 54
2 21 36 76
2 22 53 75
2 23 41 76
2 24 86 46
2 25 11 71
2 26 66 58
2 27 80 32
2 28 3 90
2 29 72 73
2 30 70 19
2 31 72 17
2 32 36 19
2 33 13 88
2 34 81 38
2 35 2 38
2 36 31 43
2 37 69 61
2 38 94 59
2 39 70 53
2 40 58 38
2 41 28 35
2 42 1 47
2 43 99 8
2 44 77 9
2 45 84 45
2 46 58 51
2 47 94 66
2 48 44 73
2 49 10 65
2 50 38 42
2 51 65 53
2 52 24 38
2 53 72 9
2 54 48 57
2 55 39 36
2 56 57 49
2 57 67 56
2 58 51 30
2 59 12 44
2 60 23 57
2 61 54 77
2 62 78 63
2 63 31 39
2 64 26 54
2 65 46 33
2 66 93 56
2 67 97 17
2 68 30 88
2 69 85 55
2 70 34 41
2 71 34 21
2 72 16 33
2 73 79 51
2 74 25 68
2 75 31 29
2 76 83 15
2 77 37 40
2 78 90 57
2 79 85 69
2 80 32 41
2 81 70 60
2 82 65 33
2 83 41 34
2 84 71 76
2 85 3 34
2 86 76 18
2 87 48 67
2 88 85 60
2 89 41 72
2 90 27 87
2 91 66 64
2 92 13 74
2 93 46 51
2 94 96 4
2 95 89 41
2 96 73 47
2 97 40 33
2 98 87 69
2 99 47 49
3 4 4 82
3 5 93 63
3 6 48 71
3 7 87 7
3 8 88 68
3 9 78 72
3 10 89 13
3 11 3 98
3 12 58 51
3 13 45 27
3 14 49 32
3 15 3 97
3 16 78 62
3 17 38 29
3 18 26 31
3 19 14 84
3 20 4 75
3 21 74 57
3 22 72 56
3 23 84 11
3 24 51 59
3 25 0 40
3 26 97 14
3 27 56 61
3 28 24 55
3 29 96 18
3 30 63 15
3 31 98 27
3 32 40 45
3 33 78 19
3 34 59 66
3 35 88 56
3 36 59 38
3 37 19 46
3 38 58 74
3 39 63 35
3 40 14 92
3 41 0 56
3 42 23 68
3 43 44 58
3 44 6 84
3 45 61 45
3 46 11 76
3 47 35 67
3 48 73 63
3 49 50 23
3 50 80 20
3 51 70 56
3 52 93 17
3 53 22 39
3 54 42 48
3 55 3 44
3 56 5 84
3 57 46 21
3 58 84 63
3 59 41 57
3 60 17 33
3 61 73 30
3 62 9 55
3 63 65 62
3 64 18 30
3 65 28 28
3 66 83 70
3 67 44 63
3 68 29 38
3 69 96 29
3 70 10 39
3 71 84 10
3 72 18 93
3 73 38 64
3 74 86 35
3 75 70 76
3 76 51 21
3 77 40 57
3 78 73 53
3 79 23 26
3 80 41 28
3 81 6 69
3 82 90 65
3 83 88 40
3 84 20 41
3 85 31 62
3 86 24 84
3 87 3 36
3 88 16 57
3 89 47 62
3 90 38 77
3 91 6 94
3 92 25 47
3 93 4 66
3 94 9 37
3 95 58 49
3 96 79 8
3 97 57 54
3 98 35 47
3 99 43 67
4 5 76 45
4 6 46 22
4 7 37 38
4 8 66 78
4 9 73 66
4 10 45 26
4 11 52 14
4 12 45 61
4 13 65 72
4 14 86 64
4 15 31 58
4 16 42 35
4 17 24 62
4 18 70 13
4 19 66 21
4 20 34 53
4 21 5 71
4 22 4 98
4 23 33 51
4 24 11 83
4 25 85 7
4 26 92 12
4 27 42 22
4 28 57 70
4 29 43 59
4 30 10 54
4 31 14 86
4 32 37 28
4 33 35 67
4 34 43 21
4 35 5 87
4 36 97 2
4 37 67 29
4 38 51 27
4 39 17 77
4 40 38 28
4 41 59 13
4 42 33 45
4 43 6 95
4 44 42 28
4 45 29 66
4 46 98 6
4 47 92 9
4 48 36 65
4 49 0 54
4 50 51 36
4 51 22 78
4 52 20 52
4 53 47 54
4 54 39 70
4 55 7 29
4 56 35 41
4 57 17 44
4 58 96 37
4 59 27 27
4 60 56 13
4 61 93 11
4 62 51 20
4 63 69 78
4 64 81 60
4 65 31 71
4 66 25 46
4 67 61 42
4 68 5 53
4 69 10 77
4 70 93 41
4 71 91 39
4 72 66 51
4 73 49 23
4 74 48 76
4 75 5 91
4 76 51 57
4 77 83 11
4 78 94 49
4 79 22 51
4 80 67 23
4 81 81 7
4 82 86 66
4 83 3 52
4 84 79 17
4 85 54 61
4 86 34 44
4 87 56 19
4 88 37 68
4 89 74 38
4 90 94 10
4 91 55 58
4 92 49 32
4 93 28 63
4 94 61 33
4 95 29 77
4 96 65 31
4 97 94 2
4 98 76 24
4 99 18 69
5 6 29 81
5 7 3 97
5 8 31 58
5 9 81 48
5 10 0 58
5 11 38 30
5 12 1 81
5 13 39 84
5 14 37 30
5 15 88 44
5 16 16 37
5 17 87 14
5 18 83 46
5 19 90 72
5 20 13 46
5 21 30 60
5 22 96 18
5 23 45 79
5 24 33 24
5 25 99 39
5 26 18 83
5 27 84 48
5 28 52 54
5 29 72 12
5 30 72 22
5 31 13 85
5 32 25 29
5 33 74 53
5 34 55 55
5 35 43 86
5 36 56 79
5 37 25 82
5 38 51 61
5 39 67 76
5 40 54 27
5 41 13 81
5 42 82 58
5 43 62 79
5 44 94 12
5 45 14 75
5 46 12 48
5 47 3 59
5 48 75 56
5 49 11 46
5 50 1 70
5 51 60 49
5 52 17 52
5 53 71 41
5 54 65 62
5 55 33 42
5 56 75 69
5 57 10 45
5 58 22 81
5 59 64 64
5 60 8 28
5 61 27 74
5 62 32 24
5 63 51 80
5 64 58 18
5 65 8 29
5 66 45 56
5 67 24 71
5 68 71 58
5 69 37 34
5 70 90 14
5 71 86 53
5 72 36 42
5 73 25 90
5 74 14 69
5 75 98 65
5 76 91 45
5 77 6 87
5 78 46 65
5 79 88 65
5 80 42 59
5 81 9 94
5 82 51 15
5 83 84 58
5 84 80 65
5 85 4 31
5 86 89 59
5 87 12 80
5 88 83 46
5 89 24 64
5 90 1 68
5 91 23 89
5 92 17 57
5 93 14 77
5 94 68 43
5 95 37 33
5 96 30 55
5 97 92 55
5 98 47 33
5 99 67 57
6 7 87 16
6 8 0 64
6 9 91 5
6 10 98 58
6 11 45 44
6 12 49 76
6 13 5 54
6 14 7 33
6 15 59 37
6 16 9 28
6 17 45 28
6 18 9 82
6 19 11 85
6 20 2 96
6 21 67 75
6 22 86 46
6 23 62 17
6 24 86 25
6 25 70 29
6 26 97 39
6 27 91 61
6 28 56 38
6 29 14 33
6 30 82 49
6 31 76 34
6 32 64 68
6 33 84 45
6 34 66 70
6 35 4 94
6 36 46 45
6 37 57 16
6 38 26 81
6 39 55 71
6 40 33 76
6 41 60 37
6 42 82 66
6 43 48 81
6 44 63 15
6 45 36 73
6 46 25 65
6 47 41 80
6 48 29 22
6 49 0 73
6 50 64 58
6 51 25 48
6 52 51 22
6 53 26 62
6 54 15 67
6 55 2 53
6 56 58 77
6 57 80 5
6 58 60 60
6 59 55 35
6 60 79 63
6 61 14 41
6 62 39 43
6 63 16 76
6 64 32 66
6 65 53 67
6 66 84 39
6 67 70 74
6 68 70 45
6 69 10 70
6 70 45 49
6 71 10 57
6 72 64 71
6 73 90 16
6 74 38 74
6 75 71 21
6 76 25 66
6 77 25 33
6 78 13 36
6 79 18 49
6 80 42 75
6 81 47 56
6 82 61 43
6 83 35 48
6 84 94 56
6 85 54 66
6 86 18 70
6 87 43 79
6 88 11 26
6 89 81 50
6 90 10 63
6 91 75 74
6 92 93 22
6 93 2 35
6 94 19 81
6 95 77 36
6 96 29 87
6 97 59 14
6 98 39 55
6 99 38 39
7 8 67 38
7 9 72 57
7 10 64 36
7 11 6 79
7 12 89 16
7 13 52 60
7 14 66 52
7 15 57 28
7 16 49 84
7 17 56 40
7 18 97 56
7 19 14 36
7 20 54 22
7 21 81 12
7 22 28 53
7 23 92 33
7 24 25 73
7 25 47 64
7 26 1 88
7 27 99 49
7 28 22 85
7 29 79 10
7 30 48 28
7 31 22 73
7 32 3 59
7 33 11 74
7 34 23 49
7 35 68 69
7 36 6 86
7 37 76 48
7 38 16 83
7 39 93 26
7 40 81 57
7 41 43 35
7 42 86 65
7 43 0 98
7 44 35 68
7 45 60 58
7 46 31 65
7 47 98 27
7 48 16 73
7 49 84 51
7 50 14 88
7 51 62 62
7 52 9 67
7 53 84 5
7 54 80 41
7 55 20 84
7 56 54 30
7 57 82 43
7 58 4 34
7 59 42 35
7 60 77 7
7 61 55 79
7 62 1 40
7 63 17 43
7 64 13 82
7 65 14 74
7 66 87 22
7 67 40 34
7 68 49 76
7 69 31 26
7 70 80 42
7 71 77 11
7 72 66 73
7 73 34 33
7 74 81 33
7 75 44 86
7 76 83 51
7 77 29 39
7 78 81 65
7 79 56 60
7 80 38 79
7 81 42 77
7 82 30 80
7 83 11 31
7 84 72 37
7 85 91 58
7 86 90 69
7 87 22 79
7 88 72 71
7 89 42 41
7 90 77 64
7 91 52 74
7 92 24 41
7 93 95 16
7 94 82 56
7 95 98 64
7 96 57 47
7 97 47 67
7 98 8 35
7 99 88 16
8 9 20 28
8 10 83 21
8 11 55 31
8 12 2 83
8 13 57 35
8 14 3 61
8 15 85 63
8 16 85 20
8 17 34 58
8 18 11 58
8 19 73 12
8 20 59 52
8 21 10 37
8 22 57 40
8 23 12 43
8 24 46 22
8 25 53 24
8 26 21 60
8 27 74 25
8 28 84 67
8 29 94 48
8 30 80 16
8 31 96 57
8 32 66 25
8 33 85 36
8 34 37 75
8 35 18 58
8 36 88 48
8 37 93 68
8 38 41 30
8 39 21 61
8 40 54 53
8 41 23 47
8 42 84 41
8 43 40 84
8 44 47 59
8 45 10 57
8 46 13 54
8 47 42 51
8 48 33 31
8 49 95 46
8 50 4 39
8 51 17 56
8 52 47 55
8 53 52 48
8 54 43 41
8 55 67 71
8 56 79 36
8 57 99 20
8 58 1 60
8 59 69 44
8 60 98 18
8 61 68 37
8 62 77 67
8 63 90 14
8 64 94 32
8 65 25 79
8 66 2 53
8 67 15 73
8 68 56 19
8 69 66 38
8 70 68 65
8 71 17 52
8 72 35 64
8 73 8 31
8 74 76 74
8 75 87 16
8 76 50 54
8 77 80 63
8 78 18 64
8 79 99 47
8 80 18 41
8 81 79 55
8 82 1 66
8 83 30 76
8 84 19 62
8 85 11 32
8 86 74 21
8 87 88 19
8 88 51 50
8 89 66 38
8 90 0 65
8 91 53 50
8 92 93 51
8 93 97 66
8 94 58 44
8 95 67 51
8 96 51 22
8 97 13 54
8 98 67 17
8 99 69 56
9 10 88 43
9 11 90 13
9 12 95 26
9 13 36 59
9 14 23 66
9 15 32 40
9 16 50 62
9 17 28 62
9 18 47 69
9 19 25 75
9 20 61 28
9 21 75 44
9 22 45 69
9 23 72 77
9 24 88 73
9 25 11 37
9 26 53 81
9 27 88 28
9 28 6 73
9 29 58 46
9 30 10 39
9 31 63 41
9 32 70 23
9 33 22 43
9 34 20 75
9 35 20 89
9 36 90 63
9 37 82 8
9 38 9 43
9 39 39 38
9 40 40 19
9 41 3 57
9 42 16 28
9 43 76 30
9 44 18 35
9 45 66 41
9 46 52 52
9 47 26 89
9 48 17 89
9 49 71 56
9 50 14 95
9 51 8 71
9 52 27 49
9 53 18 45
9 54 52 76
9 55 19 72
9 56 30 85
9 57 38 59
9 58 32 34
9 59 18 45
9 60 55 27
9 61 54 18
9 62 78 32
9 63 99 50
9 64 38 25
9 65 16 88
9 66 53 36
9 67 39 58
9 68 57 52
9 69 17 89
9 70 57 71
9 71 18 81
9 72 3 35
9 73 29 63
9 74 73 38
9 75 52 40
9 76 32 78
9 77 68 27
9 78 84 60
9 79 99 2
9 80 83 67
9 81 52 56
9 82 14 46
9 83 96 15
9 84 17 53
9 85 30 87
9 86 54 55
9 87 20 28
9 88 68 49
9 89 28 36
9 90 20 78
9 91 99 61
9 92 19 92
9 93 59 29
9 94 18 33
9 95 35 72
9 96 27 78
9 97 46 65
9 98 33 53
9 99 45 75
10 11 1 59
10 12 57 53
10 13 32 65
10 14 29 70
10 15 78 65
10 16 52 59
10 17 4 49
10 18 67 18
10 19 9 35
10 20 14 58
10 21 82 60
10 22 98 32
10 23 14 32
10 24 44 48
10 25 85 60
10 26 55 32
10 27 83 60
10 28 25 63
10 29 99 32
10 30 76 25
10 31 83 10
10 32 41 23
10 33 50 46
10 34 30 31
10 35 40 55
10 36 1 30
10 37 46 82
10 38 4 82
10 39 21 67
10 40 29 52
10 41 75 14
10 42 60 30
10 43 42 43
10 44 53 30
10 45 22 36
10 46 29 46
10 47 25 84
10 48 16 78
10 49 69 34
10 50 94 63
10 51 5 67
10 52 84 70
10 53 29 50
10 54 56 23
10 55 8 38
10 56 71 66
10 57 99 30
10 58 77 63
10 59 30 44
10 60 57 36
10 61 34 51
10 62 47 65
10 63 35 46
10 64 49 31
10 65 20 56
10 66 89 7
10 67 55 14
10 68 67 52
10 69 28 61
10 70 60 48
10 71 92 2
10 72 99 7
10 73 42 21
10 74 64 27
10 75 15 50
10 76 21 83
10 77 9 56
10 78 5 77
10 79 26 24
10 80 42 51
10 81 47 67
10 82 46 36
10 83 25 33
10 84 12 44
10 85 64 61
10 86 90 25
10 87 62 73
10 88 80 9
10 89 20 48
10 90 13 50
10 91 17 67
10 92 65 49
10 93 6 79
10 94 75 26
10 95 23 79
10 96 69 10
10 97 3 78
10 98 81 73
10 99 70 18
11 12 99 3
11 13 27 77
11 14 48 24
11 15 60 42
11 16 6 40
11 17 52 20
11 18 12 92
11 19 8 82
11 20 50 52
11 21 43 79
11 22 15 38
11 23 6 40
11 24 66 55
11 25 39 51
11 26 53 30
11 27 18 50
11 28 99 11
11 29 87 34
11 30 45 37
11 31 54 35
11 32 33 67
11 33 95 57
11 34 59 35
11 35 90 15
11 36 93 38
11 37 46 85
11 38 72 42
11 39 39 47
11 40 53 76
11 41 93 6
11 42 31 51
11 43 66 30
11 44 26 44
11 45 59 72
11 46 25 36
11 47 30 32
11 48 28 30
11 49 31 79
11 50 46 47
11 51 26 55
11 52 14 72
11 53 24 77
11 54 64 59
11 55 0 69
11 56 71 71
11 57 32 88
11 58 99 63
11 59 74 39
11 60 44 82
11 61 54 70
11 62 59 70
11 63 91 50
11 64 48 62
11 65 89 5
11 66 3 37
11 67 84 71
11 68 79 52
11 69 61 48
11 70 69 35
11 71 57 22
11 72 17 47
11 73 83 32
11 74 20 34
11 75 55 40
11 76 49 35
11 77 25 91
11 78 15 78
11 79 47 22
11 80 53 30
11 81 79 13
11 82 52 72
11 83 86 54
11 84 6 38
11 85 77 72
11 86 98 37
11 87 41 49
11 88 38 21
11 89 89 50
11 90 69 26
11 91 22 65
11 92 2 61
11 93 68 16
11 94 12 86
11 95 83 33
11 96 70 48
11 97 76 29
11 98 86 64
11 99 78 21
12 13 14 94
12 14 63 41
12 15 83 68
12 16 91 50
12 17 70 43
12 18 41 66
12 19 59 19
12 20 74 62
12 21 11 35
12 22 85 68
12 23 43 72
12 24 39 73
12 25 53 28
12 26 35 44
12 27 73 47
12 28 73 70
12 29 13 55
12 30 91 47
12 31 48 60
12 32 23 55
12 33 5 63
12 34 64 65
12 35 23 92
12 36 82 50
12 37 11 73
12 38 23 30
12 39 1 92
12 40 16 39
12 41 45 33
12 42 74 51
12 43 81 25
12 44 82 39
12 45 40 47
12 46 38 74
12 47 69 15
12 48 2 37
12 49 79 12
12 50 61 74
12 51 21 49
12 52 70 9
12 53 95 10
12 54 39 47
12 55 42 79
12 56 56 39
12 57 17 89
12 58 99 11
12 59 74 24
12 60 56 66
12 61 36 88
12 62 63 38
12 63 60 38
12 64 34 51
12 65 49 61
12 66 27 90
12 67 53 38
12 68 37 30
12 69 4 35
12 70 55 28
12 71 7 82
12 72 6 54
12 73 26 88
12 74 48 17
12 75 56 61
12 76 89 53
12 77 86 16
12 78 16 89
12 79 81 13
12 80 62 56
12 81 20 53
12 82 76 18
12 83 0 37
12 84 88 46
12 85 81 33
12 86 21 73
12 87 63 39
12 88 27 45
12 89 11 44
12 90 89 30
12 91 18 58
12 92 34 85
12 93 1 64
12 94 79 19
12 95 2 36
12 96 21 28
12 97 62 73
12 98 80 72
12 99 12 89
13 14 61 34
13 15 83 36
13 16 85 18
13 17 73 46
13 18 74 60
13 19 35 79
13 20 14 55
13 21 0 72
13 22 80 21
13 23 69 44
13 24 50 62
13 25 84 8
13 26 93 63
13 27 53 71
13 28 64 57
13 29 14 59
13 30 86 72
13 31 1 46
13 32 23 27
13 33 78 29
13 34 79 26
13 35 14 48
13 36 3 68
13 37 79 18
13 38 45 20
13 39 78 24
13 40 81 31
13 41 77 41
13 42 28 36
13 43 14 30
13 44 48 28
13 45 90 29
13 46 25 85
13 47 38 22
13 48 1 42
13 49 90 20
13 50 39 43
13 51 64 44
13 52 66 43
13 53 24 28
13 54 9 47
13 55 71 49
13 56 95 3
13 57 75 24
13 58 63 64
13 59 26 68
13 60 77 8
13 61 3 76
13 62 6 64
13 63 10 91
13 64 93 42
13 65 35 41
13 66 51 78
13 67 45 27
13 68 95 17
13 69 48 61
13 70 82 22
13 71 78 52
13 72 13 88
13 73 15 42
13 74 0 53
13 75 14 30
13 76 50 62
13 77 32 76
13 78 0 48
13 79 55 70
13 80 87 19
13 81 36 71
13 82 68 61
13 83 47 29
13 84 98 58
13 85 31 53
13 86 18 93
13 87 53 60
13 88 13 38
13 89 61 62
13 90 24 54
13 91 78 23
13 92 27 58
13 93 77 68
13 94 37 70
13 95 2 76
13 96 7 87
13 97 3 78
13 98 35 58
13 99 99 22
14 15 45 67
14 16 55 82
14 17 6 67
14 18 12 34
14 19 89 52
14 20 37 41
14 21 72 26
14 22 43 46
14 23 84 72
14 24 95 23
14 25 30 54
14 26 77 24
14 27 73 50
14 28 86 13
14 29 64 24
14 30 4 45
14 31 39 70
14 32 86 20
14 33 1 33
14 34 96 27
14 35 34 57
14 36 38 37
14 37 87 69
14 38 10 45
14 39 82 71
14 40 43 77
14 41 94 26
14 42 44 41
14 43 96 40
14 44 84 71
14 45 10 61
14 46 18 89
14 47 64 28
14 48 54 15
14 49 0 62
14 50 90 45
14 51 64 18
14 52 93 30
14 53 21 80
14 54 33 55
14 55 24 84
14 56 25 88
14 57 12 30
14 58 60 81
14 59 55 81
14 60 62 35
14 61 84 61
14 62 61 32
14 63 80 36
14 64 42 27
14 65 45 38
14 66 21 67
14 67 9 35
14 68 98 64
14 69 98 66
14 70 92 6
14 71 23 75
14 72 85 37
14 73 24 28
14 74 36 87
14 75 5 52
14 76 43 19
14 77 68 20
14 78 45 50
14 79 29 88
14 80 18 75
14 81 5 34
14 82 54 20
14 83 59 68
14 84 41 81
14 85 36 35
14 86 66 30
14 87 59 61
14 88 26 70
14 89 27 68
14 90 20 67
14 91 65 32
14 92 47 38
14 93 29 76
14 94 90 43
14 95 75 70
14 96 27 87
14 97 68 67
14 98 8 30
14 99 47 65
15 16 81 45
15 17 6 94
15 18 42 59
15 19 77 37
15 20 34 70
15 21 50 44
15 22 31 38
15 23 20 43
15 24 87 61
15 25 77 36
15 26 20 30
15 27 34 49
15 28 25 91
15 29 47 47
15 30 59 43
15 31 5 32
15 32 18 91
15 33 68 21
15 34 12 44
15 35 76 69
15 36 90 6
15 37 72 46
15 38 88 62
15 39 86 41
15 40 94 64
15 41 5 64
15 42 93 57
15 43 85 51
15 44 52 15
15 45 1 51
15 46 79 75
15 47 70 11
15 48 78 46
15 49 47 22
15 50 54 45
15 51 35 69
15 52 39 20
15 53 97 40
15 54 31 39
15 55 28 75
15 56 65 63
15 57 63 53
15 58 57 76
15 59 71 33
15 60 53 72
15 61 63 50
15 62 5 81
15 63 98 62
15 64 11 42
15 65 56 59
15 66 9 30
15 67 60 39
15 68 83 30
15 69 65 73
15 70 92 5
15 71 61 58
15 72 74 36
15 73 27 91
15 74 5 67
15 75 60 65
15 76 93 15
15 77 85 28
15 78 4 42
15 79 31 76
15 80 11 56
15 81 1 53
15 82 36 35
15 83 54 22
15 84 53 46
15 85 65 79
15 86 18 93
15 87 78 60
15 88 9 27
15 89 68 42
15 90 28 53
15 91 42 76
15 92 73 45
15 93 27 31
15 94 1 79
15 95 9 35
15 96 6 63
15 97 2 68
15 98 57 38
15 99 55 22
16 17 62 57
16 18 70 75
16 19 41 21
16 20 49 36
16 21 22 73
16 22 67 49
16 23 43 17
16 24 44 74
16 25 56 34
16 26 83 11
16 27 57 66
16 28 89 14
16 29 80 21
16 30 69 69
16 31 8 31
16 32 51 54
16 33 64 29
16 34 63 74
16 35 28 30
16 36 67 36
16 37 49 38
16 38 3 58
16 39 72 56
16 40 28 60
16 41 99 37
16 42 86 62
16 43 0 89
16 44 47 43
16 45 29 46
16 46 4 57
16 47 27 33
16 48 62 47
16 49 77 48
16 50 16 57
16 51 27 57
16 52 33 37
16 53 0 42
16 54 72 56
16 55 94 51
16 56 22 53
16 57 40 65
16 58 6 41
16 59 9 82
16 60 29 85
16 61 36 56
16 62 39 46
16 63 90 48
16 64 53 17
16 65 91 65
16 66 34 80
16 67 48 17
16 68 83 12
16 69 44 37
16 70 1 71
16 71 84 30
16 72 91 60
16 73 10 60
16 74 39 58
16 75 29 63
16 76 8 79
16 77 82 33
16 78 77 74
16 79 56 20
16 80 97 3
16 81 17 74
16 82 42 63
16 83 7 67
16 84 11 44
16 85 27 83
16 86 48 63
16 87 98 51
16 88 17 73
16 89 11 34
16 90 89 32
16 91 82 25
16 92 25 77
16 93 58 17
16 94 73 25
16 95 23 41
16 96 99 53
16 97 36 40
16 98 83 39
16 99 23 65
17 18 0 50
17 19 17 33
17 20 59 28
17 21 17 73
17 22 1 51
17 23 51 27
17 24 98 23
17 25 49 47
17 26 87 72
17 27 88 4
17 28 10 92
17 29 51 70
17 30 27 36
17 31 81 35
17 32 21 42
17 33 59 12
17 34 21 40
17 35 56 33
17 36 63 41
17 37 59 50
17 38 56 46
17 39 43 44
17 40 3 31
17 41 60 16
17 42 75 15
17 43 20 51
17 44 18 82
17 45 70 63
17 46 10 49
17 47 24 58
17 48 33 26
17 49 39 48
17 50 59 22
17 51 53 52
17 52 38 28
17 53 16 92
17 54 38 65
17 55 3 52
17 56 60 79
17 57 96 30
17 58 99 2
17 59 82 45
17 60 94 50
17 61 64 36
17 62 73 12
17 63 44 28
17 64 35 31
17 65 69 56
17 66 0 70
17 67 94 28
17 68 9 40
17 69 3 50
17 70 17 32
17 71 57 23
17 72 82 74
17 73 68 60
17 74 34 65
17 75 1 57
17 76 37 78
17 77 54 43
17 78 76 63
17 79 36 84
17 80 76 45
17 81 52 82
17 82 21 39
17 83 20 79
17 84 65 10
17 85 96 39
17 86 16 66
17 87 85 47
17 88 99 48
17 89 59 27
17 90 47 19
17 91 56 18
17 92 51 70
17 93 6 63
17 94 65 73
17 95 64 66
17 96 73 16
17 97 91 21
17 98 14 93
17 99 51 22
18 19 6 50
18 20 96 19
18 21 80 69
18 22 38 40
18 23 40 33
18 24 20 83
18 25 79 40
18 26 54 41
18 27 0 51
18 28 92 42
18 29 68 58
18 30 4 56
18 31 52 31
18 32 34 23
18 33 71 10
18 34 26 78
18 35 97 33
18 36 1 51
18 37 21 88
18 38 59 16
18 39 74 10
18 40 14 27
18 41 34 82
18 42 86 39
18 43 76 20
18 44 70 59
18 45 33 57
18 46 38 45
18 47 76 28
18 48 63 63
18 49 49 40
18 50 41 56
18 51 36 37
18 52 15 66
18 53 15 39
18 54 77 31
18 55 22 24
18 56 29 34
18 57 52 67
18 58 92 36
18 59 42 43
18 60 70 21
18 61 82 53
18 62 30 21
18 63 48 61
18 64 9 48
18 65 37 80
18 66 33 35
18 67 96 32
18 68 49 41
18 69 51 81
18 70 78 41
18 71 43 67
18 72 81 42
18 73 78 69
18 74 11 73
18 75 50 46
18 76 28 51
18 77 83 14
18 78 92 44
18 79 18 64
18 80 10 35
18 81 10 54
18 82 55 82
18 83 60 39
18 84 41 34
18 85 74 34
18 86 83 49
18 87 98 26
18 88 69 17
18 89 91 10
18 90 5 43
18 91 81 68
18 92 2 34
18 93 99 11
18 94 19 81
18 95 71 40
18 96 94 7
18 97 21 72
18 98 49 18
18 99 26 36
19 20 4 76
19 21 62 55
19 22 42 27
19 23 27 30
19 24 95 44
19 25 57 62
19 26 65 62
19 27 47 32
19 28 86 47
19 29 76 10
19 30 34 34
19 31 70 47
19 32 96 14
19 33 66 50
19 34 41 83
19 35 64 56
19 36 7 86
19 37 56 57
19 38 8 49
19 39 33 80
19 40 23 53
19 41 82 45
19 42 91 17
19 43 54 59
19 44 70 78
19 45 57 39
19 46 88 43
19 47 57 66
19 48 85 12
19 49 23 85
19 50 95 31
19 51 6 70
19 52 20 67
19 53 78 74
19 54 8 60
19 55 6 90
19 56 29 77
19 57 43 52
19 58 95 18
19 59 72 31
19 60 50 63
19 61 64 36
19 62 85 36
19 63 9 47
19 64 2 80
19 65 6 66
19 66 86 60
19 67 49 74
19 68 51 72
19 69 2 93
19 70 35 21
19 71 73 47
19 72 0 83
19 73 7 88
19 74 49 15
19 75 96 24
19 76 6 29
19 77 67 46
19 78 37 51
19 79 2 93
19 80 84 36
19 81 78 6
19 82 93 63
19 83 47 72
19 84 19 76
19 85 19 74
19 86 53 57
19 87 50 69
19 88 54 61
19 89 62 38
19 90 45 66
19 91 53 36
19 92 52 38
19 93 27 45
19 94 88 9
19 95 37 64
19 96 81 69
19 97 6 61
19 98 62 24
19 99 0 56
20 21 23 34
20 22 65 77
20 23 0 67
20 24 29 31
20 25 60 66
20 26 42 31
20 27 71 38
20 28 54 40
20 29 57 18
20 30 19 61
20 31 42 79
20 32 10 96
20 33 1 38
20 34 8 34
20 35 80 65
20 36 35 54
20 37 93 40
20 38 8 71
20 39 30 53
20 40 14 90
20 41 22 89
20 42 99 14
20 43 99 44
20 44 74 50
20 45 53 77
20 46 24 86
20 47 24 77
20 48 34 25
20 49 62 70
20 50 68 69
20 51 55 55
20 52 45 78
20 53 2 51
20 54 28 58
20 55 53 67
20 56 35 41
20 57 18 63
20 58 74 77
20 59 57 42
20 60 25 73
20 61 98 35
20 62 18 40
20 63 97 33
20 64 34 42
20 65 39 58
20 66 92 30
20 67 28 39
20 68 41 47
20 69 40 38
20 70 55 61
20 71 2 33
20 72 2 34
20 73 55 18
20 74 61 42
20 75 95 3
20 76 10 58
20 77 29 40
20 78 79 60
20 79 93 45
20 80 34 48
20 81 71 39
20 82 59 39
20 83 43 40
20 84 27 30
20 85 38 32
20 86 31 67
20 87 41 39
20 88 86 10
20 89 42 75
20 90 67 47
20 91 85 57
20 92 97 1
20 93 21 58
20 94 53 26
20 95 29 47
20 96 87 71
20 97 21 91
20 98 57 73
20 99 39 36
21 22 6 43
21 23 14 72
21 24 66 69
21 25 64 63
21 26 65 66
21 27 30 58
21 28 55 18
21 29 49 51
21 30 44 48
21 31 19 79
21 32 66 70
21 33 21 32
21 34 54 74
21 35 24 90
21 36 76 65
21 37 36 29
21 38 43 72
21 39 28 31
21 40 32 69
21 41 41 34
21 42 99 58
21 43 72 76
21 44 47 18
21 45 20 40
21 46 13 33
21 47 80 52
21 48 49 34
21 49 9 63
21 50 80 37
21 51 21 46
21 52 71 34
21 53 37 40
21 54 33 53
21 55 25 91
21 56 77 19
21 57 55 72
21 58 88 44
21 59 32 87
21 60 37 53
21 61 47 68
21 62 82 40
21 63 8 54
21 64 46 18
21 65 51 79
21 66 47 82
21 67 11 87
21 68 79 37
21 69 95 55
21 70 87 66
21 71 87 47
21 72 37 38
21 73 38 88
21 74 61 15
21 75 54 47
21 76 38 20
21 77 28 70
21 78 2 37
21 79 12 76
21 80 65 61
21 81 44 86
21 82 68 32
21 83 11 88
21 84 10 85
21 85 98 32
21 86 0 31
21 87 94 69
21 88 34 79
21 89 9 78
21 90 52 46
21 91 99 15
21 92 99 49
21 93 33 78
21 94 10 80
21 95 77 74
21 96 84 64
21 97 79 68
21 98 73 11
21 99 46 55
22 23 92 2
22 24 99 46
22 25 55 37
22 26 97 19
22 27 64 21
22 28 16 27
22 29 9 67
22 30 81 28
22 31 60 16
22 32 49 67
22 33 61 69
22 34 60 75
22 35 91 71
22 36 24 73
22 37 69 42
22 38 39 39
22 39 31 34
22 40 46 72
22 41 81 53
22 42 68 64
22 43 18 84
22 44 84 69
22 45 65 26
22 46 60 53
22 47 5 45
22 48 8 96
22 49 48 69
22 50 9 29
22 51 71 10
22 52 8 77
22 53 66 64
22 54 37 44
22 55 22 89
22 56 75 68
22 57 95 47
22 58 45 41
22 59 43 71
22 60 98 25
22 61 93 66
22 62 87 36
22 63 31 72
22 64 86 13
22 65 12 39
22 66 1 69
22 67 77 16
22 68 9 49
22 69 37 71
22 70 92 11
22 71 20 82
22 72 2 39
22 73 8 76
22 74 55 65
22 75 27 84
22 76 90 8
22 77 5 33
22 78 77 30
22 79 14 53
22 80 64 42
22 81 38 84
22 82 7 42
22 83 79 20
22 84 20 43
22 85 69 59
22 86 47 35
22 87 31 62
22 88 16 57
22 89 47 62
22 90 68 62
22 91 77 72
22 92 67 54
22 93 26 83
22 94 85 11
22 95 29 59
22 96 73 54
22 97 16 38
22 98 37 76
22 99 45 81
23 24 79 16
23 25 29 23
23 26 17 67
23 27 45 39
23 28 21 80
23 29 1 42
23 30 12 64
23 31 45 82
23 32 6 32
23 33 72 53
23 34 58 62
23 35 27 45
23 36 20 90
23 37 43 77
23 38 76 27
23 39 39 67
23 40 2 69
23 41 13 62
23 42 3 74
23 43 88 39
23 44 18 40
23 45 60 59
23 46 91 25
23 47 81 13
23 48 54 64
23 49 97 39
23 50 39 21
23 51 54 53
23 52 58 62
23 53 89 21
23 54 92 40
23 55 47 15
23 56 84 36
23 57 19 80
23 58 98 3
23 59 42 73
23 60 53 60
23 61 42 59
23 62 56 51
23 63 0 34
23 64 48 21
23 65 58 60
23 66 57 78
23 67 66 39
23 68 28 55
23 69 20 87
23 70 82 41
23 71 16 31
23 72 35 59
23 73 43 66
23 74 29 35
23 75 11 69
23 76 50 24
23 77 37 38
23 78 54 45
23 79 55 41
23 80 38 24
23 81 43 20
23 82 24 75
23 83 40 57
23 84 81 48
23 85 39 85
23 86 63 39
23 87 37 49
23 88 80 53
23 89 90 9
23 90 11 59
23 91 94 53
23 92 83 49
23 93 33 38
23 94 45 86
23 95 68 66
23 96 61 19
23 97 81 31
23 98 94 47
23 99 30 87
24 25 10 30
24 26 16 48
24 27 65 11
24 28 91 36
24 29 40 20
24 30 40 59
24 31 3 67
24 32 79 53
24 33 5 78
24 34 37 38
24 35 28 75
24 36 18 79
24 37 50 65
24 38 48 73
24 39 52 60
24 40 43 75
24 41 61 24
24 42 70 58
24 43 6 67
24 44 51 44
24 45 94 46
24 46 48 30
24 47 6 44
24 48 51 63
24 49 17 36
24 50 49 62
24 51 16 61
24 52 79 22
24 53 20 62
24 54 33 55
24 55 48 42
24 56 77 19
24 57 35 35
24 58 89 5
24 59 29 85
24 60 96 28
24 61 31 61
24 62 35 24
24 63 89 58
24 64 99 64
24 65 2 62
24 66 26 31
24 67 90 54
24 68 45 25
24 69 38 59
24 70 23 61
24 71 43 59
24 72 60 50
24 73 44 57
24 74 3 85
24 75 88 20
24 76 93 29
24 77 67 35
24 78 16 66
24 79 90 52
24 80 9 40
24 81 20 54
24 82 40 52
24 83 49 77
24 84 68 25
24 85 29 67
24 86 81 53
24 87 2 53
24 88 28 81
24 89 47 68
24 90 89 20
24 91 51 83
24 92 64 46
24 93 65 64
24 94 42 55
24 95 95 18
24 96 27 87
24 97 63 13
24 98 94 41
24 99 65 36
25 26 15 44
25 27 67 74
25 28 64 68
25 29 67 11
25 30 21 25
25 31 30 63
25 32 82 29
25 33 71 59
25 34 63 75
25 35 76 67
25 36 0 82
25 37 44 79
25 38 28 31
25 39 94 25
25 40 90 26
25 41 85 30
25 42 7 45
25 43 39 65
25 44 84 34
25 45 69 66
25 46 42 60
25 47 93 18
25 48 72 26
25 49 44 48
25 50 74 75
25 51 5 65
25 52 32 56
25 53 81 65
25 54 17 59
25 55 33 58
25 56 96 42
25 57 21 83
25 58 74 60
25 59 22 67
25 60 32 22
25 61 24 41
25 62 31 57
25 63 34 53
25 64 5 32
25 65 7 76
25 66 17 72
25 67 35 46
25 68 5 34
25 69 56 78
25 70 84 63
25 71 78 59
25 72 24 81
25 73 29 32
25 74 33 84
25 75 20 47
25 76 60 74
25 77 95 20
25 78 18 90
25 79 1 83
25 80 89 56
25 81 56 73
25 82 7 71
25 83 76 46
25 84 43 49
25 85 27 58
25 86 60 54
25 87 40 26
25 88 87 27
25 89 76 25
25 90 30 71
25 91 80 32
25 92 53 57
25 93 78 60
25 94 91 44
25 95 97 33
25 96 2 82
25 97 25 24
25 98 0 83
25 99 32 50
26 27 79 62
26 28 25 33
26 29 48 79
26 30 72 18
26 31 28 58
26 32 48 73
26 33 54 18
26 34 6 46
26 35 99 68
26 36 52 55
26 37 64 20
26 38 27 59
26 39 95 70
26 40 76 64
26 41 48 58
26 42 52 21
26 43 17 46
26 44 3 71
26 45 50 52
26 46 45 42
26 47 63 53
26 48 36 38
26 49 44 56
26 50 41 33
26 51 4 54
26 52 27 72
26 53 6 55
26 54 45 50
26 55 67 74
26 56 75 48
26 57 0 71
26 58 21 43
26 59 64 67
26 60 78 63
26 61 33 52
26 62 60 45
26 63 7 70
26 64 28 42
26 65 31 59
26 66 16 69
26 67 35 53
26 68 52 56
26 69 95 8
26 70 59 75
26 71 20 28
26 72 27 63
26 73 32 76
26 74 53 65
26 75 94 71
26 76 5 53
26 77 30 75
26 78 34 57
26 79 54 56
26 80 33 49
26 81 13 45
26 82 0 54
26 83 20 50
26 84 81 57
26 85 27 56
26 86 27 82
26 87 55 20
26 88 13 48
26 89 20 90
26 90 43 52
26 91 59 59
26 92 1 30
26 93 31 86
26 94 55 61
26 95 3 36
26 96 4 54
26 97 76 40
26 98 54 54
26 99 90 66
27 28 79 11
27 29 81 74
27 30 17 56
27 31 13 76
27 32 3 42
27 33 40 53
27 34 19 33
27 35 45 16
27 36 49 36
27 37 66 79
27 38 49 50
27 39 32 33
27 40 28 66
27 41 39 44
27 42 85 13
27 43 45 41
27 44 48 81
27 45 21 66
27 46 20 63
27 47 59 14
27 48 57 28
27 49 59 81
27 50 23 78
27 51 50 39
27 52 74 44
27 53 49 42
27 54 78 20
27 55 66 30
27 56 90 63
27 57 4 38
27 58 99 28
27 59 54 14
27 60 52 47
27 61 10 80
27 62 40 82
27 63 47 73
27 64 70 75
27 65 29 69
27 66 70 41
27 67 43 64
27 68 14 53
27 69 31 32
27 70 28 68
27 71 33 73
27 72 86 55
27 73 71 74
27 74 35 50
27 75 26 91
27 76 65 18
27 77 73 22
27 78 9 48
27 79 31 81
27 80 98 12
27 81 33 32
27 82 87 37
27 83 34 22
27 84 24 41
27 85 35 66
27 86 33 86
27 87 9 93
27 88 66 43
27 89 5 46
27 90 81 32
27 91 45 62
27 92 8 71
27 93 11 29
27 94 2 32
27 95 49 56
27 96 82 35
27 97 72 70
27 98 62 65
27 99 65 66
28 29 14 36
28 30 38 51
28 31 69 56
28 32 93 70
28 33 84 10
28 34 75 44
28 35 94 15
28 36 7 53
28 37 85 59
28 38 40 86
28 39 1 59
28 40 69 70
28 41 76 59
28 42 11 73
28 43 7 55
28 44 90 57
28 45 95 62
28 46 56 25
28 47 82 33
28 48 39 39
28 49 34 80
28 50 48 66
28 51 24 27
28 52 73 34
28 53 7 77
28 54 27 70
28 55 82 30
28 56 56 38
28 57 22 61
28 58 41 40
28 59 79 61
28 60 52 30
28 61 98 26
28 62 85 35
28 63 8 62
28 64 51 21
28 65 89 57
28 66 18 90
28 67 45 52
28 68 55 68
28 69 89 55
28 70 48 20
28 71 3 46
28 72 30 85
28 73 40 63
28 74 40 87
28 75 21 77
28 76 77 19
28 77 67 11
28 78 71 19
28 79 30 63
28 80 78 32
28 81 64 56
28 82 13 53
28 83 98 28
28 84 26 81
28 85 26 60
28 86 78 18
28 87 41 28
28 88 35 63
28 89 3 37
28 90 24 83
28 91 51 75
28 92 82 41
28 93 3 37
28 94 22 27
28 95 91 30
28 96 0 75
28 97 66 47
28 98 35 35
28 99 63 34
29 30 39 84
29 31 12 56
29 32 86 55
29 33 90 9
29 34 66 31
29 35 52 40
29 36 71 11
29 37 0 98
29 38 6 49
29 39 61 16
29 40 95 56
29 41 85 11
29 42 98 64
29 43 45 83
29 44 25 65
29 45 65 28
29 46 91 12
29 47 82 18
29 48 79 71
29 49 19 85
29 50 4 64
29 51 60 31
29 52 39 28
29 53 22 88
29 54 14 35
29 55 38 50
29 56 85 33
29 57 55 56
29 58 16 46
29 59 2 58
29 60 77 11
29 61 79 25
29 62 22 58
29 63 91 37
29 64 79 51
29 65 50 57
29 66 58 45
29 67 74 17
29 68 98 42
29 69 37 84
29 70 52 69
29 71 39 85
29 72 83 18
29 73 83 20
29 74 85 61
29 75 13 64
29 76 35 39
29 77 40 42
29 78 14 72
29 79 34 69
29 80 21 49
29 81 80 72
29 82 71 69
29 83 33 36
29 84 88 34
29 85 53 55
29 86 64 75
29 87 6 72
29 88 37 76
29 89 71 28
29 90 12 86
29 91 38 67
29 92 27 25
29 93 2 55
29 94 55 32
29 95 65 72
29 96 84 56
29 97 69 64
29 98 95 64
29 99 61 60
30 31 3 56
30 32 74 14
30 33 13 65
30 34 2 91
30 35 27 45
30 36 72 29
30 37 51 53
30 38 98 3
30 39 56 45
30 40 37 86
30 41 78 74
30 42 99 24
30 43 81 74
30 44 95 14
30 45 74 73
30 46 7 89
30 47 47 68
30 48 59 79
30 49 49 39
30 50 56 37
30 51 49 61
30 52 42 55
30 53 73 77
30 54 69 11
30 55 33 59
30 56 20 60
30 57 96 18
30 58 45 83
30 59 37 86
30 60 67 34
30 61 96 20
30 62 28 77
30 63 37 73
30 64 37 37
30 65 29 60
30 66 41 81
30 67 47 49
30 68 97 64
30 69 90 41
30 70 82 73
30 71 11 51
30 72 56 49
30 73 16 79
30 74 72 68
30 75 19 50
30 76 30 89
30 77 14 37
30 78 18 32
30 79 0 55
30 80 11 77
30 81 6 42
30 82 35 53
30 83 40 81
30 84 94 71
30 85 68 28
30 86 92 49
30 87 89 13
30 88 53 47
30 89 31 65
30 90 59 59
30 91 4 44
30 92 63 56
30 93 65 53
30 94 47 20
30 95 47 26
30 96 94 66
30 97 29 61
30 98 0 86
30 99 5 59
31 32 34 78
31 33 70 31
31 34 25 44
31 35 55 21
31 36 77 36
31 37 63 39
31 38 34 60
31 39 18 60
31 40 32 40
31 41 94 31
31 42 4 47
31 43 74 14
31 44 9 90
31 45 45 35
31 46 23 37
31 47 36 60
31 48 54 74
31 49 70 23
31 50 72 28
31 51 14 48
31 52 29 77
31 53 75 62
31 54 56 20
31 55 37 34
31 56 82 36
31 57 40 42
31 58 59 18
31 59 33 36
31 60 91 17
31 61 34 73
31 62 68 23
31 63 28 69
31 64 84 31
31 65 62 26
31 66 18 54
31 67 28 58
31 68 57 28
31 69 39 78
31 70 91 59
31 71 48 26
31 72 4 64
31 73 63 50
31 74 99 62
31 75 24 86
31 76 81 16
31 77 94 3
31 78 0 36
31 79 54 48
31 80 26 52
31 81 88 59
31 82 56 22
31 83 58 53
31 84 71 59
31 85 49 37
31 86 32 70
31 87 0 93
31 88 95 9
31 89 77 45
31 90 79 54
31 91 92 41
31 92 51 81
31 93 26 68
31 94 43 78
31 95 88 53
31 96 23 26
31 97 68 55
31 98 49 76
31 99 26 31
32 33 38 19
32 34 75 45
32 35 88 65
32 36 80 43
32 37 13 63
32 38 89 57
32 39 31 68
32 40 21 51
32 41 52 83
32 42 27 74
32 43 99 65
32 44 96 31
32 45 5 95
32 46 83 6
32 47 90 53
32 48 96 7
32 49 52 63
32 50 89 13
32 51 8 78
32 52 6 44
32 53 58 13
32 54 44 57
32 55 58 55
32 56 49 54
32 57 46 56
32 58 90 35
32 59 70 33
32 60 11 35
32 61 80 65
32 62 27 22
32 63 80 48
32 64 76 57
32 65 92 61
32 66 16 88
32 67 28 28
32 68 42 24
32 69 48 60
32 70 77 65
32 71 51 55
32 72 22 83
32 73 19 29
32 74 41 37
32 75 84 18
32 76 53 39
32 77 33 41
32 78 15 74
32 79 93 32
32 80 22 24
32 81 91 58
32 82 9 80
32 83 81 48
32 84 66 20
32 85 10 58
32 86 69 67
32 87 95 53
32 88 32 28
32 89 72 61
32 90 85 41
32 91 81 37
32 92 40 65
32 93 91 66
32 94 13 85
32 95 83 54
32 96 92 14
32 97 58 56
32 98 8 97
32 99 85 62
33 34 37 74
33 35 41 66
33 36 50 60
33 37 86 40
33 38 67 60
33 39 36 86
33 40 76 37
33 41 42 62
33 42 66 71
33 43 65 78
33 44 31 55
33 45 89 7
33 46 29 61
33 47 61 34
33 48 65 21
33 49 10 33
33 50 4 31
33 51 17 39
33 52 45 39
33 53 21 25
33 54 17 91
33 55 18 69
33 56 6 70
33 57 21 25
33 58 55 62
33 59 21 52
33 60 3 90
33 61 93 62
33 62 51 35
33 63 83 64
33 64 76 30
33 65 67 74
33 66 97 59
33 67 16 63
33 68 12 68
33 69 50 35
33 70 69 21
33 71 44 53
33 72 18 26
33 73 58 48
33 74 29 45
33 75 62 20
33 76 47 59
33 77 15 94
33 78 25 48
33 79 45 77
33 80 85 30
33 81 49 25
33 82 55 24
33 83 48 32
33 84 51 46
33 85 81 52
33 86 56 67
33 87 82 73
33 88 80 23
33 89 6 80
33 90 80 33
33 91 5 76
33 92 77 15
33 93 46 74
33 94 96 3
33 95 5 90
33 96 39 49
33 97 95 56
33 98 92 25
33 99 40 34
34 35 91 57
34 36 14 56
34 37 53 41
34 38 27 28
34 39 95 68
34 40 86 68
34 41 63 57
34 42 73 20
34 43 31 28
34 44 63 79
34 45 16 26
34 46 73 43
34 47 85 68
34 48 7 66
34 49 88 24
34 50 79 65
34 51 62 31
34 52 94 39
34 53 59 23
34 54 36 30
34 55 32 76
34 56 27 33
34 57 27 65
34 58 10 57
34 59 23 24
34 60 61 23
34 61 32 89
34 62 73 41
34 63 81 55
34 64 48 66
34 65 16 82
34 66 75 62
34 67 41 40
34 68 66 52
34 69 79 7
34 70 74 25
34 71 39 75
34 72 37 79
34 73 42 37
34 74 86 22
34 75 33 84
34 76 98 17
34 77 56 63
34 78 92 20
34 79 13 35
34 80 8 40
34 81 56 18
34 82 20 31
34 83 93 56
34 84 35 25
34 85 82 31
34 86 67 30
34 87 17 24
34 88 60 38
34 89 7 72
34 90 81 43
34 91 44 60
34 92 29 84
34 93 9 34
34 94 65 23
34 95 46 22
34 96 70 9
34 97 11 87
34 98 10 75
34 99 35 48
35 36 64 43
35 37 72 25
35 38 97 41
35 39 77 67
35 40 56 71
35 41 19 44
35 42 0 34
35 43 99 17
35 44 72 18
35 45 11 62
35 46 29 51
35 47 35 79
35 48 86 19
35 49 1 46
35 50 74 37
35 51 41 45
35 52 85 73
35 53 72 73
35 54 21 89
35 55 93 44
35 56 95 28
35 57 9 95
35 58 80 18
35 59 37 57
35 60 89 43
35 61 3 77
35 62 23 36
35 63 22 87
35 64 9 89
35 65 97 6
35 66 19 66
35 67 41 21
35 68 35 38
35 69 99 36
35 70 10 74
35 71 25 53
35 72 62 71
35 73 23 56
35 74 7 42
35 75 86 40
35 76 70 27
35 77 90 3
35 78 80 29
35 79 27 57
35 80 31 33
35 81 69 35
35 82 81 36
35 83 52 56
35 84 55 34
35 85 13 80
35 86 17 27
35 87 64 69
35 88 64 17
35 89 96 68
35 90 98 30
35 91 61 68
35 92 86 64
35 93 98 33
35 94 20 42
35 95 60 73
35 96 16 34
35 97 8 84
35 98 77 30
35 99 57 57
36 37 50 29
36 38 64 65
36 39 25 69
36 40 96 12
36 41 2 83
36 42 49 69
36 43 24 83
36 44 98 15
36 45 61 47
36 46 94 19
36 47 23 26
36 48 81 7
36 49 36 83
36 50 71 69
36 51 37 24
36 52 91 56
36 53 46 65
36 54 18 72
36 55 74 39
36 56 78 55
36 57 26 63
36 58 17 37
36 59 12 49
36 60 98 70
36 61 73 66
36 62 58 77
36 63 12 50
36 64 54 23
36 65 91 63
36 66 0 39
36 67 39 85
36 68 59 79
36 69 22 46
36 70 56 62
36 71 56 79
36 72 24 67
36 73 11 56
36 74 40 45
36 75 11 26
36 76 85 19
36 77 56 62
36 78 48 35
36 79 41 31
36 80 73 68
36 81 15 39
36 82 5 64
36 83 34 33
36 84 49 75
36 85 69 17
36 86 69 15
36 87 26 48
36 88 68 34
36 89 12 80
36 90 72 56
36 91 44 25
36 92 2 50
36 93 6 68
36 94 67 34
36 95 41 32
36 96 18 83
36 97 99 21
36 98 25 76
36 99 53 43
37 38 8 46
37 39 45 83
37 40 22 42
37 41 62 35
37 42 76 18
37 43 7 89
37 44 64 27
37 45 34 36
37 46 73 51
37 47 29 58
37 48 43 73
37 49 88 60
37 50 81 63
37 51 25 83
37 52 56 65
37 53 25 81
37 54 0 66
37 55 50 35
37 56 3 65
37 57 26 63
37 58 33 39
37 59 95 40
37 60 57 45
37 61 22 37
37 62 96 67
37 63 47 60
37 64 16 70
37 65 21 82
37 66 63 73
37 67 67 38
37 68 86 4
37 69 29 31
37 70 42 44
37 71 47 50
37 72 6 50
37 73 96 69
37 74 25 38
37 75 55 25
37 76 23 85
37 77 1 71
37 78 18 26
37 79 18 81
37 80 89 7
37 81 11 48
37 82 12 90
37 83 47 24
37 84 42 23
37 85 97 31
37 86 63 47
37 87 43 75
37 88 63 41
37 89 56 79
37 90 18 56
37 91 7 36
37 92 44 34
37 93 26 63
37 94 1 60
37 95 83 61
37 96 96 23
37 97 2 68
37 98 68 47
37 99 81 47
38 39 71 35
38 40 79 54
38 41 54 70
38 42 2 77
38 43 19 78
38 44 32 31
38 45 95 52
38 46 32 78
38 47 45 69
38 48 52 16
38 49 73 24
38 50 96 29
38 51 33 66
38 52 97 11
38 53 35 50
38 54 89 50
38 55 58 28
38 56 4 36
38 57 71 19
38 58 23 72
38 59 15 90
38 60 67 41
38 61 87 69
38 62 19 82
38 63 90 13
38 64 1 65
38 65 36 64
38 66 91 5
38 67 69 77
38 68 37 34
38 69 78 71
38 70 63 50
38 71 72 17
38 72 59 36
38 73 27 64
38 74 97 33
38 75 99 18
38 76 28 89
38 77 19 55
38 78 14 78
38 79 68 41
38 80 52 38
38 81 64 60
38 82 37 80
38 83 67 78
38 84 91 29
38 85 98 6
38 86 46 38
38 87 39 73
38 88 51 43
38 89 2 83
38 90 10 82
38 91 41 41
38 92 85 16
38 93 60 56
38 94 57 77
38 95 78 56
38 96 61 57
38 97 96 23
38 98 54 28
38 99 71 27
39 40 28 26
39 41 86 6
39 42 18 46
39 43 84 56
39 44 11 79
39 45 98 17
39 46 42 52
39 47 72 12
39 48 8 72
39 49 65 69
39 50 11 69
39 51 98 41
39 52 91 70
39 53 27 68
39 54 76 31
39 55 27 54
39 56 80 25
39 57 81 68
39 58 70 20
39 59 97 44
39 60 67 39
39 61 89 69
39 62 4 35
39 63 0 44
39 64 34 70
39 65 66 56
39 66 74 64
39 67 19 36
39 68 98 9
39 69 65 27
39 70 91 51
39 71 5 54
39 72 93 36
39 73 73 40
39 74 30 24
39 75 77 8
39 76 10 31
39 77 72 62
39 78 36 20
39 79 11 73
39 80 61 32
39 81 0 52
39 82 25 45
39 83 26 44
39 84 33 30
39 85 21 83
39 86 18 43
39 87 3 48
39 88 59 33
39 89 55 14
39 90 90 54
39 91 31 54
39 92 66 26
39 93 1 38
39 94 36 43
39 95 5 84
39 96 76 42
39 97 23 52
39 98 66 21
39 99 4 53
40 41 1 45
40 42 49 22
40 43 53 58
40 44 6 64
40 45 82 35
40 46 11 77
40 47 71 76
40 48 73 59
40 49 89 16
40 50 56 37
40 51 85 8
40 52 38 81
40 53 15 47
40 54 43 19
40 55 47 20
40 56 61 16
40 57 6 41
40 58 2 42
40 59 50 40
40 60 12 95
40 61 42 28
40 62 31 86
40 63 10 39
40 64 46 67
40 65 40 56
40 66 27 26
40 67 14 49
40 68 76 23
40 69 37 31
40 70 64 56
40 71 61 17
40 72 30 80
40 73 19 32
40 74 84 48
40 75 30 63
40 76 40 80
40 77 25 42
40 78 58 51
40 79 11 51
40 80 75 22
40 81 5 73
40 82 87 27
40 83 58 30
40 84 36 51
40 85 62 42
40 86 84 25
40 87 63 75
40 88 7 61
40 89 17 38
40 90 44 21
40 91 2 40
40 92 31 26
40 93 64 39
40 94 11 74
40 95 20 89
40 96 30 82
40 97 69 76
40 98 52 26
40 99 56 30
41 42 17 56
41 43 2 91
41 44 71 32
41 45 55 63
41 46 74 74
41 47 12 62
41 48 0 30
41 49 76 22
41 50 68 52
41 51 33 56
41 52 83 28
41 53 93 14
41 54 70 52
41 55 1 46
41 56 44 82
41 57 36 69
41 58 39 41
41 59 36 85
41 60 93 71
41 61 15 82
41 62 20 75
41 63 54 60
41 64 17 28
41 65 43 52
41 66 93 5
41 67 81 71
41 68 27 26
41 69 59 69
41 70 49 46
41 71 47 81
41 72 11 43
41 73 59 44
41 74 91 25
41 75 80 62
41 76 82 52
41 77 70 28
41 78 58 15
41 79 46 24
41 80 10 80
41 81 20 75
41 82 8 83
41 83 60 57
41 84 67 39
41 85 2 48
41 86 65 21
41 87 99 9
41 88 43 54
41 89 34 89
41 90 10 47
41 91 64 35
41 92 11 50
41 93 72 11
41 94 2 79
41 95 18 33
41 96 63 76
41 97 32 29
41 98 6 57
41 99 13 58
42 43 12 59
42 44 52 39
42 45 82 20
42 46 12 77
42 47 3 62
42 48 46 28
42 49 20 27
42 50 8 57
42 51 81 69
42 52 97 5
42 53 3 29
42 54 9 88
42 55 36 31
42 56 93 27
42 57 39 84
42 58 43 26
42 59 7 56
42 60 96 1
42 61 10 90
42 62 92 8
42 63 78 74
42 64 76 21
42 65 52 46
42 66 17 83
42 67 43 62
42 68 33 40
42 69 5 88
42 70 24 54
42 71 21 47
42 72 4 46
42 73 87 63
42 74 82 39
42 75 41 77
42 76 47 38
42 77 14 73
42 78 45 79
42 79 85 27
42 80 56 77
42 81 66 29
42 82 96 70
42 83 46 40
42 84 17 73
42 85 21 23
42 86 93 63
42 87 27 91
42 88 63 65
42 89 44 46
42 90 78 40
42 91 62 49
42 92 7 69
42 93 5 70
42 94 35 54
42 95 73 34
42 96 72 10
42 97 50 77
42 98 49 46
42 99 4 54
43 44 20 92
43 45 22 70
43 46 30 31
43 47 51 31
43 48 70 61
43 49 71 67
43 50 94 7
43 51 88 29
43 52 67 55
43 53 77 70
43 54 2 60
43 55 99 34
43 56 34 20
43 57 4 63
43 58 54 62
43 59 4 81
43 60 73 55
43 61 57 72
43 62 83 58
43 63 14 46
43 64 95 18
43 65 5 35
43 66 5 77
43 67 4 82
43 68 5 76
43 69 45 18
43 70 96 50
43 71 32 83
43 72 2 34
43 73 55 72
43 74 96 16
43 75 46 36
43 76 26 78
43 77 69 13
43 78 23 34
43 79 62 64
43 80 54 51
43 81 97 44
43 82 77 33
43 83 63 58
43 84 32 39
43 85 88 58
43 86 30 83
43 87 93 37
43 88 81 52
43 89 49 47
43 90 1 93
43 91 11 31
43 92 36 87
43 93 59 67
43 94 94 42
43 95 39 61
43 96 97 16
43 97 76 62
43 98 78 70
43 99 11 36
44 45 20 53
44 46 1 83
44 47 88 13
44 48 82 58
44 49 39 30
44 50 55 24
44 51 78 6
44 52 33 46
44 53 91 48
44 54 74 11
44 55 46 67
44 56 60 52
44 57 15 52
44 58 87 69
44 59 39 36
44 60 4 80
44 61 71 58
44 62 70 38
44 63 94 12
44 64 26 68
44 65 15 54
44 66 62 46
44 67 79 14
44 68 1 52
44 69 88 48
44 70 36 82
44 71 82 44
44 72 26 83
44 73 42 63
44 74 10 82
44 75 42 39
44 76 58 72
44 77 59 38
44 78 35 32
44 79 68 58
44 80 97 27
44 81 79 14
44 82 91 3
44 83 66 50
44 84 97 56
44 85 58 54
44 86 94 51
44 87 66 60
44 88 90 54
44 89 53 34
44 90 93 61
44 91 16 31
44 92 91 30
44 93 89 37
44 94 5 95
44 95 65 36
44 96 86 44
44 97 30 31
44 98 76 22
44 99 25 61
45 46 67 22
45 47 38 87
45 48 21 51
45 49 41 55
45 50 42 18
45 51 34 70
45 52 59 76
45 53 76 74
45 54 45 19
45 55 0 79
45 56 10 92
45 57 74 24
45 58 70 42
45 59 89 21
45 60 99 2
45 61 96 38
45 62 40 55
45 63 24 71
45 64 16 44
45 65 7 36
45 66 49 76
45 67 38 48
45 68 90 12
45 69 94 10
45 70 41 58
45 71 35 21
45 72 43 41
45 73 51 64
45 74 89 38
45 75 34 75
45 76 11 51
45 77 87 64
45 78 2 94
45 79 75 73
45 80 50 17
45 81 67 77
45 82 60 58
45 83 90 71
45 84 33 82
45 85 34 32
45 86 93 37
45 87 21 31
45 88 93 52
45 89 80 42
45 90 71 40
45 91 65 29
45 92 58 57
45 93 91 59
45 94 89 8
45 95 66 59
45 96 31 59
45 97 33 77
45 98 12 53
45 99 57 27
46 47 63 31
46 48 71 11
46 49 18 61
46 50 46 53
46 51 9 77
46 52 94 41
46 53 36 81
46 54 46 72
46 55 12 75
46 56 36 54
46 57 93 26
46 58 35 64
46 59 27 27
46 60 32 65
46 61 39 75
46 62 83 16
46 63 96 36
46 64 73 18
46 65 35 71
46 66 76 71
46 67 76 12
46 68 7 82
46 69 35 70
46 70 17 88
46 71 46 60
46 72 10 38
46 73 78 56
46 74 79 18
46 75 47 15
46 76 95 11
46 77 80 28
46 78 65 33
46 79 20 80
46 80 66 52
46 81 47 43
46 82 74 41
46 83 41 23
46 84 84 52
46 85 49 58
46 86 48 19
46 87 19 49
46 88 54 75
46 89 89 59
46 90 51 71
46 91 73 46
46 92 94 60
46 93 98 37
46 94 80 33
46 95 15 89
46 96 39 67
46 97 26 28
46 98 55 78
46 99 32 58
47 48 93 37
47 49 55 62
47 50 65 64
47 51 33 51
47 52 37 36
47 53 57 61
47 54 39 79
47 55 81 52
47 56 61 62
47 57 46 34
47 58 56 48
47 59 57 57
47 60 98 52
47 61 53 25
47 62 63 69
47 63 13 31
47 64 52 35
47 65 29 63
47 66 63 25
47 67 9 52
47 68 56 79
47 69 57 44
47 70 84 7
47 71 32 59
47 72 99 58
47 73 67 71
47 74 51 60
47 75 90 60
47 76 11 82
47 77 69 43
47 78 96 1
47 79 86 58
47 80 95 39
47 81 89 44
47 82 99 3
47 83 65 71
47 84 43 47
47 85 73 70
47 86 37 57
47 87 96 54
47 88 97 18
47 89 96 34
47 90 51 34
47 91 61 41
47 92 79 70
47 93 68 36
47 94 42 56
47 95 53 81
47 96 32 24
47 97 43 69
47 98 94 39
47 99 43 33
48 49 46 84
48 50 89 46
48 51 2 44
48 52 87 20
48 53 10 93
48 54 23 56
48 55 17 40
48 56 4 98
48 57 52 64
48 58 60 75
48 59 13 34
48 60 7 72
48 61 32 33
48 62 88 16
48 63 39 51
48 64 30 54
48 65 34 43
48 66 88 40
48 67 87 64
48 68 31 26
48 69 14 46
48 70 88 69
48 71 16 46
48 72 77 68
48 73 39 61
48 74 45 18
48 75 48 21
48 76 80 66
48 77 86 46
48 78 60 37
48 79 44 35
48 80 85 14
48 81 74 31
48 82 12 88
48 83 88 62
48 84 10 91
48 85 4 50
48 86 86 66
48 87 61 43
48 88 81 64
48 89 7 47
48 90 52 47
48 91 24 87
48 92 55 63
48 93 34 40
48 94 1 93
48 95 87 12
48 96 25 40
48 97 5 61
48 98 13 69
48 99 81 9
49 50 24 44
49 51 30 76
49 52 17 93
49 53 61 39
49 54 2 44
49 55 86 72
49 56 61 38
49 57 8 66
49 58 14 88
49 59 38 33
49 60 26 86
49 61 62 59
49 62 22 74
49 63 19 27
49 64 40 40
49 65 96 60
49 66 92 27
49 67 15 92
49 68 25 81
49 69 5 73
49 70 60 50
49 71 45 42
49 72 83 19
49 73 30 73
49 74 20 42
49 75 56 38
49 76 25 82
49 77 53 40
49 78 45 20
49 79 14 27
49 80 41 61
49 81 53 55
49 82 79 28
49 83 38 78
49 84 89 54
49 85 35 60
49 86 64 75
49 87 35 77
49 88 59 22
49 89 48 21
49 90 42 71
49 91 66 71
49 92 84 66
49 93 19 62
49 94 89 16
49 95 36 79
49 96 55 45
49 97 39 87
49 98 4 52
49 99 76 70
50 51 60 22
50 52 16 54
50 53 91 51
50 54 67 44
50 55 76 60
50 56 38 39
50 57 10 94
50 58 17 88
50 59 14 70
50 60 46 59
50 61 26 35
50 62 98 11
50 63 13 81
50 64 52 72
50 65 54 72
50 66 7 63
50 67 48 83
50 68 41 43
50 69 22 79
50 70 50 75
50 71 74 59
50 72 37 40
50 73 4 57
50 74 62 69
50 75 29 88
50 76 96 55
50 77 98 45
50 78 92 30
50 79 17 68
50 80 79 14
50 81 53 68
50 82 0 76
50 83 37 62
50 84 55 24
50 85 22 35
50 86 14 85
50 87 69 36
50 88 98 29
50 89 17 72
50 90 42 53
50 91 19 75
50 92 76 51
50 93 9 58
50 94 34 34
50 95 1 76
50 96 66 47
50 97 36 27
50 98 59 61
50 99 77 33
51 52 12 90
51 53 15 26
51 54 61 50
51 55 86 61
51 56 96 10
51 57 54 47
51 58 87 55
51 59 93 14
51 60 70 17
51 61 11 59
51 62 33 82
51 63 16 34
51 64 13 46
51 65 25 50
51 66 89 26
51 67 61 63
51 68 64 55
51 69 12 44
51 70 75 51
51 71 52 21
51 72 58 30
51 73 38 64
51 74 10 88
51 75 51 46
51 76 71 56
51 77 3 57
51 78 51 80
51 79 80 58
51 80 28 26
51 81 53 38
51 82 34 51
51 83 83 38
51 84 16 64
51 85 93 20
51 86 1 89
51 87 38 73
51 88 57 49
51 89 46 74
51 90 98 37
51 91 83 6
51 92 13 76
51 93 22 69
51 94 25 47
51 95 38 80
51 96 85 73
51 97 56 55
51 98 12 94
51 99 18 77
52 53 86 26
52 54 92 12
52 55 87 23
52 56 32 55
52 57 63 71
52 58 91 24
52 59 69 45
52 60 66 48
52 61 86 13
52 62 82 11
52 63 33 86
52 64 68 72
52 65 40 82
52 66 85 44
52 67 85 62
52 68 57 68
52 69 94 24
52 70 98 59
52 71 9 57
52 72 82 13
52 73 65 35
52 74 55 23
52 75 36 54
52 76 23 80
52 77 36 22
52 78 2 67
52 79 60 13
52 80 95 19
52 81 62 77
52 82 76 46
52 83 54 72
52 84 82 72
52 85 53 28
52 86 55 51
52 87 20 74
52 88 10 74
52 89 19 50
52 90 14 57
52 91 63 47
52 92 53 20
52 93 65 36
52 94 33 63
52 95 26 36
52 96 84 33
52 97 92 42
52 98 36 49
52 99 72 67
53 54 95 27
53 55 5 77
53 56 10 73
53 57 93 65
53 58 19 55
53 59 44 18
53 60 4 51
53 61 23 91
53 62 37 30
53 63 49 69
53 64 19 37
53 65 43 41
53 66 83 22
53 67 17 46
53 68 97 15
53 69 8 61
53 70 3 51
53 71 37 33
53 72 32 60
53 73 97 51
53 74 52 23
53 75 12 63
53 76 41 69
53 77 92 6
53 78 30 71
53 79 88 22
53 80 91 19
53 81 26 29
53 82 82 55
53 83 98 56
53 84 44 18
53 85 17 85
53 86 23 44
53 87 72 37
53 88 59 13
53 89 2 93
53 90 47 76
53 91 97 36
53 92 75 20
53 93 20 65
53 94 80 29
53 95 76 61
53 96 50 56
53 97 87 65
53 98 5 40
53 99 1 79
54 55 84 43
54 56 57 46
54 57 58 18
54 58 20 78
54 59 41 25
54 60 72 38
54 61 27 82
54 62 47 53
54 63 25 92
54 64 91 4
54 65 33 41
54 66 43 78
54 67 48 18
54 68 30 65
54 69 88 23
54 70 65 32
54 71 79 69
54 72 53 52
54 73 61 63
54 74 61 76
54 75 56 45
54 76 93 6
54 77 69 34
54 78 61 76
54 79 89 7
54 80 34 33
54 81 71 65
54 82 51 52
54 83 62 17
54 84 10 45
54 85 96 51
54 86 5 93
54 87 93 10
54 88 21 92
54 89 8 60
54 90 96 63
54 91 57 36
54 92 19 72
54 93 29 53
54 94 12 48
54 95 58 39
54 96 2 63
54 97 87 20
54 98 63 24
54 99 60 25
55 56 65 11
55 57 45 52
55 58 78 20
55 59 18 86
55 60 26 54
55 61 64 33
55 62 87 15
55 63 90 69
55 64 42 65
55 65 4 30
55 66 67 60
55 67 64 65
55 68 66 15
55 69 25 42
55 70 3 58
55 71 10 46
55 72 45 78
55 73 11 95
55 74 2 92
55 75 41 61
55 76 35 42
55 77 81 71
55 78 36 62
55 79 21 32
55 80 66 63
55 81 81 73
55 82 26 48
55 83 3 48
55 84 0 62
55 85 81 66
55 86 6 60
55 87 40 50
55 88 30 80
55 89 53 27
55 90 28 75
55 91 80 60
55 92 74 44
55 93 97 58
55 94 41 42
55 95 47 39
55 96 20 33
55 97 28 23
55 98 34 36
55 99 5 74
56 57 65 72
56 58 19 56
56 59 76 63
56 60 81 46
56 61 47 24
56 62 74 37
56 63 7 41
56 64 79 57
56 65 73 21
56 66 25 67
56 67 58 57
56 68 38 55
56 69 45 31
56 70 6 65
56 71 24 23
56 72 0 51
56 73 15 26
56 74 75 12
56 75 20 61
56 76 81 52
56 77 12 71
56 78 40 37
56 79 45 62
56 80 2 62
56 81 10 54
56 82 8 56
56 83 45 45
56 84 42 85
56 85 27 74
56 86 35 43
56 87 71 19
56 88 1 49
56 89 44 74
56 90 77 74
56 91 81 24
56 92 4 29
56 93 20 82
56 94 36 51
56 95 32 80
56 96 82 34
56 97 12 35
56 98 80 66
56 99 24 52
57 58 90 16
57 59 83 33
57 60 29 85
57 61 27 24
57 62 93 53
57 63 1 74
57 64 73 58
57 65 90 49
57 66 65 52
57 67 38 33
57 68 54 25
57 69 16 81
57 70 34 75
57 71 17 86
57 72 11 72
57 73 58 53
57 74 86 8
57 75 30 80
57 76 63 34
57 77 85 32
57 78 41 86
57 79 8 41
57 80 69 61
57 81 28 79
57 82 5 36
57 83 35 85
57 84 53 22
57 85 41 70
57 86 11 94
57 87 43 26
57 88 63 42
57 89 61 25
57 90 19 75
57 91 68 27
57 92 34 32
57 93 11 48
57 94 99 1
57 95 74 73
57 96 25 43
57 97 18 86
57 98 92 57
57 99 0 48
58 59 60 48
58 60 5 94
58 61 55 19
58 62 20 55
58 63 57 79
58 64 55 43
58 65 42 68
58 66 82 48
58 67 60 69
58 68 17 35
58 69 63 14
58 70 66 16
58 71 56 45
58 72 38 68
58 73 47 78
58 74 38 84
58 75 52 57
58 76 99 8
58 77 23 65
58 78 89 13
58 79 58 20
58 80 48 81
58 81 29 36
58 82 35 69
58 83 77 10
58 84 56 16
58 85 44 63
58 86 68 65
58 87 46 34
58 88 69 26
58 89 38 47
58 90 14 42
58 91 3 49
58 92 59 72
58 93 3 47
58 94 93 14
58 95 85 49
58 96 20 25
58 97 80 71
58 98 26 33
58 99 77 39
59 60 95 3
59 61 48 53
59 62 91 16
59 63 62 13
59 64 11 89
59 65 74 46
59 66 4 60
59 67 0 84
59 68 87 63
59 69 54 40
59 70 59 79
59 71 51 27
59 72 60 79
59 73 22 48
59 74 14 40
59 75 92 62
59 76 2 66
59 77 11 54
59 78 66 23
59 79 36 82
59 80 60 12
59 81 53 28
59 82 16 65
59 83 11 50
59 84 41 31
59 85 99 57
59 86 71 68
59 87 78 14
59 88 99 61
59 89 61 54
59 90 43 63
59 91 39 85
59 92 99 40
59 93 14 40
59 94 46 56
59 95 7 86
59 96 70 50
59 97 40 81
59 98 19 64
59 99 93 65
60 61 16 56
60 62 49 18
60 63 43 83
60 64 58 82
60 65 17 42
60 66 33 55
60 67 0 57
60 68 18 67
60 69 1 72
60 70 15 31
60 71 96 5
60 72 6 52
60 73 97 61
60 74 86 49
60 75 86 51
60 76 36 37
60 77 36 44
60 78 59 65
60 79 82 7
60 80 4 73
60 81 86 10
60 82 72 14
60 83 2 54
60 84 75 32
60 85 5 80
60 86 40 51
60 87 86 18
60 88 15 71
60 89 66 42
60 90 59 80
60 91 88 67
60 92 68 71
60 93 50 25
60 94 76 58
60 95 6 58
60 96 56 43
60 97 60 64
60 98 18 42
60 99 50 59
61 62 56 44
61 63 52 20
61 64 36 62
61 65 14 84
61 66 83 71
61 67 31 61
61 68 43 80
61 69 57 34
61 70 8 60
61 71 56 33
61 72 83 52
61 73 93 43
61 74 74 17
61 75 97 61
61 76 65 63
61 77 55 35
61 78 71 71
61 79 54 77
61 80 91 39
61 81 97 62
61 82 39 51
61 83 75 12
61 84 95 37
61 85 65 32
61 86 38 34
61 87 90 37
61 88 28 88
61 89 7 48
61 90 90 3
61 91 95 39
61 92 71 45
61 93 76 75
61 94 63 66
61 95 67 38
61 96 4 47
61 97 57 38
61 98 57 19
61 99 49 80
62 63 90 7
62 64 87 9
62 65 97 29
62 66 2 74
62 67 97 47
62 68 56 45
62 69 75 35
62 70 21 65
62 71 49 32
62 72 30 86
62 73 18 53
62 74 4 77
62 75 87 51
62 76 5 60
62 77 34 39
62 78 69 60
62 79 76 23
62 80 94 31
62 81 14 47
62 82 64 48
62 83 52 74
62 84 68 51
62 85 8 86
62 86 43 58
62 87 50 26
62 88 93 12
62 89 39 70
62 90 91 19
62 91 6 64
62 92 43 21
62 93 52 18
62 94 22 25
62 95 43 82
62 96 10 91
62 97 28 50
62 98 94 43
62 99 64 79
63 64 14 85
63 65 66 24
63 66 71 40
63 67 58 52
63 68 46 21
63 69 39 30
63 70 26 26
63 71 12 83
63 72 30 66
63 73 49 37
63 74 47 38
63 75 17 73
63 76 75 11
63 77 84 70
63 78 97 32
63 79 81 67
63 80 46 32
63 81 35 34
63 82 97 15
63 83 27 49
63 84 64 11
63 85 99 50
63 86 38 73
63 87 26 68
63 88 14 42
63 89 24 61
63 90 1 99
63 91 54 83
63 92 13 50
63 93 70 46
63 94 91 50
63 95 89 9
63 96 31 54
63 97 90 35
63 98 22 61
63 99 74 75
64 65 87 47
64 66 86 7
64 67 85 20
64 68 14 75
64 69 23 23
64 70 60 27
64 71 41 69
64 72 44 27
64 73 51 50
64 74 61 67
64 75 54 41
64 76 79 28
64 77 69 66
64 78 22 36
64 79 67 63
64 80 66 34
64 81 20 73
64 82 68 29
64 83 36 31
64 84 38 75
64 85 98 52
64 86 18 66
64 87 54 76
64 88 18 41
64 89 80 24
64 90 33 56
64 91 64 46
64 92 6 47
64 93 48 64
64 94 14 27
64 95 77 39
64 96 25 90
64 97 45 70
64 98 23 44
64 99 74 12
65 66 22 57
65 67 26 43
65 68 29 72
65 69 74 11
65 70 13 84
65 71 9 78
65 72 15 44
65 73 11 96
65 74 66 20
65 75 3 70
65 76 90 35
65 77 93 55
65 78 33 58
65 79 78 46
65 80 66 33
65 81 35 43
65 82 82 58
65 83 28 63
65 84 26 61
65 85 95 63
65 86 16 36
65 87 21 28
65 88 75 52
65 89 85 22
65 90 99 64
65 91 32 64
65 92 62 16
65 93 15 78
65 94 35 23
65 95 47 60
65 96 26 77
65 97 95 64
65 98 80 27
65 99 10 35
66 67 59 74
66 68 42 46
66 69 68 57
66 70 52 18
66 71 5 85
66 72 93 24
66 73 21 67
66 74 79 53
66 75 61 53
66 76 0 96
66 77 76 21
66 78 54 70
66 79 71 34
66 80 8 59
66 81 95 44
66 82 59 77
66 83 94 9
66 84 18 81
66 85 52 39
66 86 71 45
66 87 60 32
66 88 19 52
66 89 80 64
66 90 7 38
66 91 15 33
66 92 38 79
66 93 25 91
66 94 2 30
66 95 65 66
66 96 93 29
66 97 98 14
66 98 39 34
66 99 60 52
67 68 29 25
67 69 98 15
67 70 74 72
67 71 49 52
67 72 46 34
67 73 43 37
67 74 2 62
67 75 23 69
67 76 82 13
67 77 34 54
67 78 49 38
67 79 38 24
67 80 95 12
67 81 80 69
67 82 88 4
67 83 36 26
67 84 78 22
67 85 84 30
67 86 16 74
67 87 92 42
67 88 93 43
67 89 26 50
67 90 8 96
67 91 77 34
67 92 58 14
67 93 56 44
67 94 34 64
67 95 87 14
67 96 14 93
67 97 54 66
67 98 69 23
67 99 86 37
68 69 6 46
68 70 2 39
68 71 24 86
68 72 18 49
68 73 28 37
68 74 56 70
68 75 26 89
68 76 19 62
68 77 70 51
68 78 29 34
68 79 34 51
68 80 82 29
68 81 52 54
68 82 34 73
68 83 63 36
68 84 18 90
68 85 83 61
68 86 75 75
68 87 86 71
68 88 9 89
68 89 70 18
68 90 78 18
68 91 10 31
68 92 24 49
68 93 77 10
68 94 3 59
68 95 91 15
68 96 54 37
68 97 48 75
68 98 41 67
68 99 21 42
69 70 93 48
69 71 59 21
69 72 45 67
69 73 68 15
69 74 57 61
69 75 69 16
69 76 30 88
69 77 62 12
69 78 33 57
69 79 75 10
69 80 22 76
69 81 55 57
69 82 28 64
69 83 75 76
69 84 58 74
69 85 98 19
69 86 77 16
69 87 72 58
69 88 69 64
69 89 77 74
69 90 69 36
69 91 22 54
69 92 48 66
69 93 71 27
69 94 69 46
69 95 45 62
69 96 92 5
69 97 63 41
69 98 7 85
69 99 66 78
70 71 61 63
70 72 84 19
70 73 96 2
70 74 41 55
70 75 88 65
70 76 93 20
70 77 27 23
70 78 19 64
70 79 31 56
70 80 98 11
70 81 95 34
70 82 44 73
70 83 2 39
70 84 97 53
70 85 4 29
70 86 82 7
70 87 30 27
70 88 25 46
70 89 40 21
70 90 43 57
70 91 12 61
70 92 17 85
70 93 81 26
70 94 52 32
70 95 3 79
70 96 2 52
70 97 95 54
70 98 76 72
70 99 7 43
71 72 97 28
71 73 12 32
71 74 14 29
71 75 86 4
71 76 25 58
71 77 73 38
71 78 17 61
71 79 52 59
71 80 3 37
71 81 92 14
71 82 48 84
71 83 70 28
71 84 54 47
71 85 43 68
71 86 40 68
71 87 43 67
71 88 56 31
71 89 60 62
71 90 88 45
71 91 65 46
71 92 31 26
71 93 29 82
71 94 72 71
71 95 76 16
71 96 25 89
71 97 70 14
71 98 15 28
71 99 62 65
72 73 7 69
72 74 27 83
72 75 30 26
72 76 12 82
72 77 86 71
72 78 66 22
72 79 38 25
72 80 29 69
72 81 12 80
72 82 4 74
72 83 59 80
72 84 78 32
72 85 56 17
72 86 39 80
72 87 99 48
72 88 91 9
72 89 56 32
72 90 37 81
72 91 76 31
72 92 30 40
72 93 60 24
72 94 55 52
72 95 80 72
72 96 66 73
72 97 44 72
72 98 83 41
72 99 63 15
73 74 7 97
73 75 87 30
73 76 18 40
73 77 62 31
73 78 26 53
73 79 39 64
73 80 31 89
73 81 14 40
73 82 74 38
73 83 78 33
73 84 65 20
73 85 64 78
73 86 88 55
73 87 41 75
73 88 83 52
73 89 92 67
73 90 25 55
73 91 21 34
73 92 79 46
73 93 91 46
73 94 14 45
73 95 84 22
73 96 79 67
73 97 28 35
73 98 92 62
73 99 28 47
74 75 16 56
74 76 23 61
74 77 92 8
74 78 8 50
74 79 34 37
74 80 78 52
74 81 27 56
74 82 1 68
74 83 61 48
74 84 35 87
74 85 61 48
74 86 72 28
74 87 81 21
74 88 63 24
74 89 95 64
74 90 45 20
74 91 75 67
74 92 76 71
74 93 87 69
74 94 93 44
74 95 87 12
74 96 95 19
74 97 36 49
74 98 92 6
74 99 53 14
75 76 35 85
75 77 22 57
75 78 93 29
75 79 77 76
75 80 66 49
75 81 89 7
75 82 62 58
75 83 10 38
75 84 24 37
75 85 13 44
75 86 13 32
75 87 0 97
75 88 4 36
75 89 24 39
75 90 23 50
75 91 36 27
75 92 23 48
75 93 59 51
75 94 25 24
75 95 84 30
75 96 31 22
75 97 13 30
75 98 5 38
75 99 84 28
76 77 36 75
76 78 56 75
76 79 32 76
76 80 58 29
76 81 72 19
76 82 65 11
76 83 91 50
76 84 86 10
76 85 72 33
76 86 43 52
76 87 76 75
76 88 38 63
76 89 18 30
76 90 78 6
76 91 30 70
76 92 97 58
76 93 93 44
76 94 31 23
76 95 12 84
76 96 40 62
76 97 41 60
76 98 37 26
76 99 65 23
77 78 49 47
77 79 49 41
77 80 90 35
77 81 55 19
77 82 77 56
77 83 68 17
77 84 36 35
77 85 64 43
77 86 88 4
77 87 65 42
77 88 28 89
77 89 36 49
77 90 60 36
77 91 68 30
77 92 49 22
77 93 92 25
77 94 67 35
77 95 19 37
77 96 25 69
77 97 22 84
77 98 29 33
77 99 24 56
78 79 38 64
78 80 68 39
78 81 7 36
78 82 86 37
78 83 19 34
78 84 45 52
78 85 8 70
78 86 43 53
78 87 17 53
78 88 81 17
78 89 83 66
78 90 13 42
78 91 28 84
78 92 3 63
78 93 9 92
78 94 81 73
78 95 84 30
78 96 5 34
78 97 10 38
78 98 27 29
78 99 93 28
79 80 68 58
79 81 21 81
79 82 1 38
79 83 1 66
79 84 89 10
79 85 84 17
79 86 11 30
79 87 94 48
79 88 61 25
79 89 38 76
79 90 63 14
79 91 5 77
79 92 70 76
79 93 45 31
79 94 49 49
79 95 28 67
79 96 91 60
79 97 80 44
79 98 13 90
79 99 71 26
80 81 38 23
80 82 27 42
80 83 67 9
80 84 60 67
80 85 17 62
80 86 19 44
80 87 50 19
80 88 15 50
80 89 24 47
80 90 7 86
80 91 57 73
80 92 41 80
80 93 83 61
80 94 82 10
80 95 42 31
80 96 51 28
80 97 93 17
80 98 81 30
80 99 8 68
81 82 37 26
81 83 6 89
81 84 79 41
81 85 60 14
81 86 21 42
81 87 5 56
81 88 63 49
81 89 25 75
81 90 80 38
81 91 10 93
81 92 27 29
81 93 4 72
81 94 78 45
81 95 79 12
81 96 73 55
81 97 20 70
81 98 39 81
81 99 50 42
82 83 1 79
82 84 9 87
82 85 98 50
82 86 76 36
82 87 0 40
82 88 12 90
82 89 95 43
82 90 32 76
82 91 65 22
82 92 45 17
82 93 66 47
82 94 9 52
82 95 83 14
82 96 25 48
82 97 41 72
82 98 11 37
82 99 96 18
83 84 16 40
83 85 76 7
83 86 42 19
83 87 38 84
83 88 44 85
83 89 70 9
83 90 44 79
83 91 70 64
83 92 27 38
83 93 94 51
83 94 45 29
83 95 0 82
83 96 0 35
83 97 94 7
83 98 84 72
83 99 79 71
84 85 78 39
84 86 57 25
84 87 16 72
84 88 69 45
84 89 10 31
84 90 73 26
84 91 23 75
84 92 7 30
84 93 90 10
84 94 84 27
84 95 70 31
84 96 75 40
84 97 39 51
84 98 75 8
84 99 79 53
85 86 66 70
85 87 14 64
85 88 65 29
85 89 58 26
85 90 37 73
85 91 71 54
85 92 7 84
85 93 13 64
85 94 17 49
85 95 14 40
85 96 49 29
85 97 22 29
85 98 34 49
85 99 78 54
86 87 39 37
86 88 95 28
86 89 26 31
86 90 89 60
86 91 1 76
86 92 29 27
86 93 86 72
86 94 44 43
86 95 27 63
86 96 42 27
86 97 79 19
86 98 23 49
86 99 44 84
87 88 17 33
87 89 82 67
87 90 16 27
87 91 96 56
87 92 91 53
87 93 15 83
87 94 34 30
87 95 6 65
87 96 69 59
87 97 93 34
87 98 87 59
87 99 63 41
88 89 40 18
88 90 33 78
88 91 90 66
88 92 35 63
88 93 2 67
88 94 70 70
88 95 78 63
88 96 22 24
88 97 29 39
88 98 88 66
88 99 1 54
89 90 98 9
89 91 65 41
89 92 47 72
89 93 73 60
89 94 84 23
89 95 60 50
89 96 24 80
89 97 20 62
89 98 66 51
89 99 45 74
90 91 73 60
90 92 46 58
90 93 56 37
90 94 20 44
90 95 71 51
90 96 17 89
90 97 25 33
90 98 91 66
90 99 2 34
91 92 20 89
91 93 88 7
91 94 37 73
91 95 60 71
91 96 91 16
91 97 32 66
91 98 57 25
91 99 42 44
92 93 11 96
92 94 93 21
92 95 77 53
92 96 65 11
92 97 54 46
92 98 10 36
92 99 82 61
93 94 42 58
93 95 74 75
93 96 39 19
93 97 61 77
93 98 60 16
93 99 4 64
94 95 37 56
94 96 33 37
94 97 40 71
94 98 13 77
94 99 73 68
95 96 92 17
95 97 87 9
95 98 83 47
95 99 73 24
96 97 59 25
96 98 61 34
96 99 68 66
97 98 17 60
97 99 69 35
98 99 15 29
