100
0 1 11 88
0 2 16 76
0 3 99 8
0 4 41 61
0 5 72 25
0 6 28 72
0 7 70 26
0 8 96 12
0 9 70 28
0 10 30 72
0 11 33 65
0 12 9 86
0 13 97 11
0 14 67 35
0 15 41 52
0 16 28 68
0 17 85 19
0 18 70 26
0 19 66 35
0 20 34 66
0 21 28 68
0 22 31 62
0 23 32 62
0 24 17 83
0 25 42 60
0 26 41 61
0 27 54 42
0 28 99 8
0 29 88 15
0 30 93 6
0 31 45 53
0 32 56 41
0 33 42 59
0 34 3 94
0 35 79 19
0 36 43 58
0 37 23 69
0 38 90 12
0 39 42 57
0 40 47 50
0 41 38 64
0 42 47 55
0 43 84 16
0 44 46 48
0 45 0 91
0 46 89 18
0 47 39 56
0 48 38 59
0 49 56 47
0 50 59 42
0 51 81 20
0 52 52 44
0 53 2 89
0 54 65 39
0 55 56 45
0 56 19 74
0 57 95 4
0 58 39 61
0 59 49 49
0 60 16 78
0 61 31 61
0 62 42 57
0 63 4 90
0 64 61 41
0 65 16 83
0 66 50 50
0 67 4 95
0 68 2 97
0 69 35 65
0 70 46 49
0 71 81 26
0 72 79 26
0 73 87 15
0 74 89 12
0 75 32 64
0 76 16 80
0 77 31 67
0 78 17 82
0 79 11 86
0 80 71 32
0 81 55 49
0 82 46 50
0 83 94 11
0 84 4 86
0 85 41 59
0 86 62 36
0 87 85 21
0 88 7 83
0 89 66 36
0 90 13 84
0 91 64 37
0 92 50 45
0 93 13 81
0 94 58 39
0 95 46 51
0 96 94 9
0 97 52 49
0 98 24 69
0 99 13 84
1 2 54 44
1 3 93 10
1 4 12 85
1 5 90 15
1 6 15 84
1 7 76 24
1 8 7 90
1 9 24 76
1 10 60 36
1 11 31 63
1 12 49 47
1 13 86 18
1 14 99 8
1 15 32 69
1 16 81 18
1 17 51 52
1 18 84 19
1 19 41 62
1 20 10 90
1 21 96 7
1 22 68 29
1 23 38 62
1 24 73 30
1 25 21 80
1 26 96 3
1 27 58 44
1 28 50 49
1 29 69 27
1 30 66 32
1 31 65 37
1 32 80 18
1 33 65 31
1 34 14 82
1 35 39 62
1 36 31 61
1 37 7 92
1 38 43 53
1 39 46 56
1 40 42 60
1 41 91 7
1 42 23 77
1 43 89 15
1 44 74 27
1 45 79 22
1 46 35 65
1 47 25 70
1 48 1 95
1 49 47 49
1 50 5 90
1 51 85 19
1 52 83 21
1 53 68 34
1 54 78 24
1 55 86 18
1 56 15 85
1 57 60 37
1 58 80 18
1 59 26 72
1 60 68 35
1 61 71 31
1 62 3 90
1 63 43 58
1 64 58 41
1 65 63 42
1 66 96 4
1 67 90 18
1 68 53 48
1 69 27 65
1 70 59 38
1 71 91 13
1 72 16 76
1 73 55 48
1 74 0 90
1 75 24 69
1 76 7 85
1 77 85 17
1 78 83 17
1 79 3 91
1 80 94 8
1 81 60 41
1 82 88 13
1 83 61 43
1 84 48 46
1 85 26 74
1 86 83 21
1 87 34 59
1 88 40 54
1 89 80 23
1 90 83 21
1 91 17 80
1 92 52 49
1 93 92 16
1 94 80 20
1 95 75 25
1 96 40 60
1 97 70 30
1 98 58 45
1 99 56 42
2 3 92 11
2 4 25 71
2 5 46 51
2 6 73 29
2 7 60 41
2 8 9 89
2 9 45 53
2 10 75 30
2 11 84 15
2 12 56 46
2 13 95 10
2 14 95 8
2 15 17 76
2 16 50 53
2 17 55 49
2 18 81 17
2 19 54 45
2 20 57 42
2 21 25 68
2 22 98 10
2 23 57 48
2 24 85 17
2 25 0 89
2 26 55 42
2 27 41 60
2 28 39 55
2 29 25 74
2 30 37 56
2 31 49 50
2 32 17 74
2 33 99 1
2 34 87 13
2 35 6 91
2 36 2 88
2 37 49 45
2 38 8 91
2 39 87 16
2 40 33 59
2 41 22 75
2 42 37 63
2 43 35 63
2 44 12 86
2 45 65 37
2 46 10 87
2 47 99 10
2 48 87 21
2 49 55 45
2 50 59 44
2 51 56 39
2 52 72 30
2 53 4 93
2 54 9 83
2 55 74 24
2 56 99 9
2 57 40 55
2 58 38 62
2 59 32 66
2 60 47 51
2 61 23 72
2 62 7 92
2 63 17 75
2 64 52 43
2 65 0 91
2 66 66 33
2 67 53 48
2 68 10 80
2 69 46 51
2 70 48 50
2 71 51 51
2 72 75 30
2 73 59 36
2 74 38 59
2 75 24 71
2 76 83 20
2 77 27 74
2 78 53 43
2 79 51 45
2 80 74 29
2 81 85 19
2 82 38 60
2 83 7 86
2 84 96 12
2 85 14 84
2 86 36 57
2 87 63 34
2 88 34 61
2 89 88 19
2 90 58 38
2 91 90 12
2 92 9 84
2 93 21 76
2 94 43 54
2 95 29 71
2 96 79 27
2 97 58 44
2 98 20 74
2 99 76 21
3 4 71 29
3 5 56 45
3 6 81 17
3 7 21 78
3 8 37 61
3 9 66 39
3 10 33 69
3 11 21 72
3 12 59 37
3 13 0 91
3 14 94 8
3 15 17 75
3 16 55 46
3 17 45 58
3 18 96 7
3 19 4 87
3 20 85 14
3 21 74 31
3 22 36 58
3 23 4 93
3 24 68 34
3 25 85 16
3 26 47 53
3 27 61 37
3 28 50 53
3 29 57 48
3 30 12 81
3 31 94 11
3 32 62 41
3 33 36 66
3 34 93 11
3 35 6 86
3 36 29 71
3 37 45 53
3 38 76 24
3 39 57 47
3 40 56 45
3 41 5 91
3 42 27 73
3 43 82 19
3 44 69 31
3 45 82 18
3 46 41 61
3 47 0 99
3 48 4 93
3 49 50 53
3 50 42 56
3 51 66 33
3 52 97 6
3 53 69 34
3 54 88 12
3 55 22 78
3 56 57 41
3 57 41 56
3 58 34 63
3 59 88 13
3 60 60 42
3 61 62 39
3 62 90 11
3 63 3 89
3 64 40 59
3 65 95 13
3 66 72 33
3 67 3 95
3 68 33 68
3 69 38 61
3 70 76 24
3 71 3 87
3 72 24 75
3 73 68 37
3 74 17 79
3 75 39 56
3 76 19 75
3 77 97 3
3 78 74 31
3 79 54 47
3 80 89 11
3 81 21 77
3 82 17 79
3 83 74 32
3 84 62 39
3 85 69 30
3 86 18 76
3 87 68 32
3 88 59 44
3 89 25 72
3 90 55 41
3 91 10 85
3 92 51 44
3 93 70 31
3 94 70 34
3 95 92 14
3 96 32 69
3 97 61 44
3 98 84 22
3 99 34 63
4 5 49 47
4 6 7 83
4 7 11 88
4 8 84 19
4 9 97 6
4 10 65 30
4 11 29 63
4 12 7 90
4 13 98 2
4 14 73 30
4 15 90 15
4 16 36 64
4 17 35 63
4 18 4 93
4 19 18 81
4 20 40 62
4 21 39 59
4 22 34 68
4 23 93 6
4 24 76 21
4 25 8 90
4 26 45 52
4 27 97 7
4 28 16 76
4 29 74 30
4 30 40 55
4 31 8 88
4 32 10 80
4 33 7 91
4 34 83 19
4 35 74 30
4 36 27 65
4 37 52 47
4 38 59 42
4 39 33 66
4 40 72 29
4 41 41 56
4 42 71 28
4 43 67 37
4 44 30 62
4 45 33 65
4 46 66 31
4 47 65 33
4 48 67 34
4 49 77 28
4 50 13 86
4 51 14 78
4 52 22 70
4 53 70 36
4 54 52 42
4 55 44 58
4 56 56 48
4 57 32 67
4 58 70 28
4 59 87 17
4 60 56 42
4 61 19 81
4 62 84 20
4 63 61 37
4 64 58 38
4 65 58 44
4 66 35 66
4 67 17 75
4 68 56 45
4 69 12 79
4 70 18 80
4 71 47 51
4 72 41 56
4 73 71 34
4 74 4 85
4 75 72 26
4 76 8 91
4 77 79 25
4 78 49 53
4 79 87 13
4 80 70 29
4 81 12 84
4 82 27 65
4 83 38 58
4 84 16 80
4 85 13 79
4 86 74 25
4 87 54 48
4 88 87 16
4 89 44 51
4 90 9 90
4 91 42 57
4 92 60 45
4 93 50 51
4 94 73 28
4 95 88 17
4 96 53 50
4 97 4 86
4 98 57 46
4 99 71 31
5 6 57 44
5 7 35 58
5 8 53 44
5 9 51 46
5 10 2 89
5 11 11 85
5 12 49 49
5 13 26 74
5 14 21 74
5 15 83 20
5 16 0 96
5 17 41 61
5 18 20 72
5 19 63 39
5 20 11 81
5 21 80 18
5 22 82 17
5 23 93 13
5 24 66 39
5 25 90 17
5 26 9 83
5 27 33 67
5 28 4 91
5 29 83 18
5 30 20 77
5 31 90 10
5 32 81 20
5 33 47 51
5 34 92 13
5 35 73 27
5 36 62 40
5 37 17 74
5 38 74 25
5 39 86 12
5 40 6 90
5 41 34 61
5 42 84 21
5 43 3 93
5 44 20 81
5 45 55 47
5 46 93 10
5 47 34 63
5 48 18 77
5 49 67 39
5 50 44 55
5 51 60 44
5 52 97 3
5 53 36 62
5 54 70 30
5 55 66 34
5 56 15 77
5 57 26 72
5 58 34 67
5 59 44 54
5 60 38 57
5 61 39 57
5 62 36 66
5 63 12 80
5 64 14 79
5 65 35 66
5 66 47 51
5 67 14 78
5 68 52 51
5 69 36 61
5 70 54 45
5 71 11 80
5 72 43 54
5 73 33 63
5 74 86 13
5 75 21 75
5 76 94 7
5 77 1 94
5 78 73 27
5 79 31 62
5 80 42 53
5 81 50 53
5 82 16 82
5 83 37 62
5 84 50 48
5 85 25 69
5 86 29 67
5 87 76 25
5 88 93 7
5 89 16 78
5 90 88 18
5 91 50 49
5 92 39 59
5 93 93 12
5 94 24 70
5 95 48 47
5 96 1 89
5 97 29 69
5 98 47 53
5 99 7 85
6 7 46 52
6 8 18 76
6 9 35 67
6 10 41 54
6 11 70 36
6 12 7 91
6 13 73 30
6 14 64 31
6 15 81 19
6 16 97 6
6 17 44 50
6 18 65 30
6 19 12 86
6 20 0 99
6 21 67 31
6 22 64 40
6 23 16 84
6 24 54 47
6 25 52 48
6 26 6 91
6 27 30 63
6 28 15 79
6 29 10 88
6 30 54 41
6 31 42 56
6 32 98 5
6 33 70 32
6 34 60 44
6 35 96 6
6 36 27 73
6 37 59 43
6 38 39 63
6 39 86 15
6 40 34 63
6 41 25 69
6 42 30 68
6 43 56 42
6 44 76 26
6 45 55 46
6 46 74 29
6 47 31 71
6 48 71 28
6 49 58 40
6 50 6 92
6 51 15 78
6 52 52 46
6 53 81 18
6 54 18 81
6 55 19 80
6 56 36 57
6 57 75 22
6 58 67 33
6 59 27 71
6 60 65 40
6 61 35 60
6 62 82 23
6 63 2 93
6 64 65 32
6 65 33 62
6 66 1 94
6 67 97 7
6 68 82 25
6 69 93 11
6 70 19 79
6 71 93 10
6 72 42 56
6 73 95 4
6 74 11 80
6 75 64 35
6 76 11 80
6 77 27 71
6 78 42 57
6 79 28 66
6 80 44 57
6 81 96 4
6 82 99 9
6 83 8 88
6 84 1 98
6 85 99 6
6 86 20 77
6 87 1 91
6 88 18 80
6 89 38 61
6 90 89 16
6 91 36 64
6 92 14 86
6 93 7 90
6 94 15 76
6 95 6 89
6 96 13 84
6 97 37 65
6 98 77 30
6 99 14 83
7 8 42 61
7 9 81 25
7 10 25 73
7 11 16 79
7 12 50 54
7 13 37 64
7 14 44 58
7 15 81 18
7 16 75 22
7 17 70 33
7 18 93 15
7 19 89 18
7 20 53 43
7 21 86 20
7 22 96 3
7 23 84 19
7 24 50 46
7 25 14 83
7 26 78 28
7 27 60 43
7 28 99 9
7 29 84 22
7 30 52 52
7 31 17 80
7 32 88 16
7 33 79 21
7 34 98 6
7 35 59 44
7 36 98 2
7 37 94 5
7 38 61 43
7 39 41 60
7 40 15 77
7 41 9 91
7 42 39 59
7 43 55 45
7 44 96 11
7 45 4 92
7 46 62 41
7 47 46 56
7 48 26 75
7 49 95 6
7 50 42 51
7 51 21 72
7 52 18 73
7 53 29 66
7 54 39 61
7 55 98 7
7 56 21 74
7 57 87 20
7 58 56 42
7 59 28 69
7 60 86 17
7 61 83 19
7 62 38 63
7 63 37 63
7 64 63 40
7 65 12 81
7 66 45 53
7 67 59 40
7 68 50 51
7 69 79 27
7 70 86 14
7 71 88 18
7 72 94 13
7 73 43 55
7 74 92 15
7 75 37 64
7 76 82 24
7 77 90 17
7 78 7 89
7 79 59 45
7 80 43 53
7 81 0 94
7 82 52 52
7 83 17 78
7 84 26 66
7 85 19 72
7 86 93 8
7 87 72 32
7 88 41 53
7 89 58 43
7 90 51 46
7 91 7 85
7 92 9 88
7 93 96 8
7 94 5 88
7 95 98 6
7 96 90 9
7 97 25 71
7 98 62 34
7 99 53 51
8 9 78 27
8 10 22 76
8 11 73 27
8 12 27 73
8 13 27 69
8 14 66 39
8 15 82 17
8 16 57 43
8 17 82 16
8 18 63 36
8 19 61 41
8 20 19 76
8 21 37 59
8 22 68 31
8 23 29 65
8 24 47 56
8 25 41 54
8 26 5 90
8 27 11 88
8 28 1 95
8 29 34 61
8 30 60 40
8 31 88 14
8 32 28 66
8 33 75 24
8 34 36 66
8 35 9 86
8 36 83 15
8 37 86 19
8 38 78 27
8 39 14 84
8 40 73 31
8 41 76 26
8 42 97 6
8 43 64 34
8 44 4 93
8 45 84 22
8 46 87 16
8 47 71 27
8 48 17 79
8 49 88 19
8 50 47 53
8 51 12 87
8 52 20 74
8 53 41 54
8 54 2 91
8 55 51 47
8 56 30 63
8 57 43 54
8 58 3 88
8 59 11 84
8 60 2 93
8 61 36 63
8 62 1 93
8 63 26 74
8 64 86 15
8 65 18 81
8 66 32 65
8 67 10 86
8 68 40 56
8 69 0 97
8 70 4 90
8 71 27 65
8 72 46 56
8 73 57 42
8 74 26 69
8 75 56 45
8 76 33 62
8 77 44 55
8 78 60 36
8 79 99 7
8 80 50 47
8 81 60 42
8 82 42 53
8 83 17 80
8 84 25 69
8 85 69 27
8 86 2 89
8 87 53 50
8 88 66 34
8 89 46 51
8 90 3 87
8 91 41 59
8 92 95 6
8 93 67 33
8 94 83 18
8 95 30 71
8 96 26 74
8 97 4 95
8 98 74 24
8 99 77 22
9 10 13 82
9 11 86 17
9 12 26 68
9 13 78 25
9 14 0 94
9 15 18 75
9 16 89 15
9 17 45 52
9 18 31 65
9 19 8 89
9 20 76 29
9 21 84 20
9 22 95 9
9 23 50 47
9 24 67 37
9 25 71 30
9 26 32 62
9 27 51 51
9 28 83 19
9 29 94 11
9 30 31 70
9 31 97 7
9 32 35 66
9 33 38 55
9 34 75 28
9 35 30 63
9 36 32 64
9 37 8 88
9 38 63 40
9 39 70 35
9 40 6 84
9 41 86 20
9 42 94 7
9 43 59 37
9 44 58 38
9 45 92 8
9 46 80 25
9 47 12 85
9 48 32 62
9 49 73 28
9 50 43 52
9 51 18 76
9 52 83 17
9 53 33 68
9 54 19 72
9 55 8 89
9 56 71 31
9 57 41 57
9 58 69 35
9 59 38 56
9 60 44 55
9 61 18 79
9 62 58 41
9 63 99 10
9 64 79 23
9 65 75 28
9 66 17 80
9 67 36 64
9 68 41 61
9 69 96 13
9 70 70 28
9 71 72 28
9 72 86 21
9 73 8 82
9 74 97 7
9 75 10 86
9 76 41 58
9 77 69 29
9 78 8 90
9 79 90 14
9 80 86 21
9 81 41 57
9 82 73 31
9 83 66 33
9 84 53 50
9 85 54 41
9 86 78 22
9 87 97 7
9 88 53 47
9 89 15 79
9 90 21 76
9 91 16 83
9 92 17 78
9 93 84 16
9 94 14 77
9 95 88 12
9 96 82 18
9 97 13 83
9 98 17 84
9 99 35 60
10 11 64 36
10 12 73 28
10 13 36 65
10 14 39 59
10 15 91 12
10 16 88 13
10 17 42 60
10 18 93 6
10 19 12 81
10 20 7 90
10 21 68 35
10 22 83 16
10 23 92 12
10 24 70 29
10 25 84 15
10 26 85 17
10 27 28 70
10 28 93 13
10 29 75 22
10 30 30 63
10 31 72 30
10 32 22 73
10 33 96 12
10 34 12 87
10 35 54 48
10 36 38 62
10 37 50 51
10 38 75 23
10 39 26 67
10 40 19 77
10 41 91 7
10 42 5 94
10 43 35 65
10 44 18 83
10 45 94 9
10 46 54 44
10 47 86 13
10 48 34 63
10 49 89 15
10 50 65 33
10 51 68 37
10 52 68 33
10 53 47 50
10 54 99 10
10 55 94 6
10 56 16 81
10 57 51 48
10 58 28 73
10 59 39 62
10 60 61 36
10 61 23 69
10 62 99 1
10 63 10 84
10 64 53 42
10 65 40 57
10 66 25 74
10 67 47 54
10 68 58 39
10 69 32 70
10 70 96 12
10 71 69 30
10 72 44 56
10 73 26 72
10 74 49 54
10 75 33 67
10 76 71 31
10 77 18 76
10 78 60 40
10 79 31 66
10 80 21 78
10 81 96 5
10 82 23 72
10 83 71 29
10 84 87 12
10 85 71 27
10 86 15 77
10 87 38 58
10 88 90 10
10 89 1 93
10 90 10 88
10 91 78 27
10 92 29 66
10 93 64 38
10 94 92 14
10 95 67 32
10 96 30 63
10 97 5 91
10 98 42 59
10 99 96 8
11 12 2 96
11 13 55 47
11 14 25 74
11 15 58 41
11 16 78 20
11 17 37 66
11 18 67 35
11 19 41 56
11 20 76 30
11 21 33 68
11 22 42 54
11 23 26 70
11 24 81 25
11 25 31 68
11 26 47 47
11 27 17 79
11 28 12 86
11 29 48 51
11 30 63 37
11 31 49 46
11 32 6 93
11 33 45 52
11 34 46 53
11 35 37 63
11 36 84 21
11 37 78 23
11 38 88 16
11 39 43 59
11 40 50 48
11 41 52 52
11 42 43 50
11 43 29 66
11 44 64 34
11 45 75 27
11 46 19 77
11 47 75 28
11 48 80 24
11 49 3 92
11 50 85 21
11 51 2 95
11 52 87 18
11 53 84 14
11 54 18 74
11 55 71 31
11 56 76 25
11 57 79 22
11 58 99 9
11 59 48 50
11 60 74 31
11 61 41 56
11 62 99 1
11 63 53 50
11 64 49 48
11 65 34 67
11 66 44 55
11 67 66 32
11 68 77 21
11 69 65 40
11 70 75 22
11 71 57 38
11 72 64 32
11 73 38 57
11 74 10 88
11 75 45 55
11 76 16 83
11 77 43 59
11 78 2 92
11 79 74 32
11 80 61 40
11 81 50 49
11 82 43 50
11 83 29 70
11 84 90 12
11 85 45 51
11 86 67 33
11 87 30 69
11 88 15 83
11 89 22 76
11 90 99 0
11 91 21 71
11 92 29 64
11 93 23 78
11 94 56 44
11 95 79 28
11 96 23 76
11 97 36 67
11 98 83 18
11 99 41 59
12 13 77 25
12 14 65 34
12 15 65 40
12 16 40 62
12 17 29 65
12 18 43 51
12 19 27 74
12 20 97 8
12 21 96 5
12 22 28 70
12 23 66 38
12 24 73 25
12 25 98 2
12 26 86 16
12 27 66 34
12 28 27 74
12 29 17 83
12 30 1 92
12 31 12 82
12 32 64 41
12 33 81 20
12 34 62 36
12 35 28 69
12 36 9 85
12 37 27 72
12 38 41 56
12 39 27 71
12 40 12 81
12 41 30 64
12 42 67 38
12 43 62 43
12 44 93 8
12 45 26 70
12 46 27 74
12 47 37 61
12 48 85 15
12 49 16 81
12 50 56 48
12 51 3 95
12 52 53 45
12 53 35 66
12 54 15 78
12 55 68 36
12 56 91 7
12 57 72 26
12 58 77 22
12 59 33 69
12 60 58 41
12 61 53 51
12 62 31 68
12 63 56 45
12 64 11 83
12 65 58 44
12 66 25 67
12 67 22 78
12 68 78 26
12 69 33 63
12 70 15 77
12 71 37 61
12 72 29 69
12 73 59 44
12 74 88 10
12 75 10 86
12 76 51 47
12 77 38 59
12 78 9 89
12 79 49 53
12 80 74 28
12 81 40 58
12 82 51 46
12 83 61 41
12 84 4 88
12 85 97 2
12 86 7 92
12 87 26 75
12 88 27 66
12 89 87 16
12 90 39 57
12 91 43 56
12 92 49 49
12 93 91 16
12 94 25 73
12 95 61 35
12 96 58 37
12 97 42 54
12 98 35 62
12 99 16 79
13 14 17 79
13 15 55 44
13 16 65 35
13 17 78 22
13 18 53 42
13 19 77 26
13 20 62 35
13 21 59 43
13 22 7 86
13 23 15 82
13 24 34 61
13 25 36 60
13 26 63 40
13 27 65 32
13 28 6 89
13 29 89 14
13 30 11 81
13 31 81 24
13 32 25 67
13 33 69 35
13 34 1 94
13 35 62 41
13 36 93 12
13 37 46 53
13 38 11 86
13 39 13 80
13 40 15 85
13 41 75 25
13 42 36 59
13 43 34 59
13 44 84 14
13 45 5 84
13 46 52 43
13 47 90 12
13 48 99 2
13 49 30 67
13 50 63 41
13 51 59 41
13 52 79 26
13 53 29 63
13 54 26 70
13 55 4 90
13 56 98 11
13 57 73 30
13 58 93 7
13 59 65 34
13 60 79 23
13 61 45 51
13 62 46 51
13 63 7 91
13 64 96 11
13 65 16 84
13 66 29 70
13 67 29 64
13 68 61 37
13 69 37 63
13 70 70 35
13 71 77 20
13 72 33 61
13 73 74 23
13 74 35 64
13 75 1 97
13 76 78 22
13 77 18 80
13 78 13 86
13 79 61 41
13 80 94 14
13 81 75 27
13 82 63 34
13 83 39 59
13 84 32 68
13 85 69 31
13 86 53 45
13 87 84 22
13 88 34 61
13 89 97 3
13 90 38 64
13 91 36 59
13 92 39 56
13 93 91 10
13 94 0 97
13 95 63 33
13 96 95 12
13 97 27 75
13 98 87 17
13 99 37 62
14 15 15 80
14 16 90 9
14 17 40 63
14 18 0 91
14 19 42 60
14 20 3 90
14 21 84 21
14 22 65 38
14 23 64 36
14 24 94 7
14 25 18 79
14 26 28 70
14 27 2 96
14 28 1 94
14 29 67 31
14 30 31 62
14 31 64 33
14 32 17 79
14 33 77 23
14 34 78 28
14 35 15 83
14 36 28 69
14 37 54 45
14 38 31 65
14 39 52 51
14 40 16 80
14 41 87 14
14 42 61 37
14 43 65 35
14 44 88 18
14 45 66 36
14 46 15 79
14 47 26 73
14 48 39 62
14 49 54 44
14 50 15 83
14 51 22 74
14 52 62 33
14 53 0 97
14 54 1 94
14 55 58 45
14 56 91 9
14 57 29 68
14 58 73 25
14 59 25 72
14 60 52 45
14 61 87 12
14 62 93 15
14 63 88 17
14 64 50 45
14 65 57 42
14 66 26 69
14 67 85 13
14 68 88 19
14 69 68 31
14 70 76 25
14 71 30 72
14 72 16 78
14 73 96 12
14 74 37 63
14 75 26 74
14 76 30 64
14 77 64 36
14 78 55 44
14 79 42 58
14 80 80 24
14 81 83 14
14 82 75 23
14 83 19 78
14 84 15 80
14 85 65 39
14 86 28 65
14 87 96 6
14 88 97 7
14 89 6 87
14 90 47 54
14 91 73 25
14 92 71 32
14 93 33 60
14 94 49 53
14 95 68 29
14 96 48 49
14 97 16 78
14 98 56 43
14 99 58 42
15 16 90 12
15 17 30 71
15 18 7 86
15 19 38 55
15 20 20 80
15 21 90 15
15 22 74 27
15 23 4 94
15 24 44 57
15 25 50 48
15 26 64 39
15 27 68 30
15 28 44 53
15 29 69 33
15 30 61 43
15 31 37 61
15 32 61 43
15 33 63 40
15 34 39 59
15 35 86 17
15 36 12 88
15 37 63 37
15 38 13 85
15 39 34 63
15 40 58 41
15 41 37 56
15 42 37 63
15 43 8 87
15 44 66 35
15 45 67 31
15 46 70 28
15 47 65 39
15 48 83 24
15 49 32 70
15 50 51 51
15 51 59 38
15 52 48 50
15 53 91 10
15 54 94 10
15 55 0 97
15 56 60 39
15 57 39 57
15 58 4 95
15 59 1 96
15 60 98 1
15 61 58 45
15 62 17 82
15 63 36 65
15 64 80 25
15 65 87 16
15 66 45 55
15 67 65 37
15 68 9 81
15 69 93 5
15 70 50 46
15 71 39 62
15 72 98 5
15 73 63 41
15 74 45 55
15 75 9 89
15 76 24 77
15 77 59 40
15 78 79 19
15 79 69 34
15 80 61 35
15 81 5 89
15 82 64 35
15 83 84 24
15 84 57 45
15 85 78 20
15 86 47 49
15 87 26 71
15 88 53 49
15 89 33 64
15 90 68 32
15 91 56 46
15 92 57 39
15 93 86 21
15 94 82 19
15 95 24 68
15 96 2 89
15 97 59 41
15 98 62 40
15 99 20 77
16 17 27 73
16 18 34 62
16 19 81 24
16 20 65 33
16 21 51 48
16 22 84 16
16 23 73 26
16 24 43 58
16 25 52 48
16 26 81 22
16 27 0 89
16 28 69 33
16 29 94 9
16 30 39 62
16 31 90 12
16 32 1 92
16 33 53 42
16 34 93 9
16 35 47 53
16 36 69 29
16 37 93 15
16 38 87 20
16 39 8 89
16 40 13 86
16 41 89 17
16 42 18 76
16 43 25 75
16 44 12 86
16 45 38 56
16 46 65 35
16 47 15 79
16 48 14 82
16 49 97 2
16 50 45 52
16 51 24 71
16 52 85 20
16 53 13 83
16 54 82 24
16 55 35 67
16 56 24 69
16 57 32 64
16 58 58 37
16 59 72 33
16 60 68 30
16 61 87 15
16 62 18 77
16 63 64 36
16 64 77 22
16 65 52 46
16 66 36 59
16 67 99 5
16 68 35 66
16 69 30 68
16 70 94 11
16 71 40 55
16 72 58 46
16 73 67 34
16 74 93 9
16 75 49 54
16 76 71 33
16 77 27 73
16 78 31 65
16 79 98 3
16 80 26 73
16 81 61 42
16 82 28 73
16 83 10 87
16 84 24 68
16 85 51 48
16 86 27 67
16 87 78 20
16 88 35 60
16 89 56 40
16 90 14 77
16 91 78 22
16 92 35 63
16 93 5 85
16 94 50 46
16 95 49 47
16 96 53 49
16 97 0 90
16 98 90 13
16 99 58 44
17 18 35 64
17 19 15 83
17 20 38 59
17 21 64 33
17 22 59 44
17 23 18 77
17 24 90 18
17 25 46 55
17 26 13 83
17 27 24 69
17 28 75 28
17 29 95 5
17 30 45 52
17 31 54 45
17 32 31 64
17 33 3 92
17 34 20 79
17 35 10 89
17 36 51 48
17 37 79 19
17 38 50 54
17 39 78 22
17 40 43 51
17 41 79 24
17 42 94 11
17 43 36 60
17 44 55 47
17 45 5 85
17 46 85 20
17 47 88 16
17 48 72 29
17 49 71 27
17 50 1 90
17 51 1 94
17 52 35 62
17 53 62 33
17 54 1 94
17 55 42 58
17 56 32 65
17 57 84 22
17 58 22 77
17 59 23 71
17 60 80 18
17 61 41 61
17 62 59 45
17 63 65 36
17 64 65 36
17 65 76 25
17 66 11 80
17 67 21 73
17 68 84 19
17 69 51 49
17 70 0 95
17 71 75 29
17 72 56 43
17 73 36 61
17 74 52 49
17 75 59 46
17 76 62 42
17 77 48 54
17 78 5 93
17 79 6 84
17 80 22 70
17 81 55 47
17 82 6 90
17 83 12 84
17 84 33 62
17 85 71 33
17 86 70 35
17 87 61 40
17 88 30 64
17 89 98 8
17 90 89 15
17 91 84 15
17 92 24 68
17 93 68 31
17 94 83 17
17 95 33 64
17 96 95 7
17 97 81 21
17 98 11 88
17 99 72 33
18 19 12 87
18 20 33 62
18 21 12 82
18 22 5 85
18 23 47 52
18 24 92 16
18 25 98 8
18 26 29 64
18 27 33 63
18 28 16 84
18 29 84 19
18 30 60 41
18 31 0 98
18 32 10 80
18 33 2 97
18 34 10 86
18 35 6 92
18 36 60 43
18 37 34 68
18 38 59 37
18 39 32 61
18 40 44 53
18 41 79 19
18 42 61 41
18 43 58 40
18 44 55 43
18 45 84 17
18 46 40 55
18 47 5 90
18 48 91 17
18 49 68 31
18 50 51 45
18 51 72 25
18 52 45 55
18 53 74 25
18 54 8 91
18 55 39 57
18 56 65 32
18 57 17 79
18 58 26 71
18 59 10 87
18 60 53 45
18 61 17 84
18 62 1 93
18 63 16 85
18 64 65 34
18 65 58 39
18 66 3 92
18 67 59 45
18 68 61 41
18 69 69 36
18 70 15 78
18 71 44 55
18 72 36 61
18 73 51 53
18 74 49 47
18 75 85 22
18 76 43 59
18 77 65 39
18 78 57 43
18 79 10 83
18 80 91 14
18 81 53 49
18 82 68 30
18 83 80 27
18 84 65 31
18 85 32 68
18 86 19 77
18 87 93 9
18 88 71 35
18 89 80 25
18 90 29 68
18 91 73 27
18 92 29 71
18 93 98 9
18 94 96 8
18 95 89 16
18 96 35 63
18 97 39 62
18 98 59 43
18 99 58 44
19 20 5 92
19 21 16 79
19 22 36 61
19 23 99 6
19 24 58 38
19 25 61 35
19 26 94 9
19 27 0 93
19 28 46 53
19 29 89 10
19 30 40 55
19 31 89 16
19 32 90 12
19 33 12 82
19 34 35 62
19 35 25 76
19 36 13 82
19 37 20 73
19 38 39 55
19 39 42 59
19 40 8 88
19 41 69 31
19 42 96 11
19 43 20 71
19 44 40 54
19 45 51 46
19 46 44 51
19 47 53 48
19 48 18 79
19 49 98 5
19 50 53 48
19 51 87 18
19 52 18 80
19 53 82 17
19 54 78 23
19 55 65 31
19 56 3 87
19 57 88 10
19 58 19 79
19 59 45 56
19 60 54 48
19 61 87 17
19 62 32 69
19 63 81 24
19 64 46 48
19 65 62 34
19 66 55 40
19 67 38 56
19 68 32 68
19 69 77 28
19 70 15 80
19 71 54 43
19 72 64 36
19 73 41 55
19 74 7 85
19 75 0 92
19 76 74 27
19 77 71 26
19 78 46 49
19 79 17 78
19 80 82 20
19 81 94 5
19 82 41 52
19 83 42 61
19 84 77 26
19 85 27 71
19 86 57 38
19 87 71 35
19 88 57 44
19 89 35 61
19 90 50 51
19 91 57 41
19 92 43 59
19 93 40 55
19 94 31 69
19 95 61 37
19 96 94 10
19 97 85 20
19 98 72 28
19 99 90 11
20 21 15 79
20 22 64 32
20 23 89 14
20 24 57 47
20 25 9 85
20 26 52 51
20 27 88 16
20 28 90 13
20 29 30 70
20 30 56 47
20 31 83 24
20 32 95 3
20 33 87 14
20 34 0 93
20 35 76 27
20 36 94 10
20 37 80 26
20 38 93 9
20 39 4 94
20 40 70 35
20 41 28 70
20 42 27 71
20 43 24 73
20 44 65 39
20 45 88 15
20 46 26 70
20 47 39 59
20 48 23 73
20 49 62 39
20 50 29 73
20 51 15 78
20 52 36 61
20 53 56 46
20 54 65 40
20 55 20 77
20 56 31 65
20 57 50 49
20 58 67 39
20 59 71 35
20 60 92 13
20 61 88 17
20 62 41 60
20 63 48 46
20 64 96 8
20 65 85 17
20 66 93 12
20 67 13 87
20 68 26 74
20 69 25 71
20 70 14 76
20 71 65 40
20 72 6 90
20 73 63 38
20 74 61 37
20 75 66 33
20 76 66 36
20 77 88 19
20 78 71 25
20 79 40 54
20 80 55 41
20 81 48 48
20 82 34 60
20 83 49 51
20 84 49 45
20 85 1 92
20 86 23 76
20 87 48 50
20 88 26 76
20 89 24 72
20 90 14 80
20 91 89 15
20 92 36 66
20 93 98 8
20 94 24 69
20 95 10 83
20 96 40 62
20 97 9 84
20 98 30 69
20 99 29 63
21 22 32 70
21 23 53 44
21 24 58 44
21 25 53 43
21 26 2 95
21 27 65 33
21 28 10 88
21 29 3 91
21 30 33 64
21 31 71 29
21 32 58 39
21 33 50 52
21 34 96 9
21 35 28 72
21 36 98 8
21 37 55 46
21 38 99 2
21 39 57 39
21 40 75 24
21 41 80 19
21 42 98 10
21 43 43 59
21 44 5 90
21 45 20 77
21 46 86 17
21 47 29 64
21 48 58 44
21 49 15 79
21 50 9 84
21 51 70 32
21 52 30 70
21 53 20 78
21 54 94 11
21 55 10 88
21 56 21 72
21 57 30 69
21 58 3 92
21 59 50 47
21 60 75 28
21 61 11 85
21 62 30 67
21 63 89 12
21 64 41 60
21 65 82 22
21 66 39 56
21 67 12 83
21 68 55 47
21 69 69 36
21 70 11 86
21 71 55 41
21 72 83 18
21 73 93 15
21 74 28 66
21 75 95 10
21 76 13 84
21 77 70 28
21 78 93 15
21 79 42 52
21 80 33 62
21 81 74 27
21 82 37 62
21 83 51 48
21 84 39 61
21 85 94 12
21 86 27 69
21 87 59 45
21 88 20 71
21 89 14 77
21 90 93 15
21 91 32 63
21 92 42 61
21 93 55 46
21 94 59 46
21 95 97 10
21 96 50 51
21 97 58 45
21 98 34 63
21 99 31 61
22 23 21 76
22 24 14 81
22 25 66 36
22 26 62 39
22 27 94 8
22 28 92 9
22 29 50 53
22 30 84 15
22 31 62 38
22 32 80 24
22 33 78 27
22 34 92 10
22 35 96 10
22 36 26 66
22 37 36 62
22 38 64 37
22 39 6 85
22 40 88 16
22 41 69 35
22 42 71 27
22 43 7 91
22 44 72 29
22 45 98 1
22 46 28 72
22 47 16 80
22 48 22 72
22 49 44 52
22 50 33 65
22 51 46 55
22 52 19 73
22 53 84 15
22 54 60 43
22 55 63 40
22 56 59 37
22 57 12 85
22 58 14 83
22 59 60 43
22 60 99 9
22 61 15 78
22 62 72 25
22 63 49 47
22 64 25 67
22 65 93 9
22 66 49 54
22 67 19 74
22 68 40 60
22 69 77 21
22 70 34 60
22 71 1 89
22 72 48 50
22 73 45 51
22 74 0 92
22 75 87 12
22 76 3 96
22 77 78 23
22 78 27 73
22 79 72 26
22 80 60 38
22 81 22 71
22 82 6 87
22 83 31 70
22 84 83 18
22 85 20 72
22 86 7 83
22 87 4 91
22 88 23 77
22 89 78 24
22 90 30 71
22 91 78 21
22 92 37 57
22 93 79 20
22 94 54 44
22 95 88 19
22 96 73 31
22 97 60 36
22 98 68 31
22 99 38 64
23 24 47 56
23 25 30 68
23 26 88 17
23 27 71 30
23 28 23 71
23 29 46 54
23 30 26 67
23 31 67 37
23 32 48 47
23 33 97 9
23 34 86 14
23 35 75 28
23 36 87 12
23 37 29 64
23 38 32 67
23 39 79 27
23 40 90 13
23 41 75 31
23 42 37 62
23 43 0 95
23 44 42 53
23 45 95 10
23 46 35 67
23 47 1 93
23 48 74 31
23 49 7 85
23 50 89 18
23 51 93 7
23 52 79 22
23 53 16 82
23 54 43 52
23 55 5 93
23 56 34 61
23 57 18 82
23 58 29 67
23 59 91 15
23 60 49 46
23 61 31 69
23 62 2 87
23 63 13 83
23 64 61 44
23 65 31 69
23 66 0 97
23 67 56 39
23 68 28 72
23 69 48 48
23 70 96 9
23 71 62 38
23 72 23 76
23 73 14 82
23 74 38 61
23 75 37 58
23 76 6 89
23 77 81 18
23 78 63 34
23 79 27 73
23 80 81 21
23 81 12 79
23 82 16 78
23 83 71 32
23 84 95 5
23 85 30 64
23 86 83 22
23 87 86 12
23 88 60 43
23 89 32 68
23 90 95 12
23 91 98 9
23 92 72 32
23 93 19 73
23 94 55 44
23 95 39 59
23 96 5 90
23 97 51 52
23 98 36 60
23 99 88 20
24 25 55 43
24 26 34 64
24 27 88 19
24 28 41 59
24 29 7 92
24 30 24 69
24 31 32 66
24 32 35 65
24 33 17 75
24 34 41 57
24 35 33 66
24 36 77 29
24 37 83 24
24 38 68 33
24 39 5 86
24 40 87 16
24 41 45 55
24 42 62 38
24 43 25 72
24 44 94 8
24 45 3 95
24 46 46 50
24 47 21 77
24 48 2 96
24 49 7 83
24 50 92 9
24 51 97 9
24 52 26 68
24 53 33 70
24 54 52 51
24 55 73 24
24 56 50 53
24 57 18 81
24 58 66 35
24 59 35 65
24 60 32 69
24 61 84 22
24 62 21 75
24 63 79 19
24 64 77 23
24 65 54 46
24 66 46 54
24 67 29 66
24 68 85 22
24 69 86 15
24 70 34 67
24 71 18 77
24 72 83 23
24 73 91 9
24 74 67 33
24 75 7 87
24 76 13 77
24 77 33 60
24 78 88 17
24 79 80 23
24 80 17 81
24 81 90 10
24 82 98 10
24 83 65 31
24 84 27 74
24 85 34 63
24 86 61 44
24 87 57 43
24 88 41 56
24 89 80 17
24 90 8 88
24 91 58 39
24 92 15 85
24 93 99 0
24 94 90 9
24 95 65 39
24 96 79 27
24 97 78 24
24 98 91 11
24 99 4 88
25 26 4 87
25 27 24 68
25 28 85 13
25 29 68 36
25 30 67 30
25 31 47 53
25 32 15 79
25 33 87 12
25 34 96 11
25 35 31 69
25 36 72 27
25 37 37 66
25 38 17 76
25 39 10 86
25 40 82 17
25 41 60 45
25 42 78 29
25 43 97 4
25 44 75 25
25 45 54 40
25 46 14 85
25 47 63 34
25 48 59 44
25 49 17 78
25 50 38 58
25 51 10 85
25 52 99 0
25 53 86 14
25 54 47 53
25 55 76 28
25 56 75 26
25 57 50 50
25 58 26 73
25 59 87 20
25 60 3 92
25 61 41 53
25 62 47 54
25 63 39 64
25 64 3 93
25 65 36 61
25 66 70 32
25 67 76 30
25 68 93 11
25 69 38 58
25 70 20 78
25 71 24 74
25 72 8 86
25 73 51 53
25 74 50 48
25 75 82 19
25 76 1 88
25 77 22 75
25 78 9 90
25 79 21 76
25 80 75 23
25 81 11 87
25 82 38 64
25 83 55 42
25 84 50 48
25 85 69 34
25 86 90 15
25 87 87 20
25 88 12 86
25 89 90 12
25 90 9 84
25 91 73 25
25 92 22 73
25 93 5 89
25 94 60 37
25 95 91 7
25 96 35 64
25 97 61 43
25 98 46 50
25 99 85 17
26 27 14 77
26 28 56 47
26 29 33 61
26 30 54 44
26 31 71 32
26 32 34 65
26 33 26 71
26 34 48 47
26 35 23 71
26 36 62 39
26 37 84 23
26 38 67 36
26 39 21 75
26 40 85 22
26 41 14 82
26 42 60 38
26 43 91 12
26 44 97 5
26 45 68 33
26 46 13 79
26 47 24 70
26 48 11 81
26 49 46 54
26 50 51 46
26 51 33 63
26 52 51 51
26 53 97 2
26 54 6 93
26 55 40 59
26 56 45 48
26 57 7 91
26 58 41 58
26 59 2 89
26 60 24 73
26 61 61 42
26 62 87 20
26 63 34 68
26 64 31 61
26 65 26 75
26 66 41 60
26 67 41 61
26 68 9 81
26 69 13 78
26 70 75 31
26 71 80 25
26 72 42 59
26 73 22 71
26 74 12 87
26 75 9 85
26 76 81 22
26 77 42 58
26 78 17 83
26 79 17 78
26 80 88 10
26 81 83 18
26 82 34 66
26 83 93 11
26 84 57 43
26 85 32 66
26 86 59 38
26 87 83 16
26 88 13 86
26 89 89 14
26 90 14 86
26 91 13 86
26 92 46 48
26 93 1 95
26 94 13 77
26 95 15 84
26 96 30 67
26 97 3 87
26 98 74 23
26 99 52 46
27 28 53 48
27 29 51 49
27 30 27 67
27 31 23 69
27 32 62 35
27 33 56 40
27 34 15 83
27 35 20 81
27 36 14 79
27 37 14 81
27 38 36 57
27 39 71 34
27 40 99 4
27 41 57 40
27 42 37 56
27 43 97 10
27 44 67 31
27 45 9 84
27 46 4 91
27 47 66 36
27 48 86 17
27 49 77 27
27 50 54 51
27 51 62 35
27 52 3 90
27 53 92 10
27 54 43 54
27 55 87 12
27 56 28 69
27 57 40 54
27 58 74 23
27 59 86 15
27 60 26 72
27 61 23 76
27 62 0 95
27 63 20 73
27 64 38 59
27 65 71 28
27 66 38 56
27 67 53 46
27 68 31 66
27 69 8 83
27 70 56 44
27 71 74 23
27 72 20 81
27 73 32 61
27 74 8 86
27 75 14 83
27 76 61 36
27 77 52 51
27 78 55 46
27 79 56 40
27 80 33 62
27 81 39 56
27 82 37 58
27 83 31 70
27 84 12 82
27 85 25 75
27 86 57 41
27 87 37 63
27 88 6 89
27 89 38 57
27 90 19 73
27 91 75 30
27 92 31 62
27 93 86 19
27 94 60 44
27 95 92 14
27 96 54 41
27 97 84 15
27 98 35 57
27 99 39 54
28 29 4 90
28 30 86 21
28 31 60 36
28 32 46 51
28 33 78 28
28 34 62 36
28 35 15 77
28 36 97 5
28 37 60 40
28 38 60 41
28 39 53 49
28 40 73 32
28 41 58 47
28 42 46 54
28 43 68 33
28 44 38 56
28 45 79 22
28 46 50 48
28 47 87 12
28 48 97 10
28 49 19 81
28 50 70 33
28 51 29 73
28 52 24 76
28 53 44 52
28 54 47 47
28 55 28 70
28 56 41 61
28 57 69 36
28 58 50 51
28 59 22 71
28 60 91 9
28 61 42 56
28 62 36 62
28 63 20 72
28 64 72 25
28 65 55 48
28 66 84 13
28 67 58 43
28 68 37 59
28 69 82 17
28 70 46 48
28 71 4 90
28 72 12 79
28 73 18 74
28 74 89 16
28 75 66 33
28 76 26 68
28 77 21 78
28 78 38 65
28 79 73 25
28 80 47 50
28 81 31 68
28 82 53 43
28 83 37 62
28 84 30 64
28 85 78 27
28 86 10 84
28 87 66 37
28 88 18 77
28 89 16 83
28 90 82 17
28 91 7 84
28 92 36 58
28 93 3 92
28 94 30 65
28 95 90 15
28 96 37 58
28 97 57 46
28 98 9 83
28 99 30 67
29 30 1 93
29 31 71 29
29 32 42 56
29 33 28 68
29 34 46 56
29 35 87 16
29 36 16 81
29 37 61 41
29 38 42 60
29 39 98 6
29 40 2 93
29 41 3 89
29 42 31 67
29 43 40 54
29 44 67 29
29 45 44 51
29 46 47 52
29 47 88 10
29 48 33 60
29 49 1 94
29 50 8 89
29 51 36 63
29 52 94 6
29 53 17 76
29 54 9 89
29 55 1 97
29 56 82 17
29 57 89 17
29 58 82 24
29 59 70 32
29 60 82 18
29 61 21 72
29 62 59 42
29 63 36 61
29 64 82 25
29 65 43 51
29 66 6 85
29 67 89 13
29 68 53 42
29 69 41 61
29 70 50 46
29 71 84 14
29 72 46 52
29 73 67 31
29 74 88 19
29 75 77 23
29 76 77 29
29 77 36 67
29 78 43 56
29 79 30 63
29 80 0 93
29 81 60 41
29 82 46 55
29 83 54 44
29 84 0 90
29 85 95 13
29 86 40 63
29 87 16 84
29 88 14 83
29 89 16 81
29 90 93 14
29 91 27 70
29 92 39 62
29 93 91 13
29 94 17 77
29 95 0 97
29 96 83 21
29 97 74 24
29 98 62 40
29 99 1 92
30 31 32 66
30 32 6 92
30 33 8 83
30 34 83 21
30 35 0 99
30 36 47 53
30 37 3 93
30 38 43 57
30 39 5 86
30 40 32 65
30 41 54 44
30 42 71 30
30 43 44 55
30 44 19 72
30 45 51 48
30 46 40 57
30 47 82 21
30 48 17 83
30 49 61 39
30 50 30 69
30 51 39 59
30 52 81 17
30 53 85 15
30 54 90 12
30 55 87 20
30 56 92 7
30 57 7 88
30 58 15 77
30 59 90 11
30 60 95 9
30 61 32 62
30 62 33 69
30 63 5 86
30 64 57 45
30 65 71 34
30 66 49 46
30 67 39 58
30 68 43 55
30 69 6 87
30 70 32 66
30 71 55 43
30 72 29 67
30 73 24 67
30 74 86 13
30 75 34 64
30 76 20 79
30 77 84 17
30 78 9 81
30 79 13 85
30 80 57 43
30 81 72 29
30 82 97 5
30 83 14 84
30 84 8 84
30 85 71 30
30 86 88 14
30 87 53 49
30 88 74 25
30 89 65 33
30 90 19 73
30 91 30 64
30 92 32 69
30 93 58 41
30 94 13 85
30 95 55 45
30 96 55 40
30 97 63 40
30 98 19 75
30 99 67 33
31 32 12 87
31 33 87 20
31 34 49 49
31 35 27 68
31 36 45 58
31 37 90 8
31 38 97 2
31 39 87 19
31 40 43 60
31 41 75 23
31 42 97 2
31 43 66 36
31 44 56 42
31 45 64 39
31 46 5 89
31 47 87 16
31 48 82 17
31 49 78 19
31 50 30 65
31 51 12 81
31 52 90 17
31 53 82 16
31 54 21 73
31 55 38 59
31 56 92 15
31 57 96 12
31 58 5 90
31 59 75 26
31 60 69 29
31 61 6 84
31 62 53 46
31 63 23 74
31 64 4 94
31 65 44 51
31 66 72 33
31 67 33 69
31 68 18 74
31 69 24 75
31 70 40 61
31 71 7 85
31 72 1 90
31 73 20 74
31 74 30 70
31 75 88 10
31 76 60 39
31 77 50 52
31 78 46 48
31 79 30 66
31 80 82 25
31 81 32 61
31 82 94 11
31 83 56 39
31 84 2 89
31 85 53 43
31 86 47 55
31 87 77 21
31 88 38 61
31 89 38 56
31 90 51 44
31 91 46 53
31 92 30 68
31 93 55 47
31 94 46 52
31 95 7 84
31 96 82 24
31 97 43 57
31 98 26 73
31 99 47 47
32 33 33 65
32 34 23 70
32 35 25 71
32 36 40 59
32 37 89 15
32 38 1 88
32 39 66 40
32 40 43 59
32 41 83 19
32 42 32 69
32 43 20 81
32 44 30 64
32 45 96 10
32 46 11 80
32 47 31 70
32 48 60 36
32 49 51 52
32 50 50 44
32 51 37 58
32 52 49 53
32 53 25 76
32 54 16 82
32 55 68 34
32 56 12 81
32 57 3 88
32 58 88 11
32 59 75 31
32 60 45 58
32 61 44 55
32 62 96 5
32 63 50 50
32 64 39 59
32 65 87 11
32 66 19 72
32 67 77 23
32 68 49 49
32 69 38 63
32 70 11 88
32 71 10 90
32 72 19 73
32 73 70 35
32 74 84 18
32 75 92 12
32 76 88 15
32 77 86 18
32 78 15 81
32 79 38 63
32 80 6 94
32 81 68 35
32 82 63 36
32 83 41 57
32 84 25 68
32 85 33 64
32 86 34 67
32 87 39 64
32 88 51 45
32 89 59 37
32 90 37 61
32 91 32 68
32 92 88 14
32 93 1 96
32 94 22 71
32 95 90 17
32 96 92 8
32 97 47 54
32 98 34 66
32 99 1 98
33 34 88 17
33 35 6 91
33 36 64 38
33 37 83 17
33 38 33 69
33 39 99 2
33 40 73 32
33 41 44 53
33 42 98 7
33 43 51 52
33 44 42 60
33 45 78 25
33 46 26 72
33 47 51 45
33 48 94 9
33 49 81 19
33 50 45 57
33 51 20 78
33 52 46 55
33 53 73 26
33 54 61 37
33 55 47 49
33 56 65 34
33 57 3 95
33 58 62 36
33 59 64 39
33 60 99 0
33 61 59 41
33 62 93 10
33 63 34 66
33 64 85 15
33 65 33 63
33 66 85 17
33 67 5 86
33 68 77 26
33 69 34 61
33 70 76 27
33 71 75 26
33 72 76 23
33 73 77 21
33 74 31 64
33 75 79 26
33 76 1 96
33 77 23 76
33 78 97 7
33 79 17 77
33 80 66 37
33 81 89 15
33 82 6 84
33 83 63 42
33 84 35 59
33 85 80 21
33 86 49 49
33 87 6 91
33 88 54 44
33 89 58 40
33 90 79 26
33 91 18 76
33 92 35 58
33 93 22 75
33 94 16 75
33 95 1 91
33 96 11 81
33 97 30 65
33 98 64 37
33 99 90 18
34 35 43 53
34 36 0 90
34 37 36 63
34 38 27 67
34 39 52 52
34 40 40 57
34 41 72 33
34 42 49 46
34 43 95 9
34 44 6 93
34 45 1 89
34 46 47 55
34 47 31 61
34 48 62 40
34 49 2 92
34 50 87 19
34 51 98 9
34 52 83 22
34 53 50 51
34 54 53 47
34 55 49 49
34 56 19 78
34 57 81 18
34 58 70 33
34 59 9 83
34 60 14 80
34 61 88 18
34 62 41 55
34 63 3 90
34 64 39 57
34 65 39 58
34 66 48 48
34 67 64 38
34 68 26 67
34 69 61 40
34 70 20 74
34 71 46 50
34 72 11 87
34 73 64 36
34 74 1 94
34 75 29 64
34 76 49 53
34 77 9 85
34 78 41 59
34 79 7 84
34 80 9 84
34 81 35 58
34 82 83 23
34 83 36 65
34 84 46 48
34 85 65 33
34 86 43 52
34 87 99 8
34 88 15 77
34 89 63 39
34 90 52 48
34 91 96 11
34 92 84 19
34 93 56 43
34 94 17 77
34 95 6 92
34 96 63 34
34 97 36 59
34 98 89 14
34 99 49 53
35 36 78 25
35 37 95 9
35 38 49 45
35 39 50 49
35 40 63 34
35 41 90 13
35 42 60 36
35 43 24 75
35 44 90 12
35 45 0 90
35 46 62 42
35 47 85 14
35 48 3 88
35 49 0 99
35 50 13 85
35 51 88 16
35 52 90 11
35 53 63 38
35 54 5 87
35 55 32 62
35 56 9 84
35 57 87 15
35 58 63 35
35 59 21 74
35 60 17 81
35 61 71 35
35 62 87 11
35 63 32 61
35 64 39 54
35 65 99 5
35 66 62 42
35 67 5 89
35 68 24 77
35 69 69 34
35 70 89 15
35 71 48 55
35 72 36 63
35 73 14 79
35 74 7 90
35 75 5 90
35 76 8 83
35 77 80 21
35 78 5 91
35 79 88 12
35 80 28 68
35 81 41 60
35 82 13 80
35 83 37 56
35 84 74 23
35 85 31 63
35 86 39 59
35 87 9 83
35 88 29 67
35 89 61 36
35 90 27 70
35 91 46 49
35 92 87 16
35 93 40 57
35 94 35 66
35 95 14 82
35 96 75 23
35 97 79 23
35 98 34 61
35 99 61 35
36 37 32 67
36 38 36 64
36 39 19 74
36 40 21 71
36 41 54 45
36 42 27 73
36 43 46 49
36 44 19 73
36 45 27 70
36 46 75 27
36 47 52 46
36 48 87 21
36 49 20 74
36 50 65 38
36 51 59 45
36 52 77 27
36 53 50 47
36 54 18 75
36 55 91 8
36 56 98 11
36 57 0 95
36 58 26 66
36 59 21 79
36 60 72 33
36 61 21 77
36 62 3 93
36 63 33 68
36 64 85 19
36 65 40 57
36 66 32 69
36 67 22 70
36 68 43 59
36 69 33 64
36 70 9 90
36 71 94 7
36 72 43 53
36 73 82 22
36 74 58 41
36 75 91 17
36 76 9 90
36 77 86 14
36 78 75 30
36 79 64 32
36 80 72 25
36 81 64 37
36 82 0 96
36 83 56 48
36 84 83 17
36 85 0 93
36 86 97 9
36 87 73 32
36 88 28 65
36 89 90 9
36 90 78 24
36 91 66 36
36 92 75 31
36 93 10 83
36 94 3 89
36 95 42 59
36 96 66 38
36 97 7 90
36 98 89 13
36 99 55 42
37 38 38 62
37 39 48 52
37 40 80 27
37 41 76 25
37 42 20 75
37 43 68 31
37 44 15 83
37 45 67 35
37 46 13 81
37 47 27 68
37 48 73 28
37 49 24 69
37 50 45 58
37 51 34 64
37 52 50 51
37 53 76 25
37 54 12 80
37 55 56 45
37 56 81 18
37 57 17 82
37 58 53 51
37 59 68 29
37 60 28 71
37 61 9 82
37 62 21 73
37 63 67 37
37 64 91 13
37 65 59 43
37 66 77 27
37 67 37 61
37 68 94 7
37 69 86 12
37 70 63 42
37 71 4 92
37 72 86 16
37 73 30 70
37 74 4 92
37 75 24 75
37 76 58 38
37 77 18 78
37 78 31 70
37 79 72 28
37 80 65 36
37 81 56 39
37 82 78 24
37 83 84 15
37 84 48 53
37 85 84 14
37 86 49 54
37 87 23 75
37 88 24 70
37 89 5 85
37 90 36 65
37 91 44 57
37 92 40 56
37 93 43 57
37 94 23 71
37 95 69 36
37 96 43 51
37 97 20 76
37 98 40 61
37 99 95 5
38 39 75 24
38 40 40 63
38 41 97 6
38 42 31 66
38 43 73 25
38 44 28 69
38 45 22 79
38 46 12 84
38 47 15 78
38 48 65 39
38 49 34 61
38 50 88 12
38 51 82 22
38 52 95 7
38 53 12 80
38 54 81 25
38 55 86 16
38 56 78 27
38 57 79 20
38 58 13 79
38 59 87 14
38 60 37 58
38 61 8 84
38 62 40 58
38 63 77 26
38 64 43 53
38 65 6 87
38 66 10 84
38 67 76 26
38 68 43 52
38 69 8 84
38 70 45 56
38 71 96 8
38 72 57 40
38 73 59 38
38 74 78 19
38 75 40 56
38 76 69 29
38 77 77 27
38 78 80 26
38 79 43 59
38 80 2 92
38 81 44 57
38 82 52 49
38 83 21 75
38 84 64 37
38 85 61 40
38 86 0 97
38 87 59 44
38 88 17 84
38 89 88 12
38 90 60 37
38 91 70 29
38 92 26 66
38 93 69 33
38 94 75 31
38 95 88 16
38 96 15 79
38 97 66 34
38 98 18 81
38 99 14 84
39 40 64 40
39 41 12 83
39 42 54 46
39 43 48 53
39 44 54 44
39 45 49 55
39 46 74 29
39 47 0 92
39 48 3 95
39 49 65 31
39 50 30 71
39 51 99 6
39 52 19 72
39 53 42 54
39 54 90 10
39 55 27 74
39 56 15 85
39 57 55 41
39 58 5 85
39 59 84 19
39 60 81 21
39 61 55 44
39 62 78 20
39 63 77 21
39 64 20 74
39 65 83 21
39 66 55 45
39 67 52 48
39 68 39 55
39 69 36 64
39 70 57 43
39 71 68 33
39 72 79 23
39 73 45 56
39 74 16 76
39 75 45 56
39 76 81 20
39 77 0 97
39 78 1 89
39 79 88 16
39 80 26 70
39 81 46 56
39 82 47 51
39 83 50 50
39 84 97 4
39 85 78 20
39 86 20 73
39 87 40 54
39 88 91 9
39 89 80 19
39 90 92 10
39 91 7 90
39 92 81 18
39 93 94 9
39 94 22 70
39 95 86 16
39 96 71 30
39 97 31 71
39 98 20 71
39 99 76 21
40 41 37 61
40 42 59 44
40 43 12 80
40 44 74 26
40 45 91 16
40 46 79 22
40 47 82 24
40 48 84 22
40 49 83 16
40 50 82 21
40 51 69 37
40 52 69 29
40 53 30 67
40 54 99 2
40 55 27 69
40 56 11 88
40 57 31 67
40 58 6 86
40 59 77 27
40 60 36 66
40 61 65 40
40 62 54 43
40 63 13 82
40 64 22 72
40 65 77 22
40 66 98 10
40 67 75 23
40 68 76 28
40 69 36 62
40 70 73 31
40 71 66 39
40 72 50 52
40 73 87 20
40 74 88 11
40 75 28 67
40 76 0 90
40 77 82 18
40 78 57 41
40 79 9 85
40 80 24 72
40 81 82 24
40 82 55 45
40 83 10 87
40 84 80 22
40 85 61 37
40 86 83 23
40 87 56 48
40 88 12 87
40 89 56 39
40 90 67 29
40 91 81 18
40 92 64 40
40 93 70 35
40 94 13 86
40 95 16 84
40 96 56 44
40 97 31 66
40 98 17 82
40 99 90 12
41 42 87 17
41 43 82 20
41 44 41 56
41 45 14 77
41 46 90 13
41 47 55 49
41 48 40 55
41 49 44 50
41 50 50 48
41 51 16 80
41 52 50 45
41 53 78 24
41 54 83 19
41 55 19 73
41 56 97 11
41 57 98 1
41 58 84 16
41 59 36 63
41 60 13 79
41 61 26 68
41 62 32 64
41 63 97 7
41 64 5 89
41 65 18 80
41 66 8 83
41 67 88 13
41 68 74 24
41 69 23 74
41 70 66 33
41 71 19 79
41 72 74 29
41 73 17 83
41 74 30 68
41 75 56 40
41 76 8 85
41 77 78 19
41 78 21 74
41 79 78 19
41 80 92 7
41 81 15 75
41 82 64 34
41 83 88 10
41 84 68 31
41 85 86 16
41 86 61 43
41 87 92 14
41 88 75 22
41 89 97 4
41 90 92 15
41 91 76 24
41 92 74 30
41 93 20 77
41 94 9 82
41 95 49 50
41 96 56 41
41 97 41 60
41 98 92 7
41 99 83 20
42 43 38 58
42 44 25 69
42 45 62 36
42 46 25 73
42 47 29 71
42 48 7 83
42 49 13 87
42 50 57 47
42 51 18 75
42 52 18 78
42 53 34 60
42 54 60 44
42 55 10 80
42 56 50 50
42 57 68 30
42 58 33 63
42 59 31 63
42 60 25 69
42 61 6 90
42 62 50 45
42 63 55 40
42 64 13 82
42 65 0 98
42 66 92 16
42 67 8 89
42 68 58 46
42 69 91 10
42 70 65 39
42 71 20 76
42 72 50 47
42 73 37 63
42 74 20 71
42 75 25 74
42 76 15 77
42 77 15 78
42 78 54 49
42 79 40 57
42 80 86 21
42 81 50 52
42 82 50 53
42 83 5 86
42 84 50 52
42 85 47 49
42 86 4 88
42 87 74 25
42 88 25 72
42 89 90 16
42 90 0 97
42 91 81 21
42 92 38 55
42 93 23 74
42 94 90 15
42 95 54 46
42 96 16 80
42 97 67 34
42 98 17 81
42 99 24 75
43 44 79 22
43 45 47 55
43 46 50 52
43 47 36 63
43 48 45 50
43 49 95 6
43 50 14 84
43 51 17 79
43 52 18 73
43 53 74 31
43 54 24 70
43 55 55 44
43 56 17 80
43 57 61 37
43 58 91 9
43 59 59 39
43 60 13 82
43 61 55 48
43 62 62 36
43 63 59 42
43 64 36 62
43 65 93 9
43 66 12 88
43 67 32 65
43 68 75 24
43 69 32 66
43 70 58 38
43 71 70 34
43 72 35 66
43 73 70 29
43 74 1 92
43 75 6 84
43 76 33 62
43 77 31 71
43 78 37 61
43 79 97 2
43 80 6 93
43 81 79 25
43 82 33 67
43 83 86 18
43 84 14 84
43 85 40 61
43 86 21 72
43 87 73 27
43 88 59 44
43 89 69 32
43 90 64 35
43 91 57 42
43 92 3 90
43 93 66 36
43 94 4 89
43 95 55 43
43 96 12 86
43 97 87 17
43 98 13 82
43 99 64 38
44 45 72 27
44 46 97 7
44 47 8 85
44 48 41 59
44 49 66 38
44 50 86 18
44 51 6 89
44 52 61 36
44 53 81 17
44 54 3 95
44 55 26 70
44 56 56 45
44 57 73 27
44 58 10 85
44 59 54 41
44 60 20 75
44 61 48 55
44 62 59 42
44 63 26 74
44 64 10 89
44 65 78 27
44 66 96 5
44 67 21 77
44 68 56 40
44 69 67 29
44 70 60 37
44 71 89 17
44 72 68 32
44 73 83 22
44 74 49 55
44 75 29 72
44 76 95 4
44 77 46 48
44 78 91 7
44 79 72 26
44 80 54 43
44 81 25 68
44 82 90 16
44 83 12 87
44 84 71 29
44 85 71 29
44 86 39 58
44 87 31 68
44 88 22 76
44 89 21 79
44 90 83 16
44 91 28 65
44 92 5 92
44 93 72 30
44 94 56 44
44 95 67 32
44 96 85 15
44 97 5 91
44 98 50 53
44 99 77 24
45 46 52 49
45 47 36 60
45 48 19 79
45 49 69 35
45 50 70 28
45 51 72 29
45 52 3 91
45 53 59 39
45 54 87 16
45 55 79 18
45 56 8 85
45 57 27 71
45 58 63 39
45 59 5 85
45 60 67 33
45 61 21 75
45 62 37 64
45 63 56 47
45 64 9 81
45 65 18 83
45 66 4 87
45 67 51 46
45 68 85 21
45 69 14 84
45 70 8 86
45 71 24 70
45 72 29 64
45 73 9 89
45 74 69 34
45 75 60 40
45 76 59 44
45 77 19 80
45 78 74 28
45 79 46 56
45 80 4 91
45 81 17 81
45 82 59 38
45 83 33 60
45 84 97 4
45 85 39 60
45 86 39 59
45 87 5 91
45 88 65 38
45 89 81 25
45 90 59 40
45 91 67 37
45 92 26 74
45 93 74 24
45 94 68 31
45 95 16 76
45 96 38 57
45 97 38 56
45 98 67 37
45 99 11 80
46 47 85 19
46 48 97 3
46 49 71 35
46 50 37 63
46 51 5 85
46 52 44 58
46 53 15 85
46 54 77 26
46 55 50 50
46 56 8 92
46 57 98 8
46 58 24 70
46 59 5 86
46 60 99 9
46 61 41 54
46 62 28 67
46 63 99 1
46 64 95 7
46 65 21 79
46 66 43 57
46 67 42 59
46 68 78 20
46 69 19 81
46 70 92 11
46 71 70 34
46 72 23 76
46 73 66 32
46 74 39 61
46 75 78 20
46 76 52 48
46 77 72 26
46 78 24 72
46 79 5 85
46 80 86 19
46 81 5 87
46 82 67 29
46 83 19 76
46 84 74 24
46 85 12 85
46 86 82 22
46 87 92 14
46 88 41 61
46 89 52 47
46 90 33 67
46 91 81 19
46 92 38 63
46 93 34 61
46 94 68 29
46 95 34 68
46 96 55 47
46 97 73 24
46 98 31 69
46 99 6 88
47 48 19 80
47 49 61 38
47 50 4 93
47 51 70 26
47 52 27 69
47 53 14 80
47 54 9 83
47 55 65 33
47 56 55 49
47 57 3 96
47 58 16 81
47 59 80 24
47 60 0 90
47 61 43 51
47 62 30 69
47 63 34 63
47 64 68 36
47 65 14 78
47 66 64 38
47 67 59 45
47 68 53 44
47 69 77 29
47 70 14 83
47 71 3 94
47 72 77 21
47 73 5 92
47 74 21 80
47 75 81 20
47 76 58 43
47 77 84 19
47 78 64 37
47 79 18 82
47 80 8 90
47 81 39 58
47 82 81 24
47 83 63 41
47 84 98 7
47 85 97 6
47 86 26 73
47 87 39 56
47 88 42 56
47 89 50 47
47 90 44 58
47 91 25 70
47 92 35 59
47 93 6 93
47 94 72 27
47 95 0 98
47 96 7 92
47 97 55 47
47 98 6 89
47 99 11 87
48 49 50 51
48 50 36 64
48 51 72 27
48 52 37 65
48 53 35 61
48 54 87 11
48 55 74 24
48 56 56 40
48 57 15 83
48 58 17 76
48 59 79 23
48 60 12 79
48 61 54 40
48 62 88 16
48 63 76 25
48 64 17 79
48 65 8 86
48 66 76 22
48 67 60 39
48 68 2 93
48 69 52 49
48 70 57 38
48 71 40 57
48 72 38 60
48 73 58 42
48 74 72 29
48 75 80 19
48 76 89 14
48 77 56 42
48 78 86 16
48 79 92 9
48 80 24 68
48 81 18 83
48 82 47 47
48 83 49 47
48 84 59 44
48 85 64 39
48 86 40 60
48 87 41 60
48 88 84 23
48 89 86 21
48 90 26 72
48 91 18 79
48 92 15 78
48 93 8 88
48 94 73 33
48 95 26 69
48 96 78 27
48 97 4 89
48 98 64 36
48 99 62 35
49 50 50 52
49 51 84 21
49 52 6 89
49 53 54 45
49 54 86 13
49 55 74 32
49 56 0 97
49 57 52 44
49 58 87 19
49 59 91 10
49 60 57 40
49 61 10 82
49 62 67 34
49 63 76 28
49 64 86 20
49 65 58 43
49 66 55 47
49 67 18 82
49 68 88 18
49 69 50 50
49 70 91 14
49 71 36 60
49 72 4 92
49 73 10 89
49 74 63 37
49 75 36 60
49 76 57 45
49 77 2 92
49 78 75 23
49 79 43 56
49 80 67 34
49 81 98 4
49 82 22 75
49 83 43 59
49 84 18 79
49 85 32 64
49 86 61 35
49 87 4 87
49 88 15 79
49 89 81 19
49 90 93 13
49 91 9 82
49 92 39 57
49 93 52 43
49 94 23 72
49 95 40 62
49 96 60 45
49 97 39 60
49 98 95 9
49 99 16 78
50 51 53 48
50 52 99 3
50 53 88 11
50 54 26 68
50 55 23 71
50 56 42 59
50 57 19 75
50 58 13 84
50 59 24 75
50 60 28 69
50 61 71 26
50 62 18 82
50 63 70 32
50 64 48 55
50 65 96 12
50 66 33 62
50 67 92 9
50 68 34 60
50 69 63 38
50 70 97 11
50 71 15 85
50 72 11 80
50 73 95 5
50 74 5 89
50 75 95 11
50 76 88 13
50 77 24 75
50 78 63 34
50 79 45 55
50 80 64 41
50 81 38 62
50 82 20 76
50 83 8 85
50 84 93 9
50 85 0 94
50 86 53 45
50 87 96 7
50 88 47 49
50 89 19 73
50 90 38 64
50 91 31 62
50 92 70 31
50 93 73 26
50 94 11 80
50 95 33 69
50 96 36 61
50 97 53 44
50 98 77 27
50 99 43 60
51 52 13 82
51 53 85 15
51 54 74 26
51 55 92 16
51 56 34 67
51 57 6 91
51 58 3 88
51 59 13 87
51 60 61 37
51 61 9 89
51 62 2 96
51 63 6 90
51 64 59 44
51 65 80 19
51 66 79 27
51 67 49 51
51 68 91 12
51 69 58 44
51 70 46 56
51 71 3 90
51 72 49 45
51 73 22 76
51 74 54 42
51 75 14 82
51 76 75 23
51 77 50 47
51 78 73 23
51 79 80 26
51 80 25 70
51 81 86 21
51 82 6 87
51 83 97 2
51 84 46 53
51 85 27 70
51 86 33 60
51 87 97 5
51 88 27 72
51 89 26 69
51 90 7 84
51 91 32 70
51 92 9 89
51 93 41 53
51 94 35 61
51 95 50 49
51 96 67 32
51 97 64 38
51 98 93 10
51 99 43 51
52 53 74 30
52 54 32 65
52 55 20 72
52 56 88 18
52 57 60 44
52 58 89 14
52 59 90 18
52 60 38 63
52 61 84 22
52 62 2 97
52 63 73 27
52 64 22 74
52 65 37 65
52 66 22 75
52 67 75 29
52 68 44 51
52 69 57 41
52 70 46 49
52 71 9 85
52 72 76 22
52 73 71 32
52 74 4 89
52 75 7 89
52 76 88 14
52 77 91 9
52 78 50 49
52 79 16 78
52 80 56 44
52 81 36 65
52 82 48 52
52 83 36 59
52 84 77 25
52 85 0 89
52 86 27 69
52 87 46 57
52 88 17 80
52 89 30 68
52 90 73 25
52 91 86 21
52 92 53 45
52 93 76 26
52 94 29 67
52 95 35 61
52 96 32 65
52 97 40 63
52 98 36 60
52 99 64 40
53 54 83 24
53 55 37 63
53 56 36 63
53 57 58 45
53 58 73 32
53 59 86 14
53 60 3 91
53 61 15 77
53 62 11 80
53 63 43 55
53 64 26 70
53 65 18 79
53 66 53 49
53 67 81 17
53 68 38 59
53 69 2 93
53 70 72 28
53 71 77 21
53 72 63 42
53 73 48 53
53 74 63 42
53 75 81 25
53 76 88 11
53 77 39 61
53 78 11 85
53 79 32 67
53 80 39 63
53 81 64 35
53 82 47 47
53 83 25 71
53 84 64 35
53 85 45 58
53 86 6 88
53 87 85 22
53 88 39 60
53 89 42 54
53 90 80 24
53 91 57 41
53 92 88 12
53 93 84 22
53 94 88 16
53 95 28 72
53 96 21 72
53 97 21 74
53 98 10 85
53 99 27 71
54 55 73 25
54 56 22 78
54 57 49 48
54 58 19 78
54 59 79 20
54 60 93 13
54 61 41 55
54 62 13 81
54 63 48 54
54 64 58 43
54 65 75 23
54 66 37 65
54 67 10 82
54 68 39 56
54 69 52 46
54 70 12 83
54 71 64 38
54 72 16 76
54 73 52 47
54 74 13 87
54 75 41 56
54 76 16 80
54 77 96 6
54 78 71 27
54 79 23 70
54 80 41 62
54 81 53 49
54 82 81 21
54 83 45 52
54 84 56 43
54 85 42 54
54 86 76 28
54 87 80 24
54 88 3 95
54 89 66 32
54 90 47 48
54 91 40 57
54 92 86 17
54 93 98 3
54 94 25 76
54 95 27 74
54 96 77 20
54 97 15 76
54 98 49 46
54 99 20 79
55 56 81 22
55 57 43 55
55 58 72 25
55 59 84 23
55 60 32 61
55 61 30 72
55 62 19 82
55 63 14 78
55 64 14 79
55 65 89 10
55 66 62 43
55 67 74 26
55 68 79 20
55 69 59 38
55 70 59 42
55 71 35 59
55 72 30 68
55 73 21 80
55 74 87 15
55 75 33 62
55 76 25 68
55 77 11 85
55 78 31 63
55 79 72 33
55 80 32 64
55 81 37 61
55 82 15 81
55 83 42 58
55 84 34 66
55 85 41 61
55 86 83 22
55 87 42 57
55 88 62 41
55 89 15 78
55 90 87 20
55 91 11 80
55 92 17 80
55 93 24 70
55 94 47 48
55 95 0 92
55 96 73 26
55 97 28 67
55 98 39 56
55 99 86 21
56 57 28 70
56 58 25 76
56 59 13 79
56 60 21 75
56 61 71 34
56 62 51 43
56 63 96 12
56 64 30 68
56 65 66 34
56 66 35 61
56 67 10 83
56 68 24 74
56 69 14 85
56 70 95 9
56 71 9 86
56 72 92 11
56 73 83 15
56 74 66 30
56 75 83 18
56 76 96 4
56 77 22 75
56 78 48 51
56 79 85 23
56 80 51 49
56 81 69 32
56 82 86 14
56 83 5 86
56 84 97 9
56 85 92 7
56 86 30 65
56 87 95 10
56 88 16 81
56 89 20 73
56 90 19 80
56 91 35 67
56 92 39 58
56 93 83 19
56 94 62 34
56 95 9 85
56 96 88 18
56 97 36 60
56 98 64 34
56 99 96 5
57 58 47 52
57 59 13 84
57 60 2 90
57 61 8 84
57 62 14 79
57 63 85 14
57 64 5 95
57 65 70 30
57 66 3 87
57 67 53 45
57 68 4 92
57 69 7 90
57 70 32 64
57 71 66 37
57 72 14 85
57 73 73 32
57 74 37 65
57 75 35 61
57 76 63 36
57 77 37 59
57 78 77 19
57 79 5 86
57 80 56 42
57 81 68 32
57 82 27 70
57 83 94 5
57 84 80 25
57 85 71 31
57 86 6 85
57 87 47 47
57 88 93 5
57 89 91 11
57 90 54 42
57 91 85 13
57 92 94 11
57 93 94 12
57 94 71 35
57 95 31 70
57 96 44 55
57 97 14 86
57 98 94 6
57 99 90 15
58 59 7 86
58 60 78 25
58 61 72 32
58 62 1 90
58 63 39 56
58 64 24 71
58 65 92 16
58 66 5 88
58 67 1 92
58 68 58 44
58 69 80 27
58 70 25 73
58 71 61 35
58 72 16 80
58 73 83 18
58 74 45 52
58 75 71 29
58 76 68 34
58 77 85 17
58 78 14 77
58 79 48 48
58 80 40 60
58 81 77 21
58 82 53 47
58 83 61 44
58 84 73 33
58 85 20 80
58 86 47 56
58 87 67 29
58 88 76 23
58 89 64 42
58 90 37 57
58 91 76 31
58 92 51 46
58 93 65 33
58 94 56 42
58 95 50 45
58 96 40 63
58 97 30 62
58 98 24 72
58 99 79 27
59 60 75 23
59 61 39 56
59 62 31 61
59 63 69 36
59 64 35 61
59 65 74 25
59 66 59 45
59 67 57 46
59 68 55 42
59 69 66 40
59 70 38 64
59 71 13 85
59 72 67 36
59 73 54 47
59 74 34 61
59 75 82 19
59 76 18 75
59 77 90 13
59 78 65 32
59 79 19 79
59 80 17 76
59 81 96 6
59 82 33 63
59 83 78 23
59 84 98 7
59 85 47 51
59 86 78 22
59 87 29 65
59 88 33 60
59 89 13 83
59 90 49 54
59 91 16 82
59 92 55 49
59 93 96 12
59 94 10 84
59 95 31 67
59 96 34 61
59 97 79 27
59 98 23 71
59 99 21 71
60 61 41 53
60 62 20 76
60 63 72 32
60 64 64 41
60 65 49 51
60 66 63 42
60 67 89 17
60 68 44 52
60 69 20 73
60 70 83 15
60 71 50 45
60 72 40 54
60 73 50 48
60 74 11 87
60 75 4 92
60 76 25 72
60 77 23 71
60 78 77 28
60 79 15 85
60 80 71 32
60 81 59 42
60 82 28 67
60 83 94 11
60 84 13 79
60 85 81 25
60 86 9 87
60 87 29 72
60 88 75 30
60 89 27 75
60 90 7 83
60 91 37 58
60 92 60 39
60 93 94 13
60 94 14 83
60 95 84 23
60 96 52 44
60 97 82 16
60 98 64 33
60 99 42 59
61 62 37 58
61 63 33 68
61 64 79 22
61 65 16 75
61 66 96 5
61 67 29 73
61 68 20 79
61 69 93 12
61 70 75 32
61 71 40 62
61 72 6 93
61 73 43 57
61 74 10 85
61 75 36 62
61 76 15 80
61 77 60 36
61 78 52 49
61 79 2 96
61 80 38 63
61 81 37 65
61 82 25 74
61 83 11 82
61 84 31 68
61 85 46 51
61 86 50 47
61 87 59 43
61 88 58 42
61 89 97 5
61 90 60 37
61 91 12 84
61 92 95 5
61 93 48 55
61 94 3 87
61 95 41 59
61 96 77 25
61 97 9 84
61 98 66 34
61 99 68 37
62 63 9 85
62 64 64 40
62 65 74 30
62 66 45 51
62 67 22 71
62 68 13 81
62 69 54 48
62 70 62 40
62 71 96 3
62 72 9 85
62 73 2 91
62 74 15 80
62 75 84 20
62 76 34 67
62 77 78 22
62 78 46 52
62 79 83 19
62 80 42 52
62 81 82 19
62 82 60 37
62 83 74 32
62 84 85 22
62 85 3 93
62 86 26 68
62 87 0 89
62 88 30 65
62 89 56 41
62 90 57 42
62 91 43 52
62 92 79 21
62 93 35 61
62 94 20 77
62 95 98 10
62 96 44 54
62 97 4 86
62 98 98 7
62 99 42 54
63 64 89 14
63 65 2 94
63 66 79 26
63 67 28 68
63 68 52 42
63 69 68 30
63 70 59 38
63 71 60 37
63 72 50 52
63 73 75 29
63 74 19 82
63 75 23 69
63 76 71 32
63 77 23 75
63 78 53 49
63 79 46 56
63 80 5 90
63 81 59 37
63 82 5 92
63 83 77 28
63 84 29 66
63 85 19 74
63 86 91 10
63 87 25 70
63 88 55 49
63 89 2 93
63 90 66 35
63 91 90 16
63 92 79 21
63 93 31 65
63 94 90 12
63 95 44 53
63 96 96 6
63 97 27 72
63 98 63 37
63 99 57 43
64 65 79 25
64 66 87 16
64 67 44 60
64 68 98 3
64 69 27 67
64 70 50 47
64 71 89 16
64 72 19 73
64 73 60 43
64 74 68 31
64 75 87 20
64 76 25 70
64 77 39 62
64 78 36 61
64 79 92 14
64 80 38 62
64 81 92 10
64 82 47 50
64 83 28 69
64 84 90 11
64 85 37 58
64 86 35 60
64 87 74 22
64 88 34 65
64 89 46 53
64 90 0 96
64 91 40 56
64 92 64 40
64 93 98 3
64 94 7 88
64 95 47 55
64 96 98 5
64 97 48 49
64 98 42 60
64 99 77 24
65 66 82 25
65 67 6 86
65 68 39 63
65 69 1 94
65 70 53 50
65 71 62 36
65 72 17 81
65 73 42 54
65 74 78 21
65 75 60 39
65 76 80 18
65 77 78 28
65 78 45 50
65 79 30 69
65 80 60 40
65 81 27 71
65 82 68 36
65 83 18 79
65 84 53 48
65 85 8 88
65 86 28 74
65 87 13 86
65 88 4 95
65 89 66 36
65 90 96 3
65 91 2 91
65 92 32 70
65 93 83 23
65 94 6 86
65 95 41 62
65 96 68 34
65 97 67 33
65 98 46 55
65 99 44 54
66 67 62 40
66 68 55 44
66 69 85 20
66 70 68 28
66 71 49 54
66 72 5 94
66 73 97 5
66 74 6 92
66 75 11 83
66 76 56 41
66 77 73 33
66 78 22 70
66 79 31 64
66 80 67 38
66 81 51 50
66 82 35 62
66 83 27 66
66 84 57 47
66 85 39 57
66 86 76 23
66 87 35 65
66 88 13 79
66 89 12 88
66 90 63 40
66 91 52 47
66 92 83 21
66 93 99 1
66 94 67 35
66 95 56 48
66 96 12 79
66 97 79 27
66 98 20 72
66 99 91 13
67 68 77 24
67 69 46 56
67 70 49 47
67 71 90 17
67 72 68 30
67 73 89 18
67 74 65 32
67 75 52 52
67 76 22 72
67 77 99 9
67 78 13 83
67 79 33 61
67 80 8 89
67 81 75 22
67 82 61 40
67 83 24 68
67 84 3 88
67 85 75 24
67 86 75 25
67 87 17 79
67 88 12 81
67 89 24 76
67 90 6 88
67 91 41 54
67 92 29 65
67 93 36 65
67 94 18 79
67 95 89 12
67 96 26 66
67 97 50 50
67 98 53 50
67 99 12 87
68 69 72 26
68 70 84 21
68 71 37 57
68 72 2 94
68 73 66 30
68 74 96 6
68 75 44 57
68 76 33 68
68 77 63 38
68 78 48 55
68 79 20 73
68 80 89 10
68 81 30 67
68 82 4 86
68 83 35 67
68 84 28 65
68 85 58 37
68 86 1 96
68 87 73 32
68 88 88 15
68 89 69 32
68 90 24 68
68 91 93 12
68 92 6 91
68 93 99 2
68 94 91 14
68 95 70 27
68 96 64 35
68 97 22 78
68 98 0 97
68 99 8 84
69 70 20 78
69 71 20 73
69 72 45 49
69 73 99 3
69 74 46 51
69 75 84 14
69 76 57 41
69 77 99 2
69 78 72 26
69 79 26 69
69 80 79 20
69 81 23 75
69 82 87 13
69 83 76 28
69 84 24 74
69 85 61 38
69 86 44 57
69 87 75 22
69 88 27 73
69 89 89 14
69 90 31 71
69 91 77 29
69 92 21 77
69 93 70 36
69 94 23 69
69 95 71 27
69 96 86 17
69 97 31 68
69 98 29 66
69 99 81 17
70 71 94 14
70 72 89 16
70 73 87 19
70 74 33 68
70 75 25 66
70 76 12 79
70 77 78 23
70 78 80 21
70 79 19 81
70 80 66 39
70 81 49 53
70 82 46 57
70 83 82 19
70 84 44 58
70 85 9 85
70 86 2 90
70 87 85 15
70 88 2 97
70 89 28 66
70 90 91 12
70 91 80 20
70 92 25 76
70 93 5 90
70 94 42 60
70 95 5 87
70 96 20 78
70 97 58 43
70 98 4 87
70 99 90 15
71 72 46 56
71 73 53 50
71 74 5 95
71 75 91 11
71 76 0 91
71 77 64 34
71 78 9 87
71 79 49 54
71 80 60 38
71 81 24 74
71 82 60 39
71 83 35 59
71 84 96 4
71 85 92 9
71 86 4 95
71 87 76 27
71 88 19 81
71 89 35 62
71 90 11 83
71 91 48 49
71 92 75 27
71 93 83 18
71 94 54 44
71 95 11 86
71 96 62 35
71 97 47 54
71 98 73 30
71 99 60 43
72 73 67 31
72 74 97 10
72 75 42 53
72 76 48 47
72 77 68 37
72 78 8 91
72 79 59 46
72 80 22 79
72 81 61 44
72 82 85 19
72 83 44 59
72 84 98 10
72 85 72 26
72 86 28 70
72 87 99 7
72 88 83 23
72 89 72 26
72 90 71 26
72 91 57 38
72 92 48 48
72 93 80 27
72 94 66 33
72 95 53 46
72 96 16 81
72 97 39 57
72 98 76 27
72 99 39 63
73 74 90 17
73 75 76 27
73 76 71 33
73 77 34 65
73 78 33 64
73 79 66 32
73 80 76 27
73 81 11 89
73 82 40 55
73 83 71 26
73 84 64 32
73 85 43 53
73 86 66 31
73 87 21 77
73 88 52 48
73 89 56 44
73 90 6 87
73 91 32 70
73 92 32 63
73 93 89 13
73 94 77 20
73 95 67 31
73 96 17 82
73 97 74 27
73 98 19 77
73 99 19 80
74 75 28 64
74 76 61 41
74 77 60 39
74 78 1 89
74 79 24 77
74 80 19 80
74 81 64 32
74 82 29 65
74 83 50 52
74 84 58 42
74 85 23 77
74 86 19 81
74 87 59 41
74 88 83 21
74 89 63 36
74 90 62 33
74 91 25 67
74 92 19 79
74 93 64 37
74 94 14 82
74 95 23 72
74 96 0 95
74 97 76 22
74 98 84 17
74 99 14 77
75 76 42 61
75 77 37 63
75 78 15 82
75 79 50 45
75 80 63 40
75 81 73 33
75 82 7 89
75 83 28 70
75 84 96 7
75 85 13 85
75 86 4 94
75 87 89 14
75 88 32 68
75 89 63 34
75 90 32 65
75 91 99 2
75 92 86 18
75 93 13 85
75 94 40 62
75 95 51 49
75 96 8 82
75 97 76 21
75 98 79 24
75 99 36 61
76 77 14 79
76 78 24 69
76 79 92 7
76 80 17 77
76 81 76 21
76 82 54 48
76 83 64 37
76 84 48 47
76 85 45 51
76 86 69 36
76 87 72 26
76 88 16 77
76 89 75 28
76 90 57 42
76 91 89 12
76 92 69 31
76 93 10 81
76 94 16 77
76 95 76 21
76 96 23 70
76 97 20 73
76 98 0 98
76 99 62 34
77 78 93 11
77 79 6 88
77 80 42 59
77 81 53 50
77 82 48 48
77 83 2 96
77 84 96 11
77 85 65 35
77 86 24 77
77 87 98 4
77 88 80 24
77 89 89 16
77 90 99 4
77 91 67 38
77 92 56 48
77 93 15 79
77 94 89 16
77 95 49 52
77 96 67 30
77 97 59 42
77 98 0 93
77 99 47 47
78 79 90 8
78 80 99 9
78 81 83 24
78 82 58 41
78 83 3 93
78 84 39 59
78 85 88 16
78 86 50 47
78 87 87 15
78 88 92 16
78 89 72 26
78 90 69 31
78 91 37 60
78 92 26 72
78 93 37 63
78 94 66 39
78 95 80 23
78 96 1 98
78 97 29 72
78 98 45 54
78 99 38 62
79 80 8 84
79 81 22 71
79 82 37 59
79 83 68 28
79 84 5 89
79 85 98 6
79 86 14 84
79 87 14 78
79 88 98 6
79 89 14 81
79 90 53 42
79 91 14 85
79 92 81 23
79 93 11 89
79 94 8 88
79 95 13 80
79 96 14 84
79 97 62 39
79 98 45 54
79 99 55 46
80 81 65 39
80 82 45 52
80 83 31 64
80 84 51 49
80 85 42 61
80 86 70 27
80 87 16 77
80 88 81 18
80 89 94 12
80 90 3 95
80 91 44 52
80 92 26 69
80 93 73 33
80 94 21 72
80 95 38 62
80 96 32 68
80 97 0 98
80 98 56 46
80 99 15 77
81 82 75 24
81 83 50 44
81 84 95 5
81 85 23 69
81 86 16 83
81 87 86 12
81 88 41 61
81 89 95 12
81 90 62 35
81 91 6 87
81 92 72 30
81 93 16 78
81 94 4 96
81 95 80 21
81 96 77 22
81 97 46 56
81 98 30 64
81 99 99 9
82 83 72 33
82 84 28 72
82 85 62 36
82 86 79 20
82 87 22 71
82 88 18 83
82 89 40 55
82 90 10 89
82 91 67 30
82 92 42 58
82 93 37 56
82 94 8 88
82 95 71 33
82 96 1 89
82 97 49 49
82 98 10 83
82 99 8 85
83 84 59 37
83 85 50 46
83 86 23 72
83 87 73 32
83 88 62 36
83 89 96 12
83 90 49 55
83 91 37 63
83 92 63 33
83 93 9 90
83 94 51 43
83 95 35 59
83 96 92 7
83 97 21 77
83 98 94 9
83 99 39 61
84 85 20 80
84 86 15 84
84 87 48 54
84 88 36 58
84 89 21 77
84 90 14 80
84 91 81 17
84 92 67 29
84 93 8 91
84 94 13 80
84 95 55 42
84 96 34 63
84 97 99 3
84 98 61 43
84 99 28 71
85 86 59 37
85 87 6 93
85 88 91 13
85 89 88 17
85 90 58 41
85 91 99 9
85 92 60 35
85 93 78 21
85 94 18 77
85 95 87 13
85 96 39 62
85 97 10 89
85 98 90 11
85 99 4 90
86 87 43 56
86 88 49 53
86 89 41 59
86 90 35 64
86 91 79 27
86 92 9 84
86 93 47 48
86 94 7 87
86 95 71 28
86 96 6 86
86 97 20 75
86 98 26 70
86 99 82 23
87 88 20 79
87 89 41 62
87 90 5 91
87 91 41 61
87 92 10 83
87 93 17 80
87 94 54 50
87 95 8 82
87 96 40 61
87 97 48 53
87 98 94 14
87 99 56 43
88 89 52 45
88 90 71 30
88 91 52 51
88 92 6 91
88 93 23 73
88 94 7 83
88 95 3 96
88 96 58 45
88 97 16 84
88 98 10 87
88 99 21 71
89 90 56 48
89 91 65 40
89 92 55 45
89 93 98 1
89 94 99 9
89 95 80 23
89 96 67 39
89 97 42 60
89 98 26 66
89 99 61 43
90 91 51 46
90 92 39 60
90 93 35 60
90 94 56 40
90 95 56 45
90 96 43 52
90 97 59 45
90 98 52 42
90 99 17 77
91 92 11 80
91 93 85 13
91 94 12 80
91 95 45 54
91 96 90 15
91 97 70 34
91 98 93 14
91 99 64 40
92 93 39 63
92 94 36 60
92 95 66 33
92 96 50 45
92 97 44 50
92 98 15 79
92 99 18 79
93 94 52 43
93 95 18 75
93 96 94 8
93 97 50 48
93 98 26 68
93 99 51 52
94 95 84 23
94 96 78 25
94 97 73 28
94 98 3 87
94 99 27 69
95 96 99 3
95 97 64 38
95 98 80 25
95 99 2 95
96 97 46 57
96 98 23 77
96 99 21 75
97 98 50 47
97 99 56 45
98 99 29 66
