100
0 1 75 46
0 2 83 24
0 3 63 46
0 4 32 53
0 5 81 41
0 6 32 57
0 7 50 45
0 8 15 72
0 9 96 3
0 10 60 33
0 11 70 31
0 12 66 43
0 13 81 33
0 14 20 66
0 15 78 23
0 16 66 45
0 17 97 25
0 18 24 55
0 19 32 47
0 20 28 70
0 21 91 27
0 22 21 76
0 23 55 45
0 24 94 4
0 25 22 79
0 26 68 25
0 27 10 82
0 28 67 38
0 29 48 40
0 30 46 52
0 31 82 12
0 32 30 54
0 33 75 34
0 34 79 41
0 35 75 35
0 36 45 58
0 37 20 63
0 38 52 60
0 39 55 52
0 40 27 59
0 41 27 61
0 42 26 61
0 43 90 6
0 44 1 92
0 45 79 35
0 46 4 95
0 47 40 63
0 48 86 35
0 49 66 31
0 50 12 65
0 51 53 58
0 52 81 29
0 53 18 75
0 54 18 70
0 55 76 43
0 56 14 88
0 57 0 81
0 58 47 51
0 59 20 76
0 60 69 35
0 61 41 55
0 62 18 69
0 63 29 69
0 64 51 42
0 65 63 46
0 66 40 52
0 67 27 55
0 68 46 66
0 69 47 63
0 70 88 10
0 71 96 23
0 72 97 28
0 73 19 66
0 74 51 49
0 75 96 26
0 76 32 59
0 77 63 53
0 78 31 62
0 79 22 64
0 80 2 77
0 81 85 12
0 82 23 61
0 83 99 9
0 84 31 50
0 85 38 44
0 86 95 24
0 87 18 74
0 88 6 74
0 89 8 80
0 90 43 44
0 91 82 30
0 92 66 27
0 93 13 82
0 94 54 36
0 95 39 43
0 96 32 68
0 97 73 42
0 98 91 22
0 99 30 52
1 2 39 64
1 3 6 81
1 4 29 51
1 5 4 92
1 6 51 61
1 7 21 74
1 8 12 87
1 9 56 39
1 10 15 75
1 11 22 82
1 12 0 86
1 13 49 47
1 14 56 57
1 15 44 42
1 16 13 77
1 17 93 32
1 18 23 83
1 19 0 72
1 20 40 65
1 21 50 59
1 22 39 55
1 23 50 39
1 24 65 46
1 25 51 54
1 26 21 59
1 27 31 58
1 28 19 71
1 29 18 67
1 30 2 94
1 31 63 47
1 32 29 62
1 33 42 51
1 34 7 64
1 35 54 43
1 36 88 15
1 37 58 55
1 38 88 26
1 39 90 32
1 40 21 79
1 41 95 17
1 42 36 46
1 43 45 55
1 44 70 34
1 45 69 27
1 46 86 19
1 47 36 55
1 48 11 84
1 49 35 73
1 50 9 73
1 51 73 28
1 52 77 20
1 53 62 48
1 54 78 26
1 55 90 31
1 56 50 35
1 57 79 17
1 58 8 70
1 59 57 41
1 60 45 51
1 61 74 19
1 62 7 77
1 63 74 21
1 64 18 74
1 65 46 55
1 66 14 76
1 67 10 83
1 68 92 32
1 69 49 58
1 70 72 39
1 71 83 40
1 72 77 26
1 73 91 25
1 74 70 36
1 75 84 15
1 76 2 95
1 77 12 88
1 78 50 62
1 79 27 72
1 80 79 21
1 81 16 68
1 82 11 74
1 83 41 68
1 84 69 26
1 85 72 20
1 86 42 50
1 87 28 52
1 88 9 82
1 89 94 15
1 90 40 43
1 91 93 13
1 92 26 56
1 93 48 39
1 94 31 73
1 95 94 24
1 96 85 27
1 97 18 72
1 98 2 89
1 99 32 61
2 3 54 54
2 4 43 53
2 5 80 40
2 6 45 39
2 7 26 55
2 8 95 22
2 9 36 55
2 10 52 56
2 11 55 59
2 12 95 15
2 13 0 70
2 14 49 41
2 15 58 51
2 16 39 44
2 17 31 53
2 18 6 84
2 19 36 47
2 20 63 33
2 21 16 76
2 22 5 85
2 23 25 79
2 24 17 86
2 25 74 43
2 26 24 67
2 27 14 83
2 28 75 30
2 29 3 96
2 30 83 32
2 31 32 67
2 32 54 50
2 33 80 26
2 34 66 29
2 35 55 37
2 36 27 79
2 37 28 55
2 38 85 31
2 39 92 11
2 40 88 27
2 41 25 63
2 42 57 41
2 43 80 35
2 44 95 4
2 45 51 48
2 46 7 72
2 47 1 83
2 48 67 42
2 49 10 67
2 50 67 50
2 51 0 89
2 52 26 60
2 53 51 45
2 54 0 73
2 55 90 9
2 56 97 14
2 57 44 65
2 58 46 56
2 59 79 39
2 60 46 52
2 61 31 71
2 62 66 49
2 63 4 90
2 64 28 57
2 65 3 96
2 66 85 19
2 67 2 69
2 68 83 25
2 69 12 71
2 70 82 31
2 71 82 30
2 72 38 51
2 73 7 77
2 74 69 22
2 75 20 78
2 76 12 73
2 77 52 44
2 78 41 44
2 79 46 50
2 80 79 15
2 81 7 79
2 82 29 76
2 83 73 23
2 84 90 9
2 85 82 13
2 86 39 43
2 87 58 29
2 88 85 37
2 89 65 50
2 90 78 21
2 91 72 37
2 92 77 34
2 93 59 38
2 94 24 66
2 95 0 86
2 96 89 18
2 97 79 16
2 98 72 20
2 99 50 43
3 4 26 78
3 5 83 24
3 6 2 69
3 7 24 63
3 8 55 55
3 9 64 27
3 10 74 27
3 11 95 10
3 12 81 35
3 13 73 36
3 14 17 81
3 15 95 29
3 16 12 65
3 17 99 18
3 18 29 64
3 19 92 8
3 20 72 26
3 21 8 93
3 22 59 40
3 23 10 90
3 24 27 78
3 25 87 14
3 26 64 33
3 27 35 52
3 28 59 45
3 29 61 35
3 30 41 61
3 31 89 27
3 32 84 27
3 33 0 94
3 34 85 30
3 35 66 38
3 36 28 53
3 37 71 26
3 38 21 60
3 39 34 69
3 40 74 28
3 41 14 76
3 42 51 56
3 43 67 37
3 44 33 48
3 45 69 28
3 46 70 47
3 47 48 43
3 48 3 93
3 49 65 29
3 50 26 52
3 51 58 42
3 52 72 36
3 53 26 69
3 54 32 60
3 55 17 63
3 56 68 44
3 57 50 50
3 58 98 28
3 59 73 47
3 60 36 71
3 61 28 52
3 62 39 51
3 63 55 55
3 64 74 34
3 65 82 21
3 66 47 47
3 67 97 6
3 68 2 80
3 69 85 20
3 70 81 17
3 71 63 50
3 72 47 46
3 73 84 21
3 74 41 47
3 75 53 48
3 76 88 20
3 77 17 84
3 78 89 28
3 79 7 67
3 80 38 50
3 81 6 88
3 82 71 21
3 83 5 94
3 84 34 69
3 85 92 22
3 86 94 17
3 87 10 78
3 88 90 20
3 89 32 76
3 90 10 68
3 91 61 56
3 92 12 86
3 93 4 86
3 94 92 26
3 95 50 35
3 96 61 48
3 97 73 34
3 98 82 18
3 99 92 17
4 5 88 20
4 6 51 51
4 7 45 67
4 8 17 83
4 9 52 34
4 10 92 35
4 11 89 7
4 12 31 64
4 13 36 56
4 14 93 27
4 15 10 63
4 16 23 69
4 17 41 59
4 18 34 68
4 19 8 68
4 20 97 10
4 21 94 8
4 22 93 8
4 23 5 72
4 24 21 75
4 25 72 35
4 26 70 39
4 27 76 45
4 28 2 72
4 29 54 45
4 30 24 73
4 31 63 48
4 32 32 61
4 33 4 68
4 34 63 30
4 35 1 92
4 36 7 90
4 37 32 65
4 38 23 66
4 39 96 15
4 40 5 80
4 41 42 40
4 42 96 29
4 43 98 26
4 44 85 36
4 45 52 39
4 46 7 77
4 47 76 38
4 48 99 3
4 49 12 85
4 50 21 58
4 51 26 73
4 52 21 77
4 53 0 94
4 54 68 30
4 55 47 49
4 56 8 78
4 57 23 66
4 58 67 29
4 59 42 41
4 60 4 87
4 61 76 33
4 62 24 82
4 63 78 18
4 64 44 60
4 65 85 16
4 66 3 70
4 67 4 94
4 68 21 82
4 69 78 45
4 70 70 30
4 71 4 95
4 72 22 80
4 73 21 78
4 74 0 86
4 75 42 56
4 76 2 80
4 77 86 32
4 78 70 42
4 79 56 32
4 80 54 41
4 81 87 15
4 82 81 28
4 83 58 47
4 84 19 85
4 85 32 69
4 86 44 52
4 87 63 51
4 88 14 83
4 89 63 43
4 90 52 40
4 91 86 11
4 92 41 63
4 93 43 49
4 94 69 38
4 95 65 33
4 96 15 63
4 97 24 79
4 98 96 27
4 99 52 49
5 6 71 35
5 7 24 55
5 8 14 82
5 9 64 28
5 10 97 18
5 11 13 88
5 12 54 47
5 13 23 55
5 14 6 68
5 15 73 39
5 16 81 19
5 17 85 17
5 18 72 20
5 19 22 80
5 20 94 14
5 21 8 85
5 22 96 29
5 23 1 89
5 24 89 8
5 25 73 33
5 26 16 60
5 27 71 21
5 28 23 69
5 29 14 88
5 30 88 33
5 31 15 84
5 32 60 40
5 33 40 70
5 34 78 40
5 35 72 37
5 36 75 40
5 37 58 55
5 38 46 42
5 39 53 34
5 40 44 67
5 41 16 74
5 42 83 30
5 43 98 21
5 44 87 30
5 45 55 42
5 46 76 34
5 47 31 49
5 48 7 68
5 49 75 19
5 50 58 32
5 51 50 61
5 52 60 34
5 53 83 16
5 54 22 76
5 55 66 36
5 56 89 29
5 57 7 85
5 58 93 7
5 59 68 48
5 60 48 48
5 61 22 80
5 62 5 79
5 63 57 51
5 64 20 82
5 65 71 26
5 66 82 24
5 67 29 64
5 68 71 34
5 69 53 36
5 70 30 62
5 71 47 38
5 72 20 76
5 73 32 53
5 74 82 29
5 75 58 48
5 76 16 78
5 77 32 55
5 78 38 65
5 79 42 50
5 80 19 63
5 81 28 65
5 82 20 78
5 83 55 36
5 84 18 86
5 85 30 78
5 86 58 31
5 87 92 5
5 88 40 44
5 89 94 22
5 90 24 54
5 91 78 28
5 92 79 35
5 93 33 59
5 94 97 27
5 95 91 9
5 96 87 23
5 97 68 27
5 98 63 30
5 99 45 54
6 7 65 48
6 8 56 37
6 9 64 49
6 10 10 73
6 11 26 68
6 12 94 15
6 13 72 48
6 14 78 20
6 15 43 44
6 16 7 89
6 17 12 89
6 18 78 16
6 19 33 50
6 20 98 29
6 21 27 65
6 22 41 55
6 23 67 51
6 24 65 46
6 25 28 53
6 26 96 24
6 27 62 29
6 28 51 59
6 29 42 51
6 30 15 87
6 31 3 95
6 32 3 93
6 33 7 75
6 34 1 93
6 35 55 38
6 36 32 67
6 37 77 25
6 38 56 48
6 39 25 62
6 40 50 55
6 41 41 67
6 42 25 75
6 43 95 17
6 44 24 70
6 45 92 11
6 46 40 42
6 47 76 46
6 48 13 83
6 49 29 71
6 50 57 52
6 51 96 27
6 52 74 20
6 53 31 64
6 54 35 65
6 55 53 50
6 56 12 80
6 57 9 81
6 58 8 89
6 59 58 50
6 60 3 93
6 61 57 49
6 62 26 70
6 63 10 75
6 64 19 67
6 65 54 50
6 66 70 45
6 67 1 70
6 68 23 65
6 69 94 6
6 70 38 57
6 71 6 77
6 72 39 58
6 73 64 44
6 74 75 45
6 75 97 17
6 76 22 65
6 77 91 12
6 78 79 14
6 79 0 99
6 80 83 26
6 81 86 15
6 82 6 73
6 83 17 66
6 84 49 59
6 85 40 61
6 86 41 67
6 87 66 41
6 88 24 54
6 89 23 61
6 90 21 76
6 91 22 61
6 92 84 11
6 93 32 63
6 94 78 16
6 95 40 45
6 96 75 44
6 97 51 60
6 98 70 28
6 99 56 49
7 8 3 69
7 9 49 45
7 10 1 96
7 11 97 25
7 12 3 71
7 13 93 24
7 14 66 43
7 15 44 54
7 16 19 56
7 17 69 34
7 18 95 26
7 19 80 26
7 20 13 66
7 21 97 22
7 22 52 33
7 23 26 80
7 24 61 32
7 25 97 29
7 26 2 70
7 27 1 89
7 28 16 60
7 29 69 50
7 30 84 26
7 31 44 54
7 32 84 27
7 33 79 27
7 34 72 45
7 35 37 45
7 36 26 69
7 37 10 74
7 38 44 51
7 39 34 47
7 40 28 52
7 41 29 54
7 42 33 62
7 43 44 64
7 44 54 31
7 45 32 66
7 46 21 77
7 47 40 68
7 48 60 38
7 49 74 26
7 50 65 33
7 51 44 66
7 52 11 78
7 53 16 75
7 54 88 8
7 55 87 26
7 56 11 68
7 57 63 42
7 58 43 56
7 59 69 29
7 60 9 76
7 61 48 51
7 62 30 59
7 63 40 70
7 64 58 47
7 65 55 57
7 66 70 43
7 67 29 75
7 68 43 47
7 69 56 46
7 70 2 79
7 71 10 90
7 72 11 86
7 73 36 67
7 74 31 67
7 75 50 49
7 76 26 54
7 77 80 31
7 78 52 48
7 79 4 90
7 80 9 82
7 81 33 67
7 82 21 58
7 83 83 16
7 84 36 58
7 85 69 36
7 86 70 24
7 87 49 61
7 88 69 34
7 89 74 34
7 90 35 61
7 91 59 45
7 92 97 22
7 93 78 15
7 94 43 67
7 95 51 52
7 96 57 30
7 97 31 69
7 98 3 75
7 99 16 66
8 9 26 76
8 10 34 58
8 11 53 59
8 12 94 14
8 13 91 24
8 14 79 41
8 15 7 78
8 16 2 96
8 17 45 47
8 18 89 13
8 19 38 55
8 20 2 78
8 21 14 67
8 22 95 24
8 23 28 76
8 24 51 38
8 25 33 59
8 26 44 67
8 27 34 72
8 28 71 45
8 29 31 48
8 30 48 59
8 31 82 37
8 32 31 50
8 33 74 44
8 34 53 38
8 35 21 76
8 36 35 64
8 37 28 74
8 38 2 96
8 39 76 24
8 40 73 31
8 41 31 76
8 42 2 92
8 43 80 19
8 44 58 46
8 45 14 74
8 46 57 50
8 47 87 24
8 48 52 54
8 49 39 58
8 50 88 19
8 51 0 89
8 52 89 13
8 53 51 38
8 54 15 78
8 55 32 63
8 56 36 63
8 57 73 22
8 58 76 34
8 59 17 65
8 60 28 58
8 61 56 34
8 62 84 25
8 63 44 56
8 64 12 90
8 65 39 68
8 66 48 53
8 67 75 39
8 68 47 56
8 69 68 45
8 70 13 65
8 71 57 33
8 72 31 51
8 73 37 54
8 74 56 59
8 75 47 37
8 76 23 64
8 77 42 61
8 78 92 24
8 79 24 71
8 80 79 20
8 81 45 59
8 82 21 67
8 83 98 11
8 84 26 57
8 85 21 74
8 86 15 67
8 87 44 59
8 88 82 15
8 89 6 93
8 90 32 61
8 91 89 34
8 92 33 75
8 93 48 57
8 94 80 36
8 95 39 58
8 96 66 51
8 97 9 77
8 98 45 55
8 99 20 63
9 10 3 92
9 11 8 74
9 12 94 20
9 13 91 6
9 14 38 57
9 15 91 15
9 16 98 28
9 17 82 16
9 18 85 18
9 19 1 80
9 20 52 43
9 21 20 65
9 22 49 39
9 23 62 49
9 24 58 47
9 25 62 37
9 26 96 3
9 27 76 42
9 28 46 52
9 29 89 15
9 30 11 91
9 31 45 61
9 32 80 27
9 33 52 40
9 34 8 84
9 35 28 64
9 36 53 59
9 37 48 46
9 38 24 57
9 39 25 65
9 40 72 33
9 41 68 34
9 42 22 81
9 43 28 64
9 44 77 16
9 45 9 73
9 46 13 63
9 47 89 37
9 48 19 61
9 49 88 26
9 50 97 29
9 51 99 0
9 52 15 87
9 53 95 23
9 54 1 96
9 55 92 10
9 56 29 64
9 57 9 91
9 58 8 92
9 59 73 30
9 60 93 23
9 61 79 14
9 62 76 16
9 63 65 36
9 64 99 12
9 65 84 30
9 66 51 57
9 67 51 38
9 68 34 60
9 69 24 64
9 70 46 46
9 71 73 24
9 72 72 20
9 73 66 34
9 74 84 17
9 75 3 94
9 76 33 56
9 77 87 9
9 78 55 55
9 79 56 46
9 80 78 36
9 81 19 80
9 82 79 38
9 83 73 30
9 84 98 4
9 85 54 43
9 86 34 63
9 87 67 27
9 88 62 48
9 89 27 57
9 90 36 57
9 91 84 31
9 92 49 45
9 93 8 63
9 94 29 71
9 95 9 78
9 96 34 47
9 97 54 56
9 98 21 84
9 99 70 23
10 11 26 73
10 12 35 55
10 13 71 49
10 14 5 86
10 15 5 91
10 16 55 55
10 17 58 30
10 18 48 63
10 19 13 81
10 20 7 83
10 21 88 29
10 22 34 68
10 23 66 39
10 24 62 50
10 25 97 8
10 26 70 44
10 27 34 75
10 28 24 55
10 29 8 64
10 30 48 39
10 31 71 21
10 32 15 78
10 33 64 46
10 34 66 48
10 35 30 77
10 36 86 35
10 37 43 51
10 38 37 59
10 39 20 71
10 40 15 76
10 41 93 17
10 42 78 22
10 43 7 72
10 44 52 46
10 45 18 82
10 46 11 62
10 47 85 34
10 48 0 77
10 49 4 88
10 50 11 63
10 51 27 66
10 52 41 61
10 53 89 27
10 54 35 45
10 55 43 40
10 56 10 66
10 57 7 65
10 58 67 46
10 59 15 79
10 60 60 48
10 61 49 46
10 62 55 60
10 63 94 7
10 64 29 64
10 65 28 72
10 66 20 68
10 67 92 28
10 68 88 23
10 69 45 45
10 70 84 23
10 71 20 69
10 72 48 45
10 73 45 61
10 74 20 68
10 75 25 69
10 76 78 34
10 77 91 27
10 78 49 54
10 79 54 52
10 80 9 64
10 81 27 66
10 82 34 50
10 83 72 38
10 84 32 59
10 85 48 45
10 86 64 28
10 87 91 19
10 88 36 64
10 89 67 22
10 90 0 91
10 91 93 21
10 92 97 21
10 93 68 37
10 94 98 28
10 95 19 85
10 96 59 30
10 97 38 67
10 98 49 64
10 99 81 16
11 12 78 40
11 13 25 53
11 14 42 61
11 15 78 18
11 16 79 33
11 17 66 44
11 18 62 39
11 19 47 40
11 20 12 65
11 21 6 74
11 22 83 27
11 23 54 36
11 24 44 49
11 25 89 13
11 26 60 55
11 27 92 15
11 28 30 57
11 29 41 43
11 30 14 85
11 31 88 15
11 32 29 65
11 33 38 45
11 34 8 79
11 35 38 56
11 36 97 4
11 37 82 32
11 38 13 81
11 39 50 64
11 40 31 73
11 41 6 73
11 42 56 44
11 43 60 45
11 44 43 43
11 45 47 47
11 46 53 42
11 47 39 52
11 48 71 25
11 49 13 80
11 50 13 72
11 51 82 42
11 52 27 65
11 53 31 69
11 54 50 35
11 55 27 53
11 56 51 38
11 57 84 19
11 58 17 69
11 59 81 19
11 60 18 68
11 61 42 41
11 62 41 59
11 63 44 55
11 64 90 28
11 65 87 28
11 66 73 24
11 67 47 46
11 68 89 33
11 69 15 68
11 70 74 31
11 71 98 25
11 72 94 11
11 73 19 79
11 74 34 57
11 75 81 26
11 76 8 87
11 77 70 47
11 78 4 85
11 79 83 19
11 80 21 56
11 81 31 51
11 82 95 17
11 83 41 66
11 84 0 89
11 85 22 81
11 86 35 60
11 87 89 32
11 88 69 31
11 89 93 20
11 90 40 48
11 91 31 62
11 92 6 86
11 93 7 80
11 94 79 29
11 95 11 88
11 96 92 10
11 97 94 22
11 98 65 26
11 99 95 13
12 13 99 0
12 14 52 33
12 15 53 61
12 16 95 14
12 17 1 92
12 18 2 85
12 19 81 28
12 20 47 65
12 21 70 42
12 22 53 60
12 23 83 37
12 24 79 15
12 25 73 35
12 26 61 48
12 27 84 16
12 28 42 42
12 29 58 29
12 30 66 40
12 31 56 33
12 32 98 7
12 33 86 20
12 34 60 50
12 35 51 53
12 36 67 36
12 37 15 62
12 38 74 24
12 39 57 47
12 40 54 43
12 41 63 40
12 42 47 56
12 43 4 88
12 44 33 55
12 45 86 23
12 46 17 77
12 47 22 76
12 48 2 82
12 49 59 40
12 50 76 16
12 51 99 20
12 52 99 4
12 53 30 77
12 54 74 21
12 55 13 74
12 56 18 70
12 57 53 44
12 58 1 82
12 59 5 72
12 60 24 77
12 61 23 73
12 62 59 50
12 63 29 73
12 64 21 72
12 65 93 27
12 66 99 17
12 67 5 67
12 68 27 77
12 69 40 59
12 70 1 78
12 71 65 47
12 72 95 7
12 73 39 54
12 74 3 88
12 75 19 60
12 76 74 37
12 77 86 29
12 78 78 23
12 79 53 56
12 80 70 21
12 81 6 72
12 82 59 31
12 83 29 68
12 84 46 37
12 85 85 15
12 86 59 39
12 87 87 8
12 88 22 54
12 89 66 43
12 90 23 58
12 91 18 60
12 92 75 43
12 93 51 50
12 94 78 21
12 95 76 28
12 96 39 64
12 97 67 26
12 98 65 50
12 99 59 47
13 14 90 13
13 15 60 55
13 16 34 49
13 17 6 65
13 18 19 61
13 19 73 30
13 20 90 26
13 21 43 59
13 22 18 63
13 23 93 12
13 24 23 59
13 25 78 44
13 26 64 39
13 27 42 64
13 28 40 41
13 29 7 81
13 30 27 75
13 31 60 56
13 32 94 7
13 33 52 51
13 34 0 76
13 35 61 50
13 36 55 32
13 37 56 49
13 38 16 60
13 39 13 78
13 40 25 60
13 41 91 22
13 42 79 43
13 43 54 57
13 44 75 42
13 45 34 68
13 46 92 34
13 47 81 15
13 48 10 75
13 49 97 24
13 50 15 72
13 51 57 50
13 52 64 47
13 53 55 42
13 54 25 81
13 55 95 21
13 56 47 50
13 57 43 62
13 58 27 67
13 59 40 43
13 60 89 8
13 61 2 95
13 62 37 51
13 63 90 32
13 64 14 64
13 65 7 78
13 66 32 67
13 67 44 47
13 68 99 24
13 69 14 62
13 70 4 80
13 71 92 35
13 72 71 42
13 73 20 79
13 74 93 34
13 75 65 34
13 76 72 33
13 77 5 84
13 78 48 62
13 79 9 68
13 80 87 30
13 81 97 21
13 82 96 10
13 83 49 41
13 84 12 63
13 85 9 76
13 86 36 71
13 87 41 42
13 88 68 51
13 89 44 57
13 90 9 84
13 91 55 36
13 92 83 17
13 93 31 52
13 94 90 10
13 95 73 40
13 96 89 9
13 97 69 30
13 98 57 39
13 99 54 40
14 15 73 38
14 16 19 67
14 17 84 27
14 18 41 63
14 19 10 78
14 20 84 35
14 21 28 73
14 22 17 87
14 23 54 47
14 24 88 15
14 25 29 66
14 26 63 44
14 27 90 26
14 28 4 72
14 29 57 57
14 30 59 54
14 31 22 79
14 32 80 31
14 33 76 26
14 34 79 14
14 35 32 68
14 36 45 38
14 37 74 38
14 38 4 77
14 39 65 35
14 40 48 50
14 41 27 64
14 42 91 26
14 43 10 75
14 44 41 43
14 45 39 69
14 46 78 23
14 47 75 17
14 48 17 80
14 49 45 62
14 50 68 42
14 51 71 30
14 52 83 25
14 53 21 61
14 54 38 44
14 55 24 60
14 56 6 89
14 57 50 56
14 58 45 57
14 59 96 4
14 60 60 56
14 61 96 14
14 62 28 59
14 63 34 50
14 64 92 26
14 65 81 19
14 66 34 53
14 67 96 15
14 68 42 69
14 69 76 27
14 70 63 43
14 71 53 33
14 72 72 27
14 73 11 79
14 74 81 23
14 75 23 78
14 76 78 28
14 77 22 68
14 78 33 68
14 79 27 53
14 80 51 60
14 81 73 44
14 82 64 54
14 83 8 87
14 84 26 66
14 85 56 50
14 86 23 68
14 87 33 51
14 88 37 68
14 89 82 35
14 90 64 54
14 91 43 39
14 92 16 83
14 93 12 67
14 94 66 35
14 95 68 35
14 96 3 93
14 97 4 72
14 98 68 24
14 99 38 64
15 16 90 15
15 17 88 25
15 18 87 32
15 19 57 45
15 20 10 65
15 21 29 63
15 22 36 68
15 23 11 69
15 24 76 20
15 25 63 52
15 26 2 74
15 27 44 64
15 28 61 41
15 29 18 79
15 30 23 77
15 31 2 77
15 32 11 73
15 33 75 33
15 34 26 76
15 35 2 92
15 36 86 18
15 37 41 53
15 38 12 64
15 39 15 60
15 40 64 43
15 41 23 57
15 42 62 30
15 43 84 36
15 44 94 27
15 45 59 43
15 46 17 79
15 47 59 49
15 48 74 18
15 49 48 41
15 50 40 65
15 51 59 35
15 52 34 50
15 53 4 74
15 54 78 21
15 55 33 50
15 56 34 50
15 57 82 28
15 58 23 78
15 59 17 67
15 60 82 37
15 61 42 51
15 62 99 9
15 63 64 32
15 64 13 82
15 65 73 34
15 66 44 65
15 67 15 72
15 68 26 63
15 69 90 9
15 70 23 79
15 71 90 26
15 72 13 79
15 73 55 42
15 74 1 69
15 75 45 52
15 76 47 59
15 77 23 79
15 78 35 56
15 79 56 31
15 80 35 54
15 81 12 71
15 82 45 49
15 83 71 23
15 84 93 27
15 85 89 8
15 86 94 7
15 87 42 43
15 88 15 71
15 89 38 52
15 90 28 53
15 91 66 36
15 92 97 7
15 93 20 80
15 94 98 5
15 95 47 54
15 96 38 60
15 97 18 77
15 98 1 70
15 99 14 76
16 17 47 60
16 18 24 65
16 19 36 62
16 20 97 16
16 21 61 31
16 22 29 69
16 23 48 64
16 24 65 52
16 25 2 98
16 26 96 25
16 27 3 77
16 28 59 31
16 29 76 34
16 30 0 71
16 31 2 90
16 32 76 21
16 33 10 75
16 34 0 72
16 35 87 31
16 36 87 18
16 37 38 47
16 38 70 32
16 39 49 48
16 40 72 33
16 41 61 33
16 42 14 80
16 43 78 20
16 44 92 11
16 45 74 23
16 46 26 74
16 47 63 48
16 48 30 62
16 49 53 53
16 50 68 26
16 51 74 31
16 52 30 66
16 53 68 30
16 54 35 70
16 55 97 28
16 56 57 33
16 57 10 79
16 58 60 39
16 59 66 26
16 60 5 80
16 61 77 45
16 62 86 23
16 63 7 66
16 64 52 39
16 65 20 68
16 66 99 28
16 67 76 26
16 68 90 21
16 69 11 80
16 70 89 25
16 71 96 4
16 72 94 31
16 73 98 8
16 74 85 17
16 75 49 43
16 76 62 41
16 77 53 57
16 78 85 39
16 79 87 9
16 80 13 61
16 81 32 72
16 82 18 76
16 83 0 84
16 84 49 54
16 85 98 6
16 86 46 53
16 87 51 44
16 88 23 74
16 89 22 78
16 90 14 85
16 91 4 70
16 92 72 46
16 93 2 71
16 94 3 73
16 95 26 51
16 96 91 35
16 97 0 92
16 98 27 79
16 99 63 42
17 18 21 61
17 19 90 17
17 20 66 40
17 21 44 55
17 22 22 76
17 23 86 37
17 24 86 35
17 25 84 24
17 26 34 49
17 27 22 76
17 28 36 51
17 29 89 29
17 30 15 70
17 31 31 62
17 32 38 45
17 33 86 37
17 34 73 21
17 35 45 65
17 36 55 46
17 37 25 80
17 38 79 29
17 39 29 65
17 40 80 39
17 41 5 68
17 42 7 82
17 43 87 28
17 44 73 26
17 45 57 39
17 46 37 49
17 47 42 56
17 48 35 74
17 49 38 68
17 50 42 45
17 51 12 63
17 52 94 12
17 53 9 92
17 54 44 56
17 55 86 11
17 56 20 70
17 57 81 35
17 58 91 9
17 59 87 18
17 60 60 32
17 61 23 70
17 62 9 68
17 63 57 29
17 64 52 49
17 65 68 48
17 66 50 62
17 67 54 52
17 68 6 77
17 69 84 32
17 70 18 73
17 71 89 9
17 72 1 74
17 73 63 46
17 74 62 30
17 75 73 21
17 76 52 45
17 77 38 62
17 78 73 27
17 79 93 14
17 80 37 45
17 81 47 61
17 82 35 52
17 83 95 17
17 84 37 58
17 85 5 91
17 86 86 11
17 87 1 75
17 88 32 57
17 89 69 50
17 90 2 95
17 91 90 29
17 92 57 41
17 93 12 84
17 94 14 83
17 95 14 70
17 96 82 19
17 97 67 40
17 98 24 75
17 99 60 55
18 19 59 51
18 20 38 68
18 21 88 26
18 22 10 87
18 23 68 45
18 24 23 74
18 25 51 51
18 26 4 67
18 27 21 68
18 28 75 18
18 29 61 52
18 30 16 67
18 31 87 34
18 32 10 80
18 33 79 17
18 34 34 53
18 35 77 30
18 36 97 20
18 37 95 28
18 38 3 70
18 39 90 14
18 40 60 50
18 41 3 89
18 42 77 38
18 43 94 15
18 44 69 39
18 45 17 62
18 46 20 67
18 47 45 67
18 48 17 80
18 49 96 26
18 50 42 42
18 51 93 19
18 52 38 53
18 53 88 17
18 54 11 65
18 55 31 48
18 56 0 82
18 57 23 65
18 58 20 65
18 59 68 31
18 60 27 64
18 61 15 84
18 62 20 73
18 63 50 40
18 64 86 34
18 65 63 55
18 66 57 37
18 67 67 43
18 68 89 30
18 69 25 58
18 70 66 40
18 71 71 26
18 72 45 47
18 73 65 38
18 74 25 80
18 75 95 18
18 76 93 22
18 77 40 48
18 78 81 26
18 79 33 55
18 80 94 4
18 81 4 72
18 82 58 35
18 83 94 33
18 84 0 81
18 85 88 24
18 86 91 12
18 87 8 67
18 88 63 52
18 89 77 29
18 90 16 74
18 91 10 89
18 92 73 20
18 93 26 55
18 94 20 59
18 95 41 44
18 96 51 59
18 97 9 79
18 98 83 23
18 99 62 30
19 20 72 31
19 21 78 39
19 22 54 35
19 23 44 65
19 24 14 86
19 25 90 32
19 26 67 45
19 27 39 50
19 28 45 53
19 29 68 31
19 30 41 42
19 31 59 36
19 32 25 55
19 33 0 90
19 34 77 33
19 35 57 51
19 36 28 67
19 37 83 12
19 38 29 73
19 39 32 48
19 40 67 23
19 41 53 58
19 42 98 15
19 43 76 43
19 44 15 63
19 45 33 52
19 46 74 31
19 47 87 9
19 48 83 21
19 49 46 58
19 50 37 71
19 51 28 77
19 52 0 87
19 53 5 74
19 54 87 15
19 55 62 44
19 56 19 73
19 57 26 80
19 58 22 69
19 59 53 53
19 60 88 30
19 61 68 38
19 62 53 37
19 63 69 37
19 64 16 64
19 65 72 27
19 66 93 19
19 67 10 85
19 68 3 69
19 69 5 90
19 70 46 63
19 71 94 20
19 72 4 72
19 73 74 31
19 74 80 35
19 75 37 64
19 76 80 37
19 77 83 25
19 78 34 50
19 79 16 86
19 80 75 46
19 81 48 61
19 82 64 55
19 83 23 83
19 84 30 65
19 85 74 48
19 86 15 86
19 87 74 43
19 88 76 41
19 89 45 63
19 90 32 64
19 91 26 57
19 92 97 16
19 93 96 21
19 94 94 22
19 95 6 70
19 96 6 92
19 97 87 10
19 98 60 39
19 99 27 77
20 21 95 17
20 22 9 90
20 23 66 35
20 24 69 23
20 25 92 7
20 26 16 81
20 27 79 23
20 28 61 56
20 29 46 57
20 30 69 39
20 31 45 57
20 32 51 59
20 33 33 59
20 34 57 51
20 35 45 42
20 36 29 65
20 37 81 19
20 38 19 83
20 39 17 83
20 40 51 35
20 41 67 37
20 42 98 20
20 43 69 38
20 44 78 18
20 45 22 72
20 46 95 4
20 47 3 76
20 48 54 39
20 49 35 59
20 50 7 84
20 51 96 31
20 52 99 17
20 53 25 77
20 54 41 69
20 55 15 67
20 56 40 61
20 57 32 61
20 58 73 20
20 59 21 55
20 60 25 75
20 61 53 34
20 62 51 49
20 63 70 35
20 64 44 65
20 65 30 53
20 66 74 42
20 67 5 89
20 68 6 80
20 69 96 3
20 70 93 7
20 71 49 39
20 72 31 54
20 73 38 47
20 74 38 62
20 75 12 76
20 76 81 25
20 77 42 64
20 78 97 27
20 79 2 85
20 80 91 9
20 81 73 19
20 82 43 64
20 83 3 83
20 84 77 44
20 85 8 77
20 86 10 92
20 87 23 54
20 88 80 43
20 89 55 31
20 90 68 23
20 91 47 56
20 92 44 53
20 93 12 79
20 94 20 60
20 95 14 79
20 96 24 79
20 97 23 78
20 98 18 65
20 99 15 69
21 22 11 74
21 23 1 93
21 24 33 70
21 25 39 48
21 26 58 49
21 27 27 68
21 28 59 40
21 29 36 54
21 30 99 20
21 31 47 38
21 32 82 29
21 33 95 30
21 34 59 57
21 35 19 74
21 36 78 40
21 37 14 69
21 38 34 64
21 39 51 43
21 40 86 15
21 41 21 70
21 42 11 67
21 43 25 64
21 44 9 79
21 45 8 73
21 46 34 56
21 47 8 72
21 48 45 50
21 49 68 32
21 50 3 76
21 51 65 53
21 52 72 28
21 53 33 72
21 54 51 38
21 55 60 29
21 56 99 3
21 57 26 80
21 58 69 41
21 59 87 28
21 60 16 74
21 61 56 47
21 62 55 41
21 63 94 8
21 64 68 39
21 65 39 45
21 66 26 77
21 67 7 69
21 68 97 19
21 69 30 67
21 70 59 50
21 71 70 31
21 72 84 39
21 73 12 87
21 74 81 30
21 75 0 82
21 76 76 28
21 77 44 46
21 78 13 82
21 79 28 61
21 80 57 40
21 81 5 68
21 82 36 74
21 83 23 67
21 84 99 27
21 85 17 87
21 86 36 65
21 87 57 31
21 88 4 86
21 89 48 52
21 90 76 24
21 91 5 89
21 92 91 14
21 93 90 14
21 94 96 22
21 95 77 33
21 96 75 44
21 97 13 62
21 98 1 85
21 99 34 69
22 23 44 44
22 24 91 32
22 25 44 50
22 26 88 36
22 27 36 50
22 28 70 28
22 29 90 11
22 30 71 26
22 31 59 49
22 32 67 49
22 33 23 55
22 34 85 24
22 35 58 42
22 36 78 31
22 37 69 35
22 38 30 75
22 39 78 33
22 40 50 62
22 41 4 74
22 42 43 61
22 43 18 58
22 44 4 78
22 45 7 80
22 46 19 81
22 47 30 52
22 48 36 52
22 49 14 76
22 50 40 63
22 51 28 71
22 52 79 28
22 53 28 78
22 54 19 80
22 55 45 39
22 56 48 65
22 57 18 60
22 58 92 31
22 59 41 65
22 60 53 47
22 61 1 89
22 62 45 49
22 63 50 45
22 64 41 60
22 65 3 89
22 66 93 31
22 67 91 27
22 68 64 32
22 69 45 62
22 70 10 75
22 71 11 62
22 72 53 56
22 73 78 38
22 74 5 90
22 75 38 61
22 76 85 20
22 77 66 30
22 78 10 67
22 79 55 50
22 80 13 69
22 81 27 73
22 82 25 65
22 83 85 21
22 84 38 69
22 85 3 87
22 86 24 80
22 87 51 52
22 88 3 87
22 89 73 21
22 90 1 77
22 91 42 58
22 92 97 10
22 93 12 69
22 94 37 67
22 95 15 75
22 96 49 57
22 97 32 68
22 98 57 36
22 99 88 26
23 24 70 36
23 25 14 72
23 26 32 69
23 27 76 41
23 28 25 63
23 29 85 12
23 30 94 29
23 31 38 56
23 32 83 18
23 33 40 46
23 34 64 52
23 35 68 42
23 36 81 13
23 37 27 75
23 38 93 9
23 39 16 60
23 40 1 92
23 41 72 43
23 42 81 31
23 43 31 52
23 44 97 3
23 45 78 26
23 46 18 58
23 47 14 79
23 48 76 16
23 49 44 61
23 50 32 62
23 51 89 35
23 52 49 59
23 53 69 25
23 54 37 51
23 55 24 53
23 56 46 55
23 57 33 50
23 58 63 43
23 59 62 54
23 60 15 66
23 61 16 87
23 62 5 82
23 63 66 48
23 64 39 59
23 65 88 17
23 66 82 39
23 67 4 88
23 68 80 16
23 69 4 91
23 70 92 32
23 71 46 39
23 72 39 62
23 73 52 57
23 74 16 76
23 75 28 65
23 76 69 31
23 77 55 31
23 78 2 87
23 79 86 21
23 80 52 51
23 81 32 68
23 82 16 62
23 83 54 57
23 84 14 89
23 85 34 64
23 86 38 62
23 87 73 39
23 88 71 31
23 89 98 18
23 90 16 74
23 91 38 63
23 92 83 27
23 93 55 51
23 94 22 57
23 95 22 62
23 96 43 67
23 97 68 48
23 98 3 94
23 99 27 56
24 25 45 68
24 26 49 60
24 27 86 32
24 28 95 3
24 29 30 56
24 30 6 74
24 31 52 38
24 32 37 68
24 33 16 78
24 34 92 20
24 35 53 33
24 36 50 46
24 37 17 76
24 38 70 22
24 39 63 52
24 40 11 90
24 41 47 45
24 42 10 86
24 43 73 20
24 44 7 73
24 45 13 81
24 46 4 93
24 47 21 67
24 48 47 57
24 49 38 58
24 50 17 83
24 51 4 68
24 52 44 59
24 53 6 78
24 54 92 32
24 55 30 78
24 56 65 29
24 57 47 44
24 58 61 43
24 59 3 78
24 60 4 72
24 61 71 40
24 62 57 49
24 63 98 2
24 64 10 68
24 65 88 29
24 66 84 20
24 67 49 43
24 68 0 84
24 69 9 93
24 70 37 56
24 71 98 11
24 72 37 44
24 73 66 29
24 74 57 41
24 75 18 69
24 76 63 29
24 77 96 5
24 78 40 49
24 79 41 58
24 80 39 71
24 81 52 42
24 82 82 33
24 83 77 23
24 84 40 65
24 85 66 28
24 86 84 33
24 87 59 56
24 88 40 60
24 89 88 33
24 90 6 88
24 91 0 89
24 92 42 63
24 93 88 16
24 94 37 71
24 95 99 22
24 96 64 28
24 97 16 87
24 98 4 90
24 99 29 54
25 26 0 85
25 27 55 46
25 28 91 32
25 29 48 56
25 30 90 26
25 31 75 17
25 32 22 75
25 33 94 26
25 34 88 8
25 35 44 48
25 36 5 92
25 37 10 80
25 38 11 78
25 39 91 33
25 40 27 52
25 41 60 43
25 42 56 33
25 43 99 26
25 44 49 39
25 45 47 66
25 46 81 32
25 47 58 42
25 48 79 16
25 49 86 25
25 50 68 33
25 51 61 39
25 52 65 42
25 53 45 48
25 54 18 68
25 55 88 12
25 56 87 25
25 57 13 65
25 58 23 63
25 59 9 64
25 60 19 82
25 61 43 57
25 62 57 47
25 63 82 30
25 64 14 64
25 65 39 66
25 66 4 75
25 67 14 86
25 68 80 14
25 69 11 62
25 70 0 74
25 71 74 47
25 72 92 34
25 73 11 82
25 74 31 63
25 75 99 7
25 76 64 25
25 77 7 73
25 78 86 21
25 79 80 29
25 80 76 32
25 81 43 46
25 82 42 64
25 83 39 64
25 84 80 35
25 85 83 13
25 86 36 64
25 87 28 79
25 88 71 29
25 89 90 34
25 90 93 25
25 91 1 73
25 92 56 31
25 93 15 77
25 94 61 28
25 95 9 70
25 96 98 4
25 97 32 64
25 98 28 70
25 99 65 34
26 27 54 44
26 28 97 22
26 29 67 52
26 30 58 43
26 31 82 40
26 32 69 28
26 33 19 79
26 34 97 2
26 35 11 62
26 36 46 65
26 37 82 38
26 38 97 27
26 39 32 59
26 40 31 50
26 41 34 60
26 42 21 64
26 43 75 22
26 44 33 56
26 45 24 71
26 46 18 59
26 47 8 65
26 48 86 24
26 49 55 57
26 50 71 36
26 51 48 46
26 52 50 51
26 53 85 28
26 54 52 44
26 55 82 21
26 56 5 81
26 57 85 17
26 58 78 16
26 59 79 39
26 60 56 56
26 61 68 35
26 62 97 28
26 63 12 78
26 64 33 48
26 65 59 31
26 66 99 30
26 67 1 87
26 68 48 55
26 69 38 58
26 70 2 89
26 71 72 37
26 72 84 35
26 73 60 29
26 74 74 41
26 75 62 44
26 76 46 40
26 77 45 57
26 78 68 45
26 79 2 92
26 80 3 78
26 81 41 47
26 82 66 25
26 83 29 60
26 84 15 74
26 85 75 37
26 86 93 9
26 87 74 32
26 88 4 95
26 89 61 40
26 90 24 73
26 91 50 54
26 92 6 78
26 93 91 29
26 94 17 61
26 95 18 79
26 96 53 58
26 97 22 76
26 98 27 52
26 99 15 69
27 28 26 77
27 29 61 51
27 30 94 16
27 31 8 78
27 32 65 39
27 33 38 46
27 34 91 14
27 35 69 49
27 36 18 67
27 37 6 86
27 38 37 47
27 39 13 66
27 40 77 23
27 41 95 22
27 42 97 12
27 43 97 23
27 44 73 30
27 45 16 71
27 46 2 77
27 47 35 71
27 48 77 37
27 49 52 38
27 50 11 63
27 51 60 44
27 52 92 22
27 53 23 75
27 54 73 23
27 55 95 8
27 56 12 64
27 57 51 63
27 58 28 73
27 59 70 31
27 60 37 70
27 61 25 70
27 62 43 64
27 63 55 45
27 64 1 86
27 65 72 41
27 66 38 46
27 67 18 65
27 68 18 58
27 69 75 19
27 70 4 95
27 71 82 18
27 72 5 84
27 73 69 36
27 74 74 23
27 75 92 22
27 76 39 45
27 77 17 86
27 78 62 35
27 79 50 41
27 80 35 61
27 81 26 53
27 82 86 25
27 83 6 67
27 84 11 67
27 85 72 31
27 86 86 23
27 87 64 41
27 88 58 49
27 89 97 23
27 90 51 41
27 91 57 38
27 92 42 60
27 93 49 65
27 94 33 55
27 95 96 6
27 96 10 83
27 97 14 79
27 98 27 53
27 99 66 51
28 29 8 75
28 30 57 58
28 31 96 11
28 32 30 78
28 33 29 74
28 34 68 35
28 35 39 51
28 36 82 32
28 37 14 88
28 38 98 21
28 39 86 19
28 40 11 62
28 41 2 68
28 42 44 47
28 43 44 49
28 44 13 73
28 45 25 67
28 46 66 39
28 47 1 90
28 48 88 29
28 49 24 74
28 50 61 43
28 51 56 33
28 52 52 58
28 53 98 29
28 54 27 53
28 55 37 60
28 56 37 55
28 57 44 61
28 58 83 37
28 59 22 82
28 60 69 37
28 61 82 32
28 62 57 44
28 63 25 69
28 64 15 67
28 65 96 32
28 66 7 77
28 67 29 70
28 68 78 22
28 69 52 35
28 70 38 70
28 71 46 47
28 72 80 22
28 73 84 31
28 74 3 72
28 75 49 44
28 76 48 57
28 77 68 51
28 78 9 74
28 79 59 31
28 80 43 54
28 81 22 70
28 82 54 35
28 83 90 11
28 84 30 74
28 85 99 25
28 86 37 70
28 87 80 26
28 88 73 28
28 89 98 15
28 90 78 27
28 91 83 36
28 92 95 19
28 93 70 39
28 94 35 52
28 95 4 85
28 96 75 38
28 97 55 51
28 98 73 28
28 99 8 93
29 30 13 89
29 31 27 62
29 32 96 2
29 33 1 74
29 34 27 75
29 35 76 21
29 36 0 84
29 37 44 50
29 38 80 30
29 39 14 89
29 40 7 89
29 41 1 81
29 42 20 61
29 43 17 60
29 44 84 30
29 45 51 62
29 46 16 70
29 47 19 70
29 48 38 47
29 49 48 45
29 50 47 48
29 51 13 80
29 52 30 69
29 53 94 11
29 54 75 44
29 55 8 93
29 56 97 17
29 57 19 81
29 58 28 65
29 59 98 24
29 60 36 61
29 61 58 33
29 62 90 30
29 63 28 56
29 64 76 26
29 65 58 33
29 66 54 43
29 67 61 55
29 68 26 66
29 69 29 55
29 70 84 35
29 71 97 4
29 72 71 30
29 73 25 78
29 74 78 44
29 75 14 70
29 76 84 17
29 77 6 81
29 78 97 5
29 79 98 8
29 80 57 35
29 81 21 74
29 82 4 94
29 83 38 47
29 84 16 68
29 85 14 66
29 86 42 50
29 87 97 27
29 88 0 79
29 89 77 35
29 90 27 64
29 91 88 10
29 92 16 68
29 93 2 83
29 94 75 23
29 95 11 73
29 96 69 25
29 97 3 78
29 98 74 45
29 99 10 71
30 31 40 49
30 32 49 62
30 33 33 58
30 34 65 25
30 35 69 48
30 36 25 80
30 37 47 57
30 38 20 83
30 39 50 44
30 40 35 68
30 41 73 34
30 42 22 61
30 43 3 83
30 44 22 59
30 45 16 73
30 46 1 76
30 47 93 9
30 48 33 48
30 49 20 58
30 50 54 34
30 51 12 71
30 52 22 65
30 53 73 41
30 54 80 21
30 55 47 50
30 56 49 50
30 57 99 21
30 58 65 53
30 59 50 48
30 60 30 70
30 61 15 84
30 62 45 54
30 63 69 44
30 64 22 72
30 65 70 36
30 66 80 42
30 67 81 38
30 68 19 58
30 69 15 71
30 70 19 70
30 71 69 37
30 72 37 54
30 73 46 48
30 74 0 85
30 75 22 64
30 76 28 65
30 77 21 58
30 78 93 17
30 79 78 29
30 80 97 20
30 81 5 72
30 82 13 70
30 83 44 40
30 84 72 24
30 85 77 31
30 86 6 84
30 87 9 73
30 88 86 16
30 89 0 98
30 90 4 90
30 91 27 53
30 92 85 32
30 93 24 59
30 94 11 87
30 95 72 33
30 96 75 42
30 97 2 91
30 98 34 65
30 99 91 8
31 32 87 29
31 33 42 70
31 34 26 56
31 35 75 45
31 36 35 71
31 37 7 85
31 38 14 72
31 39 83 26
31 40 37 69
31 41 68 31
31 42 54 48
31 43 94 15
31 44 93 18
31 45 63 37
31 46 50 55
31 47 27 72
31 48 70 37
31 49 87 37
31 50 87 38
31 51 56 59
31 52 96 29
31 53 11 79
31 54 29 53
31 55 35 59
31 56 53 58
31 57 96 10
31 58 35 54
31 59 47 53
31 60 34 64
31 61 30 63
31 62 28 59
31 63 14 84
31 64 30 76
31 65 4 92
31 66 10 79
31 67 83 37
31 68 31 61
31 69 70 31
31 70 82 33
31 71 5 80
31 72 7 69
31 73 44 48
31 74 9 85
31 75 96 29
31 76 70 24
31 77 81 18
31 78 55 32
31 79 64 30
31 80 94 8
31 81 33 61
31 82 36 48
31 83 3 75
31 84 43 45
31 85 87 12
31 86 69 35
31 87 43 52
31 88 6 71
31 89 94 28
31 90 55 55
31 91 22 78
31 92 27 75
31 93 98 12
31 94 50 37
31 95 12 81
31 96 90 31
31 97 94 7
31 98 7 73
31 99 62 30
32 33 29 78
32 34 90 13
32 35 51 55
32 36 19 78
32 37 38 45
32 38 18 70
32 39 56 44
32 40 21 77
32 41 96 31
32 42 36 65
32 43 5 75
32 44 99 7
32 45 49 50
32 46 94 10
32 47 37 51
32 48 19 80
32 49 30 72
32 50 37 67
32 51 85 16
32 52 80 25
32 53 18 69
32 54 54 46
32 55 10 83
32 56 15 88
32 57 68 23
32 58 17 73
32 59 77 42
32 60 37 68
32 61 91 13
32 62 48 62
32 63 72 33
32 64 90 16
32 65 94 17
32 66 36 46
32 67 34 74
32 68 26 62
32 69 32 75
32 70 6 92
32 71 71 25
32 72 23 72
32 73 98 14
32 74 3 76
32 75 35 46
32 76 46 60
32 77 29 76
32 78 22 73
32 79 45 61
32 80 27 63
32 81 7 89
32 82 70 46
32 83 96 24
32 84 2 81
32 85 45 64
32 86 33 51
32 87 84 26
32 88 64 48
32 89 93 12
32 90 46 58
32 91 61 39
32 92 31 62
32 93 3 96
32 94 50 37
32 95 62 39
32 96 34 47
32 97 3 68
32 98 3 85
32 99 61 28
33 34 9 92
33 35 52 33
33 36 63 28
33 37 65 46
33 38 57 40
33 39 43 62
33 40 57 44
33 41 47 58
33 42 40 63
33 43 61 49
33 44 53 61
33 45 44 39
33 46 43 49
33 47 19 82
33 48 70 46
33 49 97 20
33 50 46 54
33 51 51 49
33 52 95 32
33 53 45 45
33 54 92 17
33 55 84 32
33 56 82 23
33 57 17 61
33 58 94 30
33 59 62 36
33 60 84 31
33 61 94 32
33 62 96 30
33 63 94 25
33 64 50 41
33 65 71 33
33 66 12 75
33 67 36 55
33 68 9 76
33 69 88 36
33 70 18 75
33 71 55 45
33 72 46 65
33 73 33 60
33 74 76 28
33 75 29 67
33 76 37 59
33 77 42 55
33 78 64 25
33 79 74 24
33 80 68 23
33 81 93 24
33 82 0 93
33 83 85 12
33 84 92 29
33 85 15 76
33 86 37 69
33 87 41 44
33 88 44 66
33 89 40 68
33 90 93 33
33 91 87 33
33 92 16 85
33 93 77 35
33 94 64 48
33 95 29 66
33 96 42 54
33 97 17 79
33 98 90 15
33 99 71 32
34 35 49 59
34 36 43 40
34 37 6 85
34 38 86 15
34 39 16 62
34 40 72 34
34 41 84 36
34 42 90 33
34 43 31 68
34 44 73 37
34 45 90 24
34 46 51 34
34 47 49 63
34 48 83 17
34 49 40 42
34 50 12 67
34 51 14 84
34 52 85 38
34 53 65 39
34 54 99 28
34 55 28 68
34 56 46 52
34 57 40 43
34 58 27 75
34 59 84 18
34 60 77 33
34 61 33 52
34 62 97 31
34 63 84 16
34 64 85 23
34 65 72 40
34 66 95 14
34 67 97 7
34 68 85 37
34 69 46 46
34 70 97 18
34 71 10 63
34 72 71 25
34 73 68 37
34 74 35 65
34 75 45 53
34 76 87 21
34 77 14 84
34 78 75 25
34 79 54 46
34 80 91 14
34 81 0 86
34 82 94 31
34 83 60 48
34 84 62 29
34 85 0 98
34 86 2 68
34 87 15 73
34 88 78 15
34 89 19 75
34 90 22 59
34 91 64 38
34 92 79 25
34 93 65 38
34 94 5 85
34 95 84 11
34 96 76 24
34 97 75 30
34 98 78 21
34 99 71 27
35 36 1 77
35 37 64 35
35 38 71 37
35 39 94 28
35 40 1 73
35 41 28 53
35 42 20 84
35 43 64 42
35 44 76 28
35 45 30 56
35 46 83 41
35 47 24 66
35 48 55 45
35 49 71 43
35 50 33 58
35 51 2 72
35 52 80 42
35 53 69 50
35 54 86 35
35 55 8 75
35 56 56 56
35 57 52 61
35 58 60 54
35 59 61 33
35 60 19 77
35 61 41 48
35 62 11 64
35 63 6 68
35 64 0 76
35 65 73 25
35 66 96 23
35 67 70 43
35 68 59 40
35 69 36 51
35 70 94 22
35 71 35 60
35 72 87 32
35 73 70 23
35 74 49 63
35 75 1 85
35 76 55 59
35 77 94 20
35 78 45 52
35 79 61 33
35 80 16 69
35 81 43 49
35 82 43 62
35 83 98 2
35 84 78 32
35 85 68 39
35 86 78 32
35 87 64 52
35 88 78 32
35 89 81 39
35 90 34 66
35 91 57 50
35 92 91 18
35 93 48 40
35 94 34 72
35 95 49 38
35 96 68 43
35 97 86 10
35 98 73 19
35 99 90 13
36 37 72 29
36 38 14 82
36 39 50 46
36 40 69 48
36 41 41 59
36 42 16 78
36 43 96 21
36 44 34 72
36 45 27 64
36 46 19 67
36 47 72 23
36 48 2 95
36 49 54 34
36 50 70 30
36 51 50 52
36 52 71 41
36 53 4 74
36 54 27 70
36 55 4 68
36 56 14 68
36 57 40 46
36 58 17 73
36 59 1 97
36 60 85 32
36 61 17 64
36 62 31 52
36 63 77 18
36 64 22 73
36 65 54 47
36 66 46 52
36 67 89 33
36 68 55 40
36 69 60 52
36 70 54 55
36 71 7 80
36 72 60 45
36 73 31 57
36 74 15 86
36 75 48 45
36 76 55 45
36 77 58 46
36 78 26 60
36 79 65 29
36 80 27 54
36 81 84 24
36 82 85 14
36 83 2 84
36 84 41 66
36 85 27 52
36 86 66 46
36 87 71 35
36 88 84 27
36 89 22 81
36 90 87 24
36 91 65 44
36 92 72 37
36 93 43 48
36 94 53 59
36 95 25 76
36 96 15 73
36 97 68 36
36 98 74 28
36 99 87 26
37 38 69 30
37 39 73 39
37 40 7 84
37 41 30 67
37 42 75 24
37 43 56 47
37 44 22 62
37 45 30 58
37 46 35 63
37 47 67 41
37 48 89 25
37 49 30 75
37 50 74 31
37 51 6 93
37 52 29 66
37 53 84 16
37 54 99 20
37 55 41 45
37 56 80 40
37 57 2 70
37 58 30 56
37 59 50 63
37 60 29 70
37 61 38 61
37 62 22 57
37 63 33 47
37 64 97 12
37 65 31 49
37 66 1 98
37 67 83 17
37 68 64 42
37 69 15 75
37 70 8 90
37 71 51 55
37 72 75 38
37 73 55 42
37 74 46 50
37 75 74 27
37 76 66 44
37 77 59 35
37 78 21 56
37 79 42 67
37 80 51 63
37 81 24 76
37 82 67 43
37 83 10 86
37 84 36 69
37 85 46 53
37 86 81 19
37 87 23 81
37 88 73 45
37 89 62 53
37 90 42 54
37 91 42 44
37 92 0 87
37 93 39 59
37 94 92 28
37 95 59 55
37 96 69 26
37 97 25 69
37 98 8 91
37 99 85 11
38 39 71 27
38 40 73 39
38 41 43 40
38 42 58 52
38 43 72 42
38 44 32 62
38 45 12 71
38 46 79 16
38 47 92 21
38 48 74 18
38 49 66 34
38 50 19 71
38 51 59 54
38 52 52 61
38 53 8 64
38 54 65 30
38 55 69 50
38 56 2 75
38 57 86 27
38 58 96 28
38 59 94 18
38 60 24 68
38 61 26 59
38 62 2 76
38 63 90 19
38 64 83 30
38 65 41 48
38 66 34 54
38 67 87 29
38 68 8 79
38 69 84 31
38 70 85 37
38 71 86 39
38 72 29 55
38 73 74 27
38 74 93 30
38 75 18 59
38 76 63 26
38 77 8 66
38 78 44 66
38 79 47 62
38 80 82 39
38 81 69 39
38 82 68 27
38 83 30 49
38 84 65 40
38 85 37 49
38 86 18 79
38 87 9 73
38 88 96 14
38 89 77 44
38 90 46 45
38 91 27 79
38 92 47 41
38 93 8 77
38 94 0 76
38 95 6 78
38 96 68 42
38 97 21 59
38 98 53 41
38 99 72 44
39 40 63 51
39 41 11 83
39 42 3 96
39 43 68 46
39 44 81 28
39 45 34 72
39 46 47 40
39 47 83 38
39 48 50 61
39 49 94 10
39 50 60 30
39 51 31 68
39 52 77 36
39 53 66 31
39 54 28 56
39 55 30 74
39 56 8 70
39 57 82 17
39 58 61 38
39 59 41 47
39 60 0 76
39 61 85 33
39 62 23 78
39 63 63 47
39 64 11 77
39 65 69 50
39 66 43 60
39 67 1 93
39 68 66 44
39 69 90 20
39 70 46 58
39 71 97 31
39 72 55 51
39 73 23 74
39 74 69 47
39 75 74 38
39 76 73 35
39 77 12 66
39 78 76 43
39 79 15 68
39 80 24 53
39 81 62 47
39 82 61 40
39 83 98 22
39 84 38 70
39 85 11 91
39 86 48 43
39 87 56 47
39 88 19 66
39 89 98 8
39 90 35 61
39 91 31 73
39 92 71 22
39 93 79 25
39 94 19 67
39 95 1 85
39 96 96 27
39 97 48 55
39 98 58 55
39 99 93 14
40 41 43 51
40 42 54 56
40 43 25 78
40 44 9 65
40 45 32 58
40 46 61 54
40 47 72 47
40 48 37 51
40 49 68 32
40 50 44 52
40 51 79 32
40 52 99 4
40 53 65 52
40 54 40 69
40 55 21 69
40 56 47 55
40 57 30 57
40 58 18 71
40 59 68 40
40 60 98 10
40 61 7 94
40 62 32 64
40 63 3 90
40 64 93 19
40 65 80 41
40 66 85 29
40 67 8 72
40 68 47 65
40 69 49 52
40 70 73 21
40 71 13 71
40 72 13 65
40 73 27 53
40 74 80 33
40 75 82 27
40 76 66 34
40 77 93 8
40 78 35 66
40 79 29 76
40 80 45 56
40 81 26 76
40 82 52 42
40 83 23 71
40 84 4 68
40 85 36 65
40 86 41 68
40 87 66 34
40 88 42 59
40 89 87 13
40 90 71 48
40 91 90 24
40 92 53 37
40 93 92 14
40 94 10 91
40 95 0 88
40 96 43 58
40 97 25 63
40 98 54 54
40 99 79 27
41 42 47 54
41 43 34 68
41 44 53 52
41 45 18 78
41 46 55 54
41 47 44 54
41 48 69 50
41 49 96 9
41 50 18 80
41 51 70 29
41 52 84 40
41 53 3 74
41 54 55 54
41 55 91 28
41 56 35 51
41 57 92 10
41 58 99 17
41 59 96 30
41 60 51 46
41 61 5 76
41 62 47 38
41 63 46 64
41 64 95 13
41 65 48 37
41 66 96 15
41 67 50 61
41 68 11 78
41 69 23 74
41 70 12 62
41 71 31 64
41 72 60 44
41 73 47 55
41 74 27 78
41 75 54 53
41 76 45 58
41 77 57 47
41 78 34 61
41 79 46 64
41 80 89 20
41 81 81 20
41 82 94 24
41 83 11 67
41 84 36 73
41 85 25 56
41 86 70 41
41 87 6 71
41 88 26 52
41 89 29 56
41 90 12 72
41 91 26 69
41 92 77 17
41 93 13 61
41 94 79 24
41 95 72 38
41 96 41 46
41 97 80 19
41 98 42 68
41 99 37 48
42 43 90 16
42 44 13 63
42 45 38 54
42 46 24 56
42 47 20 60
42 48 55 58
42 49 81 17
42 50 46 61
42 51 5 69
42 52 95 14
42 53 62 28
42 54 95 29
42 55 75 26
42 56 98 17
42 57 75 43
42 58 41 55
42 59 22 80
42 60 89 26
42 61 47 48
42 62 24 75
42 63 48 62
42 64 32 60
42 65 3 69
42 66 39 70
42 67 52 49
42 68 24 80
42 69 25 73
42 70 98 9
42 71 23 76
42 72 42 46
42 73 95 22
42 74 70 48
42 75 82 23
42 76 69 45
42 77 56 34
42 78 63 36
42 79 45 53
42 80 85 15
42 81 27 53
42 82 79 26
42 83 36 59
42 84 60 45
42 85 46 46
42 86 70 21
42 87 30 61
42 88 4 75
42 89 30 64
42 90 32 72
42 91 0 77
42 92 80 40
42 93 96 2
42 94 98 2
42 95 16 83
42 96 55 44
42 97 53 46
42 98 63 51
42 99 10 65
43 44 19 83
43 45 87 8
43 46 39 57
43 47 17 66
43 48 17 67
43 49 8 67
43 50 73 47
43 51 82 33
43 52 92 33
43 53 66 28
43 54 48 63
43 55 25 81
43 56 23 81
43 57 23 56
43 58 62 51
43 59 98 4
43 60 79 34
43 61 74 25
43 62 14 70
43 63 4 79
43 64 74 29
43 65 56 42
43 66 52 56
43 67 41 55
43 68 20 59
43 69 88 14
43 70 61 40
43 71 96 11
43 72 44 43
43 73 71 25
43 74 86 24
43 75 10 67
43 76 28 56
43 77 82 37
43 78 89 14
43 79 66 42
43 80 20 82
43 81 26 64
43 82 67 45
43 83 34 61
43 84 94 22
43 85 96 16
43 86 64 33
43 87 23 70
43 88 95 19
43 89 44 67
43 90 68 32
43 91 47 62
43 92 56 54
43 93 9 76
43 94 11 85
43 95 37 56
43 96 43 68
43 97 82 18
43 98 93 17
43 99 98 21
44 45 86 12
44 46 17 65
44 47 89 9
44 48 47 60
44 49 61 38
44 50 19 58
44 51 31 65
44 52 25 57
44 53 85 26
44 54 0 84
44 55 37 50
44 56 16 83
44 57 65 35
44 58 50 64
44 59 8 91
44 60 31 62
44 61 17 62
44 62 31 60
44 63 95 9
44 64 5 66
44 65 5 77
44 66 64 30
44 67 28 64
44 68 55 58
44 69 53 43
44 70 34 47
44 71 37 71
44 72 4 81
44 73 19 70
44 74 75 30
44 75 71 42
44 76 93 18
44 77 59 47
44 78 59 42
44 79 41 68
44 80 66 38
44 81 53 52
44 82 34 74
44 83 34 52
44 84 39 59
44 85 48 38
44 86 98 13
44 87 7 92
44 88 38 72
44 89 44 64
44 90 32 73
44 91 33 59
44 92 65 29
44 93 60 47
44 94 13 64
44 95 29 51
44 96 14 89
44 97 32 52
44 98 13 89
44 99 11 67
45 46 79 14
45 47 53 60
45 48 70 33
45 49 34 71
45 50 65 49
45 51 39 59
45 52 28 74
45 53 25 69
45 54 90 22
45 55 83 32
45 56 45 51
45 57 44 52
45 58 32 73
45 59 44 54
45 60 16 80
45 61 86 26
45 62 3 67
45 63 66 36
45 64 80 21
45 65 87 10
45 66 28 63
45 67 38 45
45 68 48 55
45 69 25 68
45 70 29 56
45 71 73 39
45 72 87 32
45 73 85 10
45 74 1 80
45 75 47 57
45 76 35 59
45 77 45 52
45 78 30 70
45 79 60 38
45 80 71 38
45 81 27 64
45 82 68 51
45 83 23 76
45 84 18 84
45 85 44 55
45 86 85 34
45 87 85 17
45 88 91 34
45 89 33 53
45 90 57 37
45 91 79 31
45 92 86 13
45 93 83 27
45 94 34 68
45 95 21 64
45 96 31 72
45 97 92 25
45 98 43 49
45 99 33 47
46 47 87 20
46 48 33 74
46 49 47 54
46 50 14 84
46 51 22 74
46 52 71 27
46 53 9 70
46 54 71 28
46 55 4 84
46 56 36 63
46 57 30 49
46 58 56 38
46 59 41 68
46 60 55 46
46 61 21 78
46 62 57 49
46 63 9 72
46 64 62 35
46 65 2 94
46 66 20 78
46 67 49 47
46 68 48 52
46 69 95 9
46 70 78 27
46 71 80 14
46 72 36 66
46 73 66 37
46 74 2 89
46 75 36 47
46 76 12 68
46 77 64 48
46 78 79 32
46 79 91 18
46 80 46 40
46 81 60 51
46 82 55 60
46 83 2 77
46 84 10 84
46 85 52 57
46 86 31 77
46 87 84 37
46 88 41 54
46 89 59 48
46 90 79 23
46 91 56 41
46 92 13 67
46 93 7 73
46 94 48 55
46 95 98 7
46 96 60 57
46 97 54 31
46 98 31 50
46 99 39 65
47 48 74 44
47 49 13 66
47 50 40 71
47 51 89 16
47 52 27 52
47 53 56 59
47 54 12 80
47 55 7 86
47 56 6 81
47 57 89 26
47 58 47 55
47 59 25 54
47 60 86 16
47 61 84 29
47 62 23 60
47 63 12 64
47 64 5 90
47 65 32 47
47 66 79 39
47 67 86 36
47 68 12 85
47 69 37 67
47 70 18 71
47 71 68 32
47 72 96 5
47 73 48 65
47 74 24 70
47 75 84 18
47 76 82 40
47 77 51 51
47 78 30 76
47 79 94 32
47 80 56 34
47 81 56 37
47 82 85 18
47 83 68 44
47 84 63 50
47 85 81 29
47 86 30 58
47 87 16 80
47 88 30 52
47 89 19 76
47 90 9 80
47 91 87 13
47 92 36 57
47 93 81 26
47 94 34 64
47 95 0 79
47 96 12 78
47 97 50 41
47 98 99 18
47 99 73 21
48 49 9 78
48 50 26 55
48 51 93 24
48 52 7 89
48 53 15 66
48 54 41 51
48 55 72 29
48 56 88 15
48 57 41 55
48 58 62 52
48 59 45 45
48 60 46 49
48 61 21 65
48 62 57 46
48 63 21 65
48 64 77 22
48 65 6 93
48 66 38 47
48 67 90 30
48 68 93 21
48 69 66 26
48 70 20 59
48 71 42 46
48 72 67 29
48 73 79 20
48 74 12 74
48 75 65 33
48 76 53 40
48 77 26 51
48 78 82 29
48 79 95 7
48 80 75 44
48 81 47 52
48 82 6 93
48 83 59 28
48 84 21 57
48 85 34 50
48 86 69 51
48 87 16 71
48 88 14 70
48 89 27 66
48 90 0 83
48 91 79 21
48 92 86 33
48 93 77 37
48 94 75 24
48 95 56 47
48 96 26 71
48 97 25 79
48 98 43 52
48 99 72 28
49 50 81 33
49 51 89 35
49 52 38 63
49 53 98 8
49 54 46 66
49 55 95 27
49 56 11 77
49 57 47 60
49 58 31 59
49 59 43 50
49 60 80 32
49 61 18 71
49 62 4 92
49 63 44 55
49 64 99 19
49 65 91 21
49 66 52 47
49 67 53 42
49 68 11 77
49 69 38 64
49 70 64 49
49 71 90 10
49 72 93 23
49 73 62 29
49 74 73 45
49 75 2 93
49 76 4 71
49 77 8 75
49 78 39 57
49 79 39 52
49 80 82 32
49 81 49 59
49 82 28 52
49 83 59 34
49 84 40 51
49 85 17 58
49 86 85 23
49 87 55 33
49 88 76 40
49 89 79 42
49 90 7 90
49 91 41 63
49 92 99 12
49 93 85 17
49 94 45 61
49 95 77 39
49 96 74 22
49 97 87 9
49 98 71 27
49 99 36 67
50 51 22 63
50 52 93 29
50 53 40 60
50 54 56 38
50 55 5 82
50 56 58 31
50 57 18 65
50 58 90 30
50 59 84 17
50 60 37 54
50 61 90 23
50 62 25 72
50 63 92 28
50 64 19 61
50 65 65 42
50 66 70 43
50 67 52 56
50 68 96 9
50 69 57 47
50 70 12 72
50 71 42 61
50 72 54 37
50 73 89 25
50 74 46 57
50 75 13 66
50 76 33 67
50 77 85 30
50 78 43 58
50 79 95 3
50 80 13 76
50 81 33 62
50 82 78 35
50 83 41 48
50 84 62 27
50 85 0 98
50 86 59 33
50 87 97 3
50 88 33 62
50 89 58 57
50 90 56 33
50 91 64 37
50 92 72 33
50 93 6 68
50 94 58 43
50 95 47 59
50 96 38 54
50 97 3 94
50 98 92 31
50 99 4 71
51 52 94 6
51 53 76 27
51 54 92 27
51 55 98 18
51 56 82 21
51 57 91 11
51 58 39 49
51 59 58 38
51 60 35 52
51 61 11 71
51 62 85 35
51 63 69 27
51 64 96 12
51 65 46 53
51 66 59 49
51 67 98 19
51 68 64 33
51 69 16 83
51 70 53 34
51 71 9 79
51 72 41 53
51 73 7 78
51 74 71 21
51 75 4 93
51 76 13 69
51 77 56 31
51 78 80 14
51 79 24 60
51 80 92 15
51 81 75 27
51 82 78 26
51 83 96 28
51 84 5 76
51 85 97 20
51 86 72 47
51 87 11 70
51 88 6 90
51 89 97 17
51 90 41 41
51 91 74 17
51 92 9 72
51 93 29 50
51 94 5 82
51 95 34 66
51 96 62 53
51 97 48 62
51 98 92 28
51 99 58 52
52 53 62 49
52 54 58 41
52 55 56 55
52 56 97 14
52 57 89 13
52 58 3 81
52 59 43 59
52 60 24 77
52 61 1 84
52 62 55 51
52 63 12 74
52 64 62 31
52 65 82 31
52 66 50 52
52 67 63 38
52 68 26 73
52 69 37 64
52 70 68 24
52 71 32 65
52 72 33 63
52 73 70 45
52 74 84 14
52 75 49 57
52 76 76 34
52 77 93 8
52 78 7 84
52 79 53 42
52 80 92 29
52 81 74 18
52 82 91 9
52 83 1 94
52 84 67 32
52 85 47 40
52 86 96 27
52 87 13 72
52 88 86 25
52 89 19 74
52 90 56 47
52 91 21 75
52 92 14 61
52 93 92 18
52 94 67 34
52 95 0 96
52 96 75 34
52 97 43 48
52 98 66 26
52 99 71 24
53 54 96 9
53 55 10 79
53 56 44 63
53 57 33 60
53 58 46 48
53 59 68 22
53 60 49 58
53 61 65 43
53 62 11 63
53 63 92 8
53 64 65 41
53 65 19 81
53 66 32 69
53 67 92 21
53 68 4 88
53 69 33 50
53 70 28 77
53 71 85 19
53 72 16 65
53 73 9 71
53 74 83 31
53 75 95 22
53 76 65 49
53 77 9 72
53 78 18 63
53 79 60 50
53 80 35 73
53 81 20 57
53 82 56 44
53 83 11 78
53 84 56 32
53 85 87 11
53 86 13 76
53 87 80 32
53 88 20 77
53 89 81 28
53 90 29 50
53 91 17 64
53 92 8 85
53 93 14 68
53 94 29 61
53 95 17 86
53 96 98 11
53 97 4 69
53 98 29 71
53 99 75 43
54 55 77 36
54 56 64 43
54 57 20 61
54 58 63 42
54 59 1 87
54 60 18 69
54 61 10 82
54 62 41 58
54 63 22 73
54 64 70 32
54 65 45 60
54 66 83 13
54 67 5 75
54 68 67 22
54 69 82 13
54 70 5 81
54 71 24 66
54 72 54 50
54 73 73 43
54 74 5 94
54 75 29 76
54 76 76 24
54 77 62 37
54 78 97 6
54 79 95 20
54 80 86 12
54 81 87 15
54 82 98 27
54 83 23 66
54 84 91 24
54 85 78 18
54 86 62 44
54 87 6 71
54 88 32 73
54 89 3 92
54 90 21 59
54 91 3 96
54 92 60 31
54 93 35 56
54 94 48 38
54 95 72 45
54 96 50 44
54 97 68 46
54 98 30 76
54 99 5 81
55 56 74 34
55 57 44 53
55 58 37 43
55 59 10 79
55 60 36 56
55 61 20 71
55 62 91 13
55 63 26 66
55 64 88 9
55 65 73 45
55 66 79 15
55 67 90 20
55 68 95 6
55 69 91 7
55 70 3 75
55 71 20 58
55 72 23 78
55 73 72 31
55 74 75 46
55 75 64 27
55 76 42 62
55 77 32 70
55 78 37 73
55 79 16 81
55 80 7 72
55 81 56 54
55 82 37 67
55 83 1 97
55 84 17 71
55 85 14 75
55 86 99 4
55 87 47 56
55 88 2 96
55 89 2 89
55 90 57 58
55 91 4 72
55 92 62 31
55 93 25 71
55 94 17 62
55 95 27 53
55 96 29 59
55 97 2 85
55 98 37 53
55 99 29 75
56 57 71 32
56 58 64 36
56 59 30 54
56 60 92 20
56 61 22 78
56 62 95 23
56 63 77 32
56 64 9 74
56 65 25 59
56 66 61 29
56 67 36 50
56 68 55 38
56 69 77 31
56 70 37 69
56 71 39 67
56 72 0 71
56 73 34 66
56 74 41 68
56 75 70 47
56 76 22 84
56 77 0 97
56 78 61 35
56 79 11 72
56 80 11 76
56 81 87 23
56 82 56 45
56 83 44 42
56 84 82 35
56 85 71 43
56 86 50 45
56 87 47 46
56 88 34 75
56 89 77 25
56 90 4 79
56 91 10 81
56 92 15 67
56 93 15 59
56 94 88 36
56 95 43 47
56 96 4 76
56 97 34 57
56 98 70 46
56 99 67 33
57 58 1 83
57 59 12 67
57 60 39 68
57 61 82 32
57 62 76 20
57 63 64 52
57 64 16 81
57 65 53 37
57 66 76 29
57 67 47 46
57 68 77 21
57 69 78 30
57 70 36 67
57 71 9 74
57 72 40 43
57 73 14 61
57 74 2 69
57 75 54 42
57 76 18 78
57 77 28 62
57 78 61 41
57 79 23 82
57 80 24 63
57 81 79 23
57 82 4 77
57 83 87 36
57 84 71 26
57 85 62 53
57 86 93 32
57 87 35 64
57 88 56 36
57 89 57 34
57 90 51 49
57 91 77 22
57 92 16 80
57 93 46 60
57 94 31 53
57 95 88 18
57 96 70 34
57 97 53 44
57 98 86 10
57 99 46 65
58 59 11 77
58 60 18 70
58 61 75 33
58 62 24 68
58 63 80 38
58 64 44 67
58 65 72 35
58 66 82 37
58 67 2 94
58 68 93 26
58 69 80 18
58 70 87 13
58 71 94 6
58 72 6 87
58 73 9 72
58 74 75 29
58 75 67 48
58 76 78 42
58 77 44 43
58 78 22 67
58 79 69 26
58 80 38 63
58 81 6 68
58 82 89 14
58 83 34 61
58 84 72 48
58 85 93 9
58 86 66 41
58 87 46 41
58 88 18 68
58 89 30 70
58 90 94 28
58 91 28 53
58 92 8 93
58 93 59 46
58 94 62 37
58 95 60 27
58 96 28 71
58 97 47 57
58 98 20 62
58 99 41 61
59 60 91 30
59 61 58 30
59 62 37 60
59 63 33 51
59 64 57 31
59 65 84 27
59 66 80 14
59 67 25 63
59 68 64 28
59 69 17 81
59 70 55 41
59 71 16 78
59 72 8 87
59 73 18 76
59 74 81 37
59 75 69 27
59 76 76 43
59 77 70 27
59 78 95 25
59 79 71 22
59 80 29 66
59 81 63 26
59 82 1 81
59 83 53 58
59 84 79 42
59 85 41 68
59 86 99 6
59 87 83 16
59 88 40 51
59 89 90 24
59 90 74 23
59 91 86 27
59 92 82 14
59 93 0 74
59 94 73 28
59 95 60 52
59 96 44 65
59 97 6 89
59 98 72 28
59 99 6 93
60 61 25 57
60 62 86 25
60 63 4 89
60 64 87 30
60 65 55 49
60 66 87 18
60 67 54 54
60 68 33 69
60 69 92 33
60 70 29 67
60 71 15 69
60 72 79 32
60 73 84 39
60 74 31 72
60 75 76 33
60 76 96 21
60 77 33 73
60 78 86 29
60 79 39 47
60 80 33 62
60 81 56 35
60 82 84 23
60 83 4 71
60 84 96 15
60 85 63 39
60 86 77 44
60 87 99 19
60 88 74 33
60 89 7 69
60 90 72 43
60 91 75 21
60 92 41 65
60 93 57 39
60 94 26 59
60 95 37 62
60 96 45 52
60 97 36 56
60 98 67 39
60 99 70 27
61 62 38 61
61 63 1 91
61 64 74 42
61 65 37 46
61 66 75 18
61 67 19 81
61 68 46 49
61 69 51 37
61 70 68 37
61 71 83 20
61 72 36 51
61 73 60 47
61 74 10 86
61 75 73 27
61 76 51 56
61 77 43 69
61 78 11 90
61 79 33 64
61 80 9 76
61 81 13 63
61 82 54 60
61 83 3 67
61 84 37 46
61 85 97 31
61 86 39 43
61 87 90 20
61 88 88 33
61 89 78 17
61 90 97 6
61 91 13 80
61 92 97 22
61 93 86 39
61 94 82 38
61 95 60 45
61 96 57 47
61 97 50 59
61 98 57 46
61 99 26 66
62 63 9 63
62 64 75 31
62 65 6 69
62 66 42 49
62 67 40 62
62 68 13 82
62 69 34 48
62 70 53 44
62 71 16 68
62 72 31 57
62 73 34 55
62 74 32 55
62 75 40 64
62 76 11 70
62 77 49 46
62 78 91 29
62 79 36 67
62 80 22 69
62 81 39 56
62 82 77 25
62 83 13 63
62 84 47 38
62 85 91 23
62 86 44 65
62 87 91 8
62 88 15 73
62 89 76 39
62 90 33 51
62 91 36 72
62 92 42 48
62 93 79 24
62 94 56 53
62 95 49 48
62 96 64 26
62 97 43 53
62 98 27 62
62 99 29 75
63 64 85 32
63 65 48 61
63 66 33 52
63 67 74 42
63 68 4 79
63 69 56 36
63 70 70 28
63 71 59 47
63 72 70 32
63 73 97 3
63 74 75 17
63 75 27 60
63 76 92 23
63 77 50 36
63 78 12 77
63 79 27 77
63 80 87 21
63 81 34 46
63 82 61 27
63 83 83 31
63 84 76 39
63 85 73 36
63 86 13 72
63 87 37 43
63 88 25 54
63 89 35 62
63 90 15 70
63 91 30 50
63 92 22 73
63 93 19 80
63 94 51 37
63 95 4 84
63 96 25 61
63 97 48 54
63 98 48 53
63 99 28 70
64 65 45 59
64 66 70 22
64 67 61 55
64 68 91 8
64 69 56 38
64 70 31 75
64 71 43 49
64 72 85 21
64 73 8 72
64 74 24 54
64 75 62 33
64 76 7 87
64 77 96 27
64 78 90 22
64 79 72 48
64 80 18 58
64 81 3 84
64 82 39 68
64 83 64 53
64 84 3 77
64 85 93 16
64 86 47 64
64 87 98 17
64 88 67 34
64 89 74 19
64 90 70 22
64 91 60 37
64 92 68 46
64 93 44 54
64 94 35 49
64 95 71 48
64 96 96 21
64 97 82 35
64 98 89 34
64 99 9 88
65 66 99 27
65 67 90 36
65 68 24 75
65 69 89 11
65 70 92 34
65 71 59 42
65 72 51 59
65 73 77 25
65 74 34 51
65 75 11 66
65 76 82 21
65 77 65 27
65 78 64 28
65 79 16 69
65 80 88 24
65 81 82 36
65 82 90 23
65 83 62 48
65 84 96 7
65 85 58 43
65 86 25 62
65 87 65 47
65 88 39 57
65 89 15 68
65 90 39 67
65 91 46 44
65 92 8 93
65 93 20 69
65 94 66 47
65 95 35 56
65 96 36 70
65 97 69 24
65 98 24 76
65 99 26 58
66 67 64 44
66 68 30 77
66 69 84 33
66 70 78 20
66 71 88 34
66 72 51 41
66 73 76 24
66 74 48 52
66 75 31 61
66 76 89 18
66 77 41 68
66 78 73 20
66 79 68 22
66 80 17 76
66 81 83 22
66 82 62 32
66 83 12 80
66 84 59 33
66 85 68 41
66 86 78 32
66 87 5 70
66 88 87 15
66 89 73 37
66 90 69 46
66 91 97 15
66 92 23 54
66 93 82 36
66 94 10 88
66 95 76 33
66 96 5 73
66 97 24 64
66 98 95 28
66 99 51 62
67 68 76 35
67 69 47 45
67 70 55 49
67 71 51 51
67 72 10 87
67 73 82 13
67 74 98 29
67 75 48 65
67 76 72 20
67 77 44 62
67 78 32 76
67 79 55 50
67 80 96 30
67 81 18 68
67 82 32 50
67 83 0 85
67 84 90 15
67 85 81 42
67 86 78 37
67 87 69 44
67 88 26 70
67 89 21 79
67 90 50 56
67 91 37 70
67 92 64 43
67 93 42 63
67 94 47 63
67 95 85 16
67 96 81 29
67 97 28 49
67 98 80 24
67 99 13 75
68 69 73 45
68 70 18 83
68 71 98 14
68 72 24 62
68 73 79 20
68 74 62 32
68 75 20 76
68 76 26 79
68 77 25 57
68 78 49 41
68 79 54 48
68 80 37 44
68 81 16 80
68 82 23 73
68 83 60 31
68 84 17 72
68 85 75 34
68 86 12 68
68 87 99 5
68 88 62 55
68 89 23 69
68 90 31 59
68 91 25 60
68 92 69 22
68 93 6 77
68 94 84 24
68 95 89 24
68 96 1 91
68 97 50 51
68 98 17 76
68 99 15 61
69 70 17 86
69 71 42 53
69 72 88 15
69 73 80 36
69 74 98 27
69 75 4 92
69 76 19 82
69 77 70 22
69 78 82 35
69 79 5 88
69 80 93 31
69 81 84 30
69 82 94 11
69 83 46 40
69 84 2 96
69 85 78 16
69 86 49 64
69 87 28 72
69 88 15 77
69 89 72 33
69 90 24 69
69 91 1 75
69 92 30 50
69 93 79 28
69 94 57 47
69 95 46 58
69 96 36 48
69 97 28 77
69 98 75 43
69 99 92 9
70 71 96 26
70 72 4 87
70 73 58 42
70 74 46 56
70 75 50 56
70 76 67 31
70 77 3 95
70 78 77 39
70 79 61 34
70 80 37 57
70 81 10 92
70 82 74 45
70 83 14 74
70 84 24 68
70 85 49 58
70 86 94 9
70 87 35 45
70 88 23 59
70 89 84 25
70 90 34 54
70 91 46 63
70 92 44 54
70 93 30 63
70 94 35 53
70 95 38 62
70 96 97 30
70 97 57 52
70 98 54 33
70 99 18 58
71 72 24 63
71 73 65 27
71 74 36 59
71 75 44 48
71 76 45 67
71 77 87 25
71 78 20 67
71 79 11 68
71 80 63 43
71 81 55 35
71 82 47 43
71 83 77 43
71 84 54 55
71 85 55 55
71 86 93 18
71 87 93 6
71 88 4 72
71 89 20 56
71 90 78 42
71 91 1 70
71 92 72 30
71 93 27 68
71 94 12 67
71 95 71 39
71 96 36 50
71 97 43 65
71 98 29 64
71 99 92 12
72 73 89 13
72 74 75 28
72 75 68 41
72 76 93 16
72 77 15 64
72 78 70 25
72 79 5 89
72 80 63 46
72 81 34 66
72 82 37 51
72 83 86 19
72 84 43 58
72 85 64 52
72 86 97 5
72 87 18 84
72 88 82 18
72 89 45 63
72 90 2 87
72 91 45 51
72 92 78 43
72 93 21 61
72 94 55 61
72 95 79 30
72 96 67 40
72 97 46 57
72 98 29 60
72 99 87 20
73 74 57 32
73 75 82 38
73 76 93 20
73 77 81 24
73 78 37 72
73 79 35 61
73 80 46 58
73 81 61 53
73 82 97 16
73 83 24 56
73 84 47 44
73 85 30 54
73 86 7 71
73 87 15 63
73 88 41 62
73 89 28 79
73 90 42 52
73 91 78 42
73 92 56 33
73 93 58 35
73 94 29 64
73 95 72 30
73 96 32 68
73 97 87 17
73 98 60 31
73 99 4 88
74 75 1 92
74 76 18 78
74 77 1 86
74 78 79 31
74 79 40 66
74 80 42 48
74 81 66 33
74 82 6 85
74 83 45 41
74 84 17 64
74 85 61 31
74 86 21 60
74 87 61 40
74 88 77 27
74 89 94 27
74 90 61 31
74 91 8 76
74 92 43 48
74 93 80 34
74 94 61 46
74 95 15 78
74 96 83 33
74 97 46 62
74 98 59 34
74 99 80 13
75 76 39 45
75 77 9 82
75 78 22 57
75 79 66 26
75 80 2 68
75 81 34 72
75 82 64 51
75 83 10 72
75 84 74 21
75 85 35 61
75 86 35 60
75 87 15 74
75 88 43 46
75 89 24 56
75 90 4 71
75 91 2 72
75 92 78 38
75 93 54 60
75 94 91 33
75 95 67 46
75 96 75 42
75 97 78 16
75 98 84 30
75 99 37 65
76 77 16 64
76 78 83 27
76 79 53 50
76 80 9 84
76 81 99 21
76 82 81 16
76 83 36 66
76 84 4 86
76 85 95 9
76 86 30 62
76 87 78 40
76 88 39 53
76 89 49 60
76 90 71 26
76 91 15 80
76 92 58 58
76 93 33 58
76 94 78 34
76 95 7 82
76 96 65 31
76 97 74 46
76 98 41 52
76 99 68 35
77 78 33 46
77 79 91 7
77 80 34 51
77 81 29 75
77 82 52 35
77 83 81 13
77 84 2 88
77 85 51 56
77 86 46 50
77 87 70 32
77 88 77 16
77 89 76 18
77 90 66 44
77 91 29 59
77 92 2 69
77 93 88 13
77 94 83 26
77 95 18 69
77 96 70 45
77 97 81 41
77 98 98 8
77 99 94 33
78 79 84 13
78 80 27 51
78 81 56 54
78 82 49 50
78 83 15 66
78 84 18 80
78 85 33 61
78 86 2 80
78 87 93 17
78 88 42 68
78 89 38 54
78 90 18 58
78 91 11 85
78 92 69 33
78 93 73 24
78 94 26 63
78 95 79 36
78 96 80 19
78 97 98 5
78 98 12 88
78 99 97 7
79 80 20 83
79 81 10 85
79 82 70 47
79 83 88 20
79 84 48 39
79 85 67 27
79 86 17 64
79 87 78 23
79 88 50 60
79 89 26 60
79 90 91 16
79 91 74 36
79 92 30 77
79 93 10 82
79 94 29 49
79 95 5 88
79 96 71 46
79 97 29 79
79 98 73 38
79 99 46 41
80 81 87 27
80 82 13 89
80 83 37 62
80 84 29 72
80 85 61 38
80 86 60 52
80 87 6 83
80 88 79 20
80 89 78 37
80 90 13 66
80 91 84 16
80 92 9 71
80 93 0 76
80 94 26 55
80 95 78 26
80 96 2 71
80 97 68 36
80 98 91 30
80 99 50 36
81 82 96 7
81 83 55 41
81 84 18 70
81 85 61 38
81 86 14 64
81 87 88 33
81 88 12 81
81 89 92 19
81 90 97 7
81 91 58 30
81 92 49 45
81 93 16 82
81 94 47 37
81 95 55 40
81 96 78 44
81 97 45 58
81 98 17 85
81 99 55 61
82 83 64 40
82 84 24 59
82 85 14 73
82 86 46 50
82 87 7 85
82 88 4 78
82 89 38 62
82 90 36 57
82 91 76 28
82 92 61 40
82 93 59 44
82 94 61 50
82 95 18 80
82 96 26 55
82 97 40 62
82 98 79 20
82 99 4 90
83 84 29 64
83 85 45 43
83 86 63 27
83 87 76 41
83 88 81 16
83 89 37 72
83 90 94 28
83 91 68 31
83 92 6 82
83 93 66 43
83 94 24 54
83 95 28 68
83 96 94 20
83 97 78 39
83 98 45 64
83 99 18 71
84 85 13 66
84 86 76 22
84 87 15 79
84 88 32 64
84 89 67 33
84 90 56 32
84 91 75 30
84 92 86 25
84 93 47 64
84 94 20 56
84 95 24 66
84 96 86 37
84 97 46 41
84 98 83 23
84 99 1 83
85 86 30 62
85 87 17 73
85 88 23 56
85 89 25 67
85 90 6 73
85 91 3 82
85 92 10 83
85 93 97 4
85 94 70 26
85 95 95 16
85 96 96 19
85 97 3 67
85 98 9 88
85 99 92 32
86 87 98 13
86 88 47 63
86 89 51 45
86 90 88 25
86 91 72 20
86 92 38 67
86 93 51 37
86 94 70 21
86 95 69 42
86 96 36 61
86 97 17 87
86 98 33 73
86 99 8 68
87 88 29 73
87 89 42 58
87 90 30 75
87 91 94 13
87 92 66 25
87 93 61 33
87 94 5 79
87 95 21 59
87 96 18 83
87 97 96 13
87 98 69 47
87 99 32 49
88 89 56 39
88 90 36 66
88 91 70 32
88 92 60 32
88 93 15 66
88 94 28 57
88 95 97 3
88 96 71 30
88 97 98 16
88 98 69 38
88 99 56 54
89 90 97 17
89 91 44 52
89 92 67 49
89 93 37 66
89 94 90 28
89 95 43 63
89 96 30 52
89 97 60 49
89 98 63 49
89 99 80 33
90 91 43 59
90 92 45 51
90 93 54 53
90 94 31 77
90 95 81 39
90 96 27 57
90 97 86 23
90 98 56 38
90 99 5 91
91 92 66 44
91 93 95 19
91 94 30 67
91 95 40 55
91 96 86 20
91 97 82 32
91 98 59 30
91 99 12 65
92 93 14 77
92 94 63 44
92 95 30 61
92 96 70 42
92 97 80 32
92 98 5 89
92 99 13 78
93 94 39 66
93 95 75 37
93 96 64 24
93 97 37 56
93 98 54 52
93 99 80 32
94 95 94 20
94 96 40 60
94 97 63 28
94 98 18 75
94 99 37 65
95 96 2 77
95 97 41 60
95 98 39 51
95 99 55 48
96 97 92 17
96 98 19 57
96 99 30 70
97 98 56 46
97 99 39 70
98 99 63 26
