50
0 1 89 17
0 2 27 71
0 3 24 70
0 4 65 34
0 5 11 80
0 6 15 77
0 7 97 3
0 8 23 77
0 9 64 33
0 10 55 48
0 11 79 26
0 12 33 61
0 13 72 31
0 14 17 79
0 15 46 57
0 16 40 59
0 17 11 86
0 18 81 20
0 19 43 55
0 20 22 79
0 21 84 16
0 22 33 64
0 23 90 14
0 24 15 85
0 25 22 71
0 26 6 92
0 27 41 54
0 28 62 43
0 29 94 12
0 30 12 83
0 31 93 11
0 32 28 66
0 33 43 59
0 34 65 37
0 35 57 43
0 36 32 67
0 37 4 87
0 38 70 36
0 39 53 49
0 40 18 80
0 41 19 77
0 42 36 62
0 43 3 92
0 44 91 13
0 45 18 76
0 46 30 63
0 47 69 34
0 48 46 48
0 49 40 59
1 2 97 11
1 3 37 61
1 4 46 49
1 5 57 38
1 6 60 37
1 7 70 30
1 8 10 89
1 9 86 19
1 10 39 63
1 11 32 70
1 12 59 41
1 13 33 62
1 14 47 51
1 15 30 63
1 16 25 74
1 17 99 7
1 18 8 85
1 19 86 19
1 20 36 65
1 21 28 67
1 22 17 84
1 23 19 76
1 24 57 40
1 25 65 39
1 26 47 50
1 27 95 13
1 28 25 70
1 29 71 34
1 30 0 92
1 31 59 38
1 32 89 13
1 33 88 16
1 34 92 15
1 35 49 53
1 36 15 78
1 37 50 52
1 38 26 66
1 39 52 51
1 40 16 78
1 41 57 47
1 42 8 83
1 43 29 72
1 44 53 45
1 45 27 67
1 46 83 18
1 47 46 57
1 48 16 84
1 49 0 97
2 3 86 16
2 4 8 85
2 5 96 5
2 6 66 38
2 7 39 57
2 8 71 26
2 9 28 72
2 10 57 40
2 11 53 46
2 12 42 61
2 13 96 3
2 14 15 78
2 15 58 44
2 16 15 79
2 17 74 23
2 18 28 65
2 19 26 69
2 20 83 22
2 21 49 45
2 22 52 46
2 23 44 53
2 24 42 59
2 25 4 87
2 26 38 63
2 27 74 23
2 28 66 30
2 29 40 57
2 30 81 21
2 31 36 63
2 32 21 74
2 33 36 57
2 34 69 37
2 35 26 72
2 36 5 95
2 37 71 28
2 38 64 37
2 39 56 44
2 40 73 32
2 41 74 28
2 42 11 80
2 43 28 68
2 44 21 71
2 45 5 93
2 46 39 62
2 47 39 61
2 48 80 22
2 49 89 19
3 4 94 13
3 5 78 28
3 6 90 14
3 7 83 15
3 8 3 93
3 9 90 17
3 10 50 52
3 11 21 71
3 12 77 30
3 13 85 21
3 14 84 23
3 15 57 43
3 16 41 59
3 17 56 48
3 18 39 61
3 19 59 42
3 20 44 53
3 21 97 2
3 22 91 14
3 23 90 16
3 24 50 45
3 25 46 49
3 26 51 51
3 27 77 24
3 28 51 48
3 29 96 4
3 30 16 84
3 31 51 47
3 32 42 55
3 33 68 31
3 34 19 76
3 35 90 17
3 36 58 44
3 37 14 86
3 38 43 52
3 39 46 52
3 40 16 75
3 41 2 89
3 42 26 68
3 43 65 35
3 44 6 88
3 45 31 71
3 46 99 1
3 47 51 53
3 48 43 54
3 49 15 78
4 5 26 71
4 6 22 74
4 7 98 3
4 8 47 56
4 9 58 41
4 10 82 22
4 11 66 36
4 12 62 37
4 13 47 49
4 14 72 32
4 15 35 60
4 16 50 52
4 17 71 25
4 18 38 55
4 19 21 75
4 20 38 58
4 21 81 18
4 22 6 85
4 23 31 62
4 24 96 9
4 25 51 48
4 26 9 86
4 27 74 32
4 28 72 31
4 29 69 33
4 30 71 29
4 31 9 83
4 32 83 16
4 33 42 55
4 34 32 68
4 35 66 35
4 36 73 30
4 37 73 29
4 38 67 32
4 39 99 0
4 40 30 63
4 41 40 55
4 42 98 5
4 43 65 34
4 44 89 13
4 45 42 60
4 46 60 38
4 47 93 6
4 48 13 78
4 49 59 38
5 6 51 48
5 7 28 73
5 8 71 29
5 9 89 14
5 10 10 86
5 11 33 64
5 12 9 89
5 13 47 57
5 14 21 70
5 15 4 85
5 16 66 36
5 17 78 29
5 18 50 52
5 19 66 35
5 20 68 34
5 21 88 19
5 22 95 10
5 23 59 38
5 24 57 39
5 25 55 41
5 26 52 48
5 27 79 18
5 28 78 22
5 29 45 57
5 30 48 52
5 31 75 31
5 32 69 28
5 33 90 14
5 34 33 60
5 35 12 86
5 36 84 14
5 37 3 88
5 38 95 11
5 39 32 69
5 40 5 86
5 41 23 71
5 42 21 74
5 43 8 84
5 44 31 63
5 45 14 82
5 46 59 40
5 47 35 67
5 48 20 73
5 49 64 33
6 7 35 64
6 8 99 7
6 9 47 54
6 10 73 30
6 11 38 64
6 12 98 5
6 13 10 87
6 14 25 75
6 15 24 69
6 16 84 20
6 17 52 43
6 18 76 22
6 19 31 63
6 20 87 21
6 21 34 65
6 22 8 92
6 23 19 78
6 24 53 44
6 25 12 85
6 26 93 7
6 27 27 68
6 28 19 76
6 29 95 7
6 30 73 30
6 31 63 40
6 32 96 12
6 33 87 14
6 34 94 9
6 35 55 50
6 36 88 18
6 37 60 40
6 38 4 90
6 39 22 77
6 40 60 37
6 41 92 9
6 42 58 46
6 43 56 40
6 44 95 8
6 45 2 95
6 46 1 92
6 47 77 21
6 48 81 17
6 49 91 9
7 8 36 62
7 9 5 87
7 10 32 68
7 11 25 75
7 12 3 87
7 13 20 78
7 14 88 19
7 15 1 98
7 16 85 18
7 17 61 37
7 18 25 70
7 19 49 49
7 20 97 3
7 21 66 31
7 22 43 51
7 23 25 68
7 24 65 32
7 25 52 44
7 26 48 52
7 27 56 40
7 28 99 8
7 29 36 64
7 30 62 43
7 31 35 61
7 32 10 85
7 33 84 15
7 34 59 39
7 35 37 62
7 36 95 5
7 37 15 85
7 38 88 13
7 39 52 48
7 40 11 84
7 41 0 97
7 42 42 59
7 43 44 59
7 44 23 76
7 45 70 31
7 46 85 22
7 47 54 47
7 48 39 63
7 49 64 39
8 9 80 22
8 10 83 24
8 11 39 63
8 12 93 13
8 13 69 36
8 14 33 61
8 15 38 61
8 16 31 71
8 17 70 28
8 18 53 42
8 19 17 80
8 20 25 69
8 21 12 81
8 22 88 17
8 23 38 60
8 24 21 75
8 25 73 28
8 26 90 9
8 27 88 11
8 28 56 42
8 29 46 49
8 30 71 35
8 31 30 71
8 32 65 34
8 33 22 76
8 34 24 72
8 35 42 56
8 36 61 37
8 37 36 59
8 38 8 92
8 39 40 62
8 40 13 79
8 41 10 81
8 42 72 26
8 43 91 11
8 44 38 63
8 45 47 52
8 46 55 46
8 47 95 7
8 48 36 62
8 49 32 67
9 10 99 4
9 11 65 35
9 12 40 53
9 13 15 81
9 14 27 71
9 15 98 6
9 16 1 95
9 17 26 71
9 18 62 34
9 19 65 31
9 20 82 21
9 21 85 14
9 22 3 95
9 23 2 96
9 24 6 91
9 25 37 59
9 26 39 62
9 27 73 29
9 28 76 21
9 29 56 49
9 30 53 46
9 31 80 17
9 32 49 50
9 33 31 65
9 34 18 82
9 35 49 47
9 36 72 29
9 37 41 52
9 38 53 45
9 39 42 59
9 40 42 59
9 41 51 47
9 42 36 61
9 43 37 56
9 44 69 27
9 45 60 39
9 46 8 82
9 47 14 80
9 48 5 92
9 49 42 54
10 11 92 8
10 12 37 64
10 13 62 40
10 14 71 31
10 15 67 36
10 16 56 39
10 17 75 29
10 18 64 36
10 19 97 8
10 20 52 48
10 21 83 18
10 22 45 58
10 23 18 74
10 24 52 46
10 25 78 22
10 26 16 75
10 27 13 85
10 28 44 57
10 29 49 53
10 30 82 16
10 31 84 20
10 32 99 0
10 33 77 26
10 34 55 46
10 35 71 30
10 36 94 11
10 37 85 16
10 38 53 46
10 39 12 80
10 40 68 38
10 41 63 42
10 42 90 15
10 43 86 16
10 44 15 81
10 45 49 49
10 46 54 47
10 47 88 18
10 48 24 71
10 49 28 72
11 12 97 4
11 13 84 21
11 14 72 28
11 15 7 93
11 16 7 88
11 17 25 72
11 18 40 54
11 19 68 36
11 20 23 70
11 21 49 49
11 22 96 6
11 23 47 56
11 24 86 19
11 25 12 88
11 26 3 94
11 27 13 85
11 28 15 79
11 29 2 96
11 30 60 37
11 31 42 54
11 32 60 37
11 33 82 18
11 34 71 29
11 35 19 74
11 36 10 87
11 37 62 37
11 38 22 70
11 39 47 56
11 40 24 73
11 41 78 24
11 42 37 57
11 43 97 7
11 44 44 54
11 45 49 51
11 46 20 73
11 47 65 36
11 48 8 90
11 49 90 12
12 13 81 20
12 14 2 88
12 15 4 90
12 16 82 21
12 17 85 13
12 18 98 10
12 19 33 60
12 20 94 13
12 21 94 7
12 22 49 46
12 23 62 36
12 24 94 14
12 25 88 12
12 26 2 90
12 27 20 73
12 28 13 85
12 29 0 95
12 30 92 15
12 31 52 50
12 32 1 93
12 33 88 13
12 34 37 65
12 35 28 71
12 36 97 9
12 37 44 58
12 38 11 80
12 39 50 51
12 40 80 19
12 41 68 28
12 42 22 78
12 43 32 64
12 44 79 20
12 45 67 39
12 46 98 7
12 47 56 40
12 48 27 72
12 49 8 82
13 14 33 67
13 15 97 4
13 16 93 14
13 17 71 27
13 18 93 9
13 19 55 48
13 20 45 51
13 21 66 32
13 22 37 57
13 23 72 31
13 24 72 25
13 25 29 68
13 26 96 10
13 27 74 29
13 28 51 52
13 29 64 41
13 30 43 55
13 31 84 22
13 32 33 61
13 33 99 0
13 34 35 65
13 35 19 73
13 36 22 75
13 37 64 35
13 38 80 21
13 39 48 47
13 40 35 59
13 41 41 55
13 42 21 78
13 43 3 93
13 44 95 12
13 45 32 68
13 46 10 87
13 47 22 70
13 48 40 62
13 49 58 44
14 15 31 63
14 16 5 92
14 17 47 56
14 18 94 9
14 19 20 80
14 20 95 11
14 21 51 45
14 22 83 20
14 23 66 31
14 24 50 53
14 25 0 94
14 26 60 36
14 27 13 86
14 28 94 5
14 29 3 88
14 30 73 24
14 31 25 73
14 32 81 25
14 33 6 93
14 34 80 19
14 35 52 46
14 36 57 41
14 37 36 58
14 38 11 84
14 39 84 14
14 40 52 48
14 41 47 50
14 42 78 25
14 43 68 36
14 44 59 37
14 45 7 92
14 46 46 55
14 47 80 23
14 48 58 41
14 49 73 33
15 16 47 50
15 17 74 28
15 18 7 92
15 19 29 70
15 20 6 93
15 21 89 18
15 22 78 21
15 23 33 62
15 24 68 35
15 25 78 25
15 26 66 31
15 27 6 85
15 28 24 74
15 29 1 97
15 30 44 51
15 31 35 66
15 32 25 72
15 33 71 32
15 34 10 87
15 35 53 51
15 36 85 17
15 37 59 37
15 38 21 71
15 39 51 48
15 40 17 77
15 41 78 26
15 42 42 58
15 43 57 47
15 44 1 96
15 45 35 60
15 46 32 61
15 47 39 57
15 48 30 66
15 49 13 78
16 17 17 79
16 18 48 48
16 19 96 6
16 20 39 54
16 21 13 80
16 22 84 15
16 23 31 62
16 24 22 72
16 25 63 38
16 26 78 21
16 27 67 34
16 28 77 27
16 29 41 58
16 30 86 14
16 31 83 15
16 32 43 58
16 33 20 79
16 34 99 10
16 35 39 56
16 36 63 40
16 37 21 77
16 38 32 70
16 39 74 30
16 40 90 15
16 41 36 60
16 42 15 81
16 43 63 39
16 44 11 87
16 45 0 91
16 46 60 38
16 47 5 94
16 48 51 48
16 49 46 49
17 18 87 18
17 19 13 79
17 20 38 57
17 21 47 54
17 22 70 29
17 23 32 70
17 24 95 5
17 25 37 61
17 26 27 73
17 27 42 51
17 28 23 73
17 29 56 48
17 30 25 69
17 31 74 23
17 32 22 76
17 33 70 35
17 34 55 49
17 35 43 56
17 36 54 49
17 37 22 70
17 38 20 72
17 39 40 59
17 40 16 82
17 41 66 32
17 42 53 48
17 43 87 14
17 44 71 29
17 45 65 33
17 46 74 27
17 47 49 48
17 48 38 57
17 49 26 69
18 19 28 72
18 20 82 18
18 21 37 63
18 22 62 37
18 23 89 11
18 24 14 80
18 25 74 31
18 26 98 7
18 27 27 65
18 28 86 16
18 29 29 66
18 30 84 21
18 31 24 68
18 32 72 31
18 33 98 8
18 34 59 39
18 35 98 9
18 36 69 36
18 37 94 9
18 38 93 14
18 39 8 91
18 40 53 44
18 41 98 3
18 42 94 11
18 43 30 63
18 44 76 29
18 45 98 5
18 46 70 27
18 47 41 54
18 48 51 47
18 49 24 71
19 20 90 8
19 21 32 65
19 22 86 13
19 23 15 78
19 24 9 90
19 25 81 22
19 26 7 87
19 27 85 17
19 28 42 55
19 29 66 35
19 30 84 15
19 31 82 21
19 32 83 22
19 33 60 38
19 34 12 79
19 35 98 7
19 36 18 75
19 37 40 59
19 38 59 39
19 39 69 35
19 40 78 24
19 41 40 55
19 42 52 46
19 43 11 88
19 44 46 51
19 45 32 65
19 46 69 35
19 47 27 71
19 48 47 52
19 49 80 25
20 21 52 47
20 22 53 48
20 23 16 78
20 24 27 69
20 25 2 88
20 26 51 45
20 27 55 41
20 28 21 75
20 29 36 62
20 30 42 53
20 31 5 91
20 32 10 85
20 33 40 56
20 34 77 25
20 35 84 24
20 36 72 31
20 37 40 60
20 38 7 85
20 39 13 84
20 40 17 74
20 41 91 17
20 42 12 81
20 43 20 78
20 44 69 34
20 45 69 30
20 46 68 33
20 47 97 6
20 48 26 74
20 49 82 21
21 22 13 80
21 23 99 2
21 24 92 16
21 25 47 48
21 26 79 24
21 27 17 76
21 28 64 34
21 29 70 31
21 30 91 9
21 31 49 51
21 32 81 20
21 33 28 64
21 34 96 4
21 35 95 13
21 36 67 30
21 37 89 15
21 38 45 52
21 39 7 85
21 40 16 75
21 41 80 23
21 42 11 82
21 43 27 66
21 44 20 76
21 45 1 88
21 46 93 9
21 47 62 37
21 48 80 25
21 49 13 85
22 23 61 43
22 24 48 51
22 25 58 44
22 26 5 90
22 27 88 12
22 28 0 95
22 29 87 14
22 30 31 68
22 31 47 56
22 32 1 96
22 33 63 39
22 34 24 77
22 35 35 66
22 36 76 23
22 37 77 22
22 38 33 60
22 39 40 63
22 40 66 31
22 41 0 95
22 42 88 19
22 43 37 62
22 44 63 32
22 45 47 50
22 46 1 90
22 47 50 49
22 48 15 79
22 49 99 8
23 24 94 5
23 25 63 33
23 26 86 21
23 27 77 27
23 28 98 8
23 29 95 11
23 30 29 71
23 31 3 93
23 32 7 86
23 33 41 53
23 34 92 16
23 35 92 11
23 36 88 14
23 37 82 24
23 38 36 65
23 39 76 25
23 40 36 58
23 41 93 7
23 42 23 78
23 43 61 38
23 44 47 53
23 45 46 52
23 46 61 42
23 47 79 23
23 48 38 62
23 49 2 96
24 25 19 79
24 26 89 14
24 27 63 41
24 28 57 42
24 29 70 31
24 30 96 7
24 31 98 11
24 32 63 41
24 33 68 37
24 34 12 80
24 35 90 9
24 36 33 70
24 37 42 54
24 38 27 71
24 39 28 73
24 40 38 64
24 41 49 48
24 42 49 47
24 43 19 79
24 44 98 5
24 45 62 38
24 46 47 57
24 47 46 55
24 48 83 16
24 49 20 77
25 26 4 91
25 27 82 24
25 28 15 80
25 29 83 20
25 30 24 74
25 31 42 58
25 32 56 48
25 33 54 42
25 34 2 89
25 35 56 44
25 36 87 11
25 37 93 11
25 38 70 36
25 39 82 16
25 40 98 10
25 41 30 69
25 42 68 31
25 43 45 49
25 44 6 88
25 45 76 22
25 46 85 20
25 47 72 25
25 48 85 15
25 49 74 23
26 27 59 38
26 28 38 63
26 29 75 25
26 30 16 82
26 31 8 83
26 32 36 60
26 33 19 77
26 34 62 42
26 35 48 56
26 36 92 12
26 37 77 23
26 38 29 65
26 39 88 11
26 40 13 84
26 41 56 39
26 42 22 76
26 43 65 33
26 44 74 25
26 45 42 57
26 46 40 62
26 47 49 45
26 48 70 33
26 49 31 63
27 28 1 94
27 29 25 75
27 30 11 88
27 31 33 60
27 32 79 21
27 33 20 73
27 34 40 62
27 35 16 76
27 36 7 83
27 37 50 49
27 38 23 75
27 39 40 57
27 40 12 83
27 41 75 23
27 42 47 51
27 43 92 6
27 44 58 43
27 45 37 56
27 46 9 84
27 47 1 94
27 48 3 87
27 49 27 65
28 29 30 67
28 30 36 65
28 31 8 91
28 32 22 76
28 33 20 75
28 34 42 55
28 35 38 62
28 36 79 23
28 37 95 12
28 38 89 14
28 39 86 14
28 40 96 11
28 41 54 44
28 42 39 55
28 43 70 31
28 44 90 16
28 45 15 80
28 46 52 52
28 47 52 50
28 48 39 61
28 49 53 43
29 30 7 89
29 31 78 29
29 32 11 88
29 33 1 88
29 34 5 87
29 35 61 37
29 36 79 24
29 37 59 45
29 38 5 91
29 39 44 50
29 40 7 87
29 41 31 66
29 42 23 76
29 43 6 91
29 44 0 92
29 45 48 54
29 46 87 16
29 47 97 8
29 48 74 32
29 49 7 92
30 31 83 15
30 32 98 1
30 33 7 83
30 34 49 55
30 35 95 9
30 36 34 68
30 37 82 18
30 38 92 9
30 39 16 76
30 40 92 9
30 41 75 26
30 42 72 29
30 43 61 41
30 44 53 49
30 45 52 43
30 46 62 42
30 47 45 56
30 48 81 21
30 49 30 65
31 32 97 2
31 33 27 69
31 34 28 67
31 35 31 71
31 36 60 36
31 37 20 79
31 38 14 78
31 39 88 11
31 40 30 70
31 41 38 56
31 42 85 13
31 43 80 25
31 44 4 90
31 45 58 42
31 46 50 45
31 47 28 73
31 48 89 18
31 49 66 30
32 33 42 52
32 34 9 87
32 35 85 14
32 36 62 37
32 37 16 81
32 38 18 76
32 39 30 68
32 40 5 89
32 41 97 6
32 42 66 33
32 43 59 38
32 44 57 45
32 45 91 7
32 46 58 43
32 47 86 21
32 48 1 97
32 49 35 64
33 34 50 49
33 35 64 40
33 36 93 9
33 37 26 76
33 38 92 7
33 39 30 65
33 40 25 67
33 41 59 39
33 42 36 61
33 43 14 81
33 44 44 53
33 45 54 47
33 46 35 63
33 47 51 50
33 48 46 52
33 49 28 64
34 35 84 20
34 36 77 22
34 37 22 70
34 38 39 57
34 39 57 40
34 40 83 18
34 41 13 82
34 42 14 82
34 43 44 50
34 44 62 38
34 45 59 38
34 46 95 6
34 47 54 40
34 48 39 56
34 49 86 14
35 36 44 54
35 37 79 28
35 38 83 18
35 39 84 18
35 40 73 27
35 41 80 20
35 42 32 65
35 43 88 14
35 44 84 20
35 45 35 65
35 46 83 18
35 47 85 17
35 48 75 26
35 49 5 86
36 37 21 71
36 38 52 50
36 39 81 20
36 40 87 14
36 41 91 13
36 42 33 67
36 43 71 33
36 44 89 12
36 45 0 90
36 46 17 77
36 47 85 20
36 48 68 31
36 49 25 68
37 38 51 53
37 39 1 89
37 40 15 82
37 41 79 21
37 42 38 57
37 43 70 33
37 44 60 39
37 45 92 10
37 46 38 55
37 47 80 24
37 48 51 44
37 49 40 63
38 39 31 64
38 40 60 44
38 41 10 80
38 42 67 33
38 43 6 86
38 44 33 68
38 45 69 29
38 46 66 31
38 47 7 89
38 48 79 23
38 49 72 25
39 40 21 77
39 41 98 4
39 42 91 13
39 43 2 94
39 44 47 48
39 45 13 81
39 46 67 37
39 47 36 65
39 48 71 30
39 49 72 33
40 41 56 39
40 42 2 91
40 43 48 49
40 44 64 39
40 45 11 80
40 46 81 21
40 47 13 86
40 48 88 11
40 49 57 41
41 42 61 43
41 43 30 65
41 44 25 76
41 45 57 40
41 46 93 11
41 47 39 59
41 48 29 67
41 49 32 65
42 43 15 79
42 44 86 17
42 45 23 77
42 46 0 99
42 47 39 60
42 48 36 57
42 49 86 16
43 44 89 11
43 45 94 5
43 46 14 83
43 47 18 82
43 48 41 55
43 49 54 46
44 45 31 71
44 46 27 74
44 47 46 55
44 48 36 62
44 49 60 39
45 46 30 68
45 47 28 74
45 48 66 31
45 49 35 64
46 47 92 12
46 48 98 10
46 49 84 18
47 48 76 22
47 49 31 67
48 49 43 58
