50
0 1 46 88
0 2 50 26
0 3 30 41
0 4 82 76
0 5 1 99
0 6 82 39
0 7 21 72
0 8 2 61
0 9 23 96
0 10 28 92
0 11 84 74
0 12 68 91
0 13 19 31
0 14 43 16
0 15 8 91
0 16 7 60
0 17 22 68
0 18 65 56
0 19 80 40
0 20 78 5
0 21 67 56
0 22 29 94
0 23 25 51
0 24 72 88
0 25 48 86
0 26 32 28
0 27 46 71
0 28 82 65
0 29 0 27
0 30 14 49
0 31 6 73
0 32 25 72
0 33 19 83
0 34 20 67
0 35 11 50
0 36 91 6
0 37 43 9
0 38 89 18
0 39 31 46
0 40 93 27
0 41 3 38
0 42 46 22
0 43 92 51
0 44 60 65
0 45 92 49
0 46 99 50
0 47 86 75
0 48 78 91
0 49 38 36
1 2 49 85
1 3 89 61
1 4 24 45
1 5 86 39
1 6 98 61
1 7 34 20
1 8 42 91
1 9 54 23
1 10 19 60
1 11 17 51
1 12 48 11
1 13 28 19
1 14 63 46
1 15 79 60
1 16 94 52
1 17 30 9
1 18 98 77
1 19 89 62
1 20 48 86
1 21 63 20
1 22 67 90
1 23 54 55
1 24 26 79
1 25 31 10
1 26 61 58
1 27 77 8
1 28 71 6
1 29 43 75
1 30 80 31
1 31 60 34
1 32 22 16
1 33 15 28
1 34 29 95
1 35 89 52
1 36 80 59
1 37 2 22
1 38 88 51
1 39 81 27
1 40 35 41
1 41 70 18
1 42 4 20
1 43 84 28
1 44 40 64
1 45 36 75
1 46 50 33
1 47 77 2
1 48 48 65
1 49 60 43
2 3 3 22
2 4 25 92
2 5 90 31
2 6 65 8
2 7 4 88
2 8 35 29
2 9 88 48
2 10 25 23
2 11 25 47
2 12 59 66
2 13 71 49
2 14 42 33
2 15 32 86
2 16 64 47
2 17 52 20
2 18 27 81
2 19 77 53
2 20 82 65
2 21 46 58
2 22 57 74
2 23 97 1
2 24 1 26
2 25 39 41
2 26 17 34
2 27 19 84
2 28 83 32
2 29 48 87
2 30 62 75
2 31 5 26
2 32 23 63
2 33 79 73
2 34 76 31
2 35 39 31
2 36 59 57
2 37 1 34
2 38 71 92
2 39 4 68
2 40 87 25
2 41 46 46
2 42 9 66
2 43 33 71
2 44 91 17
2 45 25 43
2 46 70 90
2 47 88 5
2 48 33 20
2 49 33 94
3 4 64 87
3 5 10 90
3 6 18 97
3 7 45 94
3 8 89 13
3 9 51 89
3 10 71 19
3 11 66 65
3 12 56 10
3 13 25 35
3 14 21 87
3 15 7 26
3 16 88 20
3 17 87 7
3 18 86 44
3 19 59 26
3 20 47 20
3 21 9 85
3 22 47 47
3 23 33 86
3 24 70 53
3 25 46 23
3 26 9 64
3 27 66 33
3 28 51 64
3 29 56 12
3 30 6 52
3 31 72 6
3 32 42 67
3 33 49 54
3 34 27 53
3 35 40 52
3 36 99 86
3 37 22 83
3 38 55 34
3 39 87 71
3 40 70 35
3 41 74 44
3 42 66 64
3 43 4 11
3 44 13 66
3 45 15 56
3 46 18 95
3 47 10 31
3 48 79 22
3 49 12 61
4 5 68 8
4 6 96 31
4 7 3 61
4 8 38 29
4 9 35 47
4 10 63 53
4 11 71 52
4 12 66 32
4 13 15 47
4 14 70 84
4 15 89 54
4 16 76 33
4 17 6 49
4 18 21 95
4 19 69 88
4 20 79 45
4 21 89 31
4 22 0 88
4 23 34 93
4 24 48 61
4 25 29 39
4 26 48 38
4 27 80 35
4 28 90 16
4 29 84 27
4 30 75 10
4 31 79 88
4 32 12 84
4 33 86 73
4 34 79 36
4 35 5 20
4 36 33 49
4 37 58 67
4 38 84 90
4 39 50 38
4 40 92 31
4 41 73 60
4 42 65 59
4 43 33 76
4 44 93 30
4 45 17 72
4 46 93 46
4 47 98 62
4 48 39 81
4 49 37 88
5 6 63 16
5 7 95 64
5 8 23 42
5 9 46 91
5 10 1 71
5 11 35 10
5 12 78 81
5 13 79 56
5 14 18 30
5 15 87 59
5 16 69 47
5 17 41 29
5 18 82 20
5 19 5 54
5 20 96 62
5 21 33 94
5 22 24 72
5 23 1 95
5 24 22 87
5 25 72 48
5 26 2 14
5 27 3 22
5 28 50 15
5 29 7 67
5 30 9 91
5 31 48 82
5 32 42 68
5 33 86 85
5 34 77 24
5 35 54 51
5 36 56 37
5 37 44 9
5 38 15 70
5 39 92 5
5 40 21 70
5 41 4 45
5 42 76 34
5 43 15 37
5 44 1 24
5 45 53 81
5 46 57 83
5 47 83 84
5 48 74 66
5 49 10 58
6 7 0 16
6 8 38 46
6 9 59 83
6 10 87 60
6 11 23 25
6 12 90 24
6 13 60 9
6 14 35 17
6 15 18 88
6 16 61 15
6 17 72 88
6 18 58 54
6 19 68 44
6 20 45 40
6 21 76 63
6 22 37 48
6 23 84 60
6 24 73 65
6 25 49 61
6 26 27 60
6 27 0 48
6 28 90 67
6 29 1 73
6 30 9 63
6 31 31 63
6 32 68 38
6 33 73 81
6 34 4 83
6 35 44 17
6 36 69 67
6 37 88 7
6 38 2 93
6 39 50 25
6 40 91 77
6 41 13 26
6 42 39 10
6 43 60 51
6 44 34 9
6 45 99 31
6 46 71 90
6 47 14 27
6 48 98 50
6 49 84 77
7 8 39 35
7 9 9 68
7 10 70 4
7 11 61 64
7 12 66 12
7 13 59 79
7 14 89 57
7 15 83 78
7 16 41 43
7 17 54 56
7 18 22 54
7 19 56 46
7 20 87 24
7 21 84 69
7 22 20 92
7 23 99 56
7 24 66 63
7 25 90 70
7 26 60 83
7 27 77 83
7 28 91 57
7 29 95 81
7 30 1 53
7 31 50 89
7 32 1 37
7 33 89 68
7 34 14 76
7 35 47 35
7 36 2 28
7 37 78 64
7 38 59 31
7 39 84 2
7 40 64 28
7 41 67 13
7 42 55 37
7 43 95 80
7 44 45 7
7 45 95 45
7 46 29 21
7 47 87 40
7 48 25 74
7 49 64 84
8 9 62 54
8 10 7 97
8 11 84 10
8 12 11 28
8 13 89 66
8 14 83 83
8 15 85 36
8 16 53 31
8 17 65 55
8 18 14 88
8 19 93 46
8 20 6 11
8 21 2 34
8 22 83 7
8 23 39 16
8 24 84 74
8 25 66 14
8 26 88 81
8 27 27 49
8 28 43 94
8 29 20 29
8 30 23 46
8 31 19 80
8 32 63 40
8 33 50 79
8 34 27 96
8 35 89 52
8 36 65 86
8 37 43 59
8 38 49 81
8 39 46 56
8 40 97 16
8 41 11 46
8 42 72 72
8 43 90 32
8 44 57 8
8 45 54 57
8 46 69 63
8 47 53 84
8 48 74 19
8 49 44 18
9 10 58 48
9 11 22 75
9 12 40 21
9 13 94 58
9 14 24 43
9 15 15 53
9 16 33 72
9 17 67 64
9 18 43 84
9 19 6 81
9 20 77 27
9 21 78 64
9 22 29 49
9 23 94 74
9 24 22 88
9 25 42 28
9 26 42 90
9 27 88 9
9 28 24 31
9 29 99 71
9 30 59 61
9 31 2 45
9 32 40 75
9 33 45 86
9 34 9 68
9 35 88 90
9 36 36 7
9 37 24 81
9 38 4 20
9 39 51 7
9 40 10 14
9 41 39 78
9 42 60 20
9 43 14 80
9 44 95 9
9 45 27 33
9 46 25 73
9 47 23 34
9 48 88 71
9 49 64 81
10 11 57 27
10 12 45 38
10 13 6 75
10 14 69 42
10 15 29 90
10 16 8 32
10 17 50 71
10 18 96 77
10 19 36 96
10 20 92 10
10 21 65 17
10 22 14 98
10 23 41 90
10 24 87 88
10 25 99 86
10 26 85 55
10 27 33 83
10 28 81 25
10 29 52 44
10 30 52 31
10 31 31 64
10 32 1 27
10 33 0 55
10 34 89 42
10 35 83 67
10 36 75 6
10 37 95 5
10 38 66 11
10 39 13 59
10 40 25 68
10 41 66 59
10 42 94 57
10 43 56 17
10 44 56 48
10 45 64 63
10 46 10 31
10 47 2 54
10 48 91 31
10 49 74 39
11 12 87 21
11 13 22 42
11 14 46 8
11 15 72 19
11 16 42 40
11 17 44 21
11 18 78 84
11 19 28 95
11 20 29 17
11 21 62 80
11 22 79 86
11 23 34 84
11 24 57 26
11 25 50 88
11 26 12 18
11 27 34 67
11 28 99 46
11 29 82 79
11 30 78 62
11 31 55 17
11 32 24 94
11 33 12 71
11 34 85 32
11 35 36 94
11 36 23 54
11 37 1 79
11 38 35 90
11 39 38 30
11 40 10 38
11 41 44 88
11 42 14 47
11 43 7 18
11 44 46 50
11 45 78 14
11 46 74 21
11 47 77 13
11 48 33 93
11 49 19 95
12 13 64 15
12 14 97 41
12 15 81 76
12 16 95 28
12 17 74 4
12 18 74 87
12 19 46 52
12 20 3 44
12 21 79 12
12 22 73 17
12 23 67 79
12 24 40 58
12 25 47 84
12 26 14 73
12 27 52 76
12 28 47 73
12 29 36 43
12 30 41 22
12 31 64 67
12 32 40 32
12 33 8 55
12 34 78 75
12 35 94 43
12 36 70 66
12 37 14 30
12 38 72 64
12 39 23 84
12 40 42 53
12 41 5 44
12 42 47 44
12 43 87 77
12 44 89 16
12 45 51 44
12 46 55 17
12 47 96 83
12 48 48 69
12 49 85 28
13 14 55 83
13 15 62 83
13 16 84 55
13 17 96 77
13 18 65 48
13 19 32 62
13 20 44 58
13 21 16 64
13 22 0 57
13 23 44 45
13 24 83 72
13 25 60 53
13 26 38 46
13 27 59 93
13 28 30 18
13 29 30 54
13 30 54 9
13 31 71 79
13 32 97 0
13 33 3 61
13 34 14 92
13 35 71 39
13 36 81 30
13 37 91 22
13 38 88 61
13 39 64 69
13 40 69 50
13 41 58 13
13 42 29 27
13 43 28 85
13 44 43 16
13 45 28 70
13 46 47 30
13 47 85 48
13 48 37 7
13 49 71 39
14 15 18 9
14 16 23 72
14 17 2 95
14 18 56 67
14 19 30 49
14 20 7 72
14 21 47 24
14 22 91 75
14 23 96 16
14 24 94 34
14 25 13 79
14 26 9 33
14 27 54 20
14 28 44 55
14 29 85 47
14 30 89 36
14 31 30 91
14 32 88 64
14 33 54 63
14 34 18 94
14 35 44 82
14 36 0 87
14 37 46 15
14 38 10 71
14 39 22 38
14 40 23 65
14 41 45 16
14 42 33 45
14 43 73 25
14 44 3 20
14 45 95 54
14 46 65 16
14 47 39 85
14 48 17 65
14 49 57 77
15 16 88 5
15 17 17 32
15 18 93 86
15 19 7 95
15 20 55 45
15 21 31 83
15 22 50 65
15 23 21 72
15 24 98 74
15 25 25 56
15 26 89 12
15 27 79 86
15 28 25 37
15 29 16 76
15 30 7 20
15 31 15 94
15 32 87 80
15 33 21 8
15 34 66 31
15 35 32 35
15 36 40 60
15 37 16 64
15 38 3 64
15 39 36 62
15 40 88 7
15 41 62 83
15 42 54 41
15 43 29 15
15 44 26 71
15 45 64 34
15 46 99 49
15 47 21 23
15 48 45 28
15 49 67 26
16 17 93 70
16 18 78 81
16 19 54 10
16 20 72 39
16 21 54 57
16 22 98 66
16 23 29 44
16 24 38 53
16 25 4 97
16 26 53 60
16 27 1 72
16 28 56 57
16 29 33 74
16 30 20 58
16 31 39 50
16 32 55 73
16 33 2 57
16 34 20 16
16 35 24 53
16 36 20 13
16 37 43 19
16 38 82 34
16 39 99 27
16 40 49 38
16 41 61 19
16 42 62 47
16 43 16 84
16 44 23 86
16 45 4 93
16 46 5 76
16 47 94 52
16 48 63 65
16 49 90 3
17 18 30 83
17 19 55 10
17 20 20 26
17 21 22 67
17 22 92 33
17 23 67 27
17 24 53 88
17 25 3 23
17 26 19 68
17 27 57 5
17 28 51 55
17 29 22 12
17 30 9 66
17 31 67 11
17 32 0 28
17 33 27 33
17 34 74 60
17 35 59 43
17 36 27 78
17 37 61 6
17 38 59 21
17 39 71 9
17 40 59 35
17 41 86 89
17 42 67 23
17 43 25 15
17 44 66 76
17 45 95 24
17 46 6 76
17 47 64 53
17 48 58 59
17 49 21 79
18 19 6 56
18 20 36 43
18 21 32 65
18 22 87 78
18 23 69 8
18 24 31 80
18 25 77 17
18 26 27 65
18 27 38 74
18 28 61 27
18 29 21 53
18 30 25 33
18 31 42 28
18 32 73 85
18 33 45 87
18 34 33 16
18 35 96 81
18 36 61 27
18 37 91 13
18 38 44 42
18 39 91 77
18 40 93 72
18 41 35 88
18 42 85 5
18 43 68 16
18 44 51 86
18 45 30 83
18 46 10 92
18 47 56 30
18 48 28 26
18 49 46 7
19 20 17 27
19 21 78 18
19 22 60 29
19 23 52 18
19 24 23 64
19 25 4 91
19 26 74 92
19 27 61 52
19 28 2 27
19 29 59 46
19 30 54 29
19 31 12 61
19 32 76 82
19 33 19 50
19 34 87 84
19 35 14 10
19 36 97 53
19 37 96 88
19 38 3 54
19 39 64 72
19 40 70 37
19 41 14 21
19 42 32 87
19 43 10 35
19 44 16 42
19 45 2 49
19 46 98 10
19 47 16 53
19 48 10 41
19 49 11 60
20 21 64 73
20 22 86 50
20 23 57 67
20 24 36 11
20 25 76 58
20 26 1 89
20 27 13 65
20 28 90 77
20 29 91 54
20 30 19 38
20 31 35 58
20 32 91 52
20 33 1 75
20 34 40 11
20 35 29 71
20 36 54 47
20 37 31 23
20 38 57 65
20 39 27 61
20 40 46 42
20 41 79 82
20 42 96 57
20 43 10 39
20 44 56 15
20 45 43 92
20 46 87 40
20 47 91 24
20 48 53 17
20 49 89 6
21 22 11 64
21 23 29 10
21 24 8 29
21 25 35 59
21 26 67 37
21 27 41 76
21 28 34 31
21 29 47 20
21 30 95 64
21 31 66 26
21 32 53 4
21 33 76 33
21 34 69 21
21 35 25 96
21 36 43 9
21 37 66 62
21 38 23 26
21 39 68 14
21 40 33 72
21 41 76 51
21 42 24 89
21 43 24 90
21 44 55 93
21 45 13 73
21 46 10 80
21 47 3 47
21 48 34 48
21 49 91 25
22 23 67 84
22 24 14 16
22 25 23 68
22 26 5 84
22 27 90 77
22 28 88 89
22 29 32 81
22 30 92 47
22 31 7 83
22 32 14 95
22 33 61 22
22 34 41 6
22 35 22 24
22 36 59 25
22 37 26 8
22 38 96 70
22 39 91 56
22 40 58 5
22 41 62 46
22 42 27 53
22 43 21 21
22 44 79 24
22 45 77 22
22 46 40 21
22 47 91 16
22 48 88 21
22 49 43 16
23 24 67 88
23 25 65 53
23 26 69 69
23 27 72 27
23 28 41 12
23 29 91 66
23 30 45 80
23 31 10 46
23 32 75 20
23 33 30 95
23 34 6 13
23 35 95 23
23 36 7 68
23 37 55 67
23 38 1 66
23 39 86 86
23 40 32 93
23 41 0 14
23 42 16 86
23 43 76 47
23 44 72 90
23 45 63 73
23 46 10 16
23 47 43 89
23 48 83 59
23 49 8 25
24 25 98 64
24 26 92 60
24 27 81 2
24 28 55 6
24 29 55 5
24 30 50 6
24 31 5 53
24 32 90 17
24 33 75 58
24 34 4 21
24 35 66 24
24 36 9 37
24 37 43 65
24 38 42 47
24 39 38 26
24 40 36 22
24 41 32 13
24 42 34 29
24 43 97 1
24 44 21 28
24 45 94 41
24 46 48 24
24 47 84 85
24 48 18 21
24 49 26 47
25 26 80 47
25 27 45 95
25 28 30 90
25 29 79 69
25 30 76 54
25 31 29 29
25 32 38 93
25 33 94 81
25 34 80 51
25 35 50 85
25 36 61 10
25 37 63 59
25 38 62 91
25 39 48 79
25 40 97 71
25 41 13 33
25 42 63 85
25 43 56 49
25 44 37 33
25 45 47 48
25 46 27 74
25 47 11 35
25 48 34 24
25 49 30 24
26 27 96 62
26 28 54 69
26 29 99 85
26 30 80 59
26 31 81 69
26 32 21 61
26 33 26 28
26 34 76 25
26 35 17 50
26 36 77 52
26 37 38 44
26 38 76 62
26 39 19 59
26 40 8 30
26 41 37 38
26 42 87 69
26 43 7 53
26 44 60 78
26 45 8 26
26 46 13 94
26 47 25 45
26 48 41 8
26 49 74 79
27 28 89 59
27 29 41 19
27 30 69 33
27 31 21 42
27 32 24 13
27 33 89 77
27 34 51 36
27 35 41 37
27 36 56 51
27 37 49 49
27 38 20 51
27 39 50 70
27 40 21 86
27 41 54 55
27 42 76 51
27 43 64 42
27 44 34 36
27 45 65 83
27 46 95 74
27 47 0 65
27 48 0 88
27 49 4 25
28 29 50 61
28 30 26 48
28 31 38 44
28 32 47 55
28 33 61 22
28 34 94 23
28 35 72 5
28 36 35 11
28 37 59 46
28 38 33 83
28 39 98 18
28 40 24 51
28 41 33 41
28 42 49 52
28 43 61 38
28 44 20 49
28 45 69 9
28 46 64 77
28 47 53 68
28 48 58 60
28 49 30 79
29 30 90 55
29 31 93 54
29 32 15 83
29 33 20 19
29 34 44 85
29 35 51 25
29 36 36 80
29 37 99 28
29 38 42 68
29 39 69 28
29 40 29 19
29 41 51 64
29 42 72 27
29 43 39 58
29 44 14 49
29 45 92 13
29 46 46 94
29 47 10 18
29 48 46 41
29 49 86 5
30 31 30 74
30 32 2 57
30 33 35 17
30 34 79 17
30 35 96 44
30 36 5 93
30 37 77 51
30 38 75 32
30 39 55 93
30 40 74 33
30 41 64 91
30 42 15 58
30 43 21 97
30 44 96 33
30 45 63 78
30 46 64 48
30 47 52 86
30 48 62 80
30 49 95 49
31 32 93 60
31 33 25 13
31 34 21 72
31 35 32 34
31 36 31 47
31 37 56 14
31 38 23 29
31 39 23 54
31 40 4 68
31 41 76 53
31 42 84 14
31 43 17 95
31 44 5 40
31 45 50 9
31 46 87 25
31 47 97 15
31 48 75 70
31 49 28 91
32 33 31 13
32 34 61 12
32 35 74 16
32 36 45 87
32 37 38 58
32 38 69 11
32 39 60 13
32 40 7 39
32 41 73 52
32 42 23 57
32 43 10 46
32 44 96 89
32 45 77 18
32 46 46 72
32 47 27 34
32 48 43 15
32 49 24 55
33 34 3 41
33 35 36 37
33 36 46 24
33 37 57 41
33 38 73 29
33 39 72 63
33 40 36 16
33 41 85 20
33 42 24 56
33 43 3 45
33 44 9 37
33 45 39 64
33 46 69 28
33 47 28 83
33 48 46 92
33 49 85 88
34 35 21 34
34 36 99 38
34 37 57 34
34 38 66 14
34 39 86 55
34 40 24 51
34 41 53 63
34 42 97 37
34 43 67 83
34 44 60 53
34 45 53 84
34 46 93 60
34 47 8 48
34 48 40 93
34 49 15 14
35 36 35 43
35 37 38 42
35 38 70 69
35 39 87 35
35 40 65 86
35 41 74 77
35 42 52 70
35 43 84 8
35 44 95 85
35 45 89 9
35 46 75 3
35 47 92 75
35 48 11 39
35 49 58 79
36 37 81 74
36 38 65 43
36 39 30 28
36 40 77 48
36 41 62 5
36 42 52 50
36 43 34 71
36 44 31 64
36 45 97 80
36 46 30 60
36 47 97 55
36 48 58 50
36 49 68 32
37 38 21 75
37 39 24 80
37 40 19 24
37 41 22 34
37 42 67 53
37 43 94 4
37 44 73 62
37 45 92 21
37 46 16 71
37 47 18 26
37 48 52 25
37 49 2 49
38 39 64 57
38 40 27 23
38 41 67 66
38 42 78 41
38 43 70 55
38 44 2 47
38 45 56 15
38 46 98 46
38 47 56 25
38 48 10 42
38 49 21 44
39 40 41 65
39 41 6 61
39 42 46 92
39 43 58 69
39 44 75 86
39 45 91 66
39 46 67 59
39 47 70 72
39 48 22 92
39 49 47 89
40 41 66 42
40 42 0 57
40 43 16 19
40 44 9 46
40 45 54 77
40 46 41 79
40 47 87 74
40 48 12 44
40 49 67 87
41 42 57 82
41 43 43 48
41 44 55 67
41 45 60 38
41 46 36 79
41 47 54 85
41 48 17 92
41 49 80 74
42 43 44 54
42 44 64 14
42 45 50 91
42 46 24 18
42 47 28 26
42 48 68 73
42 49 91 16
43 44 54 62
43 45 33 37
43 46 20 42
43 47 82 59
43 48 90 45
43 49 66 62
44 45 59 47
44 46 33 66
44 47 91 56
44 48 47 27
44 49 12 68
45 46 40 64
45 47 72 43
45 48 96 60
45 49 24 62
46 47 25 79
46 48 56 60
46 49 60 41
47 48 94 80
47 49 18 39
48 49 68 64
