50
0 1 3 86
0 2 45 43
0 3 37 68
0 4 55 55
0 5 19 56
0 6 17 86
0 7 76 40
0 8 41 52
0 9 89 21
0 10 83 14
0 11 15 63
0 12 38 71
0 13 5 85
0 14 68 45
0 15 30 67
0 16 25 58
0 17 18 83
0 18 80 26
0 19 3 90
0 20 10 78
0 21 89 12
0 22 63 49
0 23 51 48
0 24 78 44
0 25 34 61
0 26 63 34
0 27 22 61
0 28 0 84
0 29 18 77
0 30 72 43
0 31 77 30
0 32 38 69
0 33 0 93
0 34 0 83
0 35 95 4
0 36 4 67
0 37 46 55
0 38 97 21
0 39 98 21
0 40 38 66
0 41 1 94
0 42 1 90
0 43 78 40
0 44 36 70
0 45 45 55
0 46 35 57
0 47 33 55
0 48 56 55
0 49 84 27
1 2 23 64
1 3 82 23
1 4 51 40
1 5 94 5
1 6 64 43
1 7 38 66
1 8 52 61
1 9 68 47
1 10 10 70
1 11 77 26
1 12 90 15
1 13 20 79
1 14 44 42
1 15 1 73
1 16 92 20
1 17 17 85
1 18 71 49
1 19 60 35
1 20 30 71
1 21 78 36
1 22 3 74
1 23 43 62
1 24 99 1
1 25 73 27
1 26 44 60
1 27 49 63
1 28 32 49
1 29 31 70
1 30 78 33
1 31 29 53
1 32 70 33
1 33 23 80
1 34 72 47
1 35 67 51
1 36 4 67
1 37 47 54
1 38 33 62
1 39 16 64
1 40 63 46
1 41 84 10
1 42 58 34
1 43 75 42
1 44 54 57
1 45 41 47
1 46 37 70
1 47 33 53
1 48 49 41
1 49 55 32
2 3 12 77
2 4 51 57
2 5 49 39
2 6 11 78
2 7 79 25
2 8 53 47
2 9 6 67
2 10 83 29
2 11 34 73
2 12 90 31
2 13 84 27
2 14 93 25
2 15 48 46
2 16 19 57
2 17 28 62
2 18 50 61
2 19 52 60
2 20 38 59
2 21 56 58
2 22 41 60
2 23 7 68
2 24 20 82
2 25 63 44
2 26 96 30
2 27 94 14
2 28 11 72
2 29 89 17
2 30 66 40
2 31 75 26
2 32 65 46
2 33 92 26
2 34 69 40
2 35 46 62
2 36 74 36
2 37 65 40
2 38 97 10
2 39 25 62
2 40 56 53
2 41 72 40
2 42 7 70
2 43 54 33
2 44 94 25
2 45 23 77
2 46 89 11
2 47 12 64
2 48 18 57
2 49 60 42
3 4 90 33
3 5 45 49
3 6 82 33
3 7 42 62
3 8 34 64
3 9 78 37
3 10 37 65
3 11 8 80
3 12 85 35
3 13 80 37
3 14 82 12
3 15 58 42
3 16 84 20
3 17 24 66
3 18 72 22
3 19 96 5
3 20 44 63
3 21 89 13
3 22 97 28
3 23 66 46
3 24 21 73
3 25 18 77
3 26 29 59
3 27 63 49
3 28 74 38
3 29 56 58
3 30 33 50
3 31 96 28
3 32 55 53
3 33 31 64
3 34 85 33
3 35 5 72
3 36 38 51
3 37 65 46
3 38 30 69
3 39 67 40
3 40 53 53
3 41 27 57
3 42 96 27
3 43 46 46
3 44 57 38
3 45 10 68
3 46 66 37
3 47 9 76
3 48 62 41
3 49 98 9
4 5 15 76
4 6 55 32
4 7 9 80
4 8 74 43
4 9 17 69
4 10 58 33
4 11 16 64
4 12 20 72
4 13 35 45
4 14 35 67
4 15 77 22
4 16 94 6
4 17 82 29
4 18 98 29
4 19 74 36
4 20 94 29
4 21 64 52
4 22 22 69
4 23 34 73
4 24 31 73
4 25 79 19
4 26 33 59
4 27 19 59
4 28 36 57
4 29 28 54
4 30 54 33
4 31 24 70
4 32 5 71
4 33 7 72
4 34 92 31
4 35 58 33
4 36 23 78
4 37 40 62
4 38 20 68
4 39 37 49
4 40 9 77
4 41 95 16
4 42 11 70
4 43 77 29
4 44 29 64
4 45 1 72
4 46 73 21
4 47 36 57
4 48 75 43
4 49 89 11
5 6 51 52
5 7 56 31
5 8 68 26
5 9 9 69
5 10 15 79
5 11 16 84
5 12 93 14
5 13 78 34
5 14 93 12
5 15 72 33
5 16 45 64
5 17 65 33
5 18 59 41
5 19 30 53
5 20 88 16
5 21 23 64
5 22 94 5
5 23 25 54
5 24 56 52
5 25 7 78
5 26 16 71
5 27 91 8
5 28 30 66
5 29 44 44
5 30 10 74
5 31 57 29
5 32 88 12
5 33 75 34
5 34 56 36
5 35 6 91
5 36 14 79
5 37 32 70
5 38 17 66
5 39 36 51
5 40 0 76
5 41 22 81
5 42 21 69
5 43 89 30
5 44 5 73
5 45 63 31
5 46 34 46
5 47 65 37
5 48 20 79
5 49 60 34
6 7 14 83
6 8 72 31
6 9 56 35
6 10 60 28
6 11 11 65
6 12 65 29
6 13 29 53
6 14 20 71
6 15 30 72
6 16 89 14
6 17 42 61
6 18 98 24
6 19 17 86
6 20 86 22
6 21 82 21
6 22 60 37
6 23 27 74
6 24 98 24
6 25 4 71
6 26 65 45
6 27 16 78
6 28 58 30
6 29 13 77
6 30 2 96
6 31 15 85
6 32 57 39
6 33 92 18
6 34 53 50
6 35 7 70
6 36 75 44
6 37 17 65
6 38 48 53
6 39 40 41
6 40 50 39
6 41 38 54
6 42 15 68
6 43 47 63
6 44 63 38
6 45 84 34
6 46 40 46
6 47 22 82
6 48 72 22
6 49 88 33
7 8 88 11
7 9 58 30
7 10 81 18
7 11 17 77
7 12 92 13
7 13 7 68
7 14 65 50
7 15 32 76
7 16 25 57
7 17 2 94
7 18 76 26
7 19 49 45
7 20 38 50
7 21 0 86
7 22 27 60
7 23 73 40
7 24 46 66
7 25 21 60
7 26 17 74
7 27 82 20
7 28 56 35
7 29 91 27
7 30 25 65
7 31 74 46
7 32 84 16
7 33 18 64
7 34 62 27
7 35 55 35
7 36 21 58
7 37 32 74
7 38 77 40
7 39 44 68
7 40 93 9
7 41 5 75
7 42 97 11
7 43 62 43
7 44 7 75
7 45 98 26
7 46 69 40
7 47 43 64
7 48 25 76
7 49 89 15
8 9 86 33
8 10 54 54
8 11 94 15
8 12 32 64
8 13 43 44
8 14 72 46
8 15 40 57
8 16 66 27
8 17 31 60
8 18 92 5
8 19 40 44
8 20 2 92
8 21 53 54
8 22 76 18
8 23 90 15
8 24 59 30
8 25 37 59
8 26 46 42
8 27 19 79
8 28 33 66
8 29 32 47
8 30 10 80
8 31 71 39
8 32 14 63
8 33 0 94
8 34 37 54
8 35 24 72
8 36 29 49
8 37 98 30
8 38 54 60
8 39 87 27
8 40 85 34
8 41 1 76
8 42 31 61
8 43 6 69
8 44 72 47
8 45 98 21
8 46 27 59
8 47 25 75
8 48 23 69
8 49 14 88
9 10 37 71
9 11 96 25
9 12 44 58
9 13 58 41
9 14 29 59
9 15 14 86
9 16 53 39
9 17 91 16
9 18 48 43
9 19 57 35
9 20 50 40
9 21 37 68
9 22 91 35
9 23 26 71
9 24 43 47
9 25 79 37
9 26 59 57
9 27 12 84
9 28 37 52
9 29 88 16
9 30 53 60
9 31 17 69
9 32 82 27
9 33 78 36
9 34 12 74
9 35 57 30
9 36 12 71
9 37 5 89
9 38 61 36
9 39 4 71
9 40 50 58
9 41 34 72
9 42 54 32
9 43 55 50
9 44 96 15
9 45 4 69
9 46 96 17
9 47 25 61
9 48 82 25
9 49 17 61
10 11 87 10
10 12 42 58
10 13 19 76
10 14 11 81
10 15 43 60
10 16 59 58
10 17 39 68
10 18 42 46
10 19 80 28
10 20 91 13
10 21 64 32
10 22 53 59
10 23 74 22
10 24 11 78
10 25 41 63
10 26 77 16
10 27 76 36
10 28 52 48
10 29 10 85
10 30 11 74
10 31 60 31
10 32 7 89
10 33 88 36
10 34 56 47
10 35 68 50
10 36 19 68
10 37 15 87
10 38 51 48
10 39 54 32
10 40 5 92
10 41 23 64
10 42 96 22
10 43 66 37
10 44 53 62
10 45 67 33
10 46 54 41
10 47 72 31
10 48 60 34
10 49 60 43
11 12 54 37
11 13 32 49
11 14 60 40
11 15 91 17
11 16 98 30
11 17 94 24
11 18 21 84
11 19 55 35
11 20 73 33
11 21 29 52
11 22 33 51
11 23 96 28
11 24 79 16
11 25 90 30
11 26 16 60
11 27 15 85
11 28 54 43
11 29 53 54
11 30 26 62
11 31 26 75
11 32 7 88
11 33 75 45
11 34 52 36
11 35 36 68
11 36 92 15
11 37 74 33
11 38 49 50
11 39 73 41
11 40 16 84
11 41 40 60
11 42 5 83
11 43 64 24
11 44 52 57
11 45 28 66
11 46 84 13
11 47 18 61
11 48 25 68
11 49 26 65
12 13 77 34
12 14 51 37
12 15 79 24
12 16 93 10
12 17 90 14
12 18 51 39
12 19 65 27
12 20 50 59
12 21 21 55
12 22 33 60
12 23 39 62
12 24 66 37
12 25 41 67
12 26 72 36
12 27 34 61
12 28 79 25
12 29 44 57
12 30 21 76
12 31 85 39
12 32 84 15
12 33 94 15
12 34 30 67
12 35 33 60
12 36 9 91
12 37 21 62
12 38 24 57
12 39 46 60
12 40 70 22
12 41 16 66
12 42 10 82
12 43 78 20
12 44 98 25
12 45 21 84
12 46 28 66
12 47 10 85
12 48 61 30
12 49 30 70
13 14 83 31
13 15 72 32
13 16 17 61
13 17 52 52
13 18 16 75
13 19 76 36
13 20 74 24
13 21 81 26
13 22 33 48
13 23 10 76
13 24 55 31
13 25 92 19
13 26 4 78
13 27 76 34
13 28 4 78
13 29 18 77
13 30 51 36
13 31 12 70
13 32 23 60
13 33 9 77
13 34 17 68
13 35 16 68
13 36 23 77
13 37 49 45
13 38 73 30
13 39 92 33
13 40 28 60
13 41 8 86
13 42 45 51
13 43 98 4
13 44 99 30
13 45 30 65
13 46 65 43
13 47 21 65
13 48 51 44
13 49 72 41
14 15 60 39
14 16 89 22
14 17 42 57
14 18 51 53
14 19 27 56
14 20 26 64
14 21 39 44
14 22 72 35
14 23 1 83
14 24 30 77
14 25 80 27
14 26 0 90
14 27 3 83
14 28 14 63
14 29 42 62
14 30 3 89
14 31 16 71
14 32 1 83
14 33 11 71
14 34 17 80
14 35 12 79
14 36 24 55
14 37 62 53
14 38 71 40
14 39 50 52
14 40 98 20
14 41 46 40
14 42 60 57
14 43 61 44
14 44 0 95
14 45 51 48
14 46 72 39
14 47 55 35
14 48 41 60
14 49 81 25
15 16 3 80
15 17 33 66
15 18 11 83
15 19 9 67
15 20 29 66
15 21 1 73
15 22 6 72
15 23 43 68
15 24 18 74
15 25 43 65
15 26 63 47
15 27 79 37
15 28 9 82
15 29 54 56
15 30 25 81
15 31 40 68
15 32 11 70
15 33 63 48
15 34 59 44
15 35 71 28
15 36 48 37
15 37 91 29
15 38 46 46
15 39 73 39
15 40 33 51
15 41 29 77
15 42 11 74
15 43 51 35
15 44 6 67
15 45 15 70
15 46 62 44
15 47 48 50
15 48 8 92
15 49 52 42
16 17 91 20
16 18 54 48
16 19 41 51
16 20 59 45
16 21 52 39
16 22 38 68
16 23 61 47
16 24 83 40
16 25 85 39
16 26 75 21
16 27 8 67
16 28 10 75
16 29 20 80
16 30 50 39
16 31 64 28
16 32 22 83
16 33 96 29
16 34 33 63
16 35 27 57
16 36 22 77
16 37 92 14
16 38 70 47
16 39 87 14
16 40 53 47
16 41 20 85
16 42 93 14
16 43 89 18
16 44 70 36
16 45 85 15
16 46 41 54
16 47 92 11
16 48 30 66
16 49 8 64
17 18 69 39
17 19 72 32
17 20 69 31
17 21 1 90
17 22 27 79
17 23 33 52
17 24 1 74
17 25 9 70
17 26 66 39
17 27 81 20
17 28 75 40
17 29 97 5
17 30 13 88
17 31 46 38
17 32 91 11
17 33 82 30
17 34 46 55
17 35 7 77
17 36 55 52
17 37 62 30
17 38 15 85
17 39 68 44
17 40 41 41
17 41 28 71
17 42 18 73
17 43 83 23
17 44 7 83
17 45 32 69
17 46 51 44
17 47 93 33
17 48 68 42
17 49 45 41
18 19 96 21
18 20 91 25
18 21 30 65
18 22 44 67
18 23 63 41
18 24 90 26
18 25 36 57
18 26 66 29
18 27 61 44
18 28 98 9
18 29 73 31
18 30 0 87
18 31 26 71
18 32 42 59
18 33 31 56
18 34 39 45
18 35 73 22
18 36 89 31
18 37 49 52
18 38 68 34
18 39 16 74
18 40 34 75
18 41 50 48
18 42 83 15
18 43 17 58
18 44 58 41
18 45 41 65
18 46 15 86
18 47 74 42
18 48 87 29
18 49 99 1
19 20 7 73
19 21 1 87
19 22 12 82
19 23 86 10
19 24 84 39
19 25 97 8
19 26 63 39
19 27 47 49
19 28 10 64
19 29 52 59
19 30 44 38
19 31 88 12
19 32 10 73
19 33 52 46
19 34 48 57
19 35 36 57
19 36 88 23
19 37 96 6
19 38 8 82
19 39 93 31
19 40 68 30
19 41 68 37
19 42 42 66
19 43 74 38
19 44 80 40
19 45 21 73
19 46 37 63
19 47 45 66
19 48 18 79
19 49 45 63
20 21 24 63
20 22 64 27
20 23 66 44
20 24 43 47
20 25 80 30
20 26 62 39
20 27 87 9
20 28 18 60
20 29 3 92
20 30 53 38
20 31 21 68
20 32 49 45
20 33 28 79
20 34 66 32
20 35 18 63
20 36 30 63
20 37 40 44
20 38 36 58
20 39 15 81
20 40 85 30
20 41 42 47
20 42 53 43
20 43 87 34
20 44 86 15
20 45 24 71
20 46 83 17
20 47 83 38
20 48 63 38
20 49 68 45
21 22 16 65
21 23 53 57
21 24 2 78
21 25 30 67
21 26 3 69
21 27 63 50
21 28 92 8
21 29 52 51
21 30 30 65
21 31 46 50
21 32 2 98
21 33 53 51
21 34 20 72
21 35 53 60
21 36 79 34
21 37 67 34
21 38 33 48
21 39 9 72
21 40 35 67
21 41 46 47
21 42 59 47
21 43 58 32
21 44 87 19
21 45 98 13
21 46 80 28
21 47 19 63
21 48 39 71
21 49 25 81
22 23 60 39
22 24 7 93
22 25 36 69
22 26 63 55
22 27 40 64
22 28 71 26
22 29 87 18
22 30 89 35
22 31 43 44
22 32 40 47
22 33 34 47
22 34 54 36
22 35 49 50
22 36 19 56
22 37 19 82
22 38 69 27
22 39 21 72
22 40 57 30
22 41 42 57
22 42 11 86
22 43 73 43
22 44 65 50
22 45 33 57
22 46 36 53
22 47 33 75
22 48 11 74
22 49 69 32
23 24 87 28
23 25 85 36
23 26 2 74
23 27 63 52
23 28 29 71
23 29 7 90
23 30 35 62
23 31 75 44
23 32 67 36
23 33 84 16
23 34 12 65
23 35 41 52
23 36 14 61
23 37 72 38
23 38 48 46
23 39 98 5
23 40 71 28
23 41 86 32
23 42 64 50
23 43 73 41
23 44 36 55
23 45 9 64
23 46 36 66
23 47 28 76
23 48 57 40
23 49 91 7
24 25 61 28
24 26 5 90
24 27 56 44
24 28 24 72
24 29 80 38
24 30 9 71
24 31 98 21
24 32 49 35
24 33 24 69
24 34 55 49
24 35 47 50
24 36 38 68
24 37 2 83
24 38 7 81
24 39 36 67
24 40 2 84
24 41 45 38
24 42 81 29
24 43 80 41
24 44 93 27
24 45 16 85
24 46 21 72
24 47 95 19
24 48 1 86
24 49 13 73
25 26 68 34
25 27 74 29
25 28 69 24
25 29 82 19
25 30 69 49
25 31 22 59
25 32 3 94
25 33 18 72
25 34 24 73
25 35 44 53
25 36 59 53
25 37 79 42
25 38 1 71
25 39 76 39
25 40 28 61
25 41 12 77
25 42 77 28
25 43 61 45
25 44 66 34
25 45 1 90
25 46 2 78
25 47 71 47
25 48 55 49
25 49 34 65
26 27 89 20
26 28 13 72
26 29 23 64
26 30 41 47
26 31 61 43
26 32 85 25
26 33 27 57
26 34 55 32
26 35 44 58
26 36 63 34
26 37 95 30
26 38 8 73
26 39 27 55
26 40 54 55
26 41 8 75
26 42 15 62
26 43 16 66
26 44 74 44
26 45 65 49
26 46 93 5
26 47 33 60
26 48 14 69
26 49 49 36
27 28 16 85
27 29 75 26
27 30 94 7
27 31 74 39
27 32 18 62
27 33 97 21
27 34 68 28
27 35 63 27
27 36 73 30
27 37 11 88
27 38 1 98
27 39 83 23
27 40 20 61
27 41 96 14
27 42 39 50
27 43 4 88
27 44 35 55
27 45 96 25
27 46 81 41
27 47 1 96
27 48 81 15
27 49 77 40
28 29 97 22
28 30 57 31
28 31 73 40
28 32 21 72
28 33 64 47
28 34 97 10
28 35 52 50
28 36 45 67
28 37 24 79
28 38 7 86
28 39 69 40
28 40 6 83
28 41 91 27
28 42 42 44
28 43 58 39
28 44 6 67
28 45 49 54
28 46 63 51
28 47 58 29
28 48 36 74
28 49 81 42
29 30 14 66
29 31 31 50
29 32 72 28
29 33 40 48
29 34 72 44
29 35 63 45
29 36 95 11
29 37 70 23
29 38 68 33
29 39 68 42
29 40 66 29
29 41 21 60
29 42 6 83
29 43 43 59
29 44 95 10
29 45 60 39
29 46 92 27
29 47 34 66
29 48 12 85
29 49 34 71
30 31 70 21
30 32 25 59
30 33 91 8
30 34 11 69
30 35 42 67
30 36 92 6
30 37 9 64
30 38 57 53
30 39 96 32
30 40 61 41
30 41 35 48
30 42 32 73
30 43 84 14
30 44 63 37
30 45 11 68
30 46 98 7
30 47 88 15
30 48 78 18
30 49 37 62
31 32 34 46
31 33 39 51
31 34 17 71
31 35 90 33
31 36 64 46
31 37 84 16
31 38 43 65
31 39 3 68
31 40 57 34
31 41 37 65
31 42 58 55
31 43 54 39
31 44 95 25
31 45 6 85
31 46 81 41
31 47 29 56
31 48 94 17
31 49 69 44
32 33 63 53
32 34 33 54
32 35 77 24
32 36 55 33
32 37 2 88
32 38 52 60
32 39 89 8
32 40 77 44
32 41 26 70
32 42 35 49
32 43 93 29
32 44 77 31
32 45 25 82
32 46 71 27
32 47 56 31
32 48 95 11
32 49 80 17
33 34 74 38
33 35 63 55
33 36 89 19
33 37 56 47
33 38 22 74
33 39 25 61
33 40 23 54
33 41 71 42
33 42 63 49
33 43 8 69
33 44 85 19
33 45 25 60
33 46 22 82
33 47 45 50
33 48 59 47
33 49 95 8
34 35 33 51
34 36 25 61
34 37 76 45
34 38 38 52
34 39 1 76
34 40 42 59
34 41 87 37
34 42 72 36
34 43 90 12
34 44 19 66
34 45 83 21
34 46 55 60
34 47 90 25
34 48 85 15
34 49 19 85
35 36 67 31
35 37 93 17
35 38 86 19
35 39 2 84
35 40 65 51
35 41 0 97
35 42 31 59
35 43 29 60
35 44 58 32
35 45 26 70
35 46 20 68
35 47 63 54
35 48 79 22
35 49 12 89
36 37 23 61
36 38 6 95
36 39 95 3
36 40 16 60
36 41 45 62
36 42 22 78
36 43 48 47
36 44 66 26
36 45 62 45
36 46 9 67
36 47 98 3
36 48 49 64
36 49 45 46
37 38 42 57
37 39 31 56
37 40 96 18
37 41 56 58
37 42 80 32
37 43 62 49
37 44 87 10
37 45 59 50
37 46 44 52
37 47 41 66
37 48 83 19
37 49 99 26
38 39 46 54
38 40 53 45
38 41 40 67
38 42 70 22
38 43 22 72
38 44 11 85
38 45 59 48
38 46 72 25
38 47 45 57
38 48 96 13
38 49 68 33
39 40 85 36
39 41 96 18
39 42 67 38
39 43 60 29
39 44 84 30
39 45 38 60
39 46 72 40
39 47 32 53
39 48 60 32
39 49 88 27
40 41 11 71
40 42 86 10
40 43 95 20
40 44 99 24
40 45 86 26
40 46 16 77
40 47 33 63
40 48 79 21
40 49 37 70
41 42 6 68
41 43 32 71
41 44 70 28
41 45 61 56
41 46 73 34
41 47 30 49
41 48 43 50
41 49 72 29
42 43 89 11
42 44 39 46
42 45 20 78
42 46 99 22
42 47 63 45
42 48 9 80
42 49 3 68
43 44 7 88
43 45 3 88
43 46 32 70
43 47 66 30
43 48 37 70
43 49 6 83
44 45 61 27
44 46 14 79
44 47 50 55
44 48 65 36
44 49 58 40
45 46 16 84
45 47 55 60
45 48 8 79
45 49 57 36
46 47 39 61
46 48 59 58
46 49 50 54
47 48 84 13
47 49 22 65
48 49 36 47
