50
0 1 81 62
0 2 81 65
0 3 66 26
0 4 89 48
0 5 40 69
0 6 26 42
0 7 39 18
0 8 81 40
0 9 44 57
0 10 95 42
0 11 93 26
0 12 57 27
0 13 29 25
0 14 83 34
0 15 13 34
0 16 60 38
0 17 0 61
0 18 98 14
0 19 98 17
0 20 14 47
0 21 31 56
0 22 61 64
0 23 19 35
0 24 6 37
0 25 21 64
0 26 99 66
0 27 22 57
0 28 32 88
0 29 92 48
0 30 43 28
0 31 80 8
0 32 83 12
0 33 36 21
0 34 3 95
0 35 76 41
0 36 94 61
0 37 84 24
0 38 86 43
0 39 80 11
0 40 12 84
0 41 78 69
0 42 71 63
0 43 49 31
0 44 42 33
0 45 32 27
0 46 34 55
0 47 6 47
0 48 49 42
0 49 63 13
1 2 46 53
1 3 11 96
1 4 91 10
1 5 48 82
1 6 0 67
1 7 55 47
1 8 33 86
1 9 33 77
1 10 79 49
1 11 2 86
1 12 94 42
1 13 0 81
1 14 0 47
1 15 78 40
1 16 69 10
1 17 77 33
1 18 80 11
1 19 71 61
1 20 35 29
1 21 59 65
1 22 22 85
1 23 38 47
1 24 85 22
1 25 35 63
1 26 37 52
1 27 33 68
1 28 57 45
1 29 42 49
1 30 95 6
1 31 65 69
1 32 17 43
1 33 96 43
1 34 14 60
1 35 62 66
1 36 88 67
1 37 93 6
1 38 33 30
1 39 39 61
1 40 46 45
1 41 32 78
1 42 1 78
1 43 46 32
1 44 69 61
1 45 70 15
1 46 27 38
1 47 9 42
1 48 95 42
1 49 64 38
2 3 89 44
2 4 4 92
2 5 71 66
2 6 10 77
2 7 62 33
2 8 11 28
2 9 93 23
2 10 45 78
2 11 1 47
2 12 18 38
2 13 38 59
2 14 57 45
2 15 40 87
2 16 5 76
2 17 49 34
2 18 87 46
2 19 81 50
2 20 19 43
2 21 96 55
2 22 45 40
2 23 4 97
2 24 21 35
2 25 27 59
2 26 25 77
2 27 62 20
2 28 6 28
2 29 30 49
2 30 59 76
2 31 4 46
2 32 60 35
2 33 92 17
2 34 88 50
2 35 55 67
2 36 62 74
2 37 21 78
2 38 94 30
2 39 93 58
2 40 12 70
2 41 95 66
2 42 44 83
2 43 77 6
2 44 33 44
2 45 68 13
2 46 23 32
2 47 3 71
2 48 59 21
2 49 77 62
3 4 40 53
3 5 65 28
3 6 51 29
3 7 41 32
3 8 40 36
3 9 70 75
3 10 59 13
3 11 32 63
3 12 53 65
3 13 27 79
3 14 85 6
3 15 87 33
3 16 36 24
3 17 92 26
3 18 49 46
3 19 95 16
3 20 85 29
3 21 81 41
3 22 6 50
3 23 53 32
3 24 17 94
3 25 10 56
3 26 27 85
3 27 12 29
3 28 42 37
3 29 52 27
3 30 10 76
3 31 38 34
3 32 41 46
3 33 77 45
3 34 24 89
3 35 22 39
3 36 37 73
3 37 20 76
3 38 12 94
3 39 54 61
3 40 16 81
3 41 57 71
3 42 10 90
3 43 28 74
3 44 39 40
3 45 29 45
3 46 84 20
3 47 40 84
3 48 91 13
3 49 87 4
4 5 22 72
4 6 83 47
4 7 52 34
4 8 35 40
4 9 85 17
4 10 20 56
4 11 52 79
4 12 7 31
4 13 97 37
4 14 66 19
4 15 65 24
4 16 6 63
4 17 26 76
4 18 67 57
4 19 7 83
4 20 68 47
4 21 74 26
4 22 61 39
4 23 50 19
4 24 54 34
4 25 27 50
4 26 86 11
4 27 88 6
4 28 44 65
4 29 82 15
4 30 41 43
4 31 51 61
4 32 96 52
4 33 17 39
4 34 5 76
4 35 47 23
4 36 65 55
4 37 44 52
4 38 36 70
4 39 76 76
4 40 48 56
4 41 75 38
4 42 8 39
4 43 55 23
4 44 13 50
4 45 50 55
4 46 29 87
4 47 57 65
4 48 61 67
4 49 9 78
5 6 8 89
5 7 26 77
5 8 38 40
5 9 5 74
5 10 77 30
5 11 8 90
5 12 25 24
5 13 16 41
5 14 68 27
5 15 27 50
5 16 74 55
5 17 52 37
5 18 11 49
5 19 48 83
5 20 80 17
5 21 14 91
5 22 95 49
5 23 89 54
5 24 42 45
5 25 89 3
5 26 8 31
5 27 46 49
5 28 79 20
5 29 14 53
5 30 7 83
5 31 72 41
5 32 59 19
5 33 98 11
5 34 46 42
5 35 65 42
5 36 64 21
5 37 53 21
5 38 58 47
5 39 18 34
5 40 38 61
5 41 97 5
5 42 2 80
5 43 81 74
5 44 48 19
5 45 72 68
5 46 81 61
5 47 49 84
5 48 28 51
5 49 29 40
6 7 0 93
6 8 22 25
6 9 10 39
6 10 57 36
6 11 55 32
6 12 45 42
6 13 16 84
6 14 78 65
6 15 76 32
6 16 90 38
6 17 34 49
6 18 15 51
6 19 8 48
6 20 71 31
6 21 2 91
6 22 49 82
6 23 75 74
6 24 46 64
6 25 15 65
6 26 42 45
6 27 43 42
6 28 58 66
6 29 84 7
6 30 23 26
6 31 57 33
6 32 34 68
6 33 26 75
6 34 17 43
6 35 55 42
6 36 70 70
6 37 90 62
6 38 15 31
6 39 69 79
6 40 62 77
6 41 50 78
6 42 91 46
6 43 30 70
6 44 83 42
6 45 29 25
6 46 46 54
6 47 22 31
6 48 93 36
6 49 74 38
7 8 74 26
7 9 64 33
7 10 47 29
7 11 72 47
7 12 15 88
7 13 22 60
7 14 10 62
7 15 21 88
7 16 98 4
7 17 0 44
7 18 12 93
7 19 58 74
7 20 93 55
7 21 53 69
7 22 65 61
7 23 45 27
7 24 51 60
7 25 52 56
7 26 39 52
7 27 27 76
7 28 86 9
7 29 78 68
7 30 54 41
7 31 6 51
7 32 64 66
7 33 12 65
7 34 78 15
7 35 11 82
7 36 30 69
7 37 31 63
7 38 87 45
7 39 72 17
7 40 51 57
7 41 70 52
7 42 3 32
7 43 64 47
7 44 76 66
7 45 51 19
7 46 9 47
7 47 49 40
7 48 73 8
7 49 93 20
8 9 67 62
8 10 89 60
8 11 13 47
8 12 4 72
8 13 8 29
8 14 77 66
8 15 63 17
8 16 6 55
8 17 33 71
8 18 30 72
8 19 77 41
8 20 28 64
8 21 91 19
8 22 30 41
8 23 56 51
8 24 49 40
8 25 21 78
8 26 0 52
8 27 21 28
8 28 69 54
8 29 18 74
8 30 19 44
8 31 43 72
8 32 93 63
8 33 34 56
8 34 43 55
8 35 70 71
8 36 27 75
8 37 61 24
8 38 47 51
8 39 77 48
8 40 19 36
8 41 62 47
8 42 19 34
8 43 95 69
8 44 99 59
8 45 8 84
8 46 87 17
8 47 41 25
8 48 5 41
8 49 8 86
9 10 28 23
9 11 94 15
9 12 98 28
9 13 69 38
9 14 65 26
9 15 34 32
9 16 99 0
9 17 59 13
9 18 36 68
9 19 0 86
9 20 69 45
9 21 62 44
9 22 23 48
9 23 44 67
9 24 60 69
9 25 13 29
9 26 76 40
9 27 75 63
9 28 71 35
9 29 11 94
9 30 73 74
9 31 75 12
9 32 81 13
9 33 9 75
9 34 55 71
9 35 19 68
9 36 10 92
9 37 15 57
9 38 76 64
9 39 99 42
9 40 91 20
9 41 83 27
9 42 68 61
9 43 44 49
9 44 82 32
9 45 48 32
9 46 75 62
9 47 63 31
9 48 71 76
9 49 36 75
10 11 57 13
10 12 5 67
10 13 43 55
10 14 92 42
10 15 97 9
10 16 18 79
10 17 69 60
10 18 28 75
10 19 68 31
10 20 63 39
10 21 23 89
10 22 22 41
10 23 35 28
10 24 45 66
10 25 60 79
10 26 36 20
10 27 93 61
10 28 41 48
10 29 95 28
10 30 32 30
10 31 49 76
10 32 40 22
10 33 87 24
10 34 60 16
10 35 2 75
10 36 96 68
10 37 90 28
10 38 62 16
10 39 72 38
10 40 95 33
10 41 64 37
10 42 40 74
10 43 26 44
10 44 67 25
10 45 54 60
10 46 85 21
10 47 78 63
10 48 3 58
10 49 88 16
11 12 3 48
11 13 10 36
11 14 34 70
11 15 95 35
11 16 31 62
11 17 86 24
11 18 21 37
11 19 73 66
11 20 35 41
11 21 49 22
11 22 12 54
11 23 55 55
11 24 29 78
11 25 73 54
11 26 75 17
11 27 96 14
11 28 38 40
11 29 97 3
11 30 64 28
11 31 1 98
11 32 81 24
11 33 99 38
11 34 20 57
11 35 84 72
11 36 17 65
11 37 87 47
11 38 48 70
11 39 85 18
11 40 77 6
11 41 26 25
11 42 22 89
11 43 69 27
11 44 77 29
11 45 80 73
11 46 74 53
11 47 91 59
11 48 18 47
11 49 74 43
12 13 35 66
12 14 35 78
12 15 24 27
12 16 14 60
12 17 62 33
12 18 97 55
12 19 91 69
12 20 21 52
12 21 84 70
12 22 18 76
12 23 21 87
12 24 56 31
12 25 27 67
12 26 13 31
12 27 14 66
12 28 50 40
12 29 6 67
12 30 98 2
12 31 15 91
12 32 4 42
12 33 53 24
12 34 36 58
12 35 82 12
12 36 12 83
12 37 97 32
12 38 12 79
12 39 39 22
12 40 53 63
12 41 46 80
12 42 36 69
12 43 97 44
12 44 66 22
12 45 78 51
12 46 58 50
12 47 22 57
12 48 31 71
12 49 83 73
13 14 70 27
13 15 13 64
13 16 98 6
13 17 42 53
13 18 68 21
13 19 31 58
13 20 60 68
13 21 68 39
13 22 69 15
13 23 15 30
13 24 12 45
13 25 59 29
13 26 70 10
13 27 52 37
13 28 57 34
13 29 22 66
13 30 29 33
13 31 92 47
13 32 7 71
13 33 88 36
13 34 75 61
13 35 20 51
13 36 72 14
13 37 66 14
13 38 99 13
13 39 38 76
13 40 60 58
13 41 24 33
13 42 53 74
13 43 78 8
13 44 83 30
13 45 38 59
13 46 58 76
13 47 40 87
13 48 27 81
13 49 89 61
14 15 55 80
14 16 89 34
14 17 57 60
14 18 29 38
14 19 22 44
14 20 48 32
14 21 67 33
14 22 49 21
14 23 47 61
14 24 19 52
14 25 86 62
14 26 79 55
14 27 90 61
14 28 26 82
14 29 76 63
14 30 15 28
14 31 65 71
14 32 98 36
14 33 80 21
14 34 11 95
14 35 30 89
14 36 97 5
14 37 37 64
14 38 4 65
14 39 77 42
14 40 38 70
14 41 28 78
14 42 3 55
14 43 5 75
14 44 60 24
14 45 59 75
14 46 56 20
14 47 41 29
14 48 71 71
14 49 75 18
15 16 77 67
15 17 25 72
15 18 87 34
15 19 11 83
15 20 46 58
15 21 11 66
15 22 93 35
15 23 72 31
15 24 37 30
15 25 16 86
15 26 84 47
15 27 57 47
15 28 1 92
15 29 14 37
15 30 76 37
15 31 99 29
15 32 14 32
15 33 19 30
15 34 52 29
15 35 17 57
15 36 92 25
15 37 16 29
15 38 16 49
15 39 96 65
15 40 62 75
15 41 74 76
15 42 91 38
15 43 70 71
15 44 52 82
15 45 9 52
15 46 15 76
15 47 49 43
15 48 38 86
15 49 67 73
16 17 51 32
16 18 35 49
16 19 31 22
16 20 33 21
16 21 13 77
16 22 10 67
16 23 38 26
16 24 82 20
16 25 1 47
16 26 95 22
16 27 78 72
16 28 28 62
16 29 43 39
16 30 39 61
16 31 34 32
16 32 80 35
16 33 96 7
16 34 73 9
16 35 28 39
16 36 77 66
16 37 15 75
16 38 6 81
16 39 22 26
16 40 56 25
16 41 79 23
16 42 43 35
16 43 58 18
16 44 38 53
16 45 34 47
16 46 83 27
16 47 54 38
16 48 97 18
16 49 49 44
17 18 40 60
17 19 4 85
17 20 55 19
17 21 3 64
17 22 85 7
17 23 86 34
17 24 6 59
17 25 40 44
17 26 69 58
17 27 19 88
17 28 35 26
17 29 57 27
17 30 19 86
17 31 2 43
17 32 3 37
17 33 95 26
17 34 7 85
17 35 16 41
17 36 38 38
17 37 79 68
17 38 62 66
17 39 42 66
17 40 1 92
17 41 80 48
17 42 39 35
17 43 16 82
17 44 45 21
17 45 9 78
17 46 63 73
17 47 4 53
17 48 83 45
17 49 40 73
18 19 80 33
18 20 59 78
18 21 80 20
18 22 29 64
18 23 94 3
18 24 79 11
18 25 26 53
18 26 4 70
18 27 32 86
18 28 47 51
18 29 6 56
18 30 28 51
18 31 17 76
18 32 75 42
18 33 98 70
18 34 93 39
18 35 77 14
18 36 89 56
18 37 8 66
18 38 99 38
18 39 2 95
18 40 20 68
18 41 33 38
18 42 82 7
18 43 83 52
18 44 82 20
18 45 88 40
18 46 65 25
18 47 18 45
18 48 29 82
18 49 39 57
19 20 27 84
19 21 54 25
19 22 0 56
19 23 93 65
19 24 30 68
19 25 87 16
19 26 92 65
19 27 49 46
19 28 91 25
19 29 65 67
19 30 77 45
19 31 57 14
19 32 22 37
19 33 46 47
19 34 30 70
19 35 64 66
19 36 28 72
19 37 10 44
19 38 18 30
19 39 53 68
19 40 17 40
19 41 29 59
19 42 24 34
19 43 84 34
19 44 93 4
19 45 34 75
19 46 95 29
19 47 42 42
19 48 93 26
19 49 76 75
20 21 32 41
20 22 87 53
20 23 98 58
20 24 63 32
20 25 78 28
20 26 71 44
20 27 31 21
20 28 50 50
20 29 78 50
20 30 8 63
20 31 4 29
20 32 44 58
20 33 86 15
20 34 52 14
20 35 89 29
20 36 27 26
20 37 30 40
20 38 28 71
20 39 30 43
20 40 56 49
20 41 59 45
20 42 55 15
20 43 75 70
20 44 43 41
20 45 42 31
20 46 67 23
20 47 53 80
20 48 96 61
20 49 38 65
21 22 72 42
21 23 76 15
21 24 80 74
21 25 74 42
21 26 54 69
21 27 85 37
21 28 45 22
21 29 6 93
21 30 98 28
21 31 71 73
21 32 5 60
21 33 8 31
21 34 86 48
21 35 81 53
21 36 82 6
21 37 41 85
21 38 48 29
21 39 29 27
21 40 16 25
21 41 37 72
21 42 24 29
21 43 32 84
21 44 22 82
21 45 48 60
21 46 86 53
21 47 81 54
21 48 75 72
21 49 35 40
22 23 16 29
22 24 14 57
22 25 66 32
22 26 47 76
22 27 31 88
22 28 0 99
22 29 28 86
22 30 69 48
22 31 10 30
22 32 97 69
22 33 36 60
22 34 24 84
22 35 34 32
22 36 71 16
22 37 44 45
22 38 39 51
22 39 37 26
22 40 22 69
22 41 36 76
22 42 26 67
22 43 22 62
22 44 41 56
22 45 19 85
22 46 80 10
22 47 59 37
22 48 76 66
22 49 80 54
23 24 58 75
23 25 92 26
23 26 56 75
23 27 87 61
23 28 1 38
23 29 11 68
23 30 86 26
23 31 71 10
23 32 99 68
23 33 68 55
23 34 8 29
23 35 89 7
23 36 20 54
23 37 0 85
23 38 64 29
23 39 39 71
23 40 57 33
23 41 92 7
23 42 87 35
23 43 82 35
23 44 15 34
23 45 7 52
23 46 97 22
23 47 9 75
23 48 68 31
23 49 14 77
24 25 66 29
24 26 6 58
24 27 92 8
24 28 0 57
24 29 12 84
24 30 87 38
24 31 15 40
24 32 54 44
24 33 92 25
24 34 29 23
24 35 78 45
24 36 23 50
24 37 38 59
24 38 20 24
24 39 40 86
24 40 5 97
24 41 6 63
24 42 62 42
24 43 74 74
24 44 7 91
24 45 99 20
24 46 9 58
24 47 29 79
24 48 48 41
24 49 47 85
25 26 42 72
25 27 41 40
25 28 41 30
25 29 52 78
25 30 42 38
25 31 26 80
25 32 69 52
25 33 78 36
25 34 46 60
25 35 73 71
25 36 72 28
25 37 31 58
25 38 64 32
25 39 27 71
25 40 12 79
25 41 50 71
25 42 18 30
25 43 40 64
25 44 55 37
25 45 83 13
25 46 66 67
25 47 8 30
25 48 16 82
25 49 53 79
26 27 94 55
26 28 46 34
26 29 8 66
26 30 90 55
26 31 22 44
26 32 53 83
26 33 28 44
26 34 92 2
26 35 85 29
26 36 49 80
26 37 37 73
26 38 92 64
26 39 40 58
26 40 50 83
26 41 1 76
26 42 40 34
26 43 39 39
26 44 73 31
26 45 71 58
26 46 0 67
26 47 86 61
26 48 43 76
26 49 22 29
27 28 39 83
27 29 37 48
27 30 70 76
27 31 23 57
27 32 61 47
27 33 94 5
27 34 37 45
27 35 43 85
27 36 9 82
27 37 79 63
27 38 63 52
27 39 51 76
27 40 65 19
27 41 59 43
27 42 61 54
27 43 63 44
27 44 52 80
27 45 75 22
27 46 70 18
27 47 29 53
27 48 93 7
27 49 12 27
28 29 88 10
28 30 62 75
28 31 74 24
28 32 96 41
28 33 1 69
28 34 89 18
28 35 47 53
28 36 20 44
28 37 28 69
28 38 11 91
28 39 7 96
28 40 86 63
28 41 71 45
28 42 23 58
28 43 38 35
28 44 52 76
28 45 8 37
28 46 17 93
28 47 58 41
28 48 95 52
28 49 79 17
29 30 77 24
29 31 48 51
29 32 52 29
29 33 54 44
29 34 6 82
29 35 82 56
29 36 55 69
29 37 52 83
29 38 68 62
29 39 15 56
29 40 80 60
29 41 28 30
29 42 32 60
29 43 88 5
29 44 99 25
29 45 54 25
29 46 1 73
29 47 60 60
29 48 59 29
29 49 10 76
30 31 21 62
30 32 78 31
30 33 52 14
30 34 68 36
30 35 63 64
30 36 90 60
30 37 57 35
30 38 82 59
30 39 22 42
30 40 73 60
30 41 15 72
30 42 26 39
30 43 55 14
30 44 53 60
30 45 75 18
30 46 27 76
30 47 93 53
30 48 27 56
30 49 83 44
31 32 28 44
31 33 78 68
31 34 13 95
31 35 63 71
31 36 60 52
31 37 93 29
31 38 60 53
31 39 18 34
31 40 66 47
31 41 66 21
31 42 78 6
31 43 12 78
31 44 90 46
31 45 89 57
31 46 63 59
31 47 79 75
31 48 1 93
31 49 19 81
32 33 90 12
32 34 98 13
32 35 65 16
32 36 64 17
32 37 12 93
32 38 36 77
32 39 90 38
32 40 28 67
32 41 25 49
32 42 8 72
32 43 72 41
32 44 44 67
32 45 7 39
32 46 89 3
32 47 69 36
32 48 60 35
32 49 26 60
33 34 28 79
33 35 60 39
33 36 81 6
33 37 10 39
33 38 14 50
33 39 60 67
33 40 25 76
33 41 23 36
33 42 44 53
33 43 78 27
33 44 88 37
33 45 53 81
33 46 75 11
33 47 72 63
33 48 35 28
33 49 63 13
34 35 22 56
34 36 76 71
34 37 37 62
34 38 42 20
34 39 82 10
34 40 85 53
34 41 77 14
34 42 66 54
34 43 24 88
34 44 96 40
34 45 90 58
34 46 94 25
34 47 78 58
34 48 2 79
34 49 92 27
35 36 78 18
35 37 20 85
35 38 98 56
35 39 25 28
35 40 14 83
35 41 26 82
35 42 86 20
35 43 18 85
35 44 66 32
35 45 10 90
35 46 37 49
35 47 2 71
35 48 79 8
35 49 41 84
36 37 22 27
36 38 88 12
36 39 59 28
36 40 14 65
36 41 88 12
36 42 24 67
36 43 5 84
36 44 17 54
36 45 36 77
36 46 30 71
36 47 22 71
36 48 10 81
36 49 83 61
37 38 37 83
37 39 50 75
37 40 24 31
37 41 53 44
37 42 14 41
37 43 29 30
37 44 96 48
37 45 40 45
37 46 77 74
37 47 33 64
37 48 94 10
37 49 78 37
38 39 52 24
38 40 27 44
38 41 40 59
38 42 94 49
38 43 68 14
38 44 5 84
38 45 26 71
38 46 21 61
38 47 48 55
38 48 23 82
38 49 33 72
39 40 3 93
39 41 38 42
39 42 55 44
39 43 92 67
39 44 78 41
39 45 38 20
39 46 80 33
39 47 90 52
39 48 4 77
39 49 74 74
40 41 24 33
40 42 8 93
40 43 41 52
40 44 52 20
40 45 37 29
40 46 38 82
40 47 31 62
40 48 51 48
40 49 91 41
41 42 30 37
41 43 21 92
41 44 90 9
41 45 78 48
41 46 80 58
41 47 63 67
41 48 32 51
41 49 16 74
42 43 35 33
42 44 37 83
42 45 47 21
42 46 99 37
42 47 96 22
42 48 76 37
42 49 95 22
43 44 46 49
43 45 8 60
43 46 19 73
43 47 59 38
43 48 19 59
43 49 4 60
44 45 87 25
44 46 95 55
44 47 34 73
44 48 48 61
44 49 88 13
45 46 93 53
45 47 99 47
45 48 39 74
45 49 64 36
46 47 65 32
46 48 73 25
46 49 10 42
47 48 65 59
47 49 17 66
48 49 48 34
