50
0 1 17 42
0 2 64 66
0 3 52 57
0 4 48 62
0 5 30 35
0 6 23 80
0 7 58 31
0 8 12 59
0 9 18 43
0 10 66 29
0 11 6 85
0 12 0 81
0 13 95 18
0 14 29 56
0 15 76 28
0 16 72 50
0 17 40 55
0 18 96 45
0 19 34 73
0 20 22 49
0 21 72 56
0 22 27 49
0 23 52 68
0 24 87 16
0 25 3 56
0 26 35 57
0 27 83 10
0 28 84 57
0 29 57 41
0 30 19 67
0 31 78 35
0 32 49 74
0 33 99 47
0 34 79 32
0 35 37 54
0 36 5 91
0 37 6 50
0 38 99 2
0 39 96 19
0 40 15 43
0 41 24 69
0 42 27 38
0 43 26 60
0 44 17 68
0 45 28 57
0 46 35 71
0 47 11 49
0 48 96 48
0 49 87 17
1 2 17 76
1 3 10 68
1 4 38 50
1 5 28 52
1 6 33 51
1 7 40 68
1 8 53 24
1 9 8 80
1 10 87 51
1 11 76 32
1 12 30 40
1 13 71 25
1 14 77 51
1 15 96 3
1 16 29 71
1 17 55 41
1 18 12 78
1 19 6 55
1 20 43 74
1 21 24 86
1 22 44 47
1 23 19 80
1 24 72 29
1 25 33 48
1 26 27 41
1 27 73 24
1 28 97 3
1 29 35 65
1 30 98 10
1 31 83 49
1 32 77 35
1 33 98 22
1 34 56 22
1 35 90 9
1 36 30 82
1 37 8 56
1 38 65 52
1 39 55 53
1 40 87 16
1 41 49 53
1 42 15 70
1 43 18 73
1 44 30 54
1 45 27 73
1 46 6 71
1 47 96 33
1 48 55 34
1 49 94 29
2 3 20 48
2 4 78 37
2 5 90 22
2 6 3 84
2 7 34 52
2 8 57 25
2 9 5 92
2 10 6 92
2 11 32 71
2 12 82 14
2 13 91 51
2 14 57 58
2 15 64 36
2 16 92 34
2 17 36 44
2 18 55 47
2 19 39 69
2 20 19 61
2 21 1 81
2 22 52 40
2 23 27 76
2 24 14 84
2 25 62 59
2 26 87 15
2 27 8 94
2 28 56 68
2 29 56 25
2 30 16 88
2 31 32 53
2 32 60 34
2 33 94 40
2 34 55 43
2 35 21 76
2 36 83 51
2 37 44 60
2 38 39 67
2 39 26 60
2 40 9 50
2 41 95 12
2 42 17 44
2 43 57 56
2 44 6 68
2 45 23 74
2 46 70 56
2 47 42 78
2 48 74 58
2 49 22 69
3 4 27 82
3 5 7 52
3 6 65 35
3 7 51 31
3 8 93 46
3 9 6 47
3 10 51 49
3 11 18 78
3 12 14 57
3 13 97 12
3 14 22 43
3 15 6 71
3 16 82 43
3 17 9 61
3 18 82 24
3 19 56 31
3 20 52 33
3 21 53 73
3 22 3 70
3 23 43 41
3 24 99 22
3 25 80 14
3 26 81 38
3 27 20 65
3 28 56 68
3 29 93 46
3 30 57 49
3 31 17 83
3 32 16 77
3 33 27 63
3 34 74 36
3 35 85 32
3 36 66 21
3 37 84 15
3 38 89 19
3 39 75 19
3 40 48 63
3 41 60 23
3 42 29 65
3 43 71 40
3 44 82 12
3 45 85 21
3 46 86 53
3 47 68 53
3 48 39 37
3 49 82 54
4 5 54 34
4 6 5 82
4 7 90 18
4 8 12 50
4 9 15 46
4 10 99 6
4 11 44 45
4 12 31 41
4 13 81 35
4 14 50 52
4 15 32 75
4 16 84 12
4 17 24 56
4 18 67 51
4 19 42 44
4 20 23 57
4 21 96 49
4 22 27 53
4 23 0 72
4 24 4 55
4 25 15 87
4 26 81 35
4 27 61 47
4 28 86 22
4 29 26 80
4 30 65 46
4 31 87 55
4 32 78 38
4 33 8 68
4 34 16 52
4 35 84 41
4 36 67 65
4 37 70 18
4 38 84 43
4 39 21 53
4 40 97 42
4 41 12 89
4 42 9 63
4 43 22 82
4 44 30 65
4 45 85 55
4 46 19 75
4 47 16 78
4 48 3 62
4 49 45 68
5 6 86 45
5 7 50 57
5 8 32 37
5 9 60 56
5 10 34 51
5 11 58 23
5 12 48 55
5 13 87 25
5 14 35 54
5 15 79 30
5 16 45 45
5 17 0 85
5 18 29 77
5 19 13 63
5 20 59 45
5 21 84 49
5 22 74 50
5 23 96 13
5 24 20 78
5 25 31 57
5 26 50 39
5 27 74 45
5 28 17 53
5 29 87 38
5 30 7 60
5 31 7 75
5 32 74 47
5 33 24 74
5 34 76 59
5 35 33 61
5 36 39 76
5 37 83 19
5 38 13 81
5 39 63 26
5 40 93 37
5 41 38 79
5 42 54 54
5 43 92 14
5 44 39 56
5 45 30 39
5 46 44 49
5 47 28 56
5 48 82 43
5 49 36 44
6 7 2 57
6 8 41 76
6 9 37 34
6 10 64 45
6 11 20 67
6 12 23 74
6 13 6 75
6 14 19 47
6 15 36 46
6 16 74 18
6 17 22 62
6 18 86 49
6 19 74 60
6 20 61 42
6 21 71 24
6 22 81 23
6 23 25 80
6 24 42 61
6 25 15 84
6 26 58 33
6 27 36 63
6 28 41 66
6 29 13 66
6 30 5 79
6 31 11 87
6 32 71 28
6 33 14 63
6 34 87 33
6 35 16 57
6 36 87 41
6 37 34 74
6 38 61 64
6 39 9 52
6 40 17 71
6 41 47 61
6 42 21 53
6 43 62 25
6 44 76 47
6 45 84 40
6 46 21 83
6 47 62 29
6 48 29 40
6 49 10 66
7 8 78 21
7 9 96 28
7 10 36 65
7 11 80 53
7 12 53 48
7 13 96 15
7 14 26 42
7 15 1 84
7 16 57 63
7 17 35 58
7 18 49 65
7 19 5 57
7 20 13 46
7 21 47 68
7 22 20 56
7 23 21 44
7 24 65 30
7 25 40 73
7 26 81 43
7 27 50 51
7 28 55 33
7 29 15 67
7 30 76 15
7 31 61 55
7 32 30 74
7 33 63 25
7 34 41 57
7 35 88 17
7 36 66 29
7 37 3 53
7 38 10 85
7 39 66 54
7 40 67 54
7 41 50 74
7 42 96 43
7 43 57 61
7 44 31 55
7 45 42 50
7 46 94 4
7 47 43 48
7 48 24 64
7 49 87 32
8 9 37 35
8 10 88 25
8 11 88 52
8 12 57 50
8 13 17 89
8 14 32 72
8 15 45 72
8 16 36 59
8 17 57 32
8 18 62 59
8 19 67 51
8 20 49 33
8 21 68 18
8 22 55 65
8 23 74 16
8 24 66 51
8 25 20 42
8 26 2 93
8 27 16 91
8 28 72 38
8 29 36 46
8 30 76 54
8 31 43 30
8 32 34 41
8 33 6 57
8 34 89 50
8 35 28 47
8 36 17 51
8 37 98 19
8 38 95 13
8 39 96 14
8 40 39 78
8 41 11 67
8 42 1 93
8 43 67 36
8 44 25 69
8 45 8 85
8 46 62 66
8 47 23 72
8 48 49 64
8 49 3 69
9 10 53 35
9 11 48 44
9 12 55 37
9 13 32 44
9 14 51 32
9 15 79 36
9 16 36 41
9 17 25 59
9 18 62 28
9 19 20 66
9 20 35 34
9 21 84 10
9 22 12 47
9 23 52 36
9 24 10 79
9 25 78 26
9 26 82 33
9 27 42 75
9 28 54 42
9 29 15 52
9 30 22 76
9 31 12 45
9 32 0 96
9 33 85 28
9 34 35 33
9 35 76 23
9 36 16 55
9 37 17 49
9 38 3 60
9 39 23 49
9 40 82 56
9 41 33 53
9 42 25 75
9 43 12 58
9 44 26 51
9 45 20 69
9 46 73 58
9 47 19 85
9 48 86 21
9 49 36 59
10 11 89 32
10 12 82 29
10 13 99 31
10 14 52 53
10 15 94 15
10 16 36 43
10 17 54 66
10 18 33 54
10 19 14 52
10 20 53 54
10 21 66 22
10 22 74 52
10 23 91 12
10 24 17 88
10 25 36 65
10 26 85 33
10 27 40 43
10 28 17 64
10 29 33 44
10 30 92 38
10 31 17 62
10 32 93 46
10 33 51 56
10 34 18 74
10 35 6 61
10 36 42 74
10 37 45 71
10 38 91 31
10 39 97 38
10 40 52 37
10 41 91 32
10 42 5 59
10 43 76 56
10 44 4 65
10 45 42 56
10 46 84 52
10 47 68 18
10 48 46 56
10 49 53 68
11 12 3 81
11 13 50 48
11 14 61 60
11 15 11 48
11 16 91 33
11 17 18 80
11 18 29 49
11 19 10 51
11 20 1 97
11 21 20 62
11 22 99 45
11 23 31 48
11 24 34 60
11 25 1 87
11 26 84 32
11 27 1 50
11 28 60 27
11 29 2 77
11 30 74 39
11 31 67 54
11 32 77 11
11 33 58 69
11 34 1 59
11 35 11 61
11 36 65 65
11 37 68 59
11 38 62 64
11 39 33 59
11 40 48 58
11 41 53 66
11 42 3 69
11 43 1 96
11 44 98 0
11 45 55 49
11 46 85 31
11 47 77 36
11 48 50 64
11 49 34 61
12 13 39 42
12 14 68 53
12 15 40 61
12 16 55 30
12 17 45 53
12 18 44 39
12 19 54 65
12 20 58 59
12 21 59 45
12 22 16 46
12 23 32 56
12 24 81 56
12 25 30 78
12 26 58 61
12 27 23 75
12 28 26 38
12 29 80 29
12 30 49 43
12 31 3 53
12 32 3 90
12 33 84 57
12 34 93 52
12 35 83 24
12 36 60 51
12 37 24 46
12 38 75 24
12 39 68 18
12 40 89 9
12 41 14 58
12 42 94 24
12 43 64 39
12 44 63 18
12 45 59 41
12 46 93 50
12 47 20 42
12 48 86 28
12 49 36 52
13 14 23 45
13 15 7 63
13 16 46 28
13 17 57 55
13 18 72 58
13 19 71 39
13 20 87 52
13 21 77 59
13 22 65 23
13 23 78 28
13 24 96 9
13 25 68 46
13 26 98 7
13 27 89 52
13 28 27 77
13 29 4 73
13 30 5 80
13 31 89 51
13 32 81 29
13 33 57 23
13 34 84 10
13 35 53 24
13 36 77 47
13 37 52 62
13 38 40 63
13 39 6 93
13 40 9 76
13 41 41 43
13 42 24 68
13 43 43 74
13 44 36 67
13 45 25 78
13 46 19 42
13 47 63 42
13 48 17 55
13 49 51 26
14 15 37 66
14 16 63 23
14 17 5 72
14 18 30 39
14 19 15 56
14 20 56 31
14 21 24 77
14 22 14 68
14 23 18 42
14 24 62 21
14 25 53 25
14 26 93 18
14 27 74 39
14 28 76 30
14 29 56 65
14 30 0 61
14 31 61 32
14 32 18 67
14 33 21 43
14 34 13 65
14 35 99 44
14 36 91 30
14 37 28 70
14 38 37 57
14 39 61 65
14 40 36 61
14 41 87 51
14 42 35 71
14 43 42 42
14 44 26 62
14 45 38 59
14 46 15 63
14 47 21 87
14 48 61 32
14 49 65 27
15 16 49 67
15 17 68 50
15 18 48 42
15 19 3 84
15 20 50 31
15 21 54 22
15 22 66 37
15 23 81 49
15 24 74 49
15 25 20 42
15 26 76 18
15 27 45 62
15 28 86 20
15 29 20 87
15 30 66 57
15 31 40 73
15 32 39 80
15 33 56 58
15 34 19 79
15 35 65 49
15 36 56 60
15 37 29 48
15 38 71 61
15 39 16 58
15 40 7 63
15 41 71 59
15 42 45 76
15 43 44 76
15 44 91 11
15 45 47 67
15 46 77 44
15 47 31 46
15 48 79 48
15 49 68 22
16 17 2 89
16 18 33 34
16 19 13 52
16 20 11 91
16 21 8 62
16 22 79 46
16 23 42 55
16 24 77 37
16 25 26 79
16 26 78 49
16 27 53 36
16 28 17 63
16 29 11 74
16 30 74 19
16 31 62 39
16 32 95 29
16 33 38 74
16 34 47 70
16 35 53 34
16 36 26 63
16 37 83 47
16 38 31 69
16 39 43 43
16 40 62 55
16 41 35 40
16 42 51 65
16 43 58 47
16 44 34 51
16 45 11 86
16 46 67 17
16 47 72 21
16 48 28 44
16 49 69 22
17 18 8 84
17 19 57 70
17 20 24 72
17 21 89 33
17 22 96 37
17 23 20 69
17 24 89 24
17 25 82 30
17 26 52 56
17 27 17 90
17 28 89 24
17 29 43 73
17 30 41 78
17 31 79 18
17 32 94 45
17 33 36 34
17 34 55 66
17 35 80 26
17 36 93 33
17 37 25 81
17 38 21 53
17 39 42 69
17 40 25 64
17 41 20 53
17 42 86 12
17 43 60 37
17 44 51 67
17 45 27 37
17 46 62 26
17 47 83 16
17 48 61 56
17 49 3 92
18 19 66 30
18 20 76 14
18 21 21 72
18 22 99 27
18 23 29 71
18 24 1 89
18 25 96 9
18 26 67 40
18 27 31 73
18 28 79 21
18 29 54 67
18 30 97 20
18 31 88 17
18 32 20 75
18 33 31 37
18 34 76 22
18 35 36 78
18 36 4 73
18 37 5 51
18 38 62 28
18 39 17 68
18 40 96 18
18 41 18 46
18 42 71 44
18 43 15 91
18 44 1 56
18 45 56 57
18 46 44 31
18 47 48 64
18 48 29 58
18 49 91 31
19 20 0 71
19 21 32 59
19 22 10 65
19 23 33 73
19 24 29 39
19 25 2 83
19 26 46 51
19 27 29 43
19 28 83 8
19 29 88 42
19 30 98 48
19 31 11 82
19 32 16 89
19 33 32 48
19 34 93 50
19 35 74 13
19 36 12 81
19 37 12 81
19 38 80 13
19 39 78 37
19 40 24 54
19 41 15 89
19 42 70 53
19 43 58 59
19 44 97 47
19 45 87 35
19 46 86 56
19 47 37 54
19 48 91 4
19 49 76 56
20 21 84 48
20 22 15 54
20 23 4 57
20 24 59 45
20 25 15 76
20 26 1 63
20 27 19 81
20 28 16 66
20 29 22 60
20 30 20 66
20 31 0 81
20 32 60 59
20 33 13 84
20 34 74 44
20 35 76 15
20 36 13 76
20 37 59 28
20 38 26 71
20 39 26 62
20 40 42 64
20 41 50 33
20 42 76 37
20 43 35 45
20 44 99 37
20 45 25 45
20 46 11 90
20 47 45 57
20 48 13 87
20 49 53 61
21 22 56 34
21 23 97 14
21 24 61 46
21 25 64 22
21 26 9 63
21 27 57 58
21 28 22 85
21 29 6 51
21 30 27 60
21 31 4 86
21 32 57 35
21 33 8 49
21 34 57 45
21 35 64 56
21 36 44 55
21 37 70 17
21 38 19 45
21 39 5 76
21 40 86 47
21 41 90 47
21 42 42 60
21 43 86 10
21 44 70 40
21 45 73 16
21 46 30 79
21 47 39 62
21 48 27 61
21 49 6 92
22 23 21 86
22 24 87 31
22 25 55 64
22 26 84 21
22 27 69 59
22 28 73 57
22 29 60 40
22 30 40 46
22 31 70 56
22 32 74 36
22 33 56 38
22 34 45 63
22 35 45 53
22 36 14 80
22 37 58 29
22 38 36 70
22 39 12 50
22 40 32 66
22 41 65 37
22 42 31 62
22 43 37 49
22 44 68 48
22 45 16 44
22 46 21 56
22 47 71 50
22 48 36 63
22 49 90 48
23 24 64 58
23 25 96 31
23 26 15 79
23 27 27 52
23 28 55 64
23 29 85 19
23 30 74 48
23 31 6 48
23 32 49 29
23 33 79 56
23 34 54 43
23 35 15 62
23 36 34 45
23 37 83 28
23 38 20 78
23 39 90 31
23 40 39 34
23 41 82 41
23 42 76 33
23 43 60 67
23 44 45 59
23 45 63 58
23 46 81 30
23 47 30 36
23 48 47 44
23 49 2 62
24 25 10 79
24 26 94 37
24 27 24 40
24 28 39 51
24 29 28 85
24 30 56 71
24 31 20 57
24 32 34 69
24 33 25 40
24 34 51 46
24 35 95 7
24 36 32 51
24 37 69 53
24 38 56 36
24 39 71 56
24 40 70 23
24 41 67 30
24 42 98 13
24 43 46 52
24 44 31 74
24 45 43 46
24 46 23 85
24 47 51 67
24 48 5 96
24 49 45 65
25 26 16 82
25 27 81 57
25 28 23 77
25 29 72 26
25 30 76 59
25 31 36 49
25 32 62 67
25 33 50 58
25 34 24 70
25 35 23 38
25 36 76 45
25 37 39 65
25 38 33 69
25 39 92 52
25 40 42 72
25 41 33 57
25 42 62 56
25 43 60 57
25 44 96 13
25 45 29 61
25 46 28 43
25 47 64 47
25 48 5 49
25 49 50 58
26 27 45 37
26 28 21 68
26 29 22 73
26 30 71 37
26 31 19 64
26 32 72 32
26 33 76 31
26 34 47 37
26 35 66 35
26 36 58 23
26 37 95 4
26 38 53 40
26 39 70 31
26 40 7 47
26 41 16 79
26 42 22 54
26 43 46 38
26 44 67 49
26 45 24 58
26 46 50 63
26 47 38 47
26 48 30 50
26 49 61 59
27 28 93 43
27 29 86 13
27 30 36 72
27 31 73 45
27 32 26 51
27 33 58 41
27 34 76 23
27 35 30 38
27 36 65 60
27 37 3 80
27 38 66 64
27 39 25 44
27 40 99 44
27 41 62 50
27 42 90 18
27 43 30 38
27 44 48 69
27 45 3 71
27 46 90 12
27 47 62 21
27 48 91 30
27 49 83 34
28 29 56 35
28 30 33 72
28 31 60 21
28 32 4 95
28 33 89 46
28 34 66 58
28 35 73 28
28 36 41 51
28 37 30 72
28 38 35 53
28 39 42 72
28 40 87 30
28 41 44 57
28 42 39 71
28 43 31 74
28 44 96 11
28 45 65 54
28 46 3 72
28 47 14 78
28 48 64 25
28 49 77 49
29 30 54 65
29 31 57 34
29 32 77 29
29 33 43 28
29 34 4 81
29 35 65 30
29 36 14 92
29 37 16 87
29 38 60 44
29 39 31 43
29 40 85 35
29 41 56 45
29 42 3 63
29 43 32 59
29 44 31 74
29 45 68 19
29 46 15 62
29 47 15 82
29 48 97 43
29 49 98 39
30 31 61 68
30 32 72 15
30 33 77 18
30 34 15 89
30 35 17 69
30 36 79 36
30 37 66 43
30 38 84 25
30 39 45 49
30 40 15 72
30 41 71 44
30 42 66 59
30 43 61 51
30 44 31 54
30 45 21 54
30 46 35 64
30 47 38 64
30 48 46 38
30 49 74 19
31 32 83 55
31 33 4 88
31 34 22 59
31 35 94 38
31 36 22 85
31 37 40 42
31 38 80 56
31 39 9 93
31 40 43 74
31 41 97 31
31 42 69 58
31 43 57 70
31 44 22 85
31 45 36 46
31 46 79 40
31 47 66 35
31 48 13 84
31 49 0 63
32 33 94 45
32 34 79 52
32 35 1 61
32 36 75 46
32 37 73 26
32 38 61 57
32 39 0 54
32 40 23 51
32 41 50 25
32 42 16 52
32 43 61 30
32 44 29 74
32 45 98 32
32 46 49 63
32 47 87 30
32 48 36 78
32 49 89 16
33 34 69 61
33 35 17 73
33 36 14 49
33 37 68 37
33 38 25 54
33 39 81 20
33 40 7 83
33 41 60 49
33 42 61 31
33 43 48 71
33 44 1 65
33 45 85 21
33 46 14 51
33 47 88 43
33 48 2 58
33 49 34 76
34 35 87 22
34 36 36 78
34 37 55 29
34 38 4 84
34 39 86 8
34 40 23 49
34 41 65 33
34 42 31 39
34 43 81 21
34 44 44 51
34 45 20 48
34 46 57 68
34 47 43 35
34 48 15 66
34 49 63 34
35 36 56 33
35 37 12 90
35 38 46 53
35 39 26 69
35 40 78 57
35 41 84 24
35 42 50 53
35 43 38 42
35 44 9 46
35 45 11 63
35 46 46 32
35 47 0 98
35 48 86 42
35 49 94 9
36 37 25 49
36 38 14 78
36 39 49 74
36 40 66 65
36 41 20 63
36 42 17 46
36 43 42 57
36 44 18 79
36 45 12 80
36 46 56 63
36 47 30 44
36 48 79 24
36 49 24 80
37 38 22 74
37 39 17 71
37 40 23 66
37 41 5 84
37 42 17 44
37 43 74 39
37 44 22 57
37 45 87 48
37 46 49 43
37 47 91 38
37 48 64 45
37 49 7 73
38 39 29 55
38 40 40 73
38 41 89 18
38 42 74 28
38 43 83 53
38 44 9 57
38 45 79 36
38 46 8 91
38 47 45 31
38 48 57 45
38 49 64 31
39 40 85 9
39 41 60 31
39 42 10 93
39 43 45 38
39 44 24 63
39 45 77 36
39 46 82 56
39 47 65 53
39 48 48 49
39 49 49 26
40 41 92 21
40 42 81 21
40 43 35 46
40 44 28 55
40 45 82 36
40 46 84 13
40 47 84 45
40 48 74 18
40 49 18 52
41 42 24 38
41 43 20 71
41 44 48 55
41 45 96 31
41 46 40 38
41 47 61 53
41 48 71 60
41 49 48 54
42 43 1 76
42 44 76 50
42 45 30 47
42 46 28 69
42 47 56 46
42 48 74 36
42 49 92 19
43 44 57 58
43 45 93 16
43 46 77 43
43 47 92 50
43 48 2 57
43 49 57 30
44 45 5 51
44 46 38 42
44 47 40 50
44 48 44 46
44 49 80 56
45 46 30 66
45 47 78 39
45 48 8 71
45 49 96 10
46 47 60 29
46 48 24 42
46 49 8 55
47 48 61 40
47 49 78 20
48 49 1 90
